1542151681989520.2 -0.0 -0.0 -0.0 -0.0 -0.0 1.0 -0.0
1542151682019860.2 -0.010294742 -0.021865828 -0.028242156 0.025429431 -0.037913136 0.9989563 0.0014755694
1542151682049827.2 -0.020811964 -0.042281494 -0.04422405 0.04048809 -0.05909464 0.997431 0.000112538604
1542151682079394.2 -0.03466941 -0.058401596 -0.05088477 0.062142044 -0.084290795 0.9944943 -0.003806948
1542151682108709.2 -0.04344504 -0.07202688 -0.06380624 0.09632434 -0.13517042 0.98607665 -0.0101735415
1542151682137768.2 -0.050776288 -0.08961462 -0.06353525 0.12334103 -0.1711505 0.97731787 -0.01855586
1542151682166290.2 -0.07156012 -0.10226387 -0.08111452 0.13680194 -0.1656899 0.9762984 -0.025952965
1542151682194002.2 -0.0715338 -0.11637701 -0.06501819 0.1459343 -0.15328343 0.97688746 -0.029972227
1542151682220884.2 -0.03982211 -0.10637149 -0.04377301 0.16655377 -0.14917119 0.97442216 -0.022569224
1542151682247223.2 -0.03470307 -0.111065626 -0.021662157 0.19530497 -0.14113227 0.9704925 -0.009054788
1542151682273408.2 -0.0004525017 -0.13258596 -0.011661828 0.20792866 -0.12552112 0.9700153 0.00897266
1542151682299610.2 0.007362879 -0.13903268 0.00030325656 0.21583246 -0.09738425 0.97101945 0.032465592
1542151682325705.2 0.026100213 -0.15178855 0.015015929 0.22397172 -0.06583291 0.97071373 0.056723256
1542151682351472.2 0.033937603 -0.16069856 0.024080515 0.23404135 -0.048622083 0.96759766 0.08133541
1542151682376776.2 0.05850183 -0.18075995 0.036893904 0.23798957 -0.045612123 0.96429694 0.10682695
1542151682401586.2 0.06514302 -0.18714611 0.041536853 0.24213086 -0.04566396 0.96070987 0.1277657
1542151682425920.2 0.07301293 -0.19465806 0.04647948 0.24411008 -0.04426957 0.9575337 0.14690064
1542151682449819.2 0.08900402 -0.21126775 0.051535107 0.2422139 -0.042099394 0.9551791 0.16490296
1542151682473350.2 0.09395062 -0.21653539 0.05363015 0.23617886 -0.041517846 0.95341223 0.18303283
1542151682496585.2 0.0982815 -0.22169556 0.055381417 0.22509667 -0.04315178 0.95271957 0.19948676
1542151682519592.2 0.1004462 -0.22444648 0.05572352 0.20929585 -0.043158185 0.9537808 0.2112699
1542151682542434.2 0.09823447 -0.22228743 0.05363425 0.19181281 -0.044252623 0.95630974 0.21615118
1542151682565168.2 0.09763813 -0.22231315 0.052513123 0.17653443 -0.04596982 0.95873886 0.21804182
1542151682587841.2 0.0986688 -0.22382966 0.050915983 0.1623613 -0.04743521 0.96151197 0.21652581
1542151682610488.2 0.10186409 -0.22604837 0.04890175 0.14701203 -0.04660596 0.9653631 0.21045093
1542151682633147.2 0.09381719 -0.22259927 0.048444815 0.13345677 -0.037277658 0.9697161 0.20112298
1542151682655861.2 0.09033683 -0.21899053 0.043250985 0.11721973 -0.026225144 0.9751969 0.18591075
1542151682678654.2 0.09178053 -0.22190931 0.039391275 0.09811799 -0.012330689 0.9813602 0.16478154
1542151682701556.2 0.08984049 -0.22421819 0.024529528 0.07640446 0.0093597695 0.9872871 0.13906449
1542151682724615.2 0.08799144 -0.2280943 -0.0012538873 0.050899554 0.031803317 0.992397 0.10745247
1542151682747893.2 0.062503934 -0.21206425 -0.03567549 0.031149352 0.05064107 0.9956528 0.07169936
1542151682771473.2 0.0365682 -0.22199629 -0.09167898 -0.008562625 0.06988552 0.9971612 0.02668894
1542151682795450.2 0.003957353 -0.19408049 -0.18696791 -0.036071695 0.093339436 0.9949548 -0.007178179
1542151682819950.2 -0.14527471 -0.19383526 -0.28671739 -0.04567234 0.12853673 0.9899457 -0.037415065
1542151682845126.2 -0.13278455 -0.18799984 -0.29172522 -0.08557318 0.15248848 0.98259956 -0.06263139
1542151682871081.2 -0.15529956 -0.1713799 -0.35614532 -0.113226414 0.15349802 0.9777154 -0.087697394
1542151682897885.2 -0.1659395 -0.16427116 -0.39895648 -0.1438454 0.16254789 0.9703198 -0.10661273
1542151682925574.2 -0.16636416 -0.16061455 -0.4108994 -0.17350276 0.16413553 0.9642281 -0.114980526
1542151682954151.2 -0.16637284 -0.1758506 -0.37939107 -0.17406909 0.1963905 0.9582332 -0.11366618
1542151682983544.2 -0.14001316 -0.113786064 -0.50222176 -0.19119462 0.21306981 0.9523386 -0.105343126
1542151683013625.2 -0.10762234 -0.10907205 -0.47048038 -0.20000966 0.2326869 0.94595206 -0.10501265
1542151683044235.2 -0.05212888 -0.064106904 -0.5439986 -0.20083989 0.24016938 0.94423044 -0.10203393
1542151683075188.2 -0.084217325 -0.14005136 -0.39887735 -0.21932128 0.23628803 0.9423335 -0.08985405
1542151683106319.2 -0.31631133 -0.27758867 -0.3491408 -0.1446678 0.28992632 0.94124836 -0.09521287
1542151683137482.2 -0.29286948 -0.29181498 -0.27701843 -0.16464427 0.29342246 0.9373018 -0.09088955
1542151683168537.2 -0.33593488 -0.31584972 -0.2568054 -0.17817268 0.2938147 0.9343564 -0.094369814
1542151683199368.2 -0.32099822 -0.35064194 -0.12394032 -0.20415717 0.30574316 0.9249461 -0.09651818
1542151683229919.2 -0.31516242 -0.36223865 -0.09103269 -0.21353129 0.3033322 0.9237174 -0.0956042
1542151683260232.2 -0.32096884 -0.37603986 -0.0173467 -0.22472142 0.296262 0.9245131 -0.08369384
1542151683290413.2 -0.3348351 -0.4603488 0.105651215 -0.23339547 0.28301704 0.92747647 -0.07221756
1542151683320529.2 -0.29341668 -0.4590883 0.26883012 -0.23135598 0.27510628 0.9310685 -0.062469088
1542151683350558.2 -0.35810322 -0.42923522 0.11326849 -0.20906106 0.2717105 0.9375565 -0.05877704
1542151683380441.2 -0.44257143 -0.34507886 -0.1569759 -0.165107 0.278524 0.94422096 -0.060091563
1542151683410155.2 -0.4825576 -0.3339762 -0.2101491 -0.118283086 0.2901914 0.9475517 -0.06279998
1542151683439720.2 -0.5042981 -0.3004948 -0.27426395 -0.05641617 0.2948649 0.9516954 -0.06440384
1542151683469209.2 -0.30497536 -0.19663411 -0.28608698 0.01649238 0.2813087 0.95727414 -0.06495863
1542151683498722.2 -0.020481847 -0.08458446 -0.39983603 0.075931735 0.26571447 0.9591138 -0.061082225
1542151683528266.2 0.12747349 -0.1912117 -0.63772756 0.1243906 0.2519859 0.95760995 -0.063351005
1542151683557772.2 0.14188647 -0.18825638 -0.65778714 0.15869687 0.24045394 0.9553879 -0.06504826
1542151683587117.2 0.15673709 -0.1709833 -0.7069112 0.154945 0.22520643 0.95934653 -0.070202656
1542151683616186.2 0.1489675 -0.1551643 -0.75103766 0.1446846 0.20495872 0.9649368 -0.0771711
1542151683644920.2 0.18936299 -0.12393818 -0.7773925 0.1457128 0.19785164 0.96579933 -0.08279021
1542151683673343.2 0.8980308 -0.04503739 -1.4286968 0.123185135 0.20269462 0.9665844 -0.097236946
1542151683701612.2 0.9343617 -0.032573983 -1.4752707 0.129789 0.20282602 0.9647775 -0.10592872
1542151683729895.2 0.9373537 -0.0087066665 -1.4767102 0.13063493 0.20051749 0.9642922 -0.113436334
1542151683758288.2 1.3057239 0.24525079 -1.7094442 0.12890075 0.198314 0.9640888 -0.12078519
1542151683786823.2 1.3517327 0.25872236 -1.7453126 0.1364795 0.20333992 0.96087813 -0.12938143
1542151683815502.2 1.4404137 0.28090072 -1.8080966 0.14211111 0.20207734 0.958924 -0.139406
1542151683844315.2 1.838428 0.64037544 -1.987232 0.14184162 0.20319104 0.95870584 -0.13956194
1542151683873227.2 1.9045856 0.68929577 -2.0363622 0.14974059 0.21845376 0.95197576 -0.15361586
1542151683902194.2 2.0281613 0.8922589 -2.1172056 0.15723386 0.23715137 0.9442025 -0.16588709
1542151683931185.2 2.111138 1.0352244 -2.2070382 0.16847083 0.25242203 0.9355596 -0.18063521
1542151683960166.2 2.2271557 1.152924 -2.3546748 0.18338679 0.26684907 0.92565507 -0.19576396
1542151683989127.2 2.27408 1.223051 -2.4429843 0.19607578 0.27803797 0.9169484 -0.20845851
1542151684018142.2 2.3099883 1.3387494 -2.5552166 0.20318477 0.2767605 0.9135311 -0.21812965
1542151684047373.2 2.3271616 1.3623338 -2.6363459 0.2306666 0.2755329 0.9049598 -0.22786492
1542151684077013.2 2.3537989 1.4066159 -2.7139165 0.26008037 0.27842277 0.89407957 -0.235501
1542151684107165.2 2.370851 1.4487436 -2.7889526 0.29001305 0.28728333 0.8799555 -0.2429797
1542151684137820.2 2.4127254 1.5259613 -2.874692 0.30986968 0.3013455 0.8670133 -0.24791089
1542151684168935.2 2.43685 1.583421 -2.9345284 0.32920176 0.3156949 0.852806 -0.25433218
1542151684200425.2 2.4774642 1.629495 -2.944212 0.33830386 0.32611948 0.8433868 -0.2605671
1542151684232172.2 2.5048237 1.6532701 -2.921274 0.33757854 0.33290568 0.83987397 -0.26424664
1542151684264115.2 2.4650764 1.6862257 -2.8529723 0.33273193 0.33781627 0.8413822 -0.25931758
1542151684296270.2 2.4231403 1.6756561 -2.7434597 0.31632638 0.3335904 0.85175025 -0.2513497
1542151684328643.2 2.345002 1.5611045 -2.5951853 0.3078216 0.32304335 0.86056256 -0.24560326
1542151684361162.2 2.2829313 1.4119766 -2.4429028 0.29414737 0.31710047 0.8695852 -0.23821466
1542151684393747.2 2.17002 1.3073003 -2.2767663 0.26726186 0.3139083 0.8823937 -0.22674695
1542151684426390.2 2.0274825 1.1498157 -2.1113434 0.2486598 0.31016257 0.8915778 -0.21692547
1542151684459072.2 1.8850105 0.99774814 -1.9485807 0.23720358 0.30568475 0.89834803 -0.20799571
1542151684491702.2 1.6943024 0.82044595 -1.7609838 0.21590248 0.30536002 0.905296 -0.20144635
1542151684524169.2 1.481053 0.6931393 -1.5656697 0.1925558 0.31221542 0.90999895 -0.19325043
1542151684556342.2 1.2375841 0.5147617 -1.3729804 0.17611144 0.31423897 0.9140983 -0.18618006
1542151684588089.2 0.98915577 0.34586555 -1.1674374 0.15759042 0.31197414 0.92026514 -0.17592476
1542151684619376.2 0.75273985 0.18775779 -0.9616501 0.13742353 0.30419734 0.92810225 -0.1649392
1542151684650281.2 0.5079297 0.002315119 -0.7570916 0.12452497 0.29203057 0.93524474 -0.15661727
1542151684680900.2 0.3163785 -0.16640593 -0.5707558 0.12018757 0.2845273 0.9393194 -0.14925916
1542151684711324.2 0.14121307 -0.29554576 -0.39291877 0.11389149 0.2787428 0.9429557 -0.14200658
1542151684741690.2 0.006270714 -0.4001288 -0.24861906 0.1040188 0.27513048 0.9459261 -0.13677423
1542151684772132.2 -0.0017276183 -0.4949746 -0.13820155 0.10848595 0.2759483 0.94563293 -0.13364819
1542151684802730.2 -0.03712759 -0.62499565 -0.050094686 0.11516725 0.28020883 0.9436791 -0.13300133
1542151684833566.2 -0.10326462 -0.68860835 -0.010567503 0.11419037 0.2846307 0.9428512 -0.13029839
1542151684864683.2 -0.114913136 -0.7048641 0.034462024 0.111572765 0.2852869 0.94337946 -0.12727201
1542151684896044.2 -0.07449882 -0.7572664 0.05974966 0.1126575 0.28608257 0.94307745 -0.12676807
1542151684927596.2 -0.06819841 -0.7669995 0.061414804 0.115125425 0.28600514 0.94314945 -0.124162436
1542151684959289.2 -0.1085466 -0.81892705 0.056385074 0.11554597 0.28252986 0.9441627 -0.12402734
1542151684991078.2 -0.18270436 -0.73538417 0.07388232 0.12258062 0.27750018 0.9454577 -0.11864844
1542151685022918.2 -0.116388 -0.7042258 0.047046505 0.123035684 0.27457264 0.94651824 -0.11651334
1542151685054774.2 -0.052422397 -0.6760919 0.004427959 0.12414688 0.27345312 0.94681233 -0.11557472
1542151685086554.2 -0.04599508 -0.7055138 -0.07102541 0.13016173 0.27297825 0.9458612 -0.11784487
1542151685118129.2 0.0022459626 -0.6686983 -0.15135297 0.13432315 0.27423674 0.94467866 -0.119723715
1542151685149394.2 0.0505213 -0.62575614 -0.22070506 0.1342379 0.27452457 0.9443007 -0.12211762
1542151685180286.2 0.15156792 -0.5576639 -0.3391739 0.13152936 0.2756223 0.9438974 -0.12565865
1542151685210876.2 0.24546663 -0.4647174 -0.45951727 0.1349503 0.27494165 0.9430232 -0.13001068
1542151685241301.2 0.3577329 -0.34877884 -0.58180493 0.13712986 0.2750944 0.94189346 -0.13548163
1542151685271620.2 0.42980734 -0.25715503 -0.715676 0.13908392 0.27759913 0.939743 -0.1430999
1542151685301810.2 0.49590394 -0.13291599 -0.83768034 0.14215031 0.27795574 0.93802255 -0.1504913
1542151685331842.2 0.62499845 0.053648993 -0.9796925 0.14304274 0.27705598 0.9372325 -0.15612239
1542151685361719.2 0.7238959 0.20159899 -1.1157792 0.14609952 0.27603838 0.9356727 -0.16423894
1542151685391476.2 0.83867675 0.37114245 -1.2621362 0.14749616 0.27663255 0.93385386 -0.17215213
1542151685421151.2 0.9510044 0.56309 -1.3984654 0.14911953 0.27587858 0.9327315 -0.17795023
1542151685450785.2 1.0355065 0.70000327 -1.5134989 0.15168943 0.273388 0.93171024 -0.18483898
1542151685480437.2 1.1145135 0.8611343 -1.6253762 0.1522567 0.272908 0.93091214 -0.18905503
1542151685510171.2 1.1741631 0.99331576 -1.7284534 0.15317854 0.27416694 0.9292426 -0.19462015
1542151685540040.2 1.2527089 1.0800362 -1.8284271 0.1524572 0.27814108 0.92672664 -0.20142505
1542151685570060.2 1.2697655 1.1800838 -1.9196111 0.14912829 0.28125897 0.92564136 -0.20455377
1542151685600231.2 1.2660049 1.2430465 -1.982338 0.13841693 0.28400305 0.92564356 -0.20824772
1542151685630569.2 1.2886288 1.3605227 -2.0589383 0.1157612 0.28085047 0.93008786 -0.20654042
1542151685661077.2 1.2058555 1.3950258 -2.1200078 0.09470095 0.27481318 0.93455493 -0.205223
1542151685691717.2 1.2059247 1.5327853 -2.1937099 0.07064977 0.27153176 0.93837017 -0.20184298
1542151685722382.2 1.1293582 1.484956 -2.2679698 0.043512262 0.26081473 0.9436098 -0.19920602
1542151685752926.2 1.1524454 1.7201027 -2.3317358 0.029772492 0.23232263 0.9533211 -0.19057487
1542151685783265.2 1.1099102 1.6730826 -2.3738952 0.04633897 0.2164334 0.9539467 -0.20247236
1542151685813392.2 1.045723 1.6135669 -2.490284 0.05231657 0.19394074 0.9548816 -0.21874903
1542151685843323.2 1.3553127 1.8687043 -2.601588 0.045291193 0.16678482 0.9579964 -0.2288545
1542151685873084.2 1.486915 1.9570398 -2.6828923 0.07200437 0.13791497 0.9548125 -0.25323498
1542151685902763.2 1.6148828 2.0034878 -2.7919583 0.10727628 0.09980101 0.9488809 -0.2795652
1542151685932468.2 1.7268523 2.0694385 -2.8810132 0.138985 0.06523424 0.9403212 -0.3036837
1542151685962240.2 1.7996562 2.1235325 -2.9522007 0.17101748 0.03478708 0.9288035 -0.32690507
1542151685992089.2 1.8473923 2.167765 -3.0222206 0.20285119 0.006757336 0.915584 -0.34714803
1542151686022077.2 1.9941372 2.1868062 -3.1220436 0.23074399 -0.006621056 0.90267026 -0.3631802
1542151686052264.2 2.1360147 2.2165546 -3.1929908 0.24832581 -0.00784582 0.89412695 -0.37257183
1542151686082662.2 2.2070267 2.213179 -3.2425227 0.2656333 -0.005707218 0.88676286 -0.37823018
1542151686113216.2 2.3100522 2.1952932 -3.263667 0.28415444 0.005689874 0.8827655 -0.3740978
1542151686143886.2 2.3818302 2.1557975 -3.2602055 0.30245808 0.026324734 0.8794653 -0.3665611
1542151686174655.2 2.3702054 2.1478486 -3.2040603 0.31019604 0.050107665 0.8786317 -0.35954693
1542151686205450.2 2.308054 2.1612883 -3.1053736 0.30604032 0.06703906 0.8834489 -0.34837234
1542151686236191.2 2.1916711 2.1183233 -2.9592693 0.29740694 0.0807925 0.8920255 -0.33062422
1542151686266897.2 2.076756 2.0499973 -2.7979333 0.2882255 0.09174263 0.89980596 -0.314418
1542151686297627.2 1.9447999 1.9499373 -2.6062639 0.27813113 0.105859414 0.9077029 -0.29582494
1542151686328408.2 1.7984089 1.8336205 -2.4052885 0.2643774 0.124317504 0.91650724 -0.27324763
1542151686359277.2 1.657512 1.6879003 -2.1932209 0.24931067 0.1408614 0.92491096 -0.2500841
1542151686390284.2 1.4725587 1.4912641 -1.959265 0.22806196 0.15550941 0.9351484 -0.2220406
1542151686421437.2 1.2881379 1.3425094 -1.7181588 0.199398 0.16917247 0.9450684 -0.19612966
1542151686452647.2 1.0794923 1.1628067 -1.4624137 0.17702214 0.18280621 0.9512633 -0.17419297
1542151686483702.2 0.81323314 0.96198595 -1.184571 0.15258181 0.20407552 0.9553592 -0.14953488
1542151686514390.2 0.6012302 0.8460406 -0.9277236 0.120344475 0.22847506 0.9577326 -0.12674604
1542151686544626.2 0.4276625 0.7132716 -0.72538716 0.09443469 0.24804555 0.9574136 -0.11364317
1542151686574447.2 0.28330156 0.5924553 -0.5433411 0.07532929 0.26729617 0.95478225 -0.10615623
1542151686604045.2 0.15232599 0.49884853 -0.39309093 0.06242139 0.3026386 0.9458117 -0.09976897
1542151686633699.2 0.022838555 0.42800862 -0.27068546 0.043482676 0.34845737 0.9309643 -0.099961415
1542151686663593.2 -0.117489845 0.32787055 -0.15777041 0.02740116 0.3924671 0.9139254 -0.0997956
1542151686693795.2 -0.15466416 0.16160372 -0.07713027 0.03589396 0.4037939 0.9090412 -0.09646858
1542151686724324.2 -0.1630308 -0.17442574 -0.04994504 0.050049677 0.4024175 0.90969557 -0.089494266
1542151686755233.2 -0.19659549 -0.49056202 -0.028397877 0.04364294 0.40833285 0.9085543 -0.07673745
1542151686786539.2 -0.1745163 -0.8163203 -0.0035961717 0.043995295 0.39934245 0.91381264 -0.059469048
1542151686818134.2 -0.06050709 -1.2097183 0.007602797 0.06494965 0.38125595 0.92137694 -0.038600225
1542151686849836.2 0.09591234 -1.5261879 -0.008637503 0.076815754 0.36691672 0.9269095 -0.017614482
1542151686881419.2 0.3326315 -1.7676303 -0.14273152 0.09673453 0.35244182 0.93081737 0.0025074417
1542151686912590.2 0.58065975 -2.0754745 -0.3168264 0.12981787 0.33869836 0.93176603 0.015583782
