41197.616216216215 -0.0 -0.0 -0.0 -0.0 -0.0 1.0 -0.0
91214.6162162162 0.0042559667 0.0029527578 0.0044067046 -0.0018388261 0.0040676333 0.99999005 -9.514523e-05
141231.6162162162 0.0042559667 0.0029527578 0.0044067046 -0.0018388261 0.0040676333 0.99999005 -9.514523e-05
191248.6162162162 0.0042559667 0.0029527578 0.0044067046 -0.0018388261 0.0040676333 0.99999005 -9.514523e-05
241265.6162162162 -0.0027238468 0.00069629203 -0.0067984276 0.0028827218 0.0014324001 0.9999941 -0.0012493952
291283.61621621624 -0.0027238468 0.00069629203 -0.0067984276 0.0028827218 0.0014324001 0.9999941 -0.0012493952
341300.61621621624 -0.00038017365 0.00077425194 -0.0010875671 -0.0017468587 0.003973708 0.9999906 0.00012260069
391317.61621621624 -0.00038017365 0.00077425194 -0.0010875671 -0.0017468587 0.003973708 0.9999906 0.00012260069
441334.61621621624 -0.00038017365 0.00077425194 -0.0010875671 -0.0017468587 0.003973708 0.9999906 0.00012260069
491352.61621621624 -0.00038017365 0.00077425194 -0.0010875671 -0.0017468587 0.003973708 0.9999906 0.00012260069
541369.6162162162 -0.042995695 -0.021291157 0.020889947 -0.0054933704 0.001726792 0.99997216 -0.0047519114
591386.6162162162 -0.042995695 -0.021291157 0.020889947 -0.0054933704 0.001726792 0.99997216 -0.0047519114
641403.6162162162 -0.042995695 -0.021291157 0.020889947 -0.0054933704 0.001726792 0.99997216 -0.0047519114
691421.6162162162 -0.042995695 -0.021291157 0.020889947 -0.0054933704 0.001726792 0.99997216 -0.0047519114
741438.6162162162 -0.072928794 -0.037870917 0.030878823 -0.016329871 -0.003129056 0.9998617 0.00049326726
791455.6162162162 -0.072928794 -0.037870917 0.030878823 -0.016329871 -0.003129056 0.9998617 0.00049326726
841472.6162162162 -0.072928794 -0.037870917 0.030878823 -0.016329871 -0.003129056 0.9998617 0.00049326726
891489.6162162162 -0.075816825 -0.071290575 0.03156774 -0.021127138 -0.0015305781 0.9997412 0.008303047
941507.6162162162 -0.075816825 -0.071290575 0.03156774 -0.021127138 -0.0015305781 0.9997412 0.008303047
991524.6162162162 -0.075816825 -0.071290575 0.03156774 -0.021127138 -0.0015305781 0.9997412 0.008303047
1041541.6162162162 -0.037603 -0.10186159 0.010909343 -0.013327705 0.0015841045 0.9998249 0.013046702
1091558.6162162162 -0.015333718 -0.108129814 0.017814012 -0.00747121 0.0034508186 0.99990046 0.011462634
1141576.6162162162 0.004371017 -0.10869784 0.02293629 -0.002259316 0.0039373436 0.9999166 0.0120953405
1191593.6162162162 0.011117568 -0.11597836 0.03152762 0.007055033 0.002420994 0.9999138 0.010806244
1241610.6162162162 0.028449768 -0.11740967 0.03224141 0.01276743 0.003023373 0.99987197 0.009166832
1291627.6162162162 0.059867576 -0.10859293 0.016370524 0.023913965 0.0009777584 0.99957097 0.016884867
1341645.6162162162 0.07874735 -0.10577357 0.012636146 0.031087792 0.001294362 0.99939764 0.015374667
1391662.6162162162 0.09496148 -0.10166726 0.004606118 0.037519243 0.0014170649 0.9991999 0.013774903
1441679.6162162162 0.106609665 -0.09591568 -0.00046255745 0.043693744 0.0018610331 0.99896824 0.012246917
1491696.6162162162 0.12412646 -0.085381866 -0.0027708039 0.048336823 0.0024954318 0.9987717 0.010601827
1541714.6162162162 0.13316397 -0.08047932 -0.0137456525 0.051060393 0.002240195 0.99866045 0.008071573
1591731.6162162162 0.14544003 -0.0686053 -0.0075268755 0.0531686 0.0029018964 0.9985638 0.0059270877
1641748.6162162162 0.1577977 -0.05773303 -0.016077358 0.050188567 0.0038190281 0.99872375 0.0041685575
1691765.6162162162 0.1617011 -0.035512783 -0.018356113 0.048898548 0.00331254 0.9987946 0.0027158016
1741782.6162162162 0.15586577 -0.022703571 -0.01947353 0.04730228 0.003918851 0.9988723 0.001188358
1791800.6162162162 0.14717208 0.005253321 -0.02194758 0.047937144 0.0067184926 0.9988278 8.2360464e-05
1841817.6162162162 0.12593895 0.024622822 -0.014210475 0.047134385 0.008662702 0.99884886 -0.0020902148
1891834.6162162162 0.116507806 0.047665395 -0.0067327707 0.043610632 0.010630012 0.99898773 -0.0029323192
1941851.6162162162 0.094467506 0.06201306 0.0018107881 0.040708106 0.00936259 0.9991221 -0.0032190005
1991869.6162162162 0.0829546 0.08057412 0.0067258696 0.034781683 0.0082394825 0.999361 2.613383e-05
2041886.6162162162 0.061514694 0.0874561 -0.00022978152 0.02923924 0.0049881367 0.99955183 0.0040490055
2091903.6162162162 0.03245477 0.08182054 0.007056546 0.025627812 0.002847988 0.9996641 0.0026201108
2141920.6162162162 0.001712862 0.07793071 0.014685499 0.023740403 -0.0005120322 0.9997062 0.004870054
2191938.6162162162 -0.020571463 0.06405319 0.018718947 0.020120567 -0.0033960745 0.9997707 0.0065011713
2241955.6162162162 -0.047878712 0.04451573 0.026941951 0.016173676 -0.0059234584 0.9998419 0.0044211014
2291972.6162162162 -0.07581343 0.013663912 0.044990107 0.00872099 -0.009959394 0.99989 -0.0066947266
2341989.6162162162 -0.098923475 0.003202341 0.05371572 0.0031619226 -0.012860062 0.999869 -0.009305653
2392007.6162162162 -0.12405015 -0.010376344 0.05799618 -0.0022765147 -0.014093312 0.9998243 -0.012150911
2442024.6162162162 -0.1432111 -0.024810493 0.06867023 -0.00810985 -0.014187459 0.9997681 -0.014032386
2492041.6162162162 -0.15600424 -0.036771752 0.070587605 -0.0130541455 -0.013046781 0.9997345 -0.013795212
2542058.6162162162 -0.16535565 -0.05433024 0.0685515 -0.01749869 -0.011788635 0.9996893 -0.0132698715
2592075.6162162162 -0.16877818 -0.06898665 0.07588029 -0.02299218 -0.009676841 0.99961144 -0.01243626
2642093.6162162162 -0.17446025 -0.08549996 0.075664096 -0.026047237 -0.009885945 0.99954164 -0.011847152
2692110.6162162162 -0.17732394 -0.10422049 0.074362345 -0.028719498 -0.010389064 0.9994699 -0.011277726
2742127.6162162162 -0.17494333 -0.12481535 0.07227844 -0.030270977 -0.009168028 0.9994639 -0.008463129
2792144.6162162162 -0.16093822 -0.14444824 0.068217635 -0.030764794 -0.0085013015 0.99946475 -0.007179952
2842162.6162162162 -0.14154729 -0.17077728 0.054750714 -0.030437196 -0.006024584 0.99950254 -0.0056530363
2892179.6162162162 -0.12679958 -0.1823448 0.04431406 -0.02684423 -0.0040063816 0.9996209 -0.0046301913
2942196.6162162162 -0.10871581 -0.19583896 0.046381827 -0.021370206 -0.0022175824 0.99973524 -0.008241162
2992213.6162162162 -0.090134166 -0.20834573 0.04636556 -0.0145105375 -0.002727611 0.9997871 -0.014416071
3042231.6162162162 -0.06634272 -0.21356519 0.044611365 -0.007592298 -0.0024201095 0.9998538 -0.015129684
3092248.6162162162 -0.050083444 -0.21787328 0.03969294 -0.00032856836 -0.0032011194 0.99986064 -0.01638348
3142265.6162162162 -0.032404307 -0.21198528 0.031412613 0.0061018732 -0.0053318795 0.99983174 -0.016458517
3192282.6162162162 -0.01593822 -0.21026084 0.026664156 0.01237689 -0.0073536607 0.99975425 -0.016859433
3242299.6162162162 -0.006271858 -0.20299584 0.022226298 0.018459972 -0.00783879 0.99965715 -0.016837591
3292317.6162162162 0.012948317 -0.1911967 0.018935028 0.022157095 -0.006509164 0.9995651 -0.018341681
3342334.6162162162 0.026527321 -0.17775373 0.014195784 0.025884163 -0.0049798703 0.9993989 -0.022520894
3392351.6162162162 0.043811403 -0.16383179 0.014704816 0.02951415 -0.0014144891 0.99920225 -0.026866311
3442368.6162162162 0.05251012 -0.14672896 0.017155332 0.032735553 0.001949141 0.9990118 -0.029999364
3492386.6162162162 0.055035427 -0.12728773 0.017308077 0.034944475 0.00409317 0.99885076 -0.032548245
3542403.6162162162 0.05622807 -0.10564563 0.025416424 0.03527279 0.0062228437 0.9987686 -0.034329
3592420.6162162162 0.054640982 -0.08612217 0.032218114 0.03428901 0.008316138 0.9987912 -0.03422391
3642437.6162162162 0.049265403 -0.07073154 0.038685687 0.03573817 0.009776053 0.9987571 -0.03334036
3692455.6162162162 0.040852025 -0.044359535 0.054275338 0.034646973 0.009628759 0.9988516 -0.03166198
3742472.6162162162 0.032449905 -0.026121674 0.05914517 0.033025652 0.007987226 0.9989791 -0.029772
3792489.6162162162 0.021676779 -0.007445973 0.057651825 0.028785575 0.0073107574 0.9992234 -0.025894823
3842506.6162162162 -0.007287796 -0.005395558 0.07123734 0.02726276 0.002674524 0.9993154 -0.024866913
3892523.6162162162 -0.02906241 -0.002896645 0.07524679 0.023322633 7.4679796e-05 0.99948436 -0.022070054
3942541.6162162162 -0.049092248 -0.0024208403 0.08428716 0.020946465 -0.0016395419 0.999596 -0.01914299
3992558.6162162162 -0.073750846 -0.009666764 0.08786149 0.01903127 -0.0036356181 0.9996843 -0.016002737
4042575.6162162162 -0.09877109 -0.02645092 0.08938625 0.015082172 -0.0059334794 0.99975175 -0.015289778
4092592.6162162162 -0.12084055 -0.043851316 0.09220777 0.008711147 -0.006701079 0.99982965 -0.014832012
4142610.6162162162 -0.14233236 -0.06171446 0.098598234 0.0025071676 -0.0071833883 0.9998738 -0.01394824
4192627.6162162162 -0.16522591 -0.07840223 0.099788494 -0.003934482 -0.00867278 0.99987185 -0.012869994
4242644.616216216 -0.18405184 -0.10021342 0.10917596 -0.012370689 -0.009409452 0.9998033 -0.012323313
4292661.616216216 -0.1902748 -0.11995637 0.112071544 -0.023176141 -0.0088808555 0.9996408 -0.010115282
4342679.616216216 -0.1948839 -0.14117116 0.11398017 -0.034241028 -0.0072417795 0.9993418 -0.00955173
4392696.616216216 -0.20461375 -0.16187195 0.11770792 -0.041506827 -0.005285629 0.9990975 -0.007312892
4442713.616216216 -0.20750417 -0.18126829 0.12010918 -0.04621195 -0.004866469 0.9989045 -0.00554038
4492730.616216216 -0.216011 -0.2008974 0.11860975 -0.0476453 -0.006404431 0.99884266 -0.0015113995
4542748.616216216 -0.21164903 -0.21374005 0.11925947 -0.047476277 -0.0069155805 0.998847 0.0017147809
4592765.616216216 -0.20411888 -0.23460375 0.11508936 -0.047689453 -0.0073991218 0.9988255 0.004324876
4642782.616216216 -0.18851851 -0.24384089 0.12485363 -0.04741238 -0.010716689 0.99880606 0.0048729503
4692799.616216216 -0.16350299 -0.2505324 0.11949699 -0.047241297 -0.013522067 0.99877185 0.006343259
4742816.616216216 -0.1425136 -0.24623173 0.11942575 -0.045227494 -0.01706288 0.9988128 0.006024137
4792834.616216216 -0.12410994 -0.25732014 0.12105205 -0.040603064 -0.019905321 0.99895597 0.006502737
4842851.616216216 -0.114513926 -0.24241738 0.114810675 -0.03810313 -0.021998039 0.9990194 0.004959474
4892868.616216216 -0.07834472 -0.25642937 0.112450406 -0.036441147 -0.023504594 0.99904513 0.005338859
4942885.616216216 -0.07878175 -0.22631004 0.10962921 -0.032667167 -0.024725698 0.9991395 0.006468514
4992903.616216216 -0.04276284 -0.23346381 0.10089205 -0.03010677 -0.024919277 0.9992184 0.0059393244
5042920.616216216 -0.047255617 -0.19909793 0.09571441 -0.02842427 -0.023116417 0.9993168 0.0048686434
5092937.616216216 -0.00483895 -0.19029938 0.09436644 -0.026485594 -0.021266859 0.99941796 0.0031678267
5142954.616216216 -0.023829464 -0.16083105 0.08604011 -0.02610069 -0.019682186 0.9994655 0.0001308024
5192972.616216216 0.010715035 -0.14737603 0.08144995 -0.02567584 -0.017240997 0.9995152 -0.0036095576
5242989.616216216 -0.010292416 -0.12510973 0.07845383 -0.025186885 -0.015791886 0.9995328 -0.0070966417
5293006.616216216 0.026203426 -0.09830602 0.07204878 -0.022284117 -0.016763393 0.9995592 -0.0101910485
5343023.616216216 -0.00911394 -0.07820697 0.08176076 -0.019928673 -0.017105652 0.9995718 -0.012903693
5393040.616216216 0.01033225 -0.050772958 0.07283536 -0.018932171 -0.018962448 0.99949497 -0.017082725
5443058.616216216 -0.027178861 -0.036907464 0.08609757 -0.021258447 -0.020670243 0.9993635 -0.01983614
5493075.616216216 -0.012632249 0.0011291747 0.084652595 -0.026512042 -0.020935746 0.9991785 -0.022386832
5543092.616216216 -0.055388402 -0.001971703 0.091122225 -0.02871049 -0.022488322 0.99899334 -0.026121302
5593109.616216216 -0.06068215 0.020926913 0.0932991 -0.031432685 -0.023701718 0.998797 -0.02923707
5643127.616216216 -0.094517425 0.010777116 0.093965724 -0.034351878 -0.02353914 0.99858105 -0.03319403
5693144.616216216 -0.10529857 0.028245045 0.09250772 -0.04136312 -0.025746392 0.9981308 -0.036894962
5743161.616216216 -0.14153606 0.0066586877 0.095953636 -0.05098822 -0.026151156 0.9974741 -0.04197377
5793178.616216216 -0.1603356 0.011798915 0.09775508 -0.06334901 -0.028016297 0.99658614 -0.04492312
5843196.616216216 -0.19774216 -0.0030180586 0.100048944 -0.072514 -0.031000007 0.99562097 -0.05019612
5893213.616216216 -0.2272134 -0.019243194 0.10233857 -0.0811949 -0.033703513 0.99468255 -0.053648047
5943230.616216216 -0.25104493 -0.037198238 0.10183444 -0.08960305 -0.035523947 0.99382603 -0.05494773
5993247.616216216 -0.27649304 -0.06135051 0.09713783 -0.09659103 -0.035968512 0.9932247 -0.053677253
6043265.616216216 -0.28423214 -0.0874495 0.10030249 -0.10358263 -0.03416745 0.992708 -0.05132328
6093282.616216216 -0.29635167 -0.11343576 0.095786616 -0.10585628 -0.032835267 0.9928901 -0.043422773
6143299.616216216 -0.29914254 -0.14629719 0.09580668 -0.10719674 -0.029199818 0.99309343 -0.03770546
6193316.616216216 -0.29957953 -0.17267475 0.096030526 -0.10781065 -0.025629632 0.9933706 -0.030576572
6243333.616216216 -0.28493813 -0.2002363 0.10457414 -0.107022874 -0.019682536 0.9937794 -0.023690863
6293351.616216216 -0.27335775 -0.22753246 0.09969676 -0.102793716 -0.015676681 0.99441445 -0.018101702
6343368.616216216 -0.2524937 -0.25049508 0.093616575 -0.09461536 -0.013226179 0.9953427 -0.012884434
6393385.616216216 -0.23022485 -0.25123185 0.10220128 -0.084717944 -0.011731195 0.9963085 -0.007390112
6443402.616216216 -0.21238899 -0.2605989 0.09802723 -0.07333953 -0.012058232 0.9972226 -0.0048093842
6493420.616216216 -0.19177543 -0.2673652 0.09484251 -0.063673824 -0.012905196 0.9978773 -0.004488382
6543437.616216216 -0.17280698 -0.26483902 0.105815336 -0.053707846 -0.014113283 0.9984409 -0.005660891
6593454.616216216 -0.14946273 -0.25428712 0.1048222 -0.046448074 -0.015037749 0.9987799 -0.0074355244
6643471.616216216 -0.13043696 -0.24428728 0.10549416 -0.03828772 -0.015263197 0.99910325 -0.009688478
6693489.616216216 -0.10654435 -0.22108349 0.114385806 -0.032630675 -0.013957362 0.9992981 -0.011991083
6743506.616216216 -0.09428117 -0.20051979 0.1097625 -0.026511876 -0.014256308 0.9994331 -0.015080603
6793523.616216216 -0.078762606 -0.17385483 0.11098693 -0.021503473 -0.013559175 0.9994937 -0.019132746
6843540.616216216 -0.07175452 -0.14383535 0.110300854 -0.016406659 -0.01283373 0.9994899 -0.024208894
6893557.616216216 -0.06603838 -0.11091873 0.11715527 -0.014786465 -0.012569953 0.9993151 -0.031508002
6943575.616216216 -0.06083119 -0.0762719 0.12238245 -0.01384859 -0.011602428 0.99906456 -0.03928844
6993592.616216216 -0.06658561 -0.04467965 0.12861843 -0.011333381 -0.012120845 0.9987573 -0.04699532
7043609.616216216 -0.0745971 -0.016938189 0.1374497 -0.01100988 -0.012530163 0.9983617 -0.05473333
7093626.616216216 -0.08522617 0.014623955 0.14336058 -0.013078273 -0.0126646105 0.9979997 -0.060540866
7143644.616216216 -0.10051562 0.037941158 0.15303166 -0.01784297 -0.013027408 0.99749243 -0.0672369
7193661.616216216 -0.12162072 0.05838394 0.16322736 -0.024221731 -0.013539111 0.9969208 -0.07334127
7243678.616216216 -0.14072652 0.07208682 0.16582847 -0.032856576 -0.0140836425 0.99622357 -0.07912509
7293695.616216216 -0.16437027 0.07926719 0.1701738 -0.04205505 -0.014252723 0.99544907 -0.084317796
7343713.616216216 -0.19070598 0.07965922 0.17293848 -0.05188606 -0.014037774 0.9945998 -0.08878046
7393730.616216216 -0.2126372 0.075138055 0.17980619 -0.0626261 -0.013420889 0.9936437 -0.092574485
7443747.616216216 -0.2363868 0.06330495 0.18356705 -0.07197361 -0.013485119 0.9927409 -0.095412076
7493764.616216216 -0.2595507 0.0438115 0.18608251 -0.079390965 -0.013037581 0.9919875 -0.09740558
7543782.616216216 -0.27952266 0.021800851 0.18933745 -0.08565567 -0.0128356 0.9914599 -0.097497284
7593799.616216216 -0.29524738 -0.00080262776 0.1945826 -0.09053166 -0.011921147 0.9913518 -0.09425277
7643816.616216216 -0.3062254 -0.031763222 0.19679324 -0.09578284 -0.011114715 0.99117213 -0.09099387
7693833.616216216 -0.31203416 -0.0654788 0.2020642 -0.09986189 -0.010079462 0.9911356 -0.0870422
7743850.616216216 -0.32032692 -0.093699284 0.20156255 -0.10269403 -0.009821071 0.99138427 -0.08071392
7793868.616216216 -0.31915507 -0.12770371 0.20483847 -0.10508404 -0.008279265 0.99161726 -0.07472714
7843885.616216216 -0.3127579 -0.1559223 0.2103976 -0.10761117 -0.008448232 0.9918977 -0.06698912
7893902.616216216 -0.3017175 -0.18005337 0.2058577 -0.108556576 -0.008984999 0.9923022 -0.058916412
7943919.616216216 -0.28276303 -0.2048247 0.20756002 -0.106173545 -0.010368818 0.99293077 -0.052040093
7993937.616216216 -0.2648956 -0.22338828 0.20892629 -0.10088739 -0.012891951 0.99375093 -0.04598541
8043954.616216216 -0.2494554 -0.23332304 0.20562983 -0.09202482 -0.014984572 0.9948085 -0.040780097
8093971.616216216 -0.22589022 -0.2381647 0.2099749 -0.08317208 -0.015966423 0.99569386 -0.037699793
8143988.616216216 -0.2015166 -0.23914622 0.2126587 -0.07303503 -0.018403992 0.9964601 -0.037342656
8194006.616216216 -0.1731234 -0.23108645 0.21555842 -0.06379577 -0.018868113 0.9970771 -0.037568018
8244023.616216216 -0.15449394 -0.21881446 0.21929416 -0.053756636 -0.020082606 0.9975644 -0.039652657
8294040.616216216 -0.13480876 -0.20546468 0.21748635 -0.04516889 -0.021311259 0.99781907 -0.04315961
8344057.616216216 -0.113891356 -0.18708351 0.21615586 -0.039601002 -0.02104404 0.99785906 -0.04760601
8394074.616216216 -0.099383585 -0.16146135 0.21685703 -0.034559727 -0.021134071 0.9978268 -0.051968988
8444092.616216216 -0.086881444 -0.135191 0.21608162 -0.031097338 -0.02085852 0.9976475 -0.057423428
8494109.616216216 -0.07850346 -0.107862644 0.21617952 -0.02739827 -0.020300763 0.99743533 -0.06292902
8544126.616216216 -0.073756576 -0.07694674 0.21815819 -0.024565313 -0.01998264 0.99715006 -0.06847689
8594143.616216216 -0.07409733 -0.050555483 0.21631774 -0.024006398 -0.01979392 0.9967379 -0.07446858
8644161.616216216 -0.079529546 -0.019624857 0.22298926 -0.026609294 -0.018631807 0.9963377 -0.07909465
8694178.616216216 -0.09264165 0.0026368173 0.22287072 -0.030535074 -0.019054577 0.9957448 -0.08483448
8744195.616216216 -0.105108954 0.026919227 0.2236791 -0.035092305 -0.019443888 0.9951703 -0.089591764
8794212.616216216 -0.1266629 0.0434554 0.22234878 -0.040628787 -0.020945143 0.9943929 -0.095359825
8844230.616216216 -0.14674805 0.052266166 0.22250265 -0.04966953 -0.022362532 0.99329334 -0.10198605
8894247.616216216 -0.16931498 0.05461458 0.2249527 -0.060807124 -0.02283762 0.99197745 -0.10845192
8944264.616216216 -0.197027 0.050190903 0.22097296 -0.07314059 -0.023842825 0.9904786 -0.11416739
8994281.616216216 -0.22517069 0.039982308 0.22252755 -0.08233739 -0.024033662 0.98917496 -0.11906263
9044299.616216216 -0.25094274 0.027951177 0.22249514 -0.090516 -0.025469273 0.9881772 -0.12109568
9094316.616216216 -0.2686742 0.006608136 0.21977971 -0.09853983 -0.024749242 0.98725075 -0.12252919
9144333.616216216 -0.2907438 -0.02257273 0.2207 -0.10341327 -0.024104072 0.9867775 -0.12245394
9194350.616216216 -0.30464044 -0.049992163 0.21707135 -0.107309125 -0.023962269 0.98676896 -0.11915398
9244367.616216216 -0.32116008 -0.08149931 0.21716537 -0.10883239 -0.02216783 0.98694843 -0.116606206
9294385.616216216 -0.32881242 -0.11148696 0.21944344 -0.10994865 -0.021433955 0.98726034 -0.11299978
9344402.616216216 -0.3337884 -0.14516415 0.2194165 -0.10923961 -0.020636067 0.9875935 -0.11090602
9394419.616216216 -0.33945486 -0.17405501 0.22108467 -0.107025184 -0.021973288 0.98804694 -0.10874815
9444436.616216216 -0.34418532 -0.20524922 0.22723463 -0.105433285 -0.021886986 0.9883224 -0.10781301
9494454.616216216 -0.35031843 -0.23032461 0.23183118 -0.1033667 -0.023719251 0.9887015 -0.10593431
9544471.616216216 -0.34641144 -0.25369596 0.23324691 -0.10186244 -0.023499252 0.9891067 -0.103632726
9594488.616216216 -0.3387305 -0.27799663 0.24022758 -0.099835046 -0.022503857 0.98947984 -0.10225619
9644505.616216216 -0.33316368 -0.29991606 0.24640484 -0.09713646 -0.021672264 0.98993266 -0.100638784
9694523.616216216 -0.32343054 -0.3178915 0.24655007 -0.09546024 -0.018725043 0.990365 -0.0985591
9744540.616216216 -0.31215295 -0.33983305 0.24880834 -0.09576401 -0.01625368 0.9903914 -0.09843783
9794557.616216216 -0.30199826 -0.356679 0.25142485 -0.09635806 -0.013424684 0.9904659 -0.097531326
9844574.616216216 -0.28826123 -0.36942056 0.2510647 -0.09685029 -0.012184253 0.9906201 -0.09562183
9894591.616216216 -0.26575842 -0.3885075 0.2504716 -0.0975854 -0.009563398 0.99052995 -0.096104905
9944609.616216216 -0.25382984 -0.39144558 0.25397265 -0.09656077 -0.010852249 0.9907243 -0.09499249
9994626.616216216 -0.23035626 -0.3987577 0.25987905 -0.09576951 -0.012261041 0.99056655 -0.0972412
10044643.616216216 -0.2133651 -0.40406117 0.26425025 -0.09182228 -0.013704302 0.9907813 -0.09865722
10094660.616216216 -0.19616006 -0.40547895 0.2660603 -0.08669228 -0.016282016 0.9910777 -0.099922016
10144678.616216216 -0.1866708 -0.40271944 0.26511574 -0.0811481 -0.02080766 0.99133474 -0.10118059
10194695.616216216 -0.17975156 -0.3988671 0.27664348 -0.07868098 -0.025283063 0.99102694 -0.10505085
10244712.616216216 -0.18067753 -0.39312363 0.2750349 -0.07895626 -0.028704777 0.990459 -0.109237984
10294729.616216216 -0.18153438 -0.38732064 0.28660697 -0.08111747 -0.03019764 0.98953116 -0.11548282
10344747.616216216 -0.18938461 -0.38207966 0.2949878 -0.083703585 -0.0284446 0.9886769 -0.12125478
10394764.616216216 -0.19965196 -0.3836637 0.3020152 -0.08598795 -0.028381834 0.98768395 -0.12759672
10444781.616216216 -0.21187526 -0.38571328 0.30290347 -0.088107176 -0.02821686 0.98689854 -0.13218287
10494798.616216216 -0.22734167 -0.39570776 0.30951944 -0.09032788 -0.026488628 0.9861038 -0.13688931
10544816.616216216 -0.2366776 -0.40019235 0.31824836 -0.09428741 -0.025928274 0.9854745 -0.13884397
10594833.616216216 -0.2507292 -0.40839252 0.3259453 -0.098610625 -0.023452187 0.9850044 -0.13961446
10644850.616216216 -0.25581473 -0.4229324 0.33225042 -0.10287654 -0.019920228 0.98458195 -0.14006464
10694867.616216216 -0.26832458 -0.43256173 0.33485037 -0.10596602 -0.01739444 0.98456705 -0.13819028
10744884.616216216 -0.26889864 -0.44129312 0.34389994 -0.10989212 -0.01515174 0.9845314 -0.13561769
10794902.616216216 -0.27601692 -0.45825782 0.34517443 -0.108624294 -0.011837576 0.98503906 -0.13326237
10844919.616216216 -0.27527547 -0.46840766 0.35286346 -0.10773701 -0.0094868485 0.98546857 -0.13097554
10894936.616216216 -0.2617706 -0.48307896 0.36364144 -0.10787766 -0.0052466686 0.9853885 -0.13169786
10944953.616216216 -0.25459012 -0.49649468 0.36487675 -0.104912005 -0.0029490106 0.9857386 -0.13154589
10994971.616216216 -0.23804118 -0.5024069 0.37818193 -0.10195832 -0.0020085594 0.9859622 -0.13220842
11044988.616216216 -0.22875 -0.5135565 0.3854211 -0.09669402 -0.0011080906 0.98625743 -0.13396002
11095005.616216216 -0.21106242 -0.51780695 0.39511004 -0.09250522 0.0001936523 0.9865459 -0.13479574
11145022.616216216 -0.19436954 -0.5275461 0.3983397 -0.086120546 -0.00023264984 0.9868237 -0.13697553
11195040.616216216 -0.17574 -0.53107876 0.40520903 -0.07825129 0.0008334989 0.9871829 -0.13908952
11245057.616216216 -0.15553755 -0.5324478 0.40999478 -0.07204037 0.001807476 0.9874698 -0.14039347
11295074.616216216 -0.13266882 -0.5339602 0.40875205 -0.06551455 0.0040237405 0.98782426 -0.14104931
11345091.616216216 -0.11282383 -0.53213763 0.40686557 -0.05834946 0.006642783 0.98827845 -0.14091466
11395108.616216216 -0.09508742 -0.5291738 0.40202275 -0.050366927 0.010310432 0.98878497 -0.14021848
11445126.616216216 -0.07818644 -0.5262842 0.395826 -0.043716826 0.013574611 0.98902076 -0.14050826
11495143.616216216 -0.063985236 -0.52537435 0.3865659 -0.036465127 0.017299727 0.9890636 -0.1418599
11545160.616216216 -0.05102615 -0.51737696 0.38290322 -0.029722948 0.021373399 0.98906785 -0.14284478
11595177.616216216 -0.04887628 -0.50927603 0.37526092 -0.022794846 0.023421073 0.98906237 -0.14383173
11645195.616216216 -0.05177876 -0.5037096 0.37180796 -0.019504134 0.025419155 0.98890936 -0.14502344
11695212.616216216 -0.057274587 -0.49026614 0.36943355 -0.017439505 0.026544573 0.9890982 -0.14379196
11745229.616216216 -0.062037744 -0.49179307 0.3622783 -0.023111977 0.02690089 0.988976 -0.14376634
11795246.616216216 -0.077110864 -0.4899068 0.3497031 -0.027945174 0.025466958 0.9891421 -0.14201559
11845264.616216216 -0.096899495 -0.48869497 0.34445328 -0.03342916 0.022728356 0.9891224 -0.14143175
11895281.616216216 -0.11343399 -0.49117693 0.33963707 -0.042227354 0.02017133 0.9887158 -0.14230616
11945298.616216216 -0.139137 -0.49565047 0.3427112 -0.05187197 0.0176614 0.98792326 -0.14493106
11995315.616216216 -0.15787716 -0.5037923 0.34571752 -0.061411694 0.016707906 0.9869003 -0.14824747
12045333.616216216 -0.18087701 -0.51170343 0.3529325 -0.069102794 0.015257934 0.98585975 -0.15189677
12095350.616216216 -0.19415203 -0.5210372 0.36050478 -0.07612505 0.015167881 0.9848309 -0.15518747
12145367.616216216 -0.20425075 -0.5353147 0.37710413 -0.08063547 0.014891514 0.9838865 -0.15888232
12195384.616216216 -0.21543474 -0.54370135 0.3851759 -0.083253935 0.015358359 0.9835256 -0.15971991
12245401.616216216 -0.2242436 -0.5557224 0.3938786 -0.08607929 0.014302787 0.98323077 -0.16013455
12295419.616216216 -0.22292718 -0.5701959 0.4084809 -0.08921915 0.014812693 0.9828553 -0.16067365
12345436.616216216 -0.22251953 -0.5780232 0.41471532 -0.08949474 0.013902553 0.98320985 -0.15841645
12395453.616216216 -0.21560249 -0.5913716 0.42530158 -0.09153741 0.012262338 0.98302317 -0.1585439
12445470.616216216 -0.20799875 -0.5952442 0.44103205 -0.09129151 0.010629279 0.9832815 -0.15719534
12495488.616216216 -0.19730577 -0.60182416 0.44827914 -0.090914145 0.00971951 0.98343396 -0.15651773
12545505.616216216 -0.18355599 -0.60710394 0.46291143 -0.08936349 0.007461911 0.98353636 -0.15689099
12595522.616216216 -0.17057708 -0.6166898 0.46790132 -0.08666911 0.006267362 0.9836609 -0.1576722
12645539.616216216 -0.15394391 -0.623006 0.48169822 -0.08424042 0.0054775947 0.9835998 -0.1593899
12695557.616216216 -0.1389058 -0.6245775 0.49031636 -0.081543475 0.004178455 0.98371005 -0.16014943
12745574.616216216 -0.12575762 -0.62853694 0.4964533 -0.07793715 0.0032957855 0.98379415 -0.1614441
12795591.616216216 -0.10928583 -0.63214886 0.5061933 -0.07338154 0.0040434464 0.98371077 -0.16404888
12845608.616216216 -0.0984522 -0.63237894 0.5115788 -0.06836066 0.0043287803 0.9837897 -0.16572885
12895626.616216216 -0.08511172 -0.6335422 0.51279557 -0.065046415 0.0043338537 0.9837583 -0.16724178
12945643.616216216 -0.074037455 -0.63001627 0.5116724 -0.061107382 0.006009838 0.98389417 -0.16787525
12995660.616216216 -0.0643619 -0.6263984 0.5021355 -0.05709247 0.0074884924 0.98421323 -0.16735834
13045677.616216216 -0.058075074 -0.6218463 0.48959687 -0.05428669 0.008661016 0.9845137 -0.16646515
13095694.616216216 -0.042280585 -0.60981 0.47892803 -0.05431963 0.009907543 0.9848096 -0.16462499
13145712.616216216 -0.048560515 -0.60285676 0.46719003 -0.05187589 0.008819563 0.9850303 -0.1641539
13195729.616216216 -0.04472722 -0.5906341 0.45803806 -0.049651623 0.009825156 0.9853092 -0.16310772
13245746.616216216 -0.041925468 -0.5846162 0.43590456 -0.047167327 0.009551485 0.9857365 -0.16126907
13295763.616216216 -0.04636264 -0.57509184 0.41811872 -0.042510383 0.010990849 0.9862433 -0.1593621
13345781.616216216 -0.04856151 -0.56616217 0.40522164 -0.040685277 0.009512232 0.9865465 -0.15805164
13395798.616216216 -0.04968342 -0.5626818 0.39334217 -0.036050867 0.010922534 0.98679787 -0.15751535
13445815.616216216 -0.060570735 -0.54908746 0.3712099 -0.032821547 0.011015428 0.9875077 -0.15372053
13495832.616216216 -0.06490737 -0.5454645 0.35635337 -0.03261651 0.010319272 0.98760766 -0.15316963
13545850.616216216 -0.08150188 -0.540584 0.35243553 -0.03054874 0.012155738 0.9878357 -0.15198582
13595867.616216216 -0.103761405 -0.5419101 0.34294483 -0.0282823 0.012779515 0.9878949 -0.1519889
13645884.616216216 -0.10680286 -0.54369766 0.34047922 -0.0298552 0.013982325 0.9875255 -0.15396921
13695901.616216216 -0.12055162 -0.5483395 0.33539093 -0.032417152 0.01217915 0.9872186 -0.15556431
13745918.616216216 -0.14041556 -0.5583903 0.33316302 -0.03278696 0.012167947 0.9867924 -0.15817018
13795936.616216216 -0.15584803 -0.56627935 0.33168504 -0.037541147 0.011356322 0.986247 -0.1605569
13845953.616216216 -0.16763844 -0.57303464 0.34312695 -0.04640094 0.010227293 0.9854328 -0.16329299
13895970.616216216 -0.1742704 -0.5804932 0.35497352 -0.055578038 0.008640423 0.9847517 -0.16462271
13945987.616216216 -0.18254428 -0.5868221 0.36371514 -0.06301592 0.005105727 0.98442125 -0.16406639
13996005.616216216 -0.19171208 -0.59614766 0.3782085 -0.06772099 0.0011666864 0.98409647 -0.16421561
14046022.616216216 -0.19249758 -0.6071332 0.39407673 -0.06984461 -0.002264582 0.9841771 -0.16282542
14096039.616216216 -0.18966468 -0.61930627 0.4110318 -0.0703592 -0.004575067 0.98441595 -0.16110234
14146056.616216216 -0.18288004 -0.63236415 0.42490077 -0.07088947 -0.0053707366 0.9848707 -0.15803687
14196074.616216216 -0.17407586 -0.64829487 0.43755 -0.070538044 -0.005809692 0.9853701 -0.15503696
14246091.616216216 -0.16042021 -0.6598561 0.44498405 -0.070376456 -0.0055474243 0.9859214 -0.1515766
14296108.616216216 -0.14599591 -0.66990507 0.45185918 -0.06808018 -0.0060630203 0.9865882 -0.14823034
14346125.616216216 -0.12808278 -0.6790115 0.45797625 -0.06407096 -0.006632747 0.98733616 -0.14497681
14396142.616216216 -0.10487323 -0.6787962 0.46281743 -0.05833173 -0.007402646 0.98838377 -0.14014333
14446160.616216216 -0.08234567 -0.6839739 0.4694456 -0.050794043 -0.0070187976 0.98914224 -0.13772586
14496177.616216216 -0.058178276 -0.68685794 0.47238994 -0.044915862 -0.0069292565 0.9897052 -0.13571362
14546194.616216216 -0.034542706 -0.6926609 0.4717172 -0.039687708 -0.005157423 0.99003065 -0.13504727
14596211.616216216 -0.011873537 -0.69172966 0.4725419 -0.034983072 -0.0033585904 0.99023914 -0.13487585
14646229.616216216 0.009654678 -0.6932105 0.46802202 -0.029654441 -0.0013227334 0.9903602 -0.13529833
14696246.616216216 0.031731773 -0.69284236 0.45687884 -0.023088312 0.0012412174 0.9905187 -0.13541827
14746263.616216216 0.0504011 -0.68754375 0.44575164 -0.016769895 0.0039081643 0.9907217 -0.13481152
14796280.616216216 0.0665143 -0.6795624 0.43523052 -0.011338465 0.0066777836 0.9908328 -0.1344517
14846298.616216216 0.07570248 -0.66809 0.41953087 -0.0054272823 0.01092986 0.99104834 -0.13294505
14896315.616216216 0.08621548 -0.6467336 0.40674067 -0.001329835 0.013216123 0.9913987 -0.13020083
14946332.616216216 0.08891487 -0.63476646 0.3923918 0.0029393276 0.014412506 0.9915658 -0.12876701
14996349.616216216 0.08991813 -0.6316091 0.37051857 0.0015140426 0.015596085 0.9913507 -0.1303008
15046367.616216216 0.07123996 -0.6116279 0.35621452 0.001681374 0.014759472 0.99171746 -0.12757725
15096384.616216216 0.06099301 -0.5975216 0.35206562 -0.0011375024 0.015206126 0.99181455 -0.12677303
15146401.616216216 0.038145874 -0.591984 0.34058613 -0.0045001586 0.012110338 0.9918874 -0.12646134
15196418.616216216 0.017157586 -0.58884853 0.3365049 -0.008768174 0.011068798 0.99189883 -0.12624295
15246435.616216216 -0.005754593 -0.58345497 0.32813248 -0.014252625 0.007686414 0.9919716 -0.12541986
15296453.616216216 -0.03390933 -0.58542573 0.33091527 -0.018720115 0.0045167287 0.99174666 -0.12675856
15346470.616216216 -0.061286394 -0.59119385 0.3346551 -0.025729218 0.0015034036 0.9912758 -0.12925978
15396487.616216216 -0.08404579 -0.5980256 0.33754548 -0.033407412 -0.0010344624 0.9908139 -0.13103697
15446504.616216216 -0.1084054 -0.60702604 0.3425345 -0.04073048 -0.0033051209 0.99026227 -0.13308185
15496522.616216216 -0.1290675 -0.6195791 0.35472515 -0.04906468 -0.00432421 0.9895922 -0.1352084
15546539.616216216 -0.14497788 -0.63485885 0.3683997 -0.05700125 -0.0055189193 0.98889256 -0.13715696
15596556.616216216 -0.15727173 -0.65095294 0.38261732 -0.06509794 -0.0057036127 0.9883839 -0.1372114
15646573.616216216 -0.1601214 -0.6671819 0.39956897 -0.073112294 -0.0046312297 0.9879381 -0.13642403
15696591.616216216 -0.16340382 -0.6767812 0.41537282 -0.076741226 -0.002773266 0.9881497 -0.13290381
15746608.616216216 -0.1671477 -0.6951559 0.42907718 -0.078878604 -0.0003443398 0.9883528 -0.13014172
15796625.616216216 -0.15810558 -0.7069488 0.4402166 -0.08137548 0.0019094897 0.9888355 -0.12481519
15846642.616216216 -0.14965868 -0.7172948 0.4412432 -0.081187665 0.003737 0.9897429 -0.117489636
15896659.616216216 -0.13723941 -0.72748274 0.44145453 -0.08108474 0.0055655264 0.99066234 -0.109464586
15946677.616216216 -0.115103096 -0.73185426 0.44136828 -0.080349185 0.007219894 0.9916755 -0.10035746
15996694.616216216 -0.09348951 -0.73569405 0.4354894 -0.07959151 0.008318874 0.9925796 -0.09155209
16046711.616216216 -0.07757058 -0.7350657 0.42474097 -0.07863949 0.010021452 0.9934527 -0.08226273
16096728.616216216 -0.061309267 -0.72681725 0.41330376 -0.07921678 0.0117933685 0.99415344 -0.07242034
16146746.616216216 -0.04438115 -0.71282035 0.40939677 -0.08062249 0.013335036 0.9945228 -0.06516672
16196763.616216216 -0.034972988 -0.6986957 0.3949388 -0.08022749 0.012224818 0.9949298 -0.05940495
16246780.616216216 -0.017798891 -0.68250996 0.38339055 -0.08160261 0.012935459 0.9949688 -0.05666444
16296797.616216216 -0.007827779 -0.66708684 0.38286698 -0.080618575 0.01216349 0.9950475 -0.056861434
16346815.616216216 0.003377168 -0.6444477 0.37480888 -0.08331895 0.012435065 0.99479514 -0.057323713
16396832.616216216 0.009838972 -0.61990553 0.37239775 -0.08739996 0.012149725 0.9943645 -0.058762316
16446849.616216216 0.017120946 -0.60066926 0.34884876 -0.094064094 0.011433066 0.9936334 -0.060943097
16496866.616216216 0.018704735 -0.5721108 0.3408409 -0.09971066 0.008794183 0.99313205 -0.06057479
16546884.616216216 0.026986595 -0.5458313 0.33399537 -0.108597934 0.0055183037 0.9923275 -0.058840677
16596901.616216216 0.030788373 -0.5224029 0.3207584 -0.118623495 -0.00072224136 0.9913731 -0.05574371
16646918.616216216 0.03095036 -0.4933335 0.30713168 -0.1262197 -0.008756627 0.99067295 -0.0505876
16696935.616216216 0.032184236 -0.46689388 0.28851932 -0.13507314 -0.018038252 0.9896748 -0.044425216
16746952.616216216 0.03312852 -0.44218192 0.26794326 -0.14649986 -0.028545393 0.9880548 -0.038350623
16796970.616216216 0.03217855 -0.4163476 0.24597037 -0.1605503 -0.039445523 0.9857328 -0.031600386
16846987.616216216 0.032410953 -0.38385153 0.23062465 -0.17813879 -0.05126523 0.98235965 -0.024657428
16897004.616216216 0.031462155 -0.3595746 0.21292189 -0.19529004 -0.062104583 0.9785642 -0.020421002
16947021.616216216 0.030670548 -0.3352217 0.1973179 -0.21138741 -0.071825966 0.974611 -0.017023548
16997039.616216216 0.027302945 -0.3150255 0.17939305 -0.22684653 -0.079269476 0.970582 -0.015086851
17047056.616216216 0.029402621 -0.30129987 0.17180032 -0.24256063 -0.08487214 0.9662997 -0.015032572
17097073.616216216 0.032851867 -0.29291636 0.16419217 -0.25436124 -0.08701058 0.96305513 -0.015951369
17147090.616216216 0.0347029 -0.29394445 0.16537094 -0.26094508 -0.08566443 0.96135974 -0.01888898
17197108.616216216 0.040551923 -0.30241123 0.15190867 -0.25960696 -0.08087522 0.9620696 -0.022035347
17247125.616216216 0.048779666 -0.30219892 0.14497519 -0.25347218 -0.08134754 0.9637219 -0.019355694
17297142.616216216 0.05705479 -0.3151582 0.14068747 -0.24481796 -0.0792868 0.9661583 -0.017776875
17347159.616216216 0.07268012 -0.32418832 0.14806749 -0.23672304 -0.07869734 0.96828735 -0.013733185
17397176.616216216 0.08330991 -0.3306362 0.14967366 -0.22915189 -0.080913834 0.9699883 -0.008073231
17447194.616216216 0.094421476 -0.33715862 0.15016434 -0.22370653 -0.08424804 0.97100073 -0.00391373
17497211.616216216 0.10574826 -0.34878233 0.15049317 -0.2178072 -0.08488899 0.9722912 -0.0019547527
17547228.616216216 0.1155811 -0.35326612 0.15836617 -0.21079034 -0.08761517 0.97359663 0.00083086215
17597245.616216216 0.13053559 -0.35691953 0.16272113 -0.20145254 -0.0881233 0.97551525 0.0046121324
17647263.616216216 0.15826464 -0.3509208 0.17072785 -0.19371924 -0.08625312 0.97720313 0.010359913
17697280.616216216 0.18112624 -0.34200472 0.18037593 -0.18968037 -0.0834362 0.9781885 0.014386396
17747297.616216216 0.20451489 -0.33861816 0.18781984 -0.18886678 -0.07863715 0.97873324 0.0150593715
17797314.616216216 0.22435626 -0.31346214 0.19940221 -0.18558703 -0.07631987 0.97949237 0.018096596
17847332.616216216 0.24421974 -0.28770444 0.20930858 -0.18042678 -0.07406643 0.98062354 0.018381674
17897349.616216216 0.2562542 -0.25463197 0.21471635 -0.17725447 -0.07436568 0.9812022 0.017117318
17947366.616216216 0.27685943 -0.22290087 0.23031378 -0.18033919 -0.07437633 0.9807013 0.01307486
17997383.616216216 0.28462312 -0.19879763 0.2380845 -0.18369922 -0.076757744 0.97995245 0.007494443
18047401.616216216 0.29093754 -0.16161337 0.25335786 -0.1887467 -0.07832279 0.97889173 0.0033499785
18097418.616216216 0.2919803 -0.13390009 0.2572032 -0.1933734 -0.07909556 0.97793156 -0.0006898472
18147435.616216216 0.2983063 -0.109586366 0.265459 -0.1996852 -0.07904604 0.9766598 -0.0036383988
18197452.616216216 0.29795453 -0.09078427 0.26691255 -0.20409271 -0.07860474 0.97577417 -0.0056813643
18247469.616216216 0.294083 -0.0809574 0.26442018 -0.20574817 -0.07695853 0.97554445 -0.0076292856
18297487.616216216 0.2885322 -0.07899664 0.26286733 -0.20921974 -0.075727984 0.9749015 -0.0077129994
18347504.616216216 0.29330423 -0.087588646 0.2690435 -0.21697392 -0.073212534 0.97338444 -0.009218081
18397521.616216216 0.2855638 -0.09618989 0.24672642 -0.22127093 -0.073040135 0.9724482 -0.006991713
18447538.616216216 0.27804393 -0.118199185 0.24181423 -0.22332186 -0.07302425 0.9719841 -0.0064674397
18497556.616216216 0.2737187 -0.14320546 0.22338283 -0.22242013 -0.07304191 0.9722042 -0.0036344968
18547573.616216216 0.27576995 -0.16475801 0.22709666 -0.2260255 -0.07325965 0.97136265 0.00036114908
18597590.616216216 0.278632 -0.18455562 0.21483146 -0.22968055 -0.07220457 0.9705589 0.006990801
18647607.616216216 0.2862333 -0.21195143 0.20005578 -0.23399325 -0.07248188 0.96944374 0.013130204
18697625.616216216 0.29239252 -0.22979493 0.18894404 -0.23680033 -0.073140934 0.9686003 0.019737696
18747642.616216216 0.30399844 -0.25015146 0.17528585 -0.23642217 -0.072713695 0.9685525 0.026898364
18797659.616216216 0.33162487 -0.2624468 0.1701525 -0.23626903 -0.073332645 0.9683233 0.033901874
18847676.616216216 0.35739797 -0.26310742 0.17442054 -0.23066263 -0.07430892 0.9692994 0.041613147
18897693.616216216 0.3812759 -0.26166087 0.17436998 -0.22026847 -0.07497356 0.97140557 0.04724455
18947711.616216216 0.40730324 -0.26071116 0.18546079 -0.21064943 -0.07736516 0.9732206 0.04983232
18997728.616216216 0.4344321 -0.25506493 0.2114212 -0.20428316 -0.07897427 0.9745238 0.048321337
19047745.616216216 0.45204768 -0.24831986 0.22150971 -0.19980438 -0.08191656 0.97546613 0.042823497
19097762.616216216 0.469351 -0.233704 0.23789197 -0.19709599 -0.08540629 0.97604275 0.034634832
19147780.616216216 0.48213023 -0.21716003 0.2656275 -0.1933166 -0.08931068 0.97677994 0.02352168
19197797.616216216 0.49633306 -0.19556513 0.2819792 -0.19088271 -0.09243916 0.9771654 0.0129107125
19247814.616216216 0.49731222 -0.17409085 0.30823308 -0.19171497 -0.09685056 0.9766579 0.0021673692
19297831.616216216 0.49279976 -0.14453588 0.32516703 -0.19362909 -0.100909665 0.975844 -0.007312011
19347849.616216216 0.49655867 -0.11510949 0.33421448 -0.20134547 -0.10393549 0.97385263 -0.016385851
19397866.616216216 0.48154354 -0.08961858 0.35092553 -0.20837717 -0.107122436 0.971781 -0.027303685
19447883.616216216 0.47480917 -0.06054867 0.36192748 -0.21829121 -0.10755047 0.96916574 -0.038724646
19497900.616216216 0.46584198 -0.035389192 0.37409124 -0.2287972 -0.10858589 0.9660127 -0.05177333
19547918.616216216 0.45010605 -0.014023935 0.37888348 -0.23880872 -0.109766856 0.9626464 -0.06506552
19597935.616216216 0.43442166 0.00064806454 0.38151357 -0.24989738 -0.111377165 0.9587724 -0.076824225
19647952.616216216 0.4182673 0.012969097 0.38413912 -0.26282233 -0.11330511 0.9543435 -0.08552707
19697969.616216216 0.4040792 0.013928428 0.38188303 -0.27674428 -0.11509235 0.9495838 -0.091961436
19747986.616216216 0.39152783 0.006869415 0.3660288 -0.28860533 -0.117473505 0.94556403 -0.09389168
19798004.616216216 0.38450712 -0.0149286315 0.3538932 -0.2989044 -0.11687351 0.9422691 -0.09552855
19848021.616216216 0.3801316 -0.033763163 0.33547214 -0.30780223 -0.11800175 0.93962604 -0.09184908
19898038.616216216 0.38055116 -0.056388423 0.32116884 -0.31650233 -0.11789186 0.93733287 -0.085644364
19948055.616216216 0.3839866 -0.09024722 0.30832645 -0.32315338 -0.117567845 0.9355862 -0.08017542
19998073.616216216 0.39421144 -0.117150895 0.28930825 -0.32672417 -0.11570815 0.93524563 -0.07196213
20048090.616216216 0.41538823 -0.15378478 0.28329006 -0.32736707 -0.112474635 0.93579686 -0.06681825
20098107.616216216 0.43510652 -0.18265066 0.2770276 -0.3226552 -0.10952398 0.9381844 -0.060895413
20148124.616216216 0.46115533 -0.21006304 0.27543497 -0.3168829 -0.10645945 0.94080776 -0.055967838
20198142.616216216 0.4868241 -0.23400123 0.27414212 -0.31134388 -0.10424064 0.9431085 -0.052396588
20248159.616216216 0.5184027 -0.25469348 0.27340853 -0.30546334 -0.10177691 0.9453974 -0.050572205
20298176.616216216 0.5452012 -0.270956 0.27665314 -0.29643375 -0.09981614 0.9485037 -0.05004589
20348193.616216216 0.57676864 -0.27903077 0.2850347 -0.28667653 -0.098342545 0.95175004 -0.048137177
20398210.616216216 0.60545725 -0.2794327 0.29767957 -0.27457318 -0.0987546 0.9553443 -0.046630856
20448228.616216216 0.63571846 -0.27197158 0.3029848 -0.26301995 -0.09949323 0.95856595 -0.045528922
20498245.616216216 0.66268 -0.26079687 0.3131417 -0.25279024 -0.09959811 0.96124476 -0.046753217
20548262.616216216 0.68384767 -0.23718831 0.32331827 -0.24536887 -0.10031604 0.9630684 -0.047223438
20598279.616216216 0.69500244 -0.20810877 0.3368518 -0.24081966 -0.100137055 0.9640891 -0.050108142
20648297.616216216 0.70628065 -0.1764273 0.3455639 -0.24065304 -0.09896042 0.9640826 -0.053271037
20698314.616216216 0.71417284 -0.14239307 0.35617512 -0.24403048 -0.097022645 0.9632252 -0.056859635
20748331.616216216 0.7112673 -0.112116024 0.36044994 -0.24906176 -0.09414649 0.96179837 -0.06362853
20798348.616216216 0.7060022 -0.08102006 0.37281674 -0.25559148 -0.089565605 0.95998585 -0.07126174
20848366.616216216 0.693887 -0.05406867 0.37667024 -0.2625692 -0.08634897 0.9577402 -0.07959359
20898383.616216216 0.68034166 -0.031809226 0.37717012 -0.27028438 -0.08301127 0.9551997 -0.087459095
20948400.616216216 0.6630883 -0.016868576 0.3746344 -0.2810376 -0.07946479 0.95174366 -0.09427244
20998417.616216216 0.6442106 -0.0096322745 0.36779234 -0.29364192 -0.07769487 0.94749385 -0.09996644
21048435.616216216 0.62739444 -0.016042452 0.35743335 -0.30502138 -0.07614525 0.9435377 -0.10440561
21098452.616216216 0.61184466 -0.032277677 0.34307432 -0.31463125 -0.07652109 0.9401118 -0.10649668
21148469.616216216 0.5974119 -0.050868593 0.3304645 -0.32404986 -0.07845268 0.9368393 -0.10568407
21198486.616216216 0.5840809 -0.079562746 0.31095013 -0.33419883 -0.08013935 0.93337995 -0.10339654
21248503.616216216 0.57508194 -0.10590735 0.29089803 -0.34403807 -0.08174824 0.93025047 -0.09792403
21298521.616216216 0.56851256 -0.14363122 0.27279755 -0.3505761 -0.082820475 0.92826116 -0.09256644
21348538.616216216 0.56660616 -0.18210955 0.25923923 -0.3555338 -0.08243555 0.9269705 -0.08675188
21398555.616216216 0.5671762 -0.22179402 0.2510037 -0.35853884 -0.08340504 0.9263092 -0.08027895
21448572.616216216 0.5769579 -0.2597289 0.2432406 -0.36090952 -0.08333754 0.92597085 -0.0733296
21498590.616216216 0.58751345 -0.29034457 0.23973078 -0.35975173 -0.08542266 0.9268953 -0.06439572
21548607.616216216 0.6073874 -0.31973308 0.22675775 -0.35468322 -0.08693513 0.92928374 -0.055442937
21598624.616216216 0.62646 -0.34572685 0.23299682 -0.34610114 -0.08625064 0.93292075 -0.04933301
21648641.616216216 0.6493367 -0.36702937 0.23802724 -0.3338847 -0.085431725 0.9376926 -0.044216044
21698659.616216216 0.6750666 -0.38040394 0.25106138 -0.31712925 -0.084379405 0.94378155 -0.03981892
21748676.616216216 0.7005252 -0.38850063 0.2634245 -0.29866228 -0.08399971 0.9499717 -0.0360381
21798693.616216216 0.7262111 -0.3869658 0.27913296 -0.27996477 -0.08286998 0.9558547 -0.0330771
21848710.616216216 0.7491813 -0.38102287 0.2917959 -0.26395777 -0.08200351 0.96050435 -0.032142743
21898727.616216216 0.77196705 -0.368973 0.30373535 -0.24974826 -0.080371164 0.9644058 -0.032982636
21948745.616216216 0.79536015 -0.34969 0.31433687 -0.2376086 -0.07708042 0.9676369 -0.035772976
21998762.616216216 0.80916524 -0.32729304 0.32817715 -0.22590868 -0.074215166 0.9704348 -0.041397557
22048779.616216216 0.8231982 -0.298228 0.33783358 -0.2155747 -0.070259176 0.97271687 -0.049124554
22098796.616216216 0.83603054 -0.26586187 0.34788197 -0.20718205 -0.06617723 0.97436965 -0.057446014
22148814.616216216 0.84272444 -0.23102556 0.35654297 -0.20133862 -0.062472098 0.9752249 -0.06705503
22198831.616216216 0.8453303 -0.19191164 0.36727822 -0.19891852 -0.060287002 0.97522527 -0.07571392
22248848.616216216 0.8371641 -0.15950553 0.36733446 -0.1978486 -0.06075243 0.9746441 -0.08505335
22298865.616216216 0.8278595 -0.12810624 0.3708454 -0.1990237 -0.059220824 0.9737323 -0.09342321
22348883.616216216 0.8121403 -0.09830846 0.3691729 -0.19925766 -0.059493415 0.9730435 -0.09971646
22398900.616216216 0.79097944 -0.076123774 0.3674513 -0.19930403 -0.06037141 0.9724344 -0.10490303
22448917.616216216 0.7678479 -0.055533804 0.36268103 -0.2007142 -0.060997717 0.9718367 -0.107362285
22498934.616216216 0.7403502 -0.04703296 0.35152417 -0.20387076 -0.06379411 0.97083575 -0.10883491
22548952.616216216 0.7147039 -0.047180377 0.33740723 -0.21173568 -0.06791722 0.9688347 -0.10915466
22598969.616216216 0.68387485 -0.051806096 0.31565797 -0.22189899 -0.070753664 0.96638113 -0.10891485
22648986.616216216 0.6534876 -0.0587218 0.30403832 -0.23148546 -0.07217026 0.9641578 -0.10772955
22699003.616216216 0.62428427 -0.07914093 0.29046968 -0.23758344 -0.07212012 0.9627145 -0.107394546
22749020.616216216 0.59478885 -0.10217792 0.27776313 -0.24103306 -0.07182228 0.96214044 -0.10502578
22799038.616216216 0.5654073 -0.12520242 0.26815477 -0.24385235 -0.068562426 0.9620553 -0.101414226
22849055.616216216 0.5343926 -0.14899705 0.25763106 -0.24610507 -0.06466387 0.96225554 -0.096515074
22899072.616216216 0.50610715 -0.1776276 0.2525239 -0.24561968 -0.062074512 0.96310395 -0.09082181
22949089.616216216 0.48023084 -0.20605741 0.24486613 -0.24245219 -0.0591162 0.964717 -0.08392571
22999107.616216216 0.45555952 -0.2366021 0.24134375 -0.23765193 -0.055394903 0.9667179 -0.07687371
23049124.616216216 0.42929393 -0.26091123 0.23414136 -0.22836396 -0.05312751 0.9697381 -0.068083696
23099141.616216216 0.39868325 -0.28658214 0.22943513 -0.21714827 -0.05159234 0.9729645 -0.059371382
23149158.616216216 0.36727223 -0.30935466 0.2303341 -0.20558855 -0.049325023 0.9760504 -0.051245727
23199176.616216216 0.34134096 -0.32951817 0.23185189 -0.19397253 -0.047623474 0.97887874 -0.043624602
23249193.616216216 0.3133957 -0.3474026 0.23054789 -0.18507771 -0.04614975 0.9809581 -0.036574896
23299210.616216216 0.27725744 -0.36485323 0.22453915 -0.17498411 -0.044970654 0.9830637 -0.03072426
23349227.616216216 0.24383546 -0.3766919 0.22295748 -0.1675094 -0.042408843 0.9846251 -0.02560383
23399244.616216216 0.21464947 -0.39050114 0.218468 -0.16404667 -0.03831224 0.98544353 -0.022845488
23449262.616216216 0.18651336 -0.40950412 0.21593022 -0.16021557 -0.03178257 0.986282 -0.023849921
23499279.616216216 0.15888831 -0.41826102 0.22252117 -0.15554346 -0.027106691 0.98716927 -0.023839815
23549296.616216216 0.12673406 -0.4261088 0.21627656 -0.15006846 -0.0213826 0.98812914 -0.02496145
23599313.616216216 0.09666226 -0.42980292 0.22348356 -0.1477112 -0.018611712 0.9885224 -0.025661986
23649331.616216216 0.06716115 -0.43241966 0.21519354 -0.14515498 -0.016963746 0.9889555 -0.024685362
23699348.616216216 0.04025339 -0.44007745 0.21641622 -0.14250731 -0.01631631 0.9893309 -0.025494138
23749365.616216216 0.018242681 -0.43588817 0.20828287 -0.14302802 -0.017504187 0.98929 -0.023280889
23799382.616216216 -0.013996936 -0.43271774 0.20355594 -0.14081942 -0.019222269 0.9895873 -0.022745926
23849400.616216216 -0.044390082 -0.42649633 0.20042168 -0.13983299 -0.021315739 0.9896804 -0.022915373
23899417.616216216 -0.07560631 -0.41919044 0.19272311 -0.13866155 -0.024953084 0.9897528 -0.023234496
23949434.616216216 -0.10702489 -0.40409243 0.18949267 -0.13872415 -0.02789425 0.9896744 -0.022850325
23999451.616216216 -0.13223489 -0.3948366 0.18098928 -0.138015 -0.028960291 0.9897205 -0.023801401
24049469.616216216 -0.1531286 -0.38172206 0.17904367 -0.13852112 -0.028937824 0.98964727 -0.023934687
24099486.616216216 -0.16939929 -0.35285494 0.15894352 -0.13961753 -0.029024146 0.98958075 -0.019863935
24149503.616216216 -0.20005056 -0.33121863 0.16380638 -0.13449286 -0.03193877 0.99025494 -0.016938252
24199520.616216216 -0.2091135 -0.31598672 0.15377064 -0.13194662 -0.032856893 0.9906232 -0.013282088
24249537.616216216 -0.22760426 -0.28937468 0.15646805 -0.12906864 -0.033991344 0.991024 -0.007567445
24299555.616216216 -0.24930623 -0.27469715 0.12516263 -0.12650478 -0.03673313 0.9912824 -0.0025389604
24349572.616216216 -0.266822 -0.2506398 0.10849496 -0.12384845 -0.037803356 0.9915787 0.0020429273
24399589.616216216 -0.26256886 -0.2298761 0.13445102 -0.12443342 -0.037655447 0.99149644 0.0057663685
24449606.616216216 -0.27448162 -0.20411329 0.11672579 -0.1206816 -0.037035022 0.9919501 0.009971074
24499624.616216216 -0.26667938 -0.1888184 0.1354578 -0.12073823 -0.035036176 0.99200106 0.011345753
24549641.616216216 -0.26990134 -0.16356547 0.12439441 -0.115413025 -0.036801405 0.99250376 0.016179154
24599658.616216216 -0.28279316 -0.15327035 0.104822084 -0.11001232 -0.0353426 0.99312717 0.018621368
24649675.616216216 -0.28385353 -0.14179571 0.091007315 -0.10652939 -0.033373486 0.99349403 0.02252468
24699693.616216216 -0.2707485 -0.11284918 0.107360944 -0.106017366 -0.034173276 0.9934101 0.026999028
24749710.616216216 -0.26671767 -0.12024179 0.08631856 -0.10476211 -0.03485387 0.9934142 0.030632712
24799727.616216216 -0.27376103 -0.105967574 0.09351323 -0.10060392 -0.037571315 0.99358654 0.03539794
24849744.616216216 -0.26514608 -0.10002737 0.08700979 -0.09821177 -0.042608477 0.9934196 0.04070031
24899761.616216216 -0.25892356 -0.074812256 0.09241235 -0.095079154 -0.04813048 0.99309474 0.049054157
24949779.616216216 -0.26910675 -0.06386466 0.0737856 -0.0908192 -0.054589123 0.9928679 0.054638702
24999796.616216216 -0.27011147 -0.050659206 0.06880368 -0.08999171 -0.062720604 0.9920515 0.061656248
25049813.616216216 -0.26241672 -0.036763094 0.069537364 -0.09156801 -0.07046426 0.99093837 0.06849373
25099830.616216216 -0.26063392 -0.026756134 0.07267849 -0.091689 -0.07728009 0.990109 0.07283627
25149848.616216216 -0.24659218 -0.010149292 0.081084915 -0.093287215 -0.08093096 0.98931587 0.07747154
25199865.616216216 -0.2325613 0.007786195 0.069795646 -0.09493279 -0.08797646 0.98826903 0.0810704
25249882.616216216 -0.2232549 0.014455579 0.067180544 -0.09310558 -0.09188995 0.98801607 0.08192673
25299899.616216216 -0.20559925 0.040045395 0.068436384 -0.09419374 -0.09737472 0.9871816 0.08436957
25349917.616216216 -0.20295082 0.043689292 0.059492316 -0.0905031 -0.09566744 0.9878065 0.08303811
25399934.616216216 -0.17710632 0.064034574 0.07089399 -0.08997937 -0.09551425 0.9876482 0.08562683
25449951.616216216 -0.16624385 0.073402904 0.07142564 -0.08814709 -0.091769025 0.98810923 0.08630649
25499968.616216216 -0.1437829 0.09177434 0.06808578 -0.09000932 -0.086445995 0.98813653 0.089508384
25549986.616216216 -0.12726492 0.10744983 0.07536196 -0.090508826 -0.08562716 0.9877306 0.09415084
25600003.616216216 -0.11457315 0.11742654 0.08074764 -0.09009191 -0.08306496 0.9876128 0.09800343
25650020.616216216 -0.0953241 0.12878522 0.06959257 -0.08999884 -0.08062447 0.98740345 0.10214894
25700037.616216216 -0.08923724 0.1470037 0.06947595 -0.08751453 -0.07944493 0.98732567 0.105914295
25750054.616216216 -0.07672123 0.16410969 0.079620585 -0.08598561 -0.07649118 0.9875683 0.10707223
25800072.616216216 -0.06101597 0.16764194 0.08204798 -0.08653087 -0.07585353 0.98765004 0.10632996
25850089.616216216 -0.053571302 0.17905258 0.07929856 -0.08568284 -0.0738119 0.98789936 0.10613756
25900106.616216216 -0.038301963 0.18831271 0.08603647 -0.08655459 -0.074205756 0.9879274 0.104887746
25950123.616216216 -0.03912187 0.19606033 0.08723682 -0.0844942 -0.0753843 0.9883083 0.10210148
26000141.616216216 -0.0330148 0.21144405 0.0862676 -0.08442745 -0.0775027 0.98840415 0.09961198
26050158.616216216 -0.027457666 0.22233486 0.090965234 -0.08327169 -0.07815492 0.9887469 0.096629314
26100175.616216216 -0.018639402 0.23444949 0.092796385 -0.084545985 -0.07781193 0.9889286 0.09390195
26150192.616216216 -0.015386522 0.2427483 0.100975186 -0.086606674 -0.07752836 0.98910505 0.090332925
26200210.616216216 -0.014834373 0.2510899 0.10281718 -0.089693755 -0.07603979 0.9892963 0.08640536
26250227.616216216 -0.008479388 0.26617286 0.1044799 -0.09449117 -0.07264798 0.9893025 0.08410893
26300244.616216216 0.0013964828 0.26824775 0.12009921 -0.09735855 -0.070620164 0.98945796 0.08066661
26350261.616216216 0.008299356 0.28044748 0.10543357 -0.09147921 -0.06776553 0.9901026 0.08207498
26400278.616216216 0.0063804965 0.28681406 0.09480076 -0.08251785 -0.062478524 0.99091494 0.085877016
26450296.616216216 0.011547096 0.28387532 0.099036284 -0.07655697 -0.05558164 0.99142325 0.09016527
26500313.616216216 0.024731167 0.29229692 0.100047864 -0.07513331 -0.049911164 0.99112135 0.09768518
26550330.616216216 0.03409176 0.30547136 0.09491516 -0.07411686 -0.044760507 0.99046606 0.107146434
26600347.616216216 0.038744014 0.3189374 0.09618255 -0.07050769 -0.03953396 0.98989725 0.11648664
26650365.616216216 0.045648403 0.32725596 0.09791522 -0.06458295 -0.034379732 0.9896318 0.12359641
26700382.616216216 0.048289686 0.343272 0.096676864 -0.05810264 -0.02991457 0.98929304 0.13049349
26750399.616216216 0.05200791 0.35616937 0.092102334 -0.05283247 -0.026759773 0.98907346 0.1350053
26800416.616216216 0.056103617 0.37086743 0.09662804 -0.0482244 -0.024334842 0.9891033 0.13695586
26850434.616216216 0.05957287 0.3680164 0.10924961 -0.047173303 -0.02182 0.98967046 0.13360745
26900451.616216216 0.05851883 0.3854485 0.12060631 -0.04758294 -0.022225276 0.9896774 0.13334358
26950468.616216216 0.05706919 0.39652517 0.12746978 -0.050271437 -0.023277735 0.98974043 0.13170008
27000485.616216216 0.057184733 0.40881187 0.13261007 -0.05202563 -0.024599137 0.98974514 0.1307397
27050503.616216216 0.051718723 0.4255757 0.14006524 -0.053469665 -0.028978996 0.989517 0.13098636
27100520.616216216 0.055190835 0.43461263 0.14633088 -0.05632424 -0.03039219 0.989341 0.13079903
27150537.616216216 0.057079133 0.4442687 0.14747033 -0.05977314 -0.028794825 0.9891828 0.13082637
27200554.616216216 0.055717863 0.4590373 0.14981988 -0.0629989 -0.029447943 0.98867035 0.13302249
27250571.616216216 0.055444155 0.47508514 0.14962557 -0.06622548 -0.028163835 0.9883008 0.1344714
27300589.616216216 0.058438137 0.48414654 0.1523719 -0.068704255 -0.024563894 0.9882426 0.13436121
27350606.616216216 0.06261361 0.4857993 0.15572745 -0.070409894 -0.022899693 0.988393 0.13265482
27400623.616216216 0.06612361 0.4923574 0.15933621 -0.07312657 -0.019363524 0.988432 0.13145296
27450640.616216216 0.07210395 0.5027161 0.1666504 -0.0746783 -0.01562513 0.9883549 0.13165745
27500658.616216216 0.06765578 0.5058863 0.1780439 -0.07159048 -0.014730221 0.9887221 0.13071549
27550675.616216216 0.069445476 0.51612127 0.17052653 -0.070467584 -0.0120930625 0.98887175 0.13046363
27600692.616216216 0.0731563 0.5260831 0.18654205 -0.069665685 -0.010872924 0.9888947 0.13082759
27650709.616216216 0.07295771 0.5335446 0.18594258 -0.069944724 -0.010975138 0.9887932 0.13143593
27700727.616216216 0.06759118 0.52610105 0.18380912 -0.069699004 -0.013474065 0.9886483 0.13242051
27750744.616216216 0.06723466 0.53347594 0.18509184 -0.07201456 -0.015130808 0.9880675 0.13530564
