# timestamp[secs] tx ty tz qx qy qz qw
0.04119761621621622 -0.0 -0.0 -0.0 -0.0 -0.0 -0.0 1.0
0.09121461621621621 0.004255966749042273 0.0029527577571570873 0.004406704567372799 -9.514523117104545e-05 -0.0018388261087238789 0.004067633301019669 0.9999900460243225
0.14123161621621622 0.004255966749042273 0.0029527577571570873 0.004406704567372799 -9.514523117104545e-05 -0.0018388261087238789 0.004067633301019669 0.9999900460243225
0.1912486162162162 0.004255966749042273 0.0029527577571570873 0.004406704567372799 -9.514523117104545e-05 -0.0018388261087238789 0.004067633301019669 0.9999900460243225
0.2412656162162162 -0.0027238468173891306 0.0006962920306250453 -0.006798427551984787 -0.0012493951944634318 0.002882721833884716 0.0014324000803753734 0.9999940991401672
0.29128361621621623 -0.0027238468173891306 0.0006962920306250453 -0.006798427551984787 -0.0012493951944634318 0.002882721833884716 0.0014324000803753734 0.9999940991401672
0.3413006162162162 -0.0003801736456807703 0.0007742519374005497 -0.0010875670704990625 0.0001226006861543283 -0.0017468587029725313 0.003973708022385836 0.9999905824661255
0.39131761621621625 -0.0003801736456807703 0.0007742519374005497 -0.0010875670704990625 0.0001226006861543283 -0.0017468587029725313 0.003973708022385836 0.9999905824661255
0.4413346162162162 -0.0003801736456807703 0.0007742519374005497 -0.0010875670704990625 0.0001226006861543283 -0.0017468587029725313 0.003973708022385836 0.9999905824661255
0.49135261621621623 -0.0003801736456807703 0.0007742519374005497 -0.0010875670704990625 0.0001226006861543283 -0.0017468587029725313 0.003973708022385836 0.9999905824661255
0.5413696162162163 -0.042995695024728775 -0.021291157230734825 0.020889947190880775 -0.004751911386847496 -0.005493370350450277 0.001726791961118579 0.9999721646308899
0.5913866162162162 -0.042995695024728775 -0.021291157230734825 0.020889947190880775 -0.004751911386847496 -0.005493370350450277 0.001726791961118579 0.9999721646308899
0.6414036162162162 -0.042995695024728775 -0.021291157230734825 0.020889947190880775 -0.004751911386847496 -0.005493370350450277 0.001726791961118579 0.9999721646308899
0.6914216162162162 -0.042995695024728775 -0.021291157230734825 0.020889947190880775 -0.004751911386847496 -0.005493370350450277 0.001726791961118579 0.9999721646308899
0.7414386162162162 -0.07292879372835159 -0.03787091746926308 0.03087882325053215 0.0004932672600261867 -0.016329871490597725 -0.003129055956378579 0.9998617172241211
0.7914556162162162 -0.07292879372835159 -0.03787091746926308 0.03087882325053215 0.0004932672600261867 -0.016329871490597725 -0.003129055956378579 0.9998617172241211
0.8414726162162163 -0.07292879372835159 -0.03787091746926308 0.03087882325053215 0.0004932672600261867 -0.016329871490597725 -0.003129055956378579 0.9998617172241211
0.8914896162162163 -0.07581682503223419 -0.07129057496786118 0.03156774118542671 0.00830304715782404 -0.021127138286828995 -0.001530578127130866 0.9997411966323853
0.9415076162162163 -0.07581682503223419 -0.07129057496786118 0.03156774118542671 0.00830304715782404 -0.021127138286828995 -0.001530578127130866 0.9997411966323853
0.9915246162162162 -0.07581682503223419 -0.07129057496786118 0.03156774118542671 0.00830304715782404 -0.021127138286828995 -0.001530578127130866 0.9997411966323853
1.0415416162162163 -0.037602998316287994 -0.10186158865690231 0.010909343138337135 0.01304670237004757 -0.01332770474255085 0.0015841044951230288 0.9998248815536499
1.0915586162162163 -0.015333717688918114 -0.10812981426715851 0.017814012244343758 0.011462634429335594 -0.007471209857612848 0.003450818592682481 0.9999004602432251
1.1415766162162162 0.004371017217636108 -0.10869783908128738 0.022936290130019188 0.01209534052759409 -0.002259315922856331 0.0039373436011374 0.9999166131019592
1.1915936162162162 0.011117568239569664 -0.11597836017608643 0.03152761980891228 0.010806243866682053 0.0070550329983234406 0.0024209939874708652 0.9999138116836548
1.2416106162162162 0.0284497682005167 -0.11740966886281967 0.03224141150712967 0.009166832081973553 0.012767430394887924 0.0030233729630708694 0.9998719692230225
1.2916276162162161 0.05986757576465607 -0.1085929274559021 0.01637052372097969 0.01688486710190773 0.02391396462917328 0.000977758434601128 0.9995709657669067
1.3416456162162163 0.07874734699726105 -0.10577356815338135 0.012636145576834679 0.015374667011201382 0.031087791547179222 0.0012943620095029473 0.9993976354598999
1.3916626162162162 0.09496147930622101 -0.10166726261377335 0.004606117960065603 0.013774902559816837 0.037519242614507675 0.001417064922861755 0.9991999268531799
1.4416796162162162 0.10660966485738754 -0.09591568261384964 -0.00046255745110102 0.012246917001903057 0.04369374364614487 0.0018610331462696195 0.998968243598938
1.4916966162162162 0.12412645667791367 -0.08538186550140381 -0.0027708038687705994 0.010601826943457127 0.04833682253956795 0.0024954318068921566 0.9987717270851135
1.5417146162162163 0.13316397368907928 -0.08047931641340256 -0.013745652511715889 0.008071573451161385 0.05106039345264435 0.0022401949390769005 0.9986604452133179
1.5917316162162163 0.1454400271177292 -0.06860529631376266 -0.007526875473558903 0.005927087739109993 0.05316859856247902 0.002901896368712187 0.998563826084137
1.6417486162162163 0.1577976942062378 -0.05773302912712097 -0.016077358275651932 0.004168557468801737 0.050188567489385605 0.0038190281484276056 0.9987237453460693
1.6917656162162162 0.16170109808444977 -0.035512782633304596 -0.018356112763285637 0.0027158015873283148 0.048898547887802124 0.0033125400077551603 0.9987946152687073
1.7417826162162162 0.15586577355861664 -0.022703571245074272 -0.01947353035211563 0.001188357942737639 0.047302279621362686 0.003918850794434547 0.9988722801208496
1.7918006162162163 0.14717207849025726 0.005253321025520563 -0.021947579458355904 8.23604641482234e-05 0.047937143594026566 0.006718492601066828 0.9988278150558472
1.8418176162162163 0.12593895196914673 0.024622822180390358 -0.0142104746773839 -0.002090214751660824 0.047134384512901306 0.008662701584398746 0.9988488554954529
1.8918346162162163 0.11650780588388443 0.047665394842624664 -0.006732770707458258 -0.0029323191847652197 0.04361063241958618 0.010630011558532715 0.9989877343177795
1.9418516162162163 0.09446750581264496 0.062013059854507446 0.0018107880605384707 -0.003219000529497862 0.04070810601115227 0.009362589567899704 0.9991220831871033
1.9918696162162162 0.08295460045337677 0.08057411760091782 0.006725869607180357 2.6133830033359118e-05 0.03478168323636055 0.008239482529461384 0.999360978603363
2.041886616216216 0.06151469424366951 0.0874560996890068 -0.000229781522648409 0.004049005452543497 0.029239239171147346 0.004988136701285839 0.9995518326759338
2.091903616216216 0.03245477005839348 0.0818205401301384 0.007056545931845903 0.0026201107539236546 0.02562781237065792 0.002847987925633788 0.9996641278266907
2.141920616216216 0.0017128620529547334 0.07793071120977402 0.014685498550534248 0.004870053846389055 0.023740403354167938 -0.0005120321875438094 0.9997062087059021
2.191938616216216 -0.02057146281003952 0.06405319273471832 0.01871894672513008 0.00650117127224803 0.020120566710829735 -0.0033960745204240084 0.9997707009315491
2.241955616216216 -0.04787871241569519 0.04451572895050049 0.026941951364278793 0.004421101417392492 0.016173675656318665 -0.0059234583750367165 0.9998419284820557
2.291972616216216 -0.075813427567482 0.013663912191987038 0.04499010741710663 -0.006694726645946503 0.008720990270376205 -0.009959394112229347 0.9998900294303894
2.341989616216216 -0.09892347455024719 0.00320234103128314 0.053715720772743225 -0.009305653162300587 0.003161922562867403 -0.012860061600804329 0.9998689889907837
2.3920076162162163 -0.12405014783143997 -0.010376344434916973 0.05799617990851402 -0.012150910682976246 -0.002276514656841755 -0.014093312434852123 0.9998242855072021
2.4420246162162162 -0.14321109652519226 -0.024810492992401123 0.06867022812366486 -0.014032386243343353 -0.008109849877655506 -0.014187458902597427 0.999768078327179
2.4920416162162162 -0.15600423514842987 -0.0367717519402504 0.07058760523796082 -0.013795211911201477 -0.013054145500063896 -0.013046780601143837 0.9997345209121704
2.542058616216216 -0.1653556525707245 -0.054330240935087204 0.06855150312185287 -0.013269871473312378 -0.017498690634965897 -0.011788634583353996 0.9996892809867859
2.592075616216216 -0.1687781810760498 -0.06898664683103561 0.07588028907775879 -0.012436259537935257 -0.022992180660367012 -0.009676841087639332 0.9996114373207092
2.6420936162162163 -0.1744602471590042 -0.08549995720386505 0.07566409558057785 -0.01184715237468481 -0.0260472372174263 -0.009885945357382298 0.9995416402816772
2.6921106162162163 -0.17732393741607666 -0.10422048717737198 0.07436234503984451 -0.011277725920081139 -0.028719497844576836 -0.010389064438641071 0.9994698762893677
2.7421276162162163 -0.17494332790374756 -0.12481535226106644 0.07227843999862671 -0.00846312940120697 -0.030270976945757866 -0.009168027900159359 0.9994639158248901
2.7921446162162162 -0.16093821823596954 -0.14444823563098907 0.06821763515472412 -0.007179952226579189 -0.03076479397714138 -0.008501301519572735 0.999464750289917
2.8421626162162164 -0.141547292470932 -0.17077727615833282 0.0547507144510746 -0.005653036292642355 -0.030437195673584938 -0.006024584174156189 0.9995025396347046
2.8921796162162163 -0.1267995834350586 -0.18234479427337646 0.04431406036019325 -0.0046301912516355515 -0.02684422954916954 -0.0040063816122710705 0.9996209144592285
2.9421966162162163 -0.10871580988168716 -0.19583895802497864 0.04638182744383812 -0.008241161704063416 -0.021370206028223038 -0.0022175824269652367 0.9997352361679077
2.9922136162162163 -0.0901341661810875 -0.20834572613239288 0.046365559101104736 -0.014416070654988289 -0.01451053749769926 -0.0027276109904050827 0.9997870922088623
3.0422316162162164 -0.06634271889925003 -0.2135651856660843 0.0446113646030426 -0.015129683539271355 -0.007592298090457916 -0.002420109463855624 0.999853789806366
3.0922486162162164 -0.05008344352245331 -0.21787327527999878 0.03969293832778931 -0.01638348028063774 -0.00032856836332939565 -0.0032011193688958883 0.9998606443405151
3.1422656162162164 -0.03240430727601051 -0.2119852751493454 0.03141261264681816 -0.01645851694047451 0.006101873237639666 -0.005331879481673241 0.9998317360877991
3.1922826162162163 -0.01593822054564953 -0.21026083827018738 0.02666415646672249 -0.01685943268239498 0.01237688958644867 -0.007353660650551319 0.9997542500495911
3.2422996162162163 -0.0062718577682971954 -0.20299583673477173 0.022226298227906227 -0.0168375913053751 0.018459971994161606 -0.00783879030495882 0.999657154083252
3.2923176162162164 0.01294831745326519 -0.19119669497013092 0.018935028463602066 -0.018341680988669395 0.02215709537267685 -0.00650916388258338 0.9995651245117188
3.3423346162162164 0.026527320966124535 -0.1777537316083908 0.014195783995091915 -0.022520894184708595 0.02588416263461113 -0.004979870282113552 0.9993988871574402
3.3923516162162164 0.04381140321493149 -0.16383178532123566 0.014704816043376923 -0.026866311207413673 0.029514150694012642 -0.0014144891174510121 0.9992022514343262
3.4423686162162164 0.05251011997461319 -0.14672896265983582 0.01715533249080181 -0.02999936416745186 0.03273555263876915 0.0019491410348564386 0.9990118145942688
3.492386616216216 0.05503542721271515 -0.12728773057460785 0.017308076843619347 -0.032548245042562485 0.03494447469711304 0.004093170166015625 0.9988507628440857
3.542403616216216 0.056228071451187134 -0.10564562678337097 0.025416424497961998 -0.03432900086045265 0.035272788256406784 0.006222843658179045 0.9987686276435852
3.5924206162162164 0.054640982300043106 -0.08612217009067535 0.03221811354160309 -0.03422391042113304 0.03428900986909866 0.008316137827932835 0.9987912178039551
3.6424376162162164 0.04926540330052376 -0.07073154300451279 0.03868568688631058 -0.03334036096930504 0.03573817014694214 0.00977605301886797 0.9987571239471436
3.692455616216216 0.04085202515125275 -0.04435953497886658 0.05427533760666847 -0.0316619798541069 0.03464697301387787 0.009628758765757084 0.9988515973091125
3.742472616216216 0.03244990482926369 -0.026121674105525017 0.05914517119526863 -0.029772000387310982 0.033025652170181274 0.007987226359546185 0.9989790916442871
3.792489616216216 0.02167677879333496 -0.007445972878485918 0.0576518252491951 -0.02589482255280018 0.028785575181245804 0.007310757413506508 0.9992234110832214
3.842506616216216 -0.0072877961210906506 -0.005395558197051287 0.07123734056949615 -0.02486691251397133 0.02726276032626629 0.002674523973837495 0.9993153810501099
3.8925236162162165 -0.029062410816550255 -0.0028966451063752174 0.07524678856134415 -0.022070053964853287 0.023322632536292076 7.467979594366625e-05 0.9994843602180481
3.942541616216216 -0.04909224808216095 -0.0024208403192460537 0.08428715914487839 -0.019142989069223404 0.02094646543264389 -0.0016395419370383024 0.9995959997177124
3.992558616216216 -0.07375084608793259 -0.009666764177381992 0.08786149322986603 -0.01600273698568344 0.01903126947581768 -0.0036356181371957064 0.9996842741966248
4.042575616216216 -0.09877108782529831 -0.02645092085003853 0.08938624709844589 -0.015289777889847755 0.015082172118127346 -0.005933479405939579 0.9997517466545105
4.0925926162162165 -0.12084054946899414 -0.04385131597518921 0.09220776706933975 -0.014832012355327606 0.008711147122085094 -0.006701079197227955 0.9998296499252319
4.142610616216216 -0.14233236014842987 -0.06171445921063423 0.09859823435544968 -0.01394824031740427 0.00250716763548553 -0.007183388341218233 0.9998738169670105
4.192627616216217 -0.16522590816020966 -0.07840222865343094 0.09978849440813065 -0.012869994156062603 -0.003934482112526894 -0.008672780357301235 0.9998718500137329
4.242644616216216 -0.18405184149742126 -0.100213423371315 0.10917595773935318 -0.012323313392698765 -0.01237068884074688 -0.009409451857209206 0.9998033046722412
4.292661616216217 -0.19027480483055115 -0.1199563667178154 0.11207154393196106 -0.01011528167873621 -0.02317614108324051 -0.00888085551559925 0.9996408224105835
4.342679616216216 -0.19488389790058136 -0.1411711573600769 0.11398016661405563 -0.009551730006933212 -0.034241028130054474 -0.0072417794726789 0.9993417859077454
4.392696616216217 -0.20461374521255493 -0.16187195479869843 0.11770792305469513 -0.0073128920048475266 -0.041506826877593994 -0.005285629071295261 0.9990975260734558
4.442713616216216 -0.20750416815280914 -0.18126828968524933 0.1201091781258583 -0.005540379788726568 -0.04621195048093796 -0.00486646918579936 0.9989045262336731
4.492730616216217 -0.21601100265979767 -0.20089739561080933 0.11860974878072739 -0.0015113995177671313 -0.04764530062675476 -0.0064044310711324215 0.9988426566123962
4.542748616216216 -0.21164903044700623 -0.2137400507926941 0.11925946921110153 0.0017147809267044067 -0.04747627675533295 -0.006915580481290817 0.9988470077514648
4.592765616216216 -0.20411887764930725 -0.23460374772548676 0.11508935689926147 0.004324875771999359 -0.04768945276737213 -0.007399121765047312 0.9988254904747009
4.642782616216216 -0.18851850926876068 -0.24384088814258575 0.12485363334417343 0.004872950259596109 -0.04741238057613373 -0.010716688819229603 0.9988060593605042
4.692799616216217 -0.1635029911994934 -0.2505323886871338 0.11949699372053146 0.006343259010463953 -0.047241296619176865 -0.013522067107260227 0.9987718462944031
4.742816616216216 -0.14251360297203064 -0.24623173475265503 0.11942575126886368 0.0060241371393203735 -0.04522749409079552 -0.017062880098819733 0.9988127946853638
4.792834616216216 -0.12410993874073029 -0.2573201358318329 0.12105204910039902 0.006502736825495958 -0.04060306400060654 -0.019905321300029755 0.9989559650421143
4.842851616216216 -0.11451392620801926 -0.2424173802137375 0.11481067538261414 0.004959473852068186 -0.0381031297147274 -0.02199803851544857 0.9990193843841553
4.892868616216216 -0.07834471762180328 -0.25642937421798706 0.11245040595531464 0.005338858813047409 -0.036441147327423096 -0.02350459434092045 0.9990451335906982
4.942885616216216 -0.07878174632787704 -0.22631004452705383 0.10962920635938644 0.006468513980507851 -0.032667167484760284 -0.024725697934627533 0.9991394877433777
4.992903616216216 -0.042762838304042816 -0.2334638088941574 0.10089205205440521 0.005939324386417866 -0.030106769874691963 -0.02491927705705166 0.9992184042930603
5.042920616216216 -0.04725561663508415 -0.19909793138504028 0.09571441262960434 0.0048686433583498 -0.028424270451068878 -0.023116417229175568 0.9993168115615845
5.092937616216216 -0.004838950000703335 -0.1902993768453598 0.09436643868684769 0.003167826682329178 -0.026485593989491463 -0.021266859024763107 0.9994179606437683
5.142954616216216 -0.023829463869333267 -0.1608310490846634 0.08604010939598083 0.00013080239295959473 -0.02610068954527378 -0.019682185724377632 0.9994655251502991
5.192972616216216 0.010715034790337086 -0.14737603068351746 0.0814499482512474 -0.0036095576360821724 -0.02567584067583084 -0.017240997403860092 0.999515175819397
5.242989616216216 -0.01029241643846035 -0.1251097321510315 0.07845383137464523 -0.007096641696989536 -0.02518688514828682 -0.015791885554790497 0.9995328187942505
5.293006616216216 0.026203425601124763 -0.09830602258443832 0.07204878330230713 -0.010191048495471478 -0.022284116595983505 -0.016763392835855484 0.999559223651886
5.343023616216216 -0.00911394041031599 -0.07820697128772736 0.08176075667142868 -0.01290369313210249 -0.019928673282265663 -0.017105652019381523 0.9995718002319336
5.393040616216216 0.010332250036299229 -0.050772957503795624 0.07283536344766617 -0.01708272472023964 -0.018932171165943146 -0.018962448462843895 0.9994949698448181
5.4430586162162164 -0.02717886120080948 -0.036907464265823364 0.08609756827354431 -0.019836140796542168 -0.02125844731926918 -0.020670242607593536 0.9993634819984436
5.493075616216216 -0.012632248923182487 0.0011291747214272618 0.08465259522199631 -0.022386832162737846 -0.026512041687965393 -0.020935745909810066 0.9991785287857056
5.543092616216216 -0.055388402193784714 -0.0019717030227184296 0.09112222492694855 -0.02612130157649517 -0.028710490092635155 -0.022488322108983994 0.9989933371543884
5.593109616216216 -0.06068215146660805 0.020926913246512413 0.09329909831285477 -0.029237069189548492 -0.031432684510946274 -0.02370171807706356 0.9987969994544983
5.6431276162162165 -0.09451742470264435 0.010777115821838379 0.09396572411060333 -0.033194031566381454 -0.03435187786817551 -0.023539140820503235 0.998581051826477
5.693144616216216 -0.10529857128858566 0.028245044872164726 0.09250771999359131 -0.036894962191581726 -0.04136312007904053 -0.025746392086148262 0.9981307983398438
5.7431616162162165 -0.14153605699539185 0.006658687721937895 0.09595363587141037 -0.041973769664764404 -0.05098821967840195 -0.026151156052947044 0.9974740743637085
5.793178616216216 -0.16033560037612915 0.011798915453255177 0.0977550819516182 -0.044923119246959686 -0.06334900856018066 -0.02801629714667797 0.9965861439704895
5.8431966162162166 -0.19774216413497925 -0.00301805860362947 0.10004894435405731 -0.05019611865282059 -0.07251399755477905 -0.031000006943941116 0.9956209659576416
5.893213616216216 -0.22721339762210846 -0.01924319379031658 0.10233856737613678 -0.053648047149181366 -0.08119489997625351 -0.03370351344347 0.9946825504302979
5.9432306162162165 -0.2510449290275574 -0.03719823807477951 0.10183443874120712 -0.05494773015379906 -0.08960305154323578 -0.035523947328329086 0.9938260316848755
5.993247616216216 -0.27649304270744324 -0.0613505095243454 0.09713783115148544 -0.05367725342512131 -0.0965910330414772 -0.035968512296676636 0.9932246804237366
6.043265616216217 -0.28423213958740234 -0.08744949847459793 0.10030248761177063 -0.05132327973842621 -0.10358262807130814 -0.03416744992136955 0.9927080273628235
6.093282616216216 -0.29635167121887207 -0.113435760140419 0.09578661620616913 -0.043422773480415344 -0.1058562770485878 -0.03283526748418808 0.9928901195526123
6.143299616216217 -0.2991425395011902 -0.14629718661308289 0.09580668061971664 -0.03770545870065689 -0.10719674080610275 -0.029199818149209023 0.9930934309959412
6.193316616216216 -0.29957953095436096 -0.1726747453212738 0.09603052586317062 -0.030576571822166443 -0.10781064629554749 -0.02562963217496872 0.9933705925941467
6.2433336162162165 -0.28493812680244446 -0.20023630559444427 0.10457413643598557 -0.023690862581133842 -0.10702287405729294 -0.019682535901665688 0.9937794208526611
6.293351616216216 -0.2733577489852905 -0.22753246128559113 0.09969676285982132 -0.018101701512932777 -0.10279371589422226 -0.015676680952310562 0.9944144487380981
6.343368616216217 -0.2524937093257904 -0.2504950761795044 0.09361657500267029 -0.012884434312582016 -0.09461536258459091 -0.013226179406046867 0.9953426718711853
6.393385616216216 -0.2302248477935791 -0.251231849193573 0.10220128297805786 -0.007390112150460482 -0.08471794426441193 -0.011731195263564587 0.9963085055351257
6.443402616216217 -0.2123889923095703 -0.26059889793395996 0.09802722930908203 -0.004809384234249592 -0.07333952933549881 -0.012058231979608536 0.9972226023674011
6.493420616216216 -0.19177542626857758 -0.2673651874065399 0.09484250843524933 -0.004488382022827864 -0.06367382407188416 -0.012905196286737919 0.997877299785614
6.543437616216217 -0.172806978225708 -0.2648390233516693 0.1058153361082077 -0.005660891067236662 -0.05370784550905228 -0.014113282784819603 0.9984409213066101
6.593454616216216 -0.1494627296924591 -0.25428712368011475 0.10482220351696014 -0.007435524370521307 -0.04644807428121567 -0.015037748962640762 0.9987798929214478
6.643471616216217 -0.1304369568824768 -0.24428728222846985 0.10549415647983551 -0.009688477963209152 -0.03828772157430649 -0.015263197012245655 0.9991032481193542
6.693489616216216 -0.10654435306787491 -0.22108349204063416 0.11438580602407455 -0.011991082690656185 -0.03263067454099655 -0.013957361690700054 0.999298095703125
6.743506616216216 -0.0942811667919159 -0.20051978528499603 0.10976249724626541 -0.015080602839589119 -0.02651187591254711 -0.014256307855248451 0.9994331002235413
6.793523616216216 -0.07876260578632355 -0.17385482788085938 0.11098693311214447 -0.019132746383547783 -0.021503472700715065 -0.013559174723923206 0.9994937181472778
6.843540616216217 -0.07175452262163162 -0.14383535087108612 0.11030085384845734 -0.02420889399945736 -0.01640665903687477 -0.012833730317652225 0.9994899034500122
6.893557616216216 -0.06603837758302689 -0.11091873049736023 0.11715526878833771 -0.03150800243020058 -0.014786465093493462 -0.012569952756166458 0.999315083026886
6.943575616216216 -0.06083118915557861 -0.0762718990445137 0.12238244712352753 -0.039288438856601715 -0.013848589733242989 -0.011602427810430527 0.999064564704895
6.993592616216216 -0.06658560782670975 -0.04467964917421341 0.12861843407154083 -0.04699531942605972 -0.011333380825817585 -0.012120844796299934 0.9987573027610779
7.043609616216216 -0.07459709793329239 -0.016938189044594765 0.1374496966600418 -0.05473332852125168 -0.01100988034158945 -0.012530162930488586 0.9983617067337036
7.093626616216216 -0.08522617071866989 0.014623954892158508 0.14336058497428894 -0.06054086610674858 -0.01307827327400446 -0.012664610520005226 0.9979997277259827
7.143644616216216 -0.10051561892032623 0.037941157817840576 0.15303166210651398 -0.06723690032958984 -0.01784297078847885 -0.01302740816026926 0.9974924325942993
7.193661616216216 -0.12162072211503983 0.058383941650390625 0.1632273644208908 -0.07334127277135849 -0.02422173134982586 -0.013539111241698265 0.9969208240509033
7.243678616216216 -0.14072652161121368 0.07208681851625443 0.16582846641540527 -0.07912509143352509 -0.03285657614469528 -0.01408364251255989 0.9962235689163208
7.293695616216216 -0.16437026858329773 0.07926718890666962 0.1701737940311432 -0.08431779593229294 -0.042055051773786545 -0.014252723194658756 0.9954490661621094
7.343713616216216 -0.19070598483085632 0.07965922355651855 0.1729384809732437 -0.0887804627418518 -0.05188605934381485 -0.014037773944437504 0.9945998191833496
7.393730616216216 -0.21263720095157623 0.07513805478811264 0.179806187748909 -0.09257448464632034 -0.06262610107660294 -0.013420889154076576 0.9936437010765076
7.443747616216216 -0.23638680577278137 0.06330495327711105 0.18356704711914062 -0.09541207551956177 -0.07197360694408417 -0.013485118746757507 0.9927409291267395
7.493764616216216 -0.25955069065093994 0.04381150007247925 0.18608251214027405 -0.0974055826663971 -0.07939096540212631 -0.013037580996751785 0.9919875264167786
7.543782616216216 -0.2795226573944092 0.021800851449370384 0.18933744728565216 -0.09749728441238403 -0.08565566688776016 -0.012835600413382053 0.9914599061012268
7.5937996162162165 -0.2952473759651184 -0.0008026277646422386 0.19458259642124176 -0.09425277262926102 -0.09053166210651398 -0.011921146884560585 0.9913517832756042
7.643816616216216 -0.30622538924217224 -0.0317632220685482 0.19679324328899384 -0.09099386632442474 -0.09578283876180649 -0.011114714667201042 0.9911721348762512
7.693833616216216 -0.31203415989875793 -0.06547880172729492 0.20206420123577118 -0.0870421975851059 -0.09986189007759094 -0.010079462081193924 0.9911355972290039
7.743850616216216 -0.32032692432403564 -0.09369928389787674 0.2015625536441803 -0.0807139202952385 -0.10269402712583542 -0.009821071289479733 0.9913842678070068
7.7938686162162165 -0.3191550672054291 -0.1277037113904953 0.20483846962451935 -0.0747271403670311 -0.10508403927087784 -0.008279264904558659 0.9916172623634338
7.843885616216216 -0.3127579092979431 -0.1559222936630249 0.2103976011276245 -0.06698911637067795 -0.10761117190122604 -0.008448231965303421 0.991897702217102
7.8939026162162165 -0.30171748995780945 -0.18005336821079254 0.20585769414901733 -0.05891641229391098 -0.10855657607316971 -0.008984998799860477 0.9923021793365479
7.943919616216216 -0.2827630341053009 -0.20482470095157623 0.20756001770496368 -0.05204009264707565 -0.1061735451221466 -0.010368818417191505 0.9929307699203491
7.993937616216217 -0.26489558815956116 -0.22338828444480896 0.20892629027366638 -0.04598541185259819 -0.10088738799095154 -0.012891951017081738 0.9937509298324585
8.043954616216217 -0.24945540726184845 -0.23332303762435913 0.20562982559204102 -0.040780097246170044 -0.09202481806278229 -0.014984572306275368 0.9948084950447083
8.093971616216216 -0.22589021921157837 -0.23816469311714172 0.20997489988803864 -0.03769979253411293 -0.08317208290100098 -0.015966422855854034 0.9956938624382019
8.143988616216216 -0.20151659846305847 -0.23914621770381927 0.21265870332717896 -0.037342656403779984 -0.07303503155708313 -0.01840399205684662 0.9964600801467896
8.194006616216216 -0.17312340438365936 -0.23108644783496857 0.21555842459201813 -0.03756801784038544 -0.06379576772451401 -0.018868112936615944 0.9970771074295044
8.244023616216216 -0.15449394285678864 -0.21881446242332458 0.21929416060447693 -0.03965265676379204 -0.05375663563609123 -0.020082606002688408 0.9975643754005432
8.294040616216217 -0.1348087638616562 -0.2054646760225296 0.21748635172843933 -0.0431596115231514 -0.04516889154911041 -0.021311258897185326 0.9978190660476685
8.344057616216217 -0.1138913556933403 -0.18708351254463196 0.21615585684776306 -0.04760600998997688 -0.039601001888513565 -0.021044040098786354 0.9978590607643127
8.394074616216216 -0.09938358515501022 -0.16146135330200195 0.21685703098773956 -0.05196898803114891 -0.03455972671508789 -0.021134071052074432 0.9978268146514893
8.444092616216217 -0.08688144385814667 -0.13519099354743958 0.2160816192626953 -0.0574234277009964 -0.03109733760356903 -0.02085852064192295 0.9976475238800049
8.494109616216216 -0.07850345969200134 -0.10786264389753342 0.2161795198917389 -0.06292901933193207 -0.02739826962351799 -0.020300762727856636 0.9974353313446045
8.544126616216216 -0.07375657558441162 -0.07694674283266068 0.21815818548202515 -0.06847689300775528 -0.024565313011407852 -0.01998263970017433 0.9971500635147095
8.594143616216217 -0.07409732788801193 -0.050555482506752014 0.21631774306297302 -0.07446858286857605 -0.024006398394703865 -0.01979392021894455 0.9967378973960876
8.644161616216216 -0.0795295462012291 -0.019624857231974602 0.2229892611503601 -0.07909464836120605 -0.02660929411649704 -0.01863180659711361 0.9963377118110657
8.694178616216217 -0.09264165163040161 0.0026368172839283943 0.22287072241306305 -0.08483447879552841 -0.030535073950886726 -0.019054576754570007 0.9957448244094849
8.744195616216217 -0.10510895401239395 0.026919227093458176 0.2236790955066681 -0.08959176391363144 -0.0350923053920269 -0.01944388821721077 0.9951702952384949
8.794212616216216 -0.12666289508342743 0.043455399572849274 0.22234877943992615 -0.09535982459783554 -0.040628787130117416 -0.020945142954587936 0.9943928718566895
8.844230616216215 -0.14674805104732513 0.05226616561412811 0.22250264883041382 -0.10198605060577393 -0.0496695302426815 -0.02236253209412098 0.9932933449745178
8.894247616216216 -0.16931498050689697 0.054614581167697906 0.22495269775390625 -0.10845191776752472 -0.06080712378025055 -0.022837620228528976 0.9919774532318115
8.944264616216216 -0.19702699780464172 0.05019090324640274 0.2209729552268982 -0.11416739225387573 -0.07314059138298035 -0.0238428246229887 0.9904785752296448
8.994281616216217 -0.22517068684101105 0.03998230770230293 0.22252754867076874 -0.1190626323223114 -0.082337386906147 -0.02403366193175316 0.9891749620437622
9.044299616216216 -0.25094273686408997 0.027951177209615707 0.22249513864517212 -0.1210956797003746 -0.09051600098609924 -0.025469273328781128 0.9881771802902222
9.094316616216217 -0.26867419481277466 0.006608135998249054 0.21977971494197845 -0.12252918630838394 -0.09853982925415039 -0.024749241769313812 0.9872507452964783
9.144333616216215 -0.29074379801750183 -0.022572729736566544 0.2206999957561493 -0.12245394289493561 -0.10341326892375946 -0.024104071781039238 0.9867774844169617
9.194350616216216 -0.30464044213294983 -0.049992162734270096 0.21707135438919067 -0.11915397644042969 -0.10730912536382675 -0.023962268605828285 0.9867689609527588
9.244367616216216 -0.32116007804870605 -0.08149930834770203 0.21716536581516266 -0.116606205701828 -0.10883238911628723 -0.022167829796671867 0.9869484305381775
9.294385616216216 -0.3288124203681946 -0.11148695647716522 0.2194434404373169 -0.11299978196620941 -0.10994865000247955 -0.021433955058455467 0.9872603416442871
9.344402616216216 -0.3337883949279785 -0.1451641470193863 0.21941649913787842 -0.11090601980686188 -0.1092396080493927 -0.020636066794395447 0.9875934720039368
9.394419616216217 -0.33945485949516296 -0.17405501008033752 0.22108466923236847 -0.10874815285205841 -0.10702518373727798 -0.02197328768670559 0.9880469441413879
9.444436616216215 -0.34418532252311707 -0.20524922013282776 0.2272346317768097 -0.10781300812959671 -0.10543328523635864 -0.02188698574900627 0.988322377204895
9.494454616216217 -0.35031843185424805 -0.2303246110677719 0.23183117806911469 -0.10593430697917938 -0.10336670279502869 -0.02371925115585327 0.9887015223503113
9.544471616216216 -0.34641143679618835 -0.2536959648132324 0.23324690759181976 -0.10363272577524185 -0.10186243802309036 -0.023499252274632454 0.9891067147254944
9.594488616216216 -0.33873051404953003 -0.27799662947654724 0.2402275800704956 -0.10225618630647659 -0.09983504563570023 -0.02250385656952858 0.9894798398017883
9.644505616216216 -0.33316367864608765 -0.2999160587787628 0.24640484154224396 -0.10063878446817398 -0.09713646024465561 -0.021672263741493225 0.989932656288147
9.694523616216216 -0.32343053817749023 -0.31789150834083557 0.2465500682592392 -0.09855909645557404 -0.09546024352312088 -0.018725043162703514 0.9903650283813477
9.744540616216216 -0.3121529519557953 -0.3398330509662628 0.2488083392381668 -0.0984378308057785 -0.09576401114463806 -0.016253679990768433 0.9903913736343384
9.794557616216217 -0.3019982576370239 -0.3566789925098419 0.2514248490333557 -0.09753132611513138 -0.09635806083679199 -0.013424684293568134 0.9904658794403076
9.844574616216216 -0.2882612347602844 -0.3694205582141876 0.2510646879673004 -0.09562183171510696 -0.09685029089450836 -0.012184252962470055 0.9906200766563416
9.894591616216216 -0.2657584249973297 -0.3885074853897095 0.2504715919494629 -0.09610490500926971 -0.09758540242910385 -0.009563397616147995 0.9905299544334412
9.944609616216216 -0.25382983684539795 -0.3914455771446228 0.2539726495742798 -0.0949924886226654 -0.0965607687830925 -0.010852249339222908 0.9907243251800537
9.994626616216216 -0.23035626113414764 -0.3987576961517334 0.25987905263900757 -0.09724120050668716 -0.09576950967311859 -0.012261041440069675 0.9905665516853333
10.044643616216216 -0.2133650928735733 -0.4040611684322357 0.264250248670578 -0.09865722060203552 -0.09182228147983551 -0.013704301789402962 0.990781307220459
10.094660616216217 -0.19616006314754486 -0.40547895431518555 0.2660602927207947 -0.09992201626300812 -0.08669228106737137 -0.016282016411423683 0.991077721118927
10.144678616216217 -0.18667079508304596 -0.4027194380760193 0.26511573791503906 -0.10118059068918228 -0.08114810287952423 -0.02080765925347805 0.9913347363471985
10.194695616216217 -0.17975156009197235 -0.39886710047721863 0.2766434848308563 -0.10505084693431854 -0.07868097722530365 -0.02528306283056736 0.9910269379615784
10.244712616216216 -0.18067753314971924 -0.3931236267089844 0.27503490447998047 -0.10923798382282257 -0.07895626127719879 -0.028704777359962463 0.9904590249061584
10.294729616216216 -0.18153437972068787 -0.3873206377029419 0.28660696744918823 -0.11548282206058502 -0.08111747354269028 -0.030197640880942345 0.9895311594009399
10.344747616216216 -0.1893846094608307 -0.3820796608924866 0.2949877977371216 -0.12125477939844131 -0.08370358496904373 -0.028444599360227585 0.988676905632019
10.394764616216216 -0.19965195655822754 -0.38366371393203735 0.30201518535614014 -0.12759672105312347 -0.08598794788122177 -0.02838183380663395 0.9876839518547058
10.444781616216217 -0.21187525987625122 -0.38571327924728394 0.3029034733772278 -0.13218286633491516 -0.08810717612504959 -0.028216859325766563 0.9868985414505005
10.494798616216217 -0.2273416668176651 -0.39570775628089905 0.3095194399356842 -0.13688930869102478 -0.09032788127660751 -0.02648862823843956 0.9861037731170654
10.544816616216217 -0.2366776019334793 -0.40019235014915466 0.31824836134910583 -0.13884396851062775 -0.09428741037845612 -0.025928273797035217 0.9854745268821716
10.594833616216217 -0.25072920322418213 -0.4083925187587738 0.32594528794288635 -0.13961446285247803 -0.09861062467098236 -0.023452186957001686 0.9850044250488281
10.644850616216216 -0.25581473112106323 -0.42293238639831543 0.3322504162788391 -0.14006464183330536 -0.10287653654813766 -0.01992022804915905 0.9845819473266602
10.694867616216216 -0.2683245837688446 -0.4325617253780365 0.33485037088394165 -0.13819028437137604 -0.10596601665019989 -0.01739444024860859 0.9845670461654663
10.744884616216217 -0.2688986361026764 -0.4412931203842163 0.3438999354839325 -0.1356176882982254 -0.10989212244749069 -0.015151740051805973 0.9845314025878906
10.794902616216216 -0.2760169208049774 -0.4582578241825104 0.3451744318008423 -0.13326236605644226 -0.10862429440021515 -0.01183757558465004 0.9850390553474426
10.844919616216217 -0.27527546882629395 -0.46840766072273254 0.35286346077919006 -0.13097554445266724 -0.10773701220750809 -0.00948684848845005 0.9854685664176941
10.894936616216217 -0.2617706060409546 -0.4830789566040039 0.3636414408683777 -0.1316978633403778 -0.10787765681743622 -0.005246668588370085 0.9853885173797607
10.944953616216216 -0.25459012389183044 -0.49649468064308167 0.36487674713134766 -0.13154588639736176 -0.10491200536489487 -0.002949010580778122 0.9857385754585266
10.994971616216215 -0.23804117739200592 -0.502406895160675 0.37818193435668945 -0.1322084218263626 -0.10195831954479218 -0.002008559415116906 0.9859622120857239
11.044988616216216 -0.22875000536441803 -0.5135564804077148 0.38542109727859497 -0.13396002352237701 -0.09669402241706848 -0.0011080906260758638 0.9862574338912964
11.095005616216216 -0.21106241643428802 -0.5178069472312927 0.39511004090309143 -0.13479574024677277 -0.09250521659851074 0.00019365230400580913 0.9865459203720093
11.145022616216217 -0.19436953961849213 -0.5275461077690125 0.3983396887779236 -0.13697552680969238 -0.08612054586410522 -0.00023264983610715717 0.9868236780166626
11.195040616216216 -0.17574000358581543 -0.5310787558555603 0.4052090346813202 -0.13908952474594116 -0.07825128734111786 0.000833498896099627 0.9871829152107239
11.245057616216217 -0.15553754568099976 -0.5324478149414062 0.40999478101730347 -0.14039346575737 -0.0720403715968132 0.0018074760446324944 0.9874697923660278
11.295074616216215 -0.13266882300376892 -0.533960223197937 0.40875205397605896 -0.1410493105649948 -0.06551454961299896 0.004023740533739328 0.9878242611885071
11.345091616216216 -0.11282382905483246 -0.5321376323699951 0.40686556696891785 -0.1409146636724472 -0.05834946036338806 0.006642783060669899 0.9882784485816956
11.395108616216216 -0.09508741647005081 -0.5291737914085388 0.40202274918556213 -0.14021848142147064 -0.050366926938295364 0.010310431942343712 0.9887849688529968
11.445126616216216 -0.07818643748760223 -0.5262842178344727 0.3958260118961334 -0.1405082643032074 -0.04371682554483414 0.013574611395597458 0.9890207648277283
11.495143616216216 -0.06398523598909378 -0.5253743529319763 0.3865658938884735 -0.14185990393161774 -0.036465127021074295 0.017299726605415344 0.9890636205673218
11.545160616216217 -0.051026150584220886 -0.5173769593238831 0.38290321826934814 -0.1428447812795639 -0.029722947627305984 0.02137339860200882 0.9890678524971008
11.595177616216215 -0.04887628182768822 -0.5092760324478149 0.3752609193325043 -0.14383172988891602 -0.022794846445322037 0.023421073332428932 0.9890623688697815
11.645195616216217 -0.05177875980734825 -0.503709614276886 0.3718079626560211 -0.1450234353542328 -0.019504133611917496 0.02541915513575077 0.9889093637466431
11.695212616216216 -0.05727458745241165 -0.4902661442756653 0.36943355202674866 -0.14379195868968964 -0.017439505085349083 0.02654457278549671 0.9890981912612915
11.745229616216216 -0.062037743628025055 -0.49179306626319885 0.3622783124446869 -0.1437663435935974 -0.0231119766831398 0.026900889351963997 0.988976001739502
11.795246616216216 -0.07711086422204971 -0.48990678787231445 0.3497031033039093 -0.14201559126377106 -0.027945173904299736 0.025466958060860634 0.989142119884491
11.845264616216216 -0.09689949452877045 -0.488694965839386 0.34445327520370483 -0.1414317488670349 -0.033429160714149475 0.02272835560142994 0.9891223907470703
11.895281616216216 -0.11343398690223694 -0.49117693305015564 0.33963707089424133 -0.1423061639070511 -0.042227353900671005 0.020171329379081726 0.9887158274650574
11.945298616216217 -0.13913699984550476 -0.4956504702568054 0.3427112102508545 -0.14493106305599213 -0.05187197029590607 0.017661400139331818 0.987923264503479
11.995315616216216 -0.15787716209888458 -0.5037922859191895 0.34571751952171326 -0.14824746549129486 -0.061411693692207336 0.016707906499505043 0.9869003295898438
12.045333616216217 -0.18087701499462128 -0.5117034316062927 0.35293251276016235 -0.15189677476882935 -0.06910279393196106 0.015257934108376503 0.985859751701355
12.095350616216216 -0.19415202736854553 -0.521037220954895 0.36050477623939514 -0.1551874727010727 -0.07612504810094833 0.015167880803346634 0.984830915927887
12.145367616216216 -0.2042507529258728 -0.535314679145813 0.37710413336753845 -0.15888231992721558 -0.08063547313213348 0.014891513623297215 0.9838864803314209
12.195384616216217 -0.2154347449541092 -0.5437013506889343 0.3851759135723114 -0.15971991419792175 -0.08325393497943878 0.01535835862159729 0.9835255742073059
12.245401616216217 -0.22424359619617462 -0.5557224154472351 0.39387860894203186 -0.16013455390930176 -0.08607929199934006 0.014302787370979786 0.9832307696342468
12.295419616216217 -0.22292718291282654 -0.5701959133148193 0.4084809124469757 -0.16067364811897278 -0.08921915292739868 0.014812692999839783 0.9828553199768066
12.345436616216217 -0.22251953184604645 -0.5780231952667236 0.41471531987190247 -0.15841645002365112 -0.0894947424530983 0.013902553357183933 0.9832098484039307
12.395453616216216 -0.21560248732566833 -0.5913715958595276 0.42530158162117004 -0.1585438996553421 -0.09153740853071213 0.01226233784109354 0.9830231666564941
12.445470616216216 -0.20799875259399414 -0.5952442288398743 0.4410320520401001 -0.1571953445672989 -0.09129150956869125 0.010629278607666492 0.9832814931869507
12.495488616216216 -0.19730576872825623 -0.601824164390564 0.44827914237976074 -0.15651772916316986 -0.09091414511203766 0.00971950963139534 0.9834339618682861
12.545505616216216 -0.1835559904575348 -0.6071039438247681 0.4629114270210266 -0.15689098834991455 -0.08936349302530289 0.0074619110673666 0.9835363626480103
12.595522616216217 -0.17057707905769348 -0.6166898012161255 0.4679013192653656 -0.1576721966266632 -0.08666910976171494 0.006267361808568239 0.983660876750946
12.645539616216217 -0.15394391119480133 -0.6230059862136841 0.481698215007782 -0.1593898981809616 -0.08424042165279388 0.005477594677358866 0.9835997819900513
12.695557616216217 -0.13890579342842102 -0.624577522277832 0.49031636118888855 -0.16014942526817322 -0.08154347538948059 0.004178455099463463 0.9837100505828857
12.745574616216217 -0.1257576197385788 -0.6285369396209717 0.49645328521728516 -0.16144409775733948 -0.07793714851140976 0.003295785514637828 0.9837941527366638
12.795591616216216 -0.10928583145141602 -0.6321488618850708 0.5061932802200317 -0.16404888033866882 -0.07338154315948486 0.004043446388095617 0.983710765838623
12.845608616216216 -0.09845220297574997 -0.6323789358139038 0.5115787982940674 -0.1657288521528244 -0.06836065649986267 0.0043287803418934345 0.9837896823883057
12.895626616216216 -0.08511172235012054 -0.6335421800613403 0.5127955675125122 -0.16724178194999695 -0.06504641473293304 0.004333853721618652 0.983758270740509
12.945643616216216 -0.07403745502233505 -0.6300162672996521 0.5116723775863647 -0.1678752452135086 -0.06110738217830658 0.006009838078171015 0.9838941693305969
12.995660616216217 -0.06436190009117126 -0.6263983845710754 0.5021355152130127 -0.16735833883285522 -0.057092469185590744 0.007488492410629988 0.9842132329940796
13.045677616216215 -0.05807507410645485 -0.6218463182449341 0.4895968735218048 -0.1664651483297348 -0.054286688566207886 0.008661015890538692 0.9845137000083923
13.095694616216216 -0.04228058457374573 -0.6098099946975708 0.4789280295372009 -0.16462498903274536 -0.054319631308317184 0.00990754272788763 0.9848095774650574
13.145712616216215 -0.04856051504611969 -0.6028567552566528 0.4671900272369385 -0.16415390372276306 -0.05187588930130005 0.008819563314318657 0.9850302934646606
13.195729616216216 -0.04472722113132477 -0.5906341075897217 0.4580380618572235 -0.1631077229976654 -0.0496516227722168 0.009825156070291996 0.9853091835975647
13.245746616216216 -0.04192546755075455 -0.5846161842346191 0.4359045624732971 -0.16126906871795654 -0.047167327255010605 0.009551485069096088 0.9857364892959595
13.295763616216217 -0.04636263847351074 -0.5750918388366699 0.4181187152862549 -0.1593620926141739 -0.04251038283109665 0.010990848764777184 0.9862433075904846
13.345781616216216 -0.04856150969862938 -0.5661621689796448 0.4052216410636902 -0.15805163979530334 -0.04068527743220329 0.009512231685221195 0.986546516418457
13.395798616216217 -0.04968342185020447 -0.5626817941665649 0.39334216713905334 -0.15751534700393677 -0.03605086728930473 0.010922534391283989 0.9867978692054749
13.445815616216215 -0.06057073548436165 -0.5490874648094177 0.37120988965034485 -0.15372052788734436 -0.032821547240018845 0.011015428230166435 0.987507700920105
13.495832616216216 -0.06490737199783325 -0.5454645156860352 0.35635337233543396 -0.1531696319580078 -0.0326165109872818 0.010319272056221962 0.9876076579093933
13.545850616216216 -0.08150187879800797 -0.5405840277671814 0.35243552923202515 -0.15198582410812378 -0.030548740178346634 0.012155737727880478 0.987835705280304
13.595867616216216 -0.10376140475273132 -0.5419101119041443 0.34294483065605164 -0.1519888937473297 -0.028282299637794495 0.012779515236616135 0.9878948926925659
13.645884616216216 -0.10680285841226578 -0.5436976552009583 0.3404792249202728 -0.15396921336650848 -0.02985519915819168 0.013982324860990047 0.9875255227088928
13.695901616216217 -0.12055162340402603 -0.5483394861221313 0.33539092540740967 -0.1555643081665039 -0.03241715207695961 0.012179150246083736 0.9872186183929443
13.745918616216215 -0.14041556417942047 -0.5583903193473816 0.3331630229949951 -0.1581701785326004 -0.032786961644887924 0.012167947366833687 0.9867923855781555
13.795936616216217 -0.15584802627563477 -0.5662793517112732 0.33168503642082214 -0.16055689752101898 -0.03754114732146263 0.011356322094798088 0.9862470030784607
13.845953616216216 -0.16763843595981598 -0.5730346441268921 0.34312695264816284 -0.1632929891347885 -0.04640093818306923 0.010227292776107788 0.9854328036308289
13.895970616216216 -0.1742704063653946 -0.5804932117462158 0.35497352480888367 -0.1646227091550827 -0.05557803809642792 0.00864042341709137 0.9847517013549805
13.945987616216216 -0.1825442761182785 -0.5868220925331116 0.36371514201164246 -0.1640663892030716 -0.06301592290401459 0.005105726886540651 0.9844212532043457
13.996005616216216 -0.19171208143234253 -0.5961476564407349 0.3782084882259369 -0.16421560943126678 -0.06772098690271378 0.0011666864156723022 0.9840964674949646
14.046022616216217 -0.19249758124351501 -0.6071332097053528 0.39407673478126526 -0.16282542049884796 -0.06984461098909378 -0.002264582086354494 0.9841771125793457
14.096039616216217 -0.18966467678546906 -0.6193062663078308 0.4110318124294281 -0.16110233962535858 -0.07035920023918152 -0.004575067199766636 0.9844159483909607
14.146056616216216 -0.18288004398345947 -0.6323641538619995 0.42490077018737793 -0.15803687274456024 -0.07088947296142578 -0.005370736587792635 0.9848706722259521
14.196074616216217 -0.17407585680484772 -0.6482948660850525 0.43755000829696655 -0.15503695607185364 -0.07053804397583008 -0.005809692200273275 0.9853700995445251
14.246091616216216 -0.16042020916938782 -0.6598560810089111 0.4449840486049652 -0.15157659351825714 -0.070376455783844 -0.00554742431268096 0.9859213829040527
14.296108616216216 -0.14599591493606567 -0.6699050664901733 0.45185917615890503 -0.14823034405708313 -0.06808017939329147 -0.006063020322471857 0.986588180065155
14.346125616216217 -0.1280827820301056 -0.6790115237236023 0.45797625184059143 -0.14497680962085724 -0.06407096236944199 -0.006632747128605843 0.9873361587524414
14.396142616216217 -0.10487323254346848 -0.6787961721420288 0.4628174304962158 -0.14014333486557007 -0.05833173170685768 -0.007402645889669657 0.9883837699890137
14.446160616216217 -0.08234567195177078 -0.6839739084243774 0.4694455862045288 -0.1377258598804474 -0.05079404264688492 -0.007018797565251589 0.9891422390937805
14.496177616216217 -0.05817827582359314 -0.6868579387664795 0.47238993644714355 -0.1357136219739914 -0.04491586238145828 -0.006929256487637758 0.9897052049636841
14.546194616216216 -0.03454270586371422 -0.692660927772522 0.4717172086238861 -0.13504727184772491 -0.039687708020210266 -0.005157423205673695 0.9900306463241577
14.596211616216216 -0.011873536743223667 -0.6917296648025513 0.4725418984889984 -0.1348758488893509 -0.0349830724298954 -0.003358590416610241 0.990239143371582
14.646229616216216 0.009654678404331207 -0.6932104825973511 0.46802201867103577 -0.13529832661151886 -0.02965444140136242 -0.001322733354754746 0.9903602004051208
14.696246616216216 0.03173177316784859 -0.6928423643112183 0.4568788409233093 -0.13541826605796814 -0.02308831177651882 0.0012412173673510551 0.9905186891555786
14.746263616216217 0.050401099026203156 -0.6875437498092651 0.4457516372203827 -0.13481152057647705 -0.01676989533007145 0.003908164333552122 0.9907217025756836
14.796280616216217 0.06651429831981659 -0.6795623898506165 0.4352305233478546 -0.1344517022371292 -0.011338464915752411 0.006677783560007811 0.9908328056335449
14.846298616216217 0.0757024809718132 -0.6680899858474731 0.41953086853027344 -0.13294504582881927 -0.005427282303571701 0.010929860174655914 0.9910483360290527
14.896315616216215 0.08621548116207123 -0.6467335820198059 0.406740665435791 -0.1302008330821991 -0.0013298350386321545 0.01321612298488617 0.9913986921310425
14.946332616216216 0.08891487121582031 -0.6347664594650269 0.39239180088043213 -0.1287670135498047 0.002939327619969845 0.01441250555217266 0.9915658235549927
14.996349616216216 0.08991812914609909 -0.6316090822219849 0.3705185651779175 -0.13030080497264862 0.00151404261123389 0.015596085228025913 0.9913507103919983
15.046367616216216 0.07123996317386627 -0.6116278767585754 0.3562145233154297 -0.12757724523544312 0.001681374036706984 0.014759471639990807 0.9917174577713013
15.096384616216216 0.0609930083155632 -0.5975216031074524 0.3520656228065491 -0.12677302956581116 -0.0011375023750588298 0.015206125564873219 0.9918145537376404
15.146401616216217 0.038145873695611954 -0.59198397397995 0.3405861258506775 -0.12646134197711945 -0.004500158596783876 0.012110337615013123 0.9918873906135559
15.196418616216215 0.01715758629143238 -0.5888485312461853 0.33650490641593933 -0.12624295055866241 -0.00876817386597395 0.011068797670304775 0.9918988347053528
15.246435616216216 -0.005754592828452587 -0.583454966545105 0.3281324803829193 -0.12541985511779785 -0.014252625405788422 0.007686413824558258 0.9919716119766235
15.296453616216215 -0.033909328281879425 -0.5854257345199585 0.33091527223587036 -0.12675856053829193 -0.01872011460363865 0.004516728688031435 0.9917466640472412
15.346470616216216 -0.06128639355301857 -0.5911938548088074 0.33465510606765747 -0.12925978004932404 -0.025729218497872353 0.0015034036478027701 0.9912757873535156
15.396487616216216 -0.08404579013586044 -0.5980256199836731 0.3375454843044281 -0.13103696703910828 -0.033407412469387054 -0.001034462358802557 0.9908139109611511
15.446504616216217 -0.10840539634227753 -0.6070260405540466 0.34253451228141785 -0.13308185338974 -0.04073048010468483 -0.0033051208592951298 0.9902622699737549
15.496522616216216 -0.12906749546527863 -0.6195790767669678 0.3547251522541046 -0.135208398103714 -0.04906468093395233 -0.004324209876358509 0.9895921945571899
15.546539616216217 -0.1449778825044632 -0.6348588466644287 0.3683997094631195 -0.13715696334838867 -0.057001251727342606 -0.005518919322639704 0.9888925552368164
15.596556616216215 -0.15727172791957855 -0.650952935218811 0.382617324590683 -0.1372113972902298 -0.06509794294834137 -0.005703612696379423 0.9883838891983032
15.646573616216216 -0.1601213961839676 -0.6671819090843201 0.39956897497177124 -0.13642403483390808 -0.07311229407787323 -0.004631229676306248 0.9879381060600281
15.696591616216216 -0.16340382397174835 -0.676781177520752 0.4153728187084198 -0.1329038143157959 -0.07674122601747513 -0.002773266052827239 0.9881497025489807
15.746608616216216 -0.167147696018219 -0.695155918598175 0.4290771782398224 -0.1301417201757431 -0.07887860387563705 -0.00034433978726156056 0.9883527755737305
15.796625616216216 -0.15810558199882507 -0.7069488167762756 0.440216600894928 -0.1248151883482933 -0.08137547969818115 0.001909489743411541 0.9888355135917664
15.846642616216217 -0.1496586799621582 -0.7172948122024536 0.4412432014942169 -0.11748963594436646 -0.0811876654624939 0.003737000050023198 0.9897428750991821
15.896659616216215 -0.13723941147327423 -0.7274827361106873 0.44145452976226807 -0.10946458578109741 -0.08108474314212799 0.005565526429563761 0.9906623363494873
15.946677616216217 -0.1151030957698822 -0.731854259967804 0.4413682818412781 -0.10035745799541473 -0.08034918457269669 0.007219893857836723 0.9916754961013794
15.996694616216216 -0.09348951280117035 -0.7356940507888794 0.43548938632011414 -0.09155209362506866 -0.07959151268005371 0.008318874053657055 0.9925795793533325
16.046711616216218 -0.07757057994604111 -0.7350656986236572 0.4247409701347351 -0.08226273208856583 -0.07863949239253998 0.010021451860666275 0.9934527277946472
16.096728616216215 -0.061309266835451126 -0.72681725025177 0.41330376267433167 -0.07242033630609512 -0.07921677827835083 0.011793368496000767 0.9941534399986267
16.146746616216216 -0.04438114911317825 -0.7128203511238098 0.409396767616272 -0.06516671925783157 -0.08062248677015305 0.013335036113858223 0.9945228099822998
16.196763616216217 -0.034972988069057465 -0.698695719242096 0.39493879675865173 -0.059404950588941574 -0.08022748678922653 0.012224817648530006 0.9949297904968262
16.246780616216217 -0.0177988912910223 -0.6825099587440491 0.38339054584503174 -0.05666444078087807 -0.08160261064767838 0.012935458682477474 0.9949687719345093
16.296797616216217 -0.007827779278159142 -0.6670868396759033 0.3828669786453247 -0.05686143413186073 -0.08061857521533966 0.012163490056991577 0.9950475096702576
16.346815616216215 0.003377167973667383 -0.6444476842880249 0.3748088777065277 -0.05732371285557747 -0.08331894874572754 0.012435064651072025 0.9947951436042786
16.396832616216216 0.009838972240686417 -0.6199055314064026 0.3723977506160736 -0.0587623156607151 -0.08739995956420898 0.01214972510933876 0.9943645000457764
16.446849616216216 0.01712094619870186 -0.600669264793396 0.34884876012802124 -0.06094309687614441 -0.09406409412622452 0.011433065868914127 0.9936333894729614
16.496866616216217 0.01870473474264145 -0.5721107721328735 0.3408409059047699 -0.060574788600206375 -0.09971065819263458 0.008794182911515236 0.9931320548057556
16.546884616216218 0.02698659524321556 -0.5458313226699829 0.33399537205696106 -0.05884067714214325 -0.10859793424606323 0.005518303718417883 0.9923275113105774
16.596901616216215 0.030788373202085495 -0.5224028825759888 0.3207584023475647 -0.055743709206581116 -0.11862349510192871 -0.0007222413551062346 0.9913731217384338
16.646918616216215 0.030950360000133514 -0.49333348870277405 0.30713167786598206 -0.050587598234415054 -0.1262197047472 -0.008756627328693867 0.9906729459762573
16.696935616216216 0.032184235751628876 -0.46689388155937195 0.28851932287216187 -0.04442521557211876 -0.13507314026355743 -0.018038252368569374 0.9896748065948486
16.746952616216216 0.0331285186111927 -0.44218191504478455 0.26794326305389404 -0.03835062310099602 -0.1464998573064804 -0.02854539267718792 0.9880548119544983
16.796970616216218 0.03217855095863342 -0.41634759306907654 0.24597036838531494 -0.031600385904312134 -0.1605502963066101 -0.03944552317261696 0.9857327938079834
16.846987616216218 0.03241095319390297 -0.3838515281677246 0.23062464594841003 -0.02465742826461792 -0.17813879251480103 -0.051265228539705276 0.9823596477508545
16.897004616216215 0.031462155282497406 -0.3595745861530304 0.2129218876361847 -0.020421002060174942 -0.19529004395008087 -0.06210458278656006 0.9785642027854919
16.947021616216215 0.030670547857880592 -0.33522170782089233 0.19731789827346802 -0.017023548483848572 -0.21138741075992584 -0.07182596623897552 0.9746109843254089
16.997039616216217 0.027302945032715797 -0.3150255084037781 0.17939305305480957 -0.015086851082742214 -0.22684653103351593 -0.07926947623491287 0.9705820083618164
17.047056616216217 0.02940262109041214 -0.3012998700141907 0.17180031538009644 -0.015032571740448475 -0.24256062507629395 -0.08487214148044586 0.9662997126579285
17.097073616216218 0.032851867377758026 -0.29291635751724243 0.16419216990470886 -0.01595136895775795 -0.25436124205589294 -0.08701057732105255 0.9630551338195801
17.147090616216218 0.03470290079712868 -0.29394444823265076 0.16537094116210938 -0.01888898015022278 -0.26094508171081543 -0.08566442877054214 0.9613597393035889
17.197108616216216 0.04055192321538925 -0.3024112284183502 0.15190866589546204 -0.022035347297787666 -0.2596069574356079 -0.0808752179145813 0.962069571018219
17.247125616216216 0.04877966642379761 -0.3021989166736603 0.1449751853942871 -0.019355693832039833 -0.2534721791744232 -0.08134754002094269 0.9637218713760376
17.297142616216217 0.0570547915995121 -0.3151581883430481 0.1406874656677246 -0.01777687482535839 -0.24481795728206635 -0.07928679883480072 0.9661582708358765
17.347159616216217 0.07268012315034866 -0.32418832182884216 0.14806748926639557 -0.013733184896409512 -0.23672303557395935 -0.0786973387002945 0.9682873487472534
17.397176616216218 0.08330991119146347 -0.330636203289032 0.14967365562915802 -0.0080732312053442 -0.2291518896818161 -0.08091383427381516 0.9699882864952087
17.447194616216215 0.09442147612571716 -0.3371586203575134 0.15016433596611023 -0.003913729917258024 -0.22370652854442596 -0.08424804359674454 0.9710007309913635
17.497211616216216 0.1057482585310936 -0.34878233075141907 0.15049317479133606 -0.001954752719029784 -0.21780720353126526 -0.0848889872431755 0.9722911715507507
17.547228616216216 0.11558110266923904 -0.3532661199569702 0.15836617350578308 0.0008308621472679079 -0.21079033613204956 -0.08761516958475113 0.9735966324806213
17.597245616216217 0.13053558766841888 -0.356919527053833 0.16272112727165222 0.00461213244125247 -0.20145253837108612 -0.08812329918146133 0.9755152463912964
17.647263616216215 0.1582646369934082 -0.35092079639434814 0.17072784900665283 0.010359913110733032 -0.19371923804283142 -0.08625312149524689 0.9772031307220459
17.697280616216215 0.18112623691558838 -0.3420047163963318 0.18037593364715576 0.014386395923793316 -0.18968036770820618 -0.08343619853258133 0.9781885147094727
17.747297616216215 0.20451489090919495 -0.3386181592941284 0.18781983852386475 0.01505937147885561 -0.1888667792081833 -0.07863715291023254 0.978733241558075
17.797314616216216 0.2243562638759613 -0.31346213817596436 0.19940221309661865 0.018096596002578735 -0.18558703362941742 -0.0763198733329773 0.9794923663139343
17.847332616216217 0.24421973526477814 -0.2877044379711151 0.20930857956409454 0.018381673842668533 -0.18042677640914917 -0.07406643033027649 0.9806235432624817
17.897349616216218 0.2562541961669922 -0.25463196635246277 0.2147163450717926 0.017117317765951157 -0.17725446820259094 -0.07436568289995193 0.9812021851539612
17.947366616216215 0.27685943245887756 -0.2229008674621582 0.23031377792358398 0.013074859976768494 -0.18033918738365173 -0.07437632977962494 0.9807013273239136
17.997383616216215 0.2846231162548065 -0.19879762828350067 0.23808449506759644 0.007494443096220493 -0.18369922041893005 -0.07675774395465851 0.9799524545669556
18.047401616216217 0.29093754291534424 -0.1616133749485016 0.253357857465744 0.0033499784767627716 -0.18874670565128326 -0.07832279056310654 0.9788917303085327
18.097418616216217 0.2919802963733673 -0.13390009105205536 0.25720319151878357 -0.0006898472202010453 -0.1933733969926834 -0.07909555733203888 0.977931559085846
18.147435616216217 0.29830628633499146 -0.10958636552095413 0.26545900106430054 -0.0036383988335728645 -0.199685201048851 -0.07904604077339172 0.9766597747802734
18.197452616216218 0.2979545295238495 -0.09078426659107208 0.2669125497341156 -0.005681364331394434 -0.20409271121025085 -0.07860474288463593 0.9757741689682007
18.247469616216215 0.29408299922943115 -0.08095739781856537 0.26442018151283264 -0.00762928556650877 -0.20574817061424255 -0.07695852965116501 0.9755444526672363
18.297487616216216 0.28853219747543335 -0.07899664342403412 0.2628673315048218 -0.0077129993587732315 -0.20921973884105682 -0.07572798430919647 0.9749014973640442
18.347504616216217 0.2933042347431183 -0.08758864551782608 0.269043505191803 -0.009218080900609493 -0.2169739156961441 -0.07321253418922424 0.973384439945221
18.397521616216217 0.28556379675865173 -0.09618988633155823 0.24672642350196838 -0.0069917128421366215 -0.22127093374729156 -0.07304013520479202 0.9724482297897339
18.447538616216217 0.2780439257621765 -0.1181991845369339 0.24181422591209412 -0.006467439699918032 -0.2233218550682068 -0.07302425056695938 0.9719840884208679
18.497556616216215 0.2737187147140503 -0.143205463886261 0.223382830619812 -0.0036344968248158693 -0.2224201261997223 -0.07304190844297409 0.9722042083740234
18.547573616216216 0.2757699489593506 -0.16475801169872284 0.22709666192531586 0.00036114908289164305 -0.2260255068540573 -0.07325965166091919 0.9713626503944397
18.597590616216216 0.2786319851875305 -0.18455561995506287 0.21483145654201508 0.006990801077336073 -0.22968055307865143 -0.07220456749200821 0.9705588817596436
18.647607616216217 0.2862333059310913 -0.21195143461227417 0.2000557780265808 0.013130203820765018 -0.23399324715137482 -0.07248187810182571 0.9694437384605408
18.697625616216218 0.2923925220966339 -0.2297949343919754 0.1889440417289734 0.019737696275115013 -0.23680032789707184 -0.0731409341096878 0.9686002731323242
18.747642616216215 0.3039984405040741 -0.25015145540237427 0.17528584599494934 0.02689836360514164 -0.23642216622829437 -0.0727136954665184 0.9685524702072144
18.797659616216215 0.3316248655319214 -0.262446790933609 0.17015250027179718 0.0339018739759922 -0.2362690269947052 -0.07333264499902725 0.968323290348053
18.847676616216216 0.35739797353744507 -0.26310741901397705 0.1744205355644226 0.0416131466627121 -0.23066262900829315 -0.07430891692638397 0.9692993760108948
18.897693616216216 0.38127589225769043 -0.2616608738899231 0.17436997592449188 0.04724454879760742 -0.22026847302913666 -0.07497356086969376 0.971405565738678
18.947711616216218 0.40730324387550354 -0.2607111632823944 0.18546079099178314 0.04983232170343399 -0.21064943075180054 -0.07736515998840332 0.9732205867767334
18.997728616216218 0.43443208932876587 -0.2550649344921112 0.2114212065935135 0.04832133650779724 -0.20428316295146942 -0.07897426933050156 0.9745237827301025
19.047745616216215 0.4520476758480072 -0.2483198642730713 0.22150970995426178 0.04282349720597267 -0.1998043805360794 -0.08191656321287155 0.9754661321640015
19.097762616216215 0.46935099363327026 -0.23370400071144104 0.23789197206497192 0.03463483229279518 -0.19709599018096924 -0.08540628850460052 0.9760427474975586
19.147780616216217 0.482130229473114 -0.21716003119945526 0.26562750339508057 0.023521680384874344 -0.19331659376621246 -0.08931068331003189 0.9767799377441406
19.197797616216217 0.4963330626487732 -0.1955651342868805 0.28197920322418213 0.012910712510347366 -0.19088271260261536 -0.09243915975093842 0.9771654009819031
19.247814616216218 0.4973122179508209 -0.17409084737300873 0.3082330822944641 0.0021673692390322685 -0.19171497225761414 -0.09685055911540985 0.9766579270362854
19.297831616216218 0.4927997589111328 -0.1445358842611313 0.3251670300960541 -0.00731201097369194 -0.19362908601760864 -0.10090966522693634 0.9758440256118774
19.347849616216216 0.49655866622924805 -0.11510948836803436 0.3342144787311554 -0.016385851427912712 -0.20134547352790833 -0.10393548756837845 0.9738526344299316
19.397866616216216 0.48154354095458984 -0.08961857855319977 0.3509255349636078 -0.027303684502840042 -0.2083771675825119 -0.10712243616580963 0.9717810153961182
19.447883616216217 0.4748091697692871 -0.06054867058992386 0.36192747950553894 -0.03872464597225189 -0.21829120814800262 -0.1075504720211029 0.9691657423973083
19.497900616216217 0.46584197878837585 -0.035389192402362823 0.374091237783432 -0.051773328334093094 -0.22879719734191895 -0.108585886657238 0.966012716293335
19.547918616216215 0.45010605454444885 -0.014023935422301292 0.3788834810256958 -0.06506551802158356 -0.23880872130393982 -0.10976685583591461 0.9626464247703552
19.597935616216215 0.4344216585159302 0.0006480645388364792 0.3815135657787323 -0.07682422548532486 -0.24989737570285797 -0.11137716472148895 0.9587724208831787
19.647952616216216 0.41826730966567993 0.01296909712255001 0.38413912057876587 -0.08552706986665726 -0.26282232999801636 -0.11330510675907135 0.9543434977531433
19.697969616216216 0.4040791988372803 0.013928428292274475 0.38188302516937256 -0.09196143597364426 -0.2767442762851715 -0.11509235203266144 0.9495838284492493
19.747986616216217 0.39152783155441284 0.006869414821267128 0.3660287857055664 -0.0938916802406311 -0.28860533237457275 -0.11747350543737411 0.9455640316009521
19.798004616216215 0.38450711965560913 -0.014928631484508514 0.3538931906223297 -0.09552855044603348 -0.2989043891429901 -0.11687351018190384 0.9422690868377686
19.848021616216215 0.3801316022872925 -0.03376316279172897 0.33547213673591614 -0.09184908121824265 -0.3078022301197052 -0.11800175160169601 0.9396260380744934
19.898038616216216 0.38055115938186646 -0.05638842284679413 0.32116883993148804 -0.08564436435699463 -0.31650233268737793 -0.11789186298847198 0.9373328685760498
19.948055616216216 0.38398659229278564 -0.09024722129106522 0.30832645297050476 -0.08017542213201523 -0.32315337657928467 -0.11756784468889236 0.9355862140655518
19.998073616216217 0.39421144127845764 -0.11715089529752731 0.28930824995040894 -0.0719621330499649 -0.32672417163848877 -0.11570814996957779 0.9352456331253052
20.048090616216218 0.41538822650909424 -0.15378478169441223 0.2832900583744049 -0.0668182522058487 -0.32736706733703613 -0.11247463524341583 0.935796856880188
20.098107616216215 0.4351065158843994 -0.18265065550804138 0.27702760696411133 -0.0608954131603241 -0.32265520095825195 -0.10952398180961609 0.938184380531311
20.148124616216215 0.46115532517433167 -0.21006304025650024 0.2754349708557129 -0.05596783757209778 -0.3168829083442688 -0.10645945370197296 0.9408077597618103
20.198142616216217 0.486824095249176 -0.23400123417377472 0.2741421163082123 -0.052396588027477264 -0.31134387850761414 -0.10424064099788666 0.9431084990501404
20.248159616216217 0.5184026956558228 -0.25469347834587097 0.27340853214263916 -0.05057220533490181 -0.30546334385871887 -0.10177691280841827 0.9453973770141602
20.298176616216217 0.5452011823654175 -0.27095600962638855 0.27665314078330994 -0.050045888870954514 -0.2964337468147278 -0.09981614351272583 0.9485036730766296
20.348193616216218 0.5767686367034912 -0.27903077006340027 0.2850346863269806 -0.048137176781892776 -0.2866765260696411 -0.09834254533052444 0.9517500400543213
20.398210616216215 0.6054572463035583 -0.2794327139854431 0.2976795732975006 -0.0466308556497097 -0.2745731770992279 -0.09875459969043732 0.9553443193435669
20.448228616216216 0.6357184648513794 -0.27197158336639404 0.3029848039150238 -0.045528922230005264 -0.26301994919776917 -0.09949322789907455 0.9585659503936768
20.498245616216217 0.6626799702644348 -0.2607968747615814 0.31314170360565186 -0.04675321653485298 -0.252790242433548 -0.09959810972213745 0.9612447619438171
20.548262616216217 0.6838476657867432 -0.23718830943107605 0.3233182728290558 -0.04722343757748604 -0.2453688681125641 -0.10031604021787643 0.963068425655365
20.598279616216217 0.6950024366378784 -0.20810876786708832 0.3368518054485321 -0.05010814219713211 -0.24081966280937195 -0.10013705492019653 0.9640890955924988
20.648297616216215 0.7062806487083435 -0.17642730474472046 0.3455638885498047 -0.053271036595106125 -0.24065303802490234 -0.09896042197942734 0.9640825986862183
20.698314616216216 0.7141728401184082 -0.1423930674791336 0.35617512464523315 -0.056859634816646576 -0.24403047561645508 -0.097022645175457 0.9632251858711243
20.748331616216216 0.7112672924995422 -0.1121160238981247 0.3604499399662018 -0.06362853199243546 -0.24906176328659058 -0.0941464900970459 0.961798369884491
20.798348616216217 0.7060021758079529 -0.0810200572013855 0.3728167414665222 -0.07126174122095108 -0.255591481924057 -0.08956560492515564 0.9599858522415161
20.848366616216218 0.6938869953155518 -0.0540686696767807 0.376670241355896 -0.07959359139204025 -0.2625691890716553 -0.08634897321462631 0.9577401876449585
20.898383616216215 0.6803416609764099 -0.03180922567844391 0.3771701157093048 -0.08745909482240677 -0.27028438448905945 -0.08301126956939697 0.9551997184753418
20.948400616216215 0.663088321685791 -0.016868576407432556 0.37463438510894775 -0.0942724421620369 -0.2810375988483429 -0.07946479320526123 0.9517436623573303
20.998417616216216 0.6442105770111084 -0.009632274508476257 0.3677923381328583 -0.09996643662452698 -0.29364192485809326 -0.07769487053155899 0.947493851184845
21.048435616216217 0.627394437789917 -0.016042452305555344 0.35743334889411926 -0.10440561175346375 -0.30502137541770935 -0.0761452466249466 0.943537712097168
21.098452616216218 0.6118446588516235 -0.032277677208185196 0.34307432174682617 -0.10649667680263519 -0.31463125348091125 -0.07652109116315842 0.9401118159294128
21.148469616216214 0.5974118709564209 -0.05086859315633774 0.33046451210975647 -0.1056840717792511 -0.32404986023902893 -0.07845267653465271 0.9368392825126648
21.198486616216215 0.5840808749198914 -0.07956274598836899 0.3109501302242279 -0.10339654237031937 -0.33419883251190186 -0.08013934642076492 0.9333799481391907
21.248503616216215 0.5750819444656372 -0.10590735077857971 0.29089802503585815 -0.09792403131723404 -0.34403806924819946 -0.08174823969602585 0.9302504658699036
21.298521616216217 0.5685125589370728 -0.1436312198638916 0.272797554731369 -0.09256643801927567 -0.35057610273361206 -0.08282047510147095 0.9282611608505249
21.348538616216217 0.5666061639785767 -0.1821095496416092 0.25923922657966614 -0.08675187826156616 -0.35553380846977234 -0.08243554830551147 0.9269704818725586
21.398555616216218 0.5671762228012085 -0.2217940241098404 0.2510037124156952 -0.08027894794940948 -0.35853883624076843 -0.083405040204525 0.9263092279434204
21.448572616216214 0.5769578814506531 -0.25972890853881836 0.2432405948638916 -0.07332959771156311 -0.36090952157974243 -0.08333753794431686 0.9259708523750305
21.498590616216216 0.5875134468078613 -0.29034456610679626 0.23973077535629272 -0.0643957182765007 -0.35975173115730286 -0.08542265743017197 0.9268953204154968
21.548607616216216 0.6073874235153198 -0.3197330832481384 0.22675774991512299 -0.0554429367184639 -0.3546832203865051 -0.0869351327419281 0.9292837381362915
21.598624616216217 0.6264600157737732 -0.3457268476486206 0.23299682140350342 -0.049333009868860245 -0.34610113501548767 -0.08625064045190811 0.9329207539558411
21.648641616216217 0.6493366956710815 -0.3670293688774109 0.23802724480628967 -0.04421604424715042 -0.33388468623161316 -0.08543172478675842 0.9376925826072693
21.698659616216215 0.6750665903091431 -0.38040393590927124 0.2510613799095154 -0.03981892019510269 -0.3171292543411255 -0.0843794047832489 0.9437815546989441
21.748676616216216 0.7005252242088318 -0.3885006308555603 0.26342448592185974 -0.036038100719451904 -0.2986622750759125 -0.08399970829486847 0.9499716758728027
21.798693616216216 0.7262110710144043 -0.386965811252594 0.2791329622268677 -0.03307709842920303 -0.27996477484703064 -0.08286997675895691 0.9558547139167786
21.848710616216216 0.7491812705993652 -0.3810228705406189 0.29179590940475464 -0.03214274346828461 -0.26395776867866516 -0.08200351148843765 0.9605043530464172
21.898727616216217 0.7719670534133911 -0.3689729869365692 0.3037353456020355 -0.032982636243104935 -0.24974825978279114 -0.08037116378545761 0.9644057750701904
21.948745616216215 0.7953601479530334 -0.3496899902820587 0.3143368661403656 -0.03577297553420067 -0.23760859668254852 -0.07708042114973068 0.9676368832588196
21.998762616216215 0.8091652393341064 -0.3272930383682251 0.32817715406417847 -0.04139755666255951 -0.22590868175029755 -0.07421516627073288 0.9704347848892212
22.048779616216216 0.8231981992721558 -0.298227995634079 0.33783358335494995 -0.04912455379962921 -0.2155746966600418 -0.07025917619466782 0.9727168679237366
22.098796616216216 0.8360305428504944 -0.2658618688583374 0.3478819727897644 -0.057446014136075974 -0.20718204975128174 -0.06617722660303116 0.9743696451187134
22.148814616216217 0.8427244424819946 -0.2310255616903305 0.3565429747104645 -0.06705503165721893 -0.20133861899375916 -0.06247209757566452 0.9752249121665955
22.198831616216218 0.8453302979469299 -0.19191163778305054 0.36727821826934814 -0.07571391761302948 -0.19891852140426636 -0.060287002474069595 0.9752252697944641
22.248848616216215 0.8371641039848328 -0.15950553119182587 0.3673344552516937 -0.08505334705114365 -0.1978486031293869 -0.06075242906808853 0.974644124507904
22.298865616216215 0.8278595209121704 -0.1281062364578247 0.37084540724754333 -0.09342321008443832 -0.19902369379997253 -0.059220824390649796 0.9737322926521301
22.348883616216217 0.8121402859687805 -0.09830845892429352 0.3691729009151459 -0.09971646219491959 -0.19925765693187714 -0.05949341505765915 0.9730435013771057
22.398900616216217 0.7909794449806213 -0.07612377405166626 0.3674513101577759 -0.10490302741527557 -0.1993040293455124 -0.060371410101652145 0.972434401512146
22.448917616216217 0.7678478956222534 -0.05553380399942398 0.3626810312271118 -0.1073622852563858 -0.20071420073509216 -0.06099771708250046 0.9718366861343384
22.498934616216218 0.7403501868247986 -0.04703295975923538 0.3515241742134094 -0.10883490741252899 -0.2038707584142685 -0.06379411369562149 0.9708357453346252
22.548952616216216 0.7147039175033569 -0.04718037694692612 0.3374072313308716 -0.10915465652942657 -0.21173568069934845 -0.06791722029447556 0.9688346982002258
22.598969616216216 0.6838748455047607 -0.051806095987558365 0.31565797328948975 -0.10891485214233398 -0.22189898788928986 -0.07075366377830505 0.9663811326026917
22.648986616216217 0.6534876227378845 -0.05872179940342903 0.30403831601142883 -0.10772954672574997 -0.23148545622825623 -0.07217025756835938 0.9641578197479248
22.699003616216217 0.6242842674255371 -0.07914093136787415 0.2904696762561798 -0.10739454627037048 -0.2375834435224533 -0.07212012261152267 0.9627144932746887
22.749020616216217 0.5947888493537903 -0.10217791795730591 0.27776312828063965 -0.10502578318119049 -0.24103306233882904 -0.07182227820158005 0.9621404409408569
22.799038616216215 0.5654072761535645 -0.12520241737365723 0.2681547701358795 -0.10141422599554062 -0.24385234713554382 -0.06856242567300797 0.9620553255081177
22.849055616216216 0.5343925952911377 -0.14899705350399017 0.2576310634613037 -0.09651507437229156 -0.24610507488250732 -0.06466387212276459 0.9622555375099182
22.899072616216216 0.5061071515083313 -0.1776275932788849 0.25252389907836914 -0.09082181006669998 -0.24561968445777893 -0.062074512243270874 0.9631039500236511
22.949089616216217 0.48023083806037903 -0.20605741441249847 0.24486613273620605 -0.08392570912837982 -0.24245218932628632 -0.05911619961261749 0.9647169709205627
22.999107616216214 0.45555952191352844 -0.23660209774971008 0.24134375154972076 -0.07687371224164963 -0.23765192925930023 -0.05539490282535553 0.9667178988456726
23.049124616216215 0.4292939305305481 -0.260911226272583 0.23414136469364166 -0.06808369606733322 -0.22836396098136902 -0.053127508610486984 0.9697381258010864
23.099141616216215 0.39868324995040894 -0.2865821421146393 0.22943513095378876 -0.059371381998062134 -0.21714827418327332 -0.05159233883023262 0.9729645252227783
23.149158616216216 0.3672722280025482 -0.30935466289520264 0.2303341031074524 -0.05124572664499283 -0.20558854937553406 -0.04932502284646034 0.9760503768920898
23.199176616216217 0.34134095907211304 -0.3295181691646576 0.23185189068317413 -0.043624602258205414 -0.19397252798080444 -0.04762347415089607 0.9788787364959717
23.249193616216218 0.3133957087993622 -0.3474026024341583 0.23054789006710052 -0.036574896425008774 -0.1850777119398117 -0.04614974930882454 0.980958104133606
23.299210616216214 0.27725744247436523 -0.36485323309898376 0.2245391458272934 -0.030724259093403816 -0.17498411238193512 -0.04497065395116806 0.9830636978149414
23.349227616216215 0.2438354641199112 -0.37669190764427185 0.22295747697353363 -0.025603830814361572 -0.16750940680503845 -0.04240884259343147 0.9846251010894775
23.399244616216215 0.21464946866035461 -0.39050114154815674 0.21846799552440643 -0.022845488041639328 -0.16404667496681213 -0.038312241435050964 0.9854435324668884
23.449262616216217 0.18651336431503296 -0.40950411558151245 0.21593022346496582 -0.02384992130100727 -0.1602155715227127 -0.031782571226358414 0.9862819910049438
23.499279616216217 0.1588883101940155 -0.41826102137565613 0.22252117097377777 -0.023839814588427544 -0.1555434614419937 -0.027106691151857376 0.9871692657470703
23.549296616216218 0.12673406302928925 -0.42610880732536316 0.21627655625343323 -0.024961449205875397 -0.150068461894989 -0.02138260006904602 0.9881291389465332
23.599313616216214 0.0966622605919838 -0.42980292439460754 0.22348356246948242 -0.02566198632121086 -0.14771120250225067 -0.018611712381243706 0.9885224103927612
23.649331616216216 0.06716115027666092 -0.43241965770721436 0.21519353985786438 -0.024685362353920937 -0.14515498280525208 -0.016963746398687363 0.9889554977416992
23.699348616216216 0.04025338962674141 -0.44007745385169983 0.21641622483730316 -0.025494137778878212 -0.14250731468200684 -0.016316309571266174 0.9893308877944946
23.749365616216217 0.01824268139898777 -0.4358881711959839 0.20828287303447723 -0.02328088879585266 -0.14302802085876465 -0.017504187300801277 0.9892899990081787
23.799382616216217 -0.01399693638086319 -0.4327177405357361 0.20355594158172607 -0.022745925933122635 -0.14081941545009613 -0.01922226883471012 0.9895873069763184
23.849400616216215 -0.044390082359313965 -0.42649632692337036 0.20042167603969574 -0.022915372624993324 -0.1398329883813858 -0.021315738558769226 0.9896804094314575
23.899417616216216 -0.07560630887746811 -0.4191904366016388 0.1927231103181839 -0.023234495893120766 -0.13866154849529266 -0.0249530840665102 0.9897528290748596
23.949434616216216 -0.1070248931646347 -0.4040924310684204 0.18949267268180847 -0.02285032533109188 -0.13872414827346802 -0.02789424918591976 0.9896743893623352
23.999451616216216 -0.13223488628864288 -0.3948366045951843 0.18098928034305573 -0.023801401257514954 -0.1380150020122528 -0.028960291296243668 0.9897205233573914
24.049469616216218 -0.15312859416007996 -0.3817220628261566 0.17904366552829742 -0.023934686556458473 -0.13852111995220184 -0.028937824070453644 0.9896472692489624
24.099486616216215 -0.16939929127693176 -0.3528549373149872 0.1589435189962387 -0.019863935187458992 -0.13961753249168396 -0.029024146497249603 0.9895807504653931
24.149503616216215 -0.20005056262016296 -0.3312186300754547 0.16380637884140015 -0.01693825237452984 -0.13449285924434662 -0.03193876892328262 0.9902549386024475
24.199520616216216 -0.2091134935617447 -0.3159867227077484 0.15377064049243927 -0.01328208763152361 -0.1319466233253479 -0.03285689279437065 0.9906231760978699
24.249537616216216 -0.22760425508022308 -0.2893746793270111 0.15646804869174957 -0.007567444816231728 -0.12906864285469055 -0.03399134427309036 0.9910240173339844
24.299555616216217 -0.24930623173713684 -0.2746971547603607 0.12516263127326965 -0.002538960427045822 -0.1265047788619995 -0.03673313185572624 0.9912824034690857
24.349572616216218 -0.2668220102787018 -0.25063979625701904 0.10849495977163315 0.00204292731359601 -0.12384845316410065 -0.03780335560441017 0.9915786981582642
24.399589616216215 -0.262568861246109 -0.2298761010169983 0.1344510167837143 0.005766368471086025 -0.12443342059850693 -0.03765544667840004 0.9914964437484741
24.449606616216215 -0.2744816243648529 -0.20411328971385956 0.11672578752040863 0.0099710738286376 -0.12068159878253937 -0.037035021930933 0.9919500946998596
24.499624616216217 -0.2666793763637543 -0.18881839513778687 0.13545779883861542 0.011345753446221352 -0.12073823064565659 -0.035036176443099976 0.9920010566711426
24.549641616216217 -0.2699013352394104 -0.1635654717683792 0.12439440935850143 0.016179153695702553 -0.11541302502155304 -0.036801405251026154 0.9925037622451782
24.599658616216217 -0.28279316425323486 -0.15327034890651703 0.1048220843076706 0.01862136833369732 -0.11001232266426086 -0.03534260019659996 0.993127167224884
24.649675616216218 -0.28385353088378906 -0.14179570972919464 0.09100731462240219 0.022524679079651833 -0.10652939230203629 -0.03337348625063896 0.9934940338134766
24.699693616216216 -0.270748496055603 -0.11284918338060379 0.10736094415187836 0.026999028399586678 -0.10601736605167389 -0.03417327627539635 0.9934101104736328
24.749710616216216 -0.26671767234802246 -0.12024179100990295 0.08631855994462967 0.030632711946964264 -0.10476210713386536 -0.034853868186473846 0.9934142231941223
24.799727616216217 -0.2737610340118408 -0.10596757382154465 0.09351322799921036 0.03539793938398361 -0.10060392320156097 -0.037571314722299576 0.993586540222168
24.849744616216217 -0.26514607667922974 -0.10002736747264862 0.08700978755950928 0.04070030897855759 -0.09821177273988724 -0.04260847717523575 0.9934195876121521
24.899761616216217 -0.25892356038093567 -0.07481225579977036 0.09241235256195068 0.04905415698885918 -0.09507915377616882 -0.04813047870993614 0.9930947422981262
24.949779616216215 -0.26910674571990967 -0.06386466324329376 0.07378560304641724 0.05463870242238045 -0.09081920236349106 -0.05458912253379822 0.9928678870201111
24.999796616216216 -0.27011147141456604 -0.05065920576453209 0.06880368292331696 0.061656247824430466 -0.08999171108007431 -0.06272060424089432 0.9920514822006226
25.049813616216216 -0.2624167203903198 -0.03676309436559677 0.06953736394643784 0.06849373131990433 -0.0915680080652237 -0.07046426087617874 0.9909383654594421
25.099830616216217 -0.2606339156627655 -0.026756133884191513 0.07267849147319794 0.07283627241849899 -0.09168899804353714 -0.07728008925914764 0.9901090264320374
25.149848616216214 -0.246592178940773 -0.010149291716516018 0.08108491450548172 0.0774715393781662 -0.09328721463680267 -0.08093096315860748 0.9893158674240112
25.199865616216215 -0.23256130516529083 0.007786194793879986 0.0697956457734108 0.08107040077447891 -0.09493278712034225 -0.08797646313905716 0.988269031047821
25.249882616216215 -0.22325490415096283 0.014455579221248627 0.06718054413795471 0.08192673325538635 -0.09310557693243027 -0.09188994765281677 0.9880160689353943
25.299899616216216 -0.20559924840927124 0.040045395493507385 0.0684363842010498 0.08436957001686096 -0.09419374167919159 -0.09737472236156464 0.9871816039085388
25.349917616216217 -0.20295082032680511 0.043689291924238205 0.0594923160970211 0.08303810656070709 -0.09050309658050537 -0.09566743671894073 0.987806499004364
25.399934616216218 -0.1771063208580017 0.06403457373380661 0.07089398801326752 0.08562683314085007 -0.0899793729186058 -0.09551425278186798 0.9876481890678406
25.449951616216214 -0.16624385118484497 0.07340290397405624 0.07142563909292221 0.08630649000406265 -0.08814708888530731 -0.0917690247297287 0.9881092309951782
25.499968616216215 -0.14378289878368378 0.0917743369936943 0.06808578222990036 0.08950838446617126 -0.09000931680202484 -0.08644599467515945 0.9881365299224854
25.549986616216216 -0.12726491689682007 0.10744982957839966 0.0753619596362114 0.0941508412361145 -0.0905088260769844 -0.08562716096639633 0.9877306222915649
25.600003616216217 -0.1145731508731842 0.11742653697729111 0.08074764162302017 0.09800343215465546 -0.09009190648794174 -0.0830649584531784 0.987612783908844
25.650020616216217 -0.09532409906387329 0.12878522276878357 0.06959257274866104 0.10214894264936447 -0.08999884128570557 -0.08062446862459183 0.9874034523963928
25.700037616216218 -0.08923724293708801 0.14700369536876678 0.06947594881057739 0.10591429471969604 -0.08751452714204788 -0.07944492995738983 0.9873256683349609
25.750054616216214 -0.07672122865915298 0.16410969197750092 0.07962058484554291 0.10707222670316696 -0.08598560839891434 -0.07649117708206177 0.9875683188438416
25.800072616216216 -0.06101597100496292 0.16764193773269653 0.0820479765534401 0.10632996261119843 -0.08653087168931961 -0.07585352659225464 0.9876500368118286
25.850089616216216 -0.05357130244374275 0.17905257642269135 0.07929856330156326 0.10613755881786346 -0.08568283915519714 -0.07381190359592438 0.9878993630409241
25.900106616216217 -0.03830196335911751 0.18831270933151245 0.08603647351264954 0.10488774627447128 -0.08655458688735962 -0.07420575618743896 0.9879273772239685
25.950123616216217 -0.03912186995148659 0.19606032967567444 0.08723682165145874 0.10210148245096207 -0.0844942033290863 -0.07538429647684097 0.988308310508728
26.000141616216215 -0.033014800399541855 0.21144405007362366 0.08626759797334671 0.09961198270320892 -0.08442745357751846 -0.07750269770622253 0.9884041547775269
26.050158616216216 -0.027457665652036667 0.2223348617553711 0.09096523374319077 0.0966293141245842 -0.08327168971300125 -0.07815492153167725 0.9887468814849854
26.100175616216216 -0.018639402464032173 0.23444949090480804 0.09279638528823853 0.09390194714069366 -0.08454598486423492 -0.07781192660331726 0.9889286160469055
26.150192616216216 -0.015386521816253662 0.24274830520153046 0.10097518563270569 0.09033292531967163 -0.08660667389631271 -0.07752835750579834 0.9891050457954407
26.200210616216218 -0.014834373258054256 0.2510899007320404 0.10281717777252197 0.08640535920858383 -0.08969375491142273 -0.07603979110717773 0.9892963171005249
26.250227616216215 -0.008479388430714607 0.266172856092453 0.10447990149259567 0.08410892635583878 -0.09449116885662079 -0.07264798134565353 0.9893025159835815
26.300244616216215 0.0013964828103780746 0.2682477533817291 0.12009920924901962 0.08066660910844803 -0.09735854715108871 -0.07062016427516937 0.9894579648971558
26.350261616216216 0.008299356326460838 0.28044748306274414 0.10543356835842133 0.08207497745752335 -0.09147921204566956 -0.06776552647352219 0.9901025891304016
26.400278616216216 0.006380496546626091 0.2868140637874603 0.09480076283216476 0.08587701618671417 -0.0825178474187851 -0.06247852370142937 0.9909149408340454
26.450296616216217 0.011547096073627472 0.28387531638145447 0.09903628379106522 0.09016527235507965 -0.0765569731593132 -0.05558164045214653 0.9914232492446899
26.500313616216218 0.024731166660785675 0.2922969162464142 0.10004786401987076 0.09768518060445786 -0.0751333087682724 -0.04991116374731064 0.9911213517189026
26.550330616216215 0.0340917594730854 0.30547136068344116 0.09491515904664993 0.10714643448591232 -0.07411686331033707 -0.044760506600141525 0.9904660582542419
26.600347616216215 0.038744013756513596 0.31893739104270935 0.09618254750967026 0.11648663878440857 -0.07050769031047821 -0.039533961564302444 0.9898972511291504
26.650365616216217 0.04564840346574783 0.3272559642791748 0.09791521728038788 0.12359640747308731 -0.0645829513669014 -0.034379731863737106 0.9896317720413208
26.700382616216217 0.04828968644142151 0.34327200055122375 0.09667686372995377 0.13049349188804626 -0.05810264125466347 -0.02991456910967827 0.9892930388450623
26.750399616216217 0.05200790986418724 0.35616937279701233 0.09210233390331268 0.13500529527664185 -0.0528324693441391 -0.02675977349281311 0.9890734553337097
26.800416616216218 0.05610361695289612 0.37086743116378784 0.09662804007530212 0.1369558572769165 -0.048224400728940964 -0.024334842339158058 0.9891033172607422
26.850434616216216 0.05957287177443504 0.36801639199256897 0.10924960672855377 0.13360744714736938 -0.04717330262064934 -0.02181999944150448 0.98967045545578
26.900451616216216 0.05851883068680763 0.38544848561286926 0.12060631066560745 0.13334357738494873 -0.04758293926715851 -0.0222252756357193 0.9896774291992188
26.950468616216217 0.057069189846515656 0.39652517437934875 0.12746977806091309 0.1317000836133957 -0.05027143657207489 -0.023277735337615013 0.9897404313087463
27.000485616216217 0.05718473345041275 0.40881186723709106 0.13261006772518158 0.1307397037744522 -0.052025631070137024 -0.024599136784672737 0.9897451400756836
27.050503616216215 0.05171872302889824 0.42557570338249207 0.1400652378797531 0.13098636269569397 -0.053469665348529816 -0.028978995978832245 0.9895169734954834
27.100520616216215 0.055190835148096085 0.4346126317977905 0.14633087813854218 0.13079902529716492 -0.05632423982024193 -0.03039219044148922 0.9893410205841064
27.150537616216216 0.05707913264632225 0.44426870346069336 0.14747032523155212 0.13082636892795563 -0.05977313965559006 -0.028794825077056885 0.9891827702522278
27.200554616216216 0.05571786314249039 0.45903730392456055 0.14981988072395325 0.1330224871635437 -0.06299889832735062 -0.029447942972183228 0.9886703491210938
27.250571616216217 0.055444154888391495 0.47508513927459717 0.14962556958198547 0.13447140157222748 -0.06622547656297684 -0.028163835406303406 0.9883008003234863
27.300589616216214 0.05843813717365265 0.4841465353965759 0.15237189829349518 0.13436120748519897 -0.06870425492525101 -0.024563893675804138 0.9882426261901855
27.350606616216215 0.0626136064529419 0.48579931259155273 0.15572744607925415 0.1326548159122467 -0.07040989398956299 -0.022899692878127098 0.9883930087089539
27.400623616216215 0.0661236122250557 0.49235740303993225 0.15933620929718018 0.13145296275615692 -0.07312656939029694 -0.0193635243922472 0.988431990146637
27.450640616216216 0.07210394740104675 0.5027161240577698 0.16665039956569672 0.1316574513912201 -0.07467830181121826 -0.015625130385160446 0.9883549213409424
27.500658616216217 0.0676557794213295 0.5058863162994385 0.1780439019203186 0.1307154893875122 -0.07159048318862915 -0.014730220660567284 0.9887220859527588
27.550675616216218 0.06944547593593597 0.5161212682723999 0.17052653431892395 0.1304636299610138 -0.07046758383512497 -0.01209306251257658 0.9888717532157898
27.600692616216215 0.07315629720687866 0.5260831117630005 0.18654204905033112 0.13082759082317352 -0.06966568529605865 -0.010872923769056797 0.9888947010040283
27.650709616216215 0.07295770943164825 0.5335446000099182 0.18594257533550262 0.13143593072891235 -0.06994472444057465 -0.010975138284265995 0.9887931942939758
27.700727616216216 0.06759118288755417 0.5261010527610779 0.18380911648273468 0.13242051005363464 -0.0696990042924881 -0.013474064879119396 0.9886482954025269
27.750744616216217 0.06723465770483017 0.533475935459137 0.18509183824062347 0.13530564308166504 -0.07201456278562546 -0.015130807645618916 0.9880675077438354
