1541978775364538.0 -0.0 -0.0 -0.0 -0.0 -0.0 1.0 -0.0
1541978775394292.0 -0.0 -0.0 -0.0 -0.0 -0.0 1.0 -0.0
1541978775424239.0 0.05792012 0.00019779705 0.019891303 0.013997566 0.0029098114 0.9998941 0.0027374285
1541978775454367.0 0.08424101 -0.0018968252 0.023451751 0.019254904 0.0058158413 0.99979764 0.00032203388
1541978775484636.0 0.08424101 -0.0018968252 0.023451751 0.019254904 0.0058158413 0.99979764 0.00032203388
1541978775514985.0 0.12994653 -0.0058756135 0.02397328 0.026428444 0.011877369 0.99952793 -0.010218162
1541978775545349.0 0.12994653 -0.0058756135 0.02397328 0.026428444 0.011877369 0.99952793 -0.010218162
1541978775575698.0 0.16882417 -0.008675826 0.018719126 0.03772874 0.008442689 0.99909616 -0.017668465
1541978775606049.0 0.18536457 -0.009502518 0.011990263 0.04296399 0.0077201226 0.9989753 -0.011953365
1541978775636431.0 0.2007178 -0.009435044 0.0044081756 0.043253947 0.010247356 0.9990111 0.00096171966
1541978775666853.0 0.21628527 -0.009493792 -0.0023924098 0.040637273 0.007899916 0.99904037 0.014303792
1541978775697287.0 0.23147045 -0.009278088 -0.0108133415 0.039396074 -0.00068994664 0.99892926 0.024246067
1541978775727686.0 0.24852814 -0.008516386 -0.023480298 0.03839006 -0.010061889 0.9987906 0.029020334
1541978775757999.0 0.26469046 -0.0065872753 -0.03580622 0.039478797 -0.019664038 0.99864906 0.027475078
1541978775788173.0 0.28273758 -0.0038395564 -0.052836426 0.043998588 -0.034013465 0.99825424 0.019893961
1541978775818194.0 0.30167395 0.00060641527 -0.06957691 0.052411936 -0.050364044 0.997308 0.009652576
1541978775848086.0 0.32210764 0.0033289362 -0.09024124 0.0628155 -0.064360544 0.99594605 -0.0018547598
1541978775877881.0 0.32464433 0.0051138266 -0.11313958 0.080404945 -0.07322653 0.99397194 -0.01388437
1541978775907630.0 0.33846864 0.0074401884 -0.13810198 0.09427343 -0.075521685 0.9923754 -0.024499265
1541978775937378.0 0.34731874 0.012470861 -0.16591112 0.10618068 -0.074878395 0.9910251 -0.03143564
1541978775967152.0 0.3601395 0.03401503 -0.17536746 0.115926884 -0.07476258 0.99000674 -0.029294994
1541978775996950.0 0.36446968 0.039768897 -0.20366283 0.1265138 -0.07159956 0.9889506 -0.029061694
1541978776026753.0 0.36698827 0.047392633 -0.23420703 0.13613138 -0.060464714 0.98861915 -0.021082401
1541978776056537.0 0.35985482 0.057984464 -0.26056027 0.14952162 -0.04936939 0.98748845 -0.00852245
1541978776086251.0 0.35546649 0.063652 -0.2898294 0.16037032 -0.041459065 0.9861858 -0.00042373006
1541978776115835.0 0.34734237 0.07138123 -0.3128785 0.17606087 -0.03849096 0.98362124 0.003203552
1541978776145243.0 0.33356744 0.088742964 -0.33160183 0.19199382 -0.03284712 0.98080266 0.009260159
1541978776174441.0 0.31978086 0.09706267 -0.35148865 0.2042486 -0.018420557 0.97863835 0.014497098
1541978776203432.0 0.30926508 0.11235731 -0.3685136 0.21244776 -0.00071723975 0.97689986 0.023069592
1541978776232269.0 0.29612237 0.121870145 -0.3793947 0.21858329 0.0136247855 0.9753044 0.028584586
1541978776261033.0 0.28124312 0.13607074 -0.38880223 0.2194771 0.023423573 0.9748376 0.031191487
1541978776289782.0 0.25900605 0.1461571 -0.39562514 0.2153401 0.02781053 0.9756461 0.031145247
1541978776318540.0 0.2484165 0.15680647 -0.40486053 0.20403056 0.028615916 0.97810715 0.02930985
1541978776347304.0 0.23331034 0.17351724 -0.4006756 0.18930368 0.027533043 0.9811369 0.027866706
1541978776376065.0 0.2144306 0.17721277 -0.4062948 0.1706514 0.025775954 0.9847066 0.023805888
1541978776404828.0 0.18678047 0.19400565 -0.40034115 0.15356272 0.0218741 0.9876304 0.022939187
1541978776433589.0 0.13635507 0.2031097 -0.40152997 0.13877724 0.017604943 0.98996496 0.020009764
1541978776462336.0 0.11915841 0.2199151 -0.39674097 0.11579704 0.013140515 0.99299204 0.019628886
1541978776491044.0 0.09953449 0.22935762 -0.40008208 0.091588676 0.008919324 0.9956451 0.014925294
1541978776519695.0 0.07614389 0.2417086 -0.40015173 0.0699272 0.0012741145 0.9975059 0.009520724
1541978776548288.0 0.040509105 0.2743065 -0.3913456 0.05132826 -0.011087768 0.998585 0.008396844
1541978776576848.0 0.0085807955 0.28807566 -0.39467245 0.03130823 -0.022396354 0.99925536 0.002635389
1541978776605398.0 -0.034998517 0.3227042 -0.38831314 0.0129772695 -0.037223276 0.9992118 0.004682602
1541978776633955.0 -0.06206549 0.34018075 -0.38952744 -0.008160877 -0.05182804 0.9986151 0.0039047613
1541978776662529.0 -0.08546141 0.36069262 -0.39105496 -0.028159231 -0.06803846 0.9972821 0.0025136943
1541978776691120.0 -0.119925275 0.37673327 -0.403158 -0.03852226 -0.086387046 0.9955147 -0.0019823608
1541978776719731.0 -0.12843075 0.38672647 -0.40997607 -0.04846692 -0.09963492 0.99380577 -0.008602463
1541978776748380.0 -0.13436995 0.403593 -0.4204326 -0.05799682 -0.10367043 0.9928072 -0.014920978
1541978776777106.0 -0.13705069 0.4129484 -0.43216795 -0.06338067 -0.100899994 0.9926122 -0.022872858
1541978776805943.0 -0.14129867 0.420329 -0.44308594 -0.058937136 -0.101440735 0.99255943 -0.03259017
1541978776834903.0 -0.13034496 0.42462254 -0.45509464 -0.053019263 -0.10292647 0.9924068 -0.0415205
1541978776863976.0 -0.1311281 0.43016312 -0.4701271 -0.047132168 -0.097875975 0.99306136 -0.04503346
1541978776893137.0 -0.12985401 0.44632128 -0.48378003 -0.04637047 -0.09267411 0.99369895 -0.04270633
1541978776922378.0 -0.12078573 0.44661754 -0.49908853 -0.05262377 -0.091813505 0.9934738 -0.04255298
1541978776951715.0 -0.11550784 0.4526933 -0.5166333 -0.05541515 -0.10374317 0.99204254 -0.044924334
1541978776981164.0 -0.10132201 0.4589665 -0.52751315 -0.059912644 -0.11738431 0.9900364 -0.04959111
1541978777010708.0 -0.095604956 0.46486887 -0.53439695 -0.057683155 -0.12942979 0.9886134 -0.05063722
1541978777040294.0 -0.09186126 0.46814874 -0.5413446 -0.054068986 -0.14483099 0.9869053 -0.046027597
1541978777069901.0 -0.07897938 0.47920036 -0.55181086 -0.05979947 -0.16002396 0.9847116 -0.03405145
1541978777099525.0 -0.057980135 0.49477014 -0.57013655 -0.06761949 -0.17953435 0.98108715 -0.025751652
1541978777129123.0 -0.049614843 0.50270486 -0.5771554 -0.07310902 -0.19608364 0.9776767 -0.018830765
1541978777158643.0 -0.043693814 0.5063279 -0.58631015 -0.07819467 -0.2120367 0.9740082 -0.015304014
1541978777188078.0 -0.043639205 0.5155206 -0.5945901 -0.079971015 -0.23220944 0.96923774 -0.016178371
1541978777217443.0 -0.032596152 0.52179545 -0.5971055 -0.085838296 -0.23908447 0.96698684 -0.02017389
1541978777246758.0 -0.024942782 0.5326495 -0.6007217 -0.08677536 -0.2294291 0.9692184 -0.021168454
1541978777276051.0 -0.0070949756 0.5271381 -0.600503 -0.08270409 -0.21709055 0.97242695 -0.02043609
1541978777305342.0 0.015142308 0.52158463 -0.5991119 -0.07448781 -0.21175982 0.97433674 -0.016651249
