1541976466263336.0 -0.0 -0.0 -0.0 -0.0 -0.0 1.0 -0.0
1541976466289024.0 -0.010618782 0.004074625 -0.041581158 -0.0053749983 0.0053601605 0.99990636 0.011387614
1541976466314657.0 -0.024035707 0.009654127 -0.089549914 -0.0072241793 0.0040695844 0.99977565 0.019490998
1541976466340200.0 -0.024035707 0.009654127 -0.089549914 -0.0072241793 0.0040695844 0.99977565 0.019490998
1541976466365628.0 -0.066643395 0.029149448 -0.18289714 -0.0059188395 -0.015991675 0.9996488 0.020288864
1541976466390925.0 -0.066643395 0.029149448 -0.18289714 -0.0059188395 -0.015991675 0.9996488 0.020288864
1541976466416104.0 -0.11242468 0.06232762 -0.26991922 -0.0074794465 -0.022643857 0.9993723 0.026197078
1541976466441201.0 -0.13878009 0.0891812 -0.30503947 -0.0089995945 -0.025943162 0.9994185 0.020213997
1541976466466246.0 -0.17053452 0.11709754 -0.32996637 -0.013986042 -0.029421553 0.99937695 0.013583571
1541976466491259.0 -0.20569724 0.14475775 -0.35797814 -0.018468646 -0.037151255 0.99910855 0.0078006084
1541976466516265.0 -0.23562667 0.17108563 -0.3802792 -0.022202592 -0.043733846 0.99878895 0.0038881053
1541976466541295.0 -0.26600417 0.20102979 -0.40462884 -0.024180057 -0.044955526 0.9986934 0.0024348618
1541976466566363.0 -0.28733367 0.23147357 -0.43006402 -0.025370913 -0.042152897 0.9987888 -0.0006805169
1541976466591435.0 -0.31037426 0.26868808 -0.45569843 -0.02432474 -0.04103968 0.99885267 -0.004173205
1541976466616426.0 -0.33021957 0.30561858 -0.48243397 -0.024815004 -0.039267723 0.99888724 -0.008160789
1541976466641258.0 -0.34883362 0.34292862 -0.5072606 -0.024286866 -0.03677517 0.99897283 -0.0105397245
1541976466665897.0 -0.36200523 0.37775484 -0.5368002 -0.023915065 -0.033212986 0.9990937 -0.01169334
1541976466690378.0 -0.37771586 0.41187292 -0.56470305 -0.023336515 -0.029299337 0.9992261 -0.012010187
1541976466714794.0 -0.39241037 0.44649842 -0.59305495 -0.022479342 -0.025072586 0.9993393 -0.013676281
1541976466739212.0 -0.4091513 0.48054516 -0.6217826 -0.022441491 -0.021032464 0.99941146 -0.015189757
1541976466763670.0 -0.42953223 0.50944513 -0.6543479 -0.021765072 -0.017707372 0.99948215 -0.015753828
1541976466788212.0 -0.44743717 0.5357374 -0.6862763 -0.02090874 -0.014584414 0.9995538 -0.015565607
1541976466812906.0 -0.46833158 0.5618007 -0.7216288 -0.020131033 -0.010416305 0.9996224 -0.015537471
1541976466837807.0 -0.49015868 0.5842426 -0.7554999 -0.020407772 -0.009268741 0.9996241 -0.015794098
1541976466862944.0 -0.5111305 0.60329974 -0.7926062 -0.01975851 -0.0075807325 0.9996644 -0.014942595
1541976466888335.0 -0.53083295 0.6193888 -0.8325044 -0.017890712 -0.0050537293 0.9997229 -0.014443853
1541976466914018.0 -0.5497111 0.6339941 -0.87179595 -0.015152214 -0.0033628026 0.9997862 -0.013661481
1541976466940043.0 -0.5683473 0.64683145 -0.9119777 -0.011216558 -0.0038944988 0.999821 -0.014732252
1541976466966421.0 -0.58859116 0.65783906 -0.95590574 -0.008055018 -0.002624619 0.9998498 -0.015125247
1541976466993129.0 -0.61169225 0.66335773 -1.0027746 -0.0068288613 -0.0014564912 0.99987245 -0.014366679
1541976467020132.0 -0.63540524 0.66524214 -1.045246 -0.00363007 -0.0074803135 0.9998548 -0.014877722
1541976467047402.0 -0.6592482 0.66633165 -1.0884588 0.00048408483 -0.01606862 0.9997244 -0.017111488
1541976467074898.0 -0.68512 0.6662665 -1.1269696 0.0007566943 -0.020466357 0.9996371 -0.01749911
1541976467102555.0 -0.71345174 0.6669674 -1.1714528 0.0013491258 -0.027287295 0.9994349 -0.01958312
1541976467130319.0 -0.72951376 0.6708806 -1.2094673 0.0014018168 -0.033049475 0.9992 -0.022476614
1541976467158163.0 -0.75673807 0.6733407 -1.2538248 0.0024256378 -0.033597693 0.9991717 -0.022832152
1541976467186087.0 -0.7790083 0.6774974 -1.2965521 0.00080300804 -0.0335411 0.9991836 -0.02250662
1541976467214091.0 -0.8074994 0.68263376 -1.3440498 0.0027574669 -0.03762718 0.9990034 -0.023851564
1541976467242175.0 -0.8347255 0.6882943 -1.3909161 0.0028826736 -0.039945897 0.9988946 -0.024611546
1541976467270328.0 -0.8648193 0.6968899 -1.4332318 0.003015024 -0.040612895 0.9988793 -0.0241185
1541976467298547.0 -0.8950099 0.70929265 -1.4738249 0.002629602 -0.040204033 0.99893314 -0.022570945
1541976467326830.0 -0.93168914 0.7243177 -1.5073534 0.0030796484 -0.04339732 0.99879867 -0.022549666
1541976467355177.0 -0.97626203 0.73590446 -1.5412097 0.0036907147 -0.049650494 0.99844664 -0.02501109
1541976467383593.0 -1.0251132 0.7518043 -1.569724 0.0035223942 -0.053287063 0.9982429 -0.025675738
1541976467412095.0 -1.0762253 0.76898545 -1.5973973 0.00332284 -0.05675713 0.9980188 -0.026947036
1541976467440722.0 -1.1350886 0.7875514 -1.6258016 0.0052545187 -0.060884677 0.99768186 -0.02994112
1541976467469521.0 -1.1821841 0.8111754 -1.6518267 0.004925596 -0.061429434 0.99764735 -0.03003243
1541976467498541.0 -1.2454412 0.82979506 -1.6764964 0.0042186338 -0.059637286 0.99775255 -0.030257376
1541976467527817.0 -1.309696 0.8449849 -1.7070807 0.0032128477 -0.060550064 0.9976631 -0.03149193
1541976467557359.0 -1.3840489 0.85691833 -1.7273294 0.0033004207 -0.0642891 0.9973511 -0.033865802
1541976467587153.0 -1.4645168 0.86200994 -1.7491485 0.0013996016 -0.066366486 0.9971996 -0.03444653
1541976467617184.0 -1.539437 0.8645567 -1.7659683 0.00036654907 -0.06952963 0.99699193 -0.03424273
1541976467647432.0 -1.6147529 0.86396337 -1.7870266 -0.00014906948 -0.073241085 0.9967015 -0.0349558
1541976467677879.0 -1.6849542 0.86819756 -1.8111957 -0.0010462488 -0.07756592 0.9963414 -0.035864025
1541976467708515.0 -1.741723 0.86943257 -1.8342612 -0.00094106595 -0.07789207 0.99630934 -0.036051147
1541976467739321.0 -1.7925206 0.87419224 -1.8476195 0.00091409957 -0.07637964 0.99640334 -0.036684196
1541976467770269.0 -1.8350745 0.88053 -1.8738616 0.0041732104 -0.072983004 0.99653476 -0.039681803
1541976467801332.0 -1.874139 0.8869072 -1.898945 0.0064125964 -0.0700678 0.99661136 -0.04260548
1541976467832481.0 -1.901819 0.8909917 -1.923962 0.009651237 -0.06794871 0.996606 -0.0454576
1541976467863695.0 -1.9334401 0.8905328 -1.9465865 0.012344685 -0.0637912 0.99678785 -0.046821643
1541976467894965.0 -1.9595287 0.89219326 -1.9650632 0.013459024 -0.06113154 0.9968925 -0.0478242
1541976467926275.0 -1.9941939 0.9003084 -1.9879676 0.015342478 -0.0603689 0.9968242 -0.04961584
1541976467957604.0 -2.0194247 0.9046996 -2.0137448 0.017946223 -0.06256342 0.99647254 -0.052974045
1541976467988942.0 -2.0358007 0.91024727 -2.0394497 0.01899126 -0.05865486 0.99669254 -0.052944176
1541976468020294.0 -2.0583417 0.91892606 -2.0669816 0.020843206 -0.0562509 0.9966882 -0.054900415
1541976468051663.0 -2.074517 0.92947704 -2.0920484 0.02368965 -0.05369821 0.99664474 -0.057049807
1541976468083039.0 -2.0877979 0.93687636 -2.127936 0.026283285 -0.045800697 0.9969173 -0.05802942
1541976468114415.0 -2.110415 0.94792116 -2.15853 0.0299353 -0.037845723 0.9970896 -0.05902472
1541976468145780.0 -2.1234658 0.9534007 -2.1806946 0.03328768 -0.027324969 0.9972381 -0.060510125
1541976468177124.0 -2.1447113 0.96182877 -2.1962335 0.03549596 -0.0110902265 0.9973743 -0.062142022
1541976468208433.0 -2.1642528 0.9723959 -2.2187495 0.037975807 0.006569122 0.99713826 -0.06503832
1541976468239696.0 -2.1851807 0.9767118 -2.241265 0.04145112 0.019655578 0.9966252 -0.0680715
1541976468270913.0 -2.2077453 0.9715081 -2.2561197 0.043510474 0.029348731 0.99625534 -0.06870923
1541976468302089.0 -2.2256763 0.9581025 -2.2858386 0.044775154 0.03562145 0.99603075 -0.068184756
1541976468333235.0 -2.2526293 0.9416989 -2.298127 0.04551436 0.041079987 0.99594885 -0.06577814
1541976468364363.0 -2.2747676 0.9316759 -2.322409 0.046814747 0.04405099 0.9959032 -0.06359898
1541976468395486.0 -2.2956514 0.9220423 -2.3442886 0.047869366 0.04749969 0.99583536 -0.061354075
1541976468426600.0 -2.3168995 0.9310507 -2.3747132 0.047949508 0.053309776 0.99564236 -0.0596256
1541976468457687.0 -2.3363674 0.93442875 -2.3937533 0.047648534 0.05361214 0.99548787 -0.062122963
1541976468488732.0 -2.3426182 0.95190483 -2.434593 0.046527367 0.055859752 0.99529946 -0.063984714
1541976468519719.0 -2.3492975 0.9770748 -2.4590666 0.046331223 0.06050778 0.9950667 -0.063517936
1541976468550651.0 -2.3538551 0.98617923 -2.4798489 0.050786033 0.05855719 0.99457085 -0.06943109
1541976468581549.0 -2.343564 1.0100409 -2.4938107 0.051699013 0.057021335 0.9944937 -0.07112024
1541976468612431.0 -2.3085797 1.0214915 -2.4968555 0.054235514 0.05490316 0.99448293 -0.071048394
1541976468643318.0 -2.2523499 1.0343027 -2.4746192 0.057425972 0.056738406 0.9943679 -0.06867002
1541976468674230.0 -2.1948304 1.0534161 -2.4645514 0.06332837 0.05622265 0.9940593 -0.06837068
1541976468705169.0 -2.1243472 1.0623606 -2.421288 0.06585825 0.05816881 0.99393415 -0.06613642
1541976468736101.0 -2.0645747 1.0671612 -2.3883784 0.07363256 0.056564644 0.99358505 -0.06455688
1541976468767007.0 -1.9982288 1.0527222 -2.3357873 0.07903217 0.055075902 0.9933766 -0.06263884
1541976468797877.0 -1.942112 1.0491422 -2.2970557 0.083042204 0.054644253 0.9933934 -0.057336908
1541976468828700.0 -1.9163712 1.0329587 -2.2448437 0.0910234 0.053619407 0.99290705 -0.05454716
1541976468859448.0 -1.866937 1.0287281 -2.2135608 0.09589241 0.05089146 0.9927539 -0.05152076
1541976468890095.0 -1.8233176 1.0399653 -2.209673 0.09974695 0.046154715 0.9926308 -0.0510349
1541976468920642.0 -1.7850348 1.0416842 -2.1798828 0.10180496 0.047157537 0.99240553 -0.050430886
1541976468951080.0 -1.7294949 1.0364748 -2.1605122 0.098289035 0.046501786 0.99283046 -0.049645387
1541976468981398.0 -1.6959271 1.0308396 -2.1383364 0.10283542 0.044464957 0.9925117 -0.048665017
1541976469011616.0 -1.7130753 1.0279554 -2.1334662 0.110629566 0.045148823 0.9917606 -0.04619098
1541976469041748.0 -1.6887913 1.0189201 -2.1139326 0.11374319 0.045304194 0.9913547 -0.047178954
1541976469071786.0 -1.6669581 1.0197357 -2.0929806 0.113530956 0.047256824 0.99130297 -0.046862595
1541976469101714.0 -1.6426682 1.0078127 -2.0778859 0.114295706 0.047885597 0.9912077 -0.046377234
1541976469131532.0 -1.6185976 0.9952833 -2.0360813 0.1162107 0.04825567 0.9910877 -0.043723024
1541976469161277.0 -1.6108263 0.9773027 -1.9987454 0.1150912 0.050703984 0.9911819 -0.041732684
1541976469190980.0 -1.5937817 0.95818627 -1.9797775 0.10982946 0.051286597 0.99177843 -0.0410232
1541976469220641.0 -1.6046357 0.9492316 -1.9732505 0.11139485 0.040129673 0.99207145 -0.04213192
1541976469250264.0 -1.5684359 0.9208994 -1.9260799 0.10748056 0.03569994 0.99277055 -0.03975201
1541976469279872.0 -1.5296761 0.89700395 -1.8806895 0.102548406 0.033641398 0.9934334 -0.03797755
1541976469309473.0 -1.5036794 0.87773484 -1.8663853 0.09718602 0.036053173 0.9940375 -0.03383253
1541976469339044.0 -1.4600909 0.85149676 -1.8266854 0.095194384 0.030414205 0.99451834 -0.030762939
1541976469368554.0 -1.4402455 0.8382741 -1.8114694 0.09209616 0.025889575 0.9950892 -0.025407627
1541976469397944.0 -1.4350765 0.83179975 -1.7993015 0.08931518 0.02117263 0.99550915 -0.023152698
1541976469427102.0 -1.4116836 0.81148726 -1.7800834 0.08512022 0.017420888 0.99595636 -0.022847824
1541976469455927.0 -1.4086872 0.81493586 -1.8004425 0.081292525 0.013584128 0.9963065 -0.02409389
1541976469484393.0 -1.4094748 0.82623696 -1.8234315 0.07506317 0.0153280385 0.9968035 -0.022658007
1541976469512578.0 -1.4073027 0.83069795 -1.8414292 0.06662278 0.018837355 0.9973795 -0.020994402
1541976469540609.0 -1.4366703 0.822617 -1.830895 0.07054006 0.013719008 0.9970495 -0.026983678
1541976469568602.0 -1.456447 0.8381733 -1.8351017 0.066878945 0.011143906 0.9973716 -0.02555141
1541976469596644.0 -1.4560825 0.8554988 -1.8760207 0.056617904 0.00967505 0.9980664 -0.023756882
1541976469624815.0 -1.4857571 0.8819511 -2.0021408 0.039847605 0.009367488 0.9988753 -0.02392759
1541976469653179.0 -1.5157977 0.88659066 -2.0129068 0.034400743 0.007371045 0.99913615 -0.02211996
1541976469681775.0 -1.532947 0.88498574 -2.022886 0.03164007 0.0055093057 0.99923986 -0.022096453
1541976469710626.0 -1.6434826 0.90156984 -2.0647113 0.032513876 0.00897634 0.99925345 -0.018837519
1541976469739752.0 -1.6613744 0.8993154 -2.0736873 0.0298178 0.009604694 0.99938047 -0.016045604
1541976469769153.0 -1.70484 0.89655924 -2.0995655 0.028785894 0.009199723 0.9994411 -0.014294825
1541976469798779.0 -1.7159258 0.8919928 -2.1207423 0.026413763 0.0060447613 0.9995377 -0.013794694
1541976469828553.0 -1.7115545 0.89550877 -2.131525 0.026139604 0.0058184313 0.99958163 -0.010931316
1541976469858405.0 -1.7248048 0.89446366 -2.1658747 0.025664195 0.011506607 0.9995619 -0.009222026
1541976469888265.0 -1.7321227 0.8914401 -2.1823916 0.025523415 0.02272703 0.9993566 -0.010884288
1541976469918060.0 -1.7821605 0.8994993 -2.2992823 0.025473595 0.029599996 0.9991133 -0.015733805
1541976469947741.0 -1.8037907 0.900231 -2.3581855 0.025978193 0.03800161 0.9987819 -0.017767597
1541976469977303.0 -1.8231211 0.9126829 -2.4085658 0.027628439 0.0415607 0.99856836 -0.019254
1541976470006748.0 -1.8833354 0.9259245 -2.5051112 0.028723983 0.04775749 0.9982286 -0.020827046
1541976470036059.0 -1.8843484 0.9268415 -2.5243704 0.029026523 0.049618695 0.9980701 -0.023484744
1541976470065241.0 -1.9274877 0.8861746 -2.5795171 0.030291222 0.05526637 0.9976139 -0.028188335
1541976470094312.0 -1.9831069 0.8769195 -2.6215675 0.026828893 0.056492493 0.997588 -0.030117586
1541976470123302.0 -2.0816896 0.87610227 -2.6622584 0.019309798 0.055662923 0.9978471 -0.02880943
1541976470152250.0 -2.1460629 0.87256837 -2.6910393 0.013912076 0.049365137 0.9982355 -0.029923145
1541976470181197.0 -2.2110655 0.88480586 -2.7502086 0.0061437837 0.041748688 0.9986347 -0.03079325
1541976470210209.0 -2.2622721 0.8914438 -2.7722154 0.002566303 0.03688132 0.99881965 -0.03150398
1541976470239351.0 -2.3943875 0.8965433 -2.8154063 0.0020252983 0.035245545 0.99880123 -0.033908874
1541976470268663.0 -2.4726353 0.90985644 -2.8273108 -0.0028178846 0.032255925 0.99891156 -0.03357587
1541976470298161.0 -2.5850248 0.9206536 -2.82407 -0.0027755848 0.028283114 0.9990552 -0.03287987
1541976470327837.0 -2.6510592 0.92463166 -2.833885 -0.004281984 0.023029845 0.9991956 -0.03255142
1541976470357677.0 -2.6894193 0.92481226 -2.8531208 -0.006118131 0.01968568 0.99925333 -0.032678433
1541976470387662.0 -2.7878253 0.90958184 -2.9205499 -0.008591329 0.014917015 0.9991352 -0.03785051
1541976470417767.0 -2.8310068 0.91046995 -2.9358315 -0.008597194 0.0138288895 0.99917775 -0.03713201
1541976470447956.0 -2.912753 0.8995686 -2.953382 -0.004123537 0.0130892685 0.99914455 -0.039012466
1541976470478195.0 -2.9834025 0.87814283 -2.957363 0.0009257168 0.016622135 0.99901384 -0.041161958
1541976470508455.0 -2.9699998 0.8912851 -2.949872 0.0034740013 0.019499145 0.99895346 -0.04122742
1541976470538713.0 -3.010071 0.8862281 -2.9586482 0.0077856807 0.023138452 0.99873394 -0.043984994
1541976470568944.0 -3.034093 0.8820213 -2.9726975 0.010494419 0.02402579 0.9985576 -0.046854597
1541976470599126.0 -3.075862 0.87185085 -2.988073 0.015179332 0.026116665 0.9983031 -0.049784034
1541976470629238.0 -3.1282842 0.8561164 -2.9999938 0.021252234 0.031698685 0.9978694 -0.052918185
1541976470659266.0 -3.0966437 0.8728358 -3.0102987 0.019124763 0.033915937 0.99783695 -0.052965768
1541976470689205.0 -3.1323886 0.8648527 -3.0224733 0.021887949 0.038485922 0.9975235 -0.054650772
1541976470719049.0 -3.1622477 0.8546302 -3.0444162 0.022907123 0.041740812 0.99727374 -0.05637461
1541976470748794.0 -3.1879752 0.8445121 -3.0506666 0.025555084 0.042451385 0.997025 -0.05904217
1541976470778445.0 -3.2003553 0.8457751 -3.0728316 0.025345614 0.045169864 0.99693805 -0.05858207
1541976470808005.0 -3.212157 0.84611666 -3.0854332 0.025874792 0.04867747 0.996646 -0.060480334
1541976470837484.0 -3.2148817 0.8585553 -3.0860186 0.02551487 0.052348237 0.9965462 -0.05919835
1541976470866894.0 -3.2094035 0.85475 -3.092371 0.026902834 0.05456314 0.9964502 -0.058191057
1541976470896244.0 -3.168162 0.87351274 -3.1034093 0.026933633 0.058155477 0.99644625 -0.05465756
1541976470925550.0 -3.1235416 0.8901727 -3.1152856 0.028416004 0.06264667 0.99612355 -0.05482546
1541976470954830.0 -3.0725174 0.9070011 -3.080397 0.030768724 0.06662085 0.9958998 -0.052901577
1541976470984088.0 -3.0183759 0.9235751 -3.134103 0.027656365 0.07149043 0.9954971 -0.055765416
1541976471013344.0 -2.9865143 0.9328109 -3.138729 0.030926844 0.07319338 0.9952547 -0.056163643
1541976471042633.0 -2.9343877 0.9404475 -3.0411887 0.033167776 0.08237428 0.9948011 -0.049852047
1541976471071987.0 -2.8670988 0.95273507 -3.0258493 0.034946073 0.08099588 0.9948772 -0.049373787
1541976471101430.0 -2.760526 0.98327124 -3.0477624 0.031850006 0.07632232 0.9952815 -0.050746586
1541976471130961.0 -2.6681104 1.0083786 -3.0095582 0.03313491 0.07471974 0.9954447 -0.049080353
1541976471160558.0 -2.6590867 0.9911914 -2.9729085 0.043636467 0.08073541 0.99455374 -0.049402002
1541976471190208.0 -2.5722857 0.9966955 -2.9280496 0.04661529 0.07711449 0.9947942 -0.047591846
1541976471219891.0 -2.421516 0.98420143 -2.8408344 0.045437355 0.07486611 0.99501705 -0.047661427
1541976471249587.0 -2.420212 0.98956114 -2.8366606 0.05491171 0.07287848 0.99477875 -0.04570225
1541976471279275.0 -2.310035 0.9762304 -2.824291 0.055486493 0.06748645 0.9951744 -0.044662993
1541976471308943.0 -2.311294 0.9892968 -2.8030052 0.06043431 0.06498476 0.9951675 -0.042027716
1541976471338556.0 -2.2521625 0.9858859 -2.7710624 0.063586906 0.059634913 0.99532735 -0.041520067
1541976471368054.0 -2.1893313 0.96438634 -2.7203429 0.07244286 0.05888221 0.99473524 -0.04226996
1541976471397366.0 -2.1430404 0.96210384 -2.6925154 0.078471474 0.057122808 0.994386 -0.042139575
1541976471426458.0 -2.099 0.9625936 -2.6735487 0.0853893 0.058772508 0.9938328 -0.039380386
1541976471455306.0 -2.0142927 0.9584835 -2.6536014 0.08727293 0.058662772 0.993672 -0.03947158
1541976471483887.0 -1.9728844 0.9559853 -2.621938 0.090825565 0.05959489 0.9932947 -0.03955973
1541976471512172.0 -2.0165792 0.9536072 -2.6474953 0.09300575 0.059480127 0.99299663 -0.04206804
1541976471540148.0 -2.0031526 0.9483185 -2.6410134 0.08839173 0.060494687 0.99348384 -0.038951386
1541976471567845.0 -1.9912286 0.93693507 -2.6307302 0.08203007 0.0600963 0.9940541 -0.038937557
1541976471595312.0 -1.9711998 0.92584866 -2.6345553 0.0722894 0.059260223 0.99495393 -0.036459167
1541976471622600.0 -2.0257397 0.9040144 -2.614271 0.07163448 0.0587038 0.99509054 -0.034888905
1541976471649766.0 -2.0199387 0.9127145 -2.6277168 0.061257206 0.05439368 0.9961872 -0.030000309
1541976471676875.0 -2.0640736 0.9024364 -2.6764948 0.049198702 0.052490786 0.9968647 -0.03294174
1541976471703989.0 -2.1351125 0.88621736 -2.7058675 0.042629845 0.05167211 0.9972676 -0.03114668
1541976471731162.0 -2.150918 0.884248 -2.7215707 0.03233418 0.049156018 0.99784774 -0.028950542
1541976471758431.0 -2.2212925 0.86502266 -2.7360866 0.025923595 0.047682825 0.9981819 -0.026218403
1541976471785828.0 -2.1873136 0.8735202 -2.7744052 0.012686309 0.043358967 0.99870265 -0.023497978
1541976471813371.0 -2.2375836 0.8600847 -2.8091767 0.007642116 0.041931603 0.99884355 -0.02224891
1541976471841070.0 -2.2483485 0.8613493 -2.8093703 0.0026982483 0.040276352 0.9990082 -0.018795822
1541976471868916.0 -2.3531513 0.8542513 -2.880951 0.00036568326 0.04057998 0.9989956 -0.018998219
1541976471896887.0 -2.3914173 0.84982806 -2.9028487 -0.003949085 0.039822523 0.99902594 -0.018595412
1541976471924951.0 -2.4519715 0.8440896 -2.9432366 -0.0067124763 0.03955044 0.99902743 -0.01830104
1541976471953080.0 -2.4537718 0.8473515 -2.9438806 -0.009834175 0.03898737 0.9990534 -0.016599406
1541976471981269.0 -2.4714515 0.8483764 -2.9638703 -0.015784241 0.040922422 0.998924 -0.015066991
1541976472009523.0 -2.5002637 0.8465655 -2.987343 -0.018265609 0.044177808 0.9987647 -0.013560204
1541976472037830.0 -2.5494776 0.8391794 -3.0157185 -0.018156938 0.0466389 0.99866396 -0.01286345
1541976472066186.0 -2.5831127 0.8352516 -3.0422277 -0.019398576 0.049964596 0.9984959 -0.011545023
1541976472094585.0 -2.605549 0.8353936 -3.074107 -0.022282222 0.05150961 0.9983853 -0.008778156
1541976472123013.0 -2.642472 0.8238358 -3.096055 -0.02449737 0.053194772 0.9982648 -0.006134197
1541976472151444.0 -2.6737592 0.82169217 -3.1242173 -0.027017595 0.052677695 0.9982348 -0.0047311713
1541976472179846.0 -2.7022998 0.82204443 -3.1544607 -0.028878622 0.053252008 0.9981605 -0.0024590322
1541976472208163.0 -2.7481325 0.8154456 -3.2091262 -0.030282171 0.055453967 0.9980015 -0.00090867426
1541976472236334.0 -2.7551541 0.82440007 -3.2346947 -0.03324934 0.05533079 0.9979118 0.0022635108
1541976472264326.0 -2.7696433 0.8336869 -3.2685518 -0.035403766 0.055541694 0.9978193 0.004290853
1541976472292122.0 -2.7751567 0.845507 -3.2852874 -0.037632957 0.055265732 0.99772596 0.008511953
1541976472319722.0 -2.7904754 0.8530799 -3.3325531 -0.038916178 0.05582667 0.99762577 0.010573417
1541976472347143.0 -2.8104415 0.8625148 -3.3770978 -0.040663533 0.060543854 0.99724656 0.013423794
1541976472374410.0 -2.8249815 0.87207216 -3.4014204 -0.04369953 0.06630647 0.9967122 0.016085744
1541976472401542.0 -2.8439744 0.8805032 -3.4282513 -0.047513485 0.069099165 0.9963003 0.01880273
1541976472428547.0 -2.8726542 0.8920457 -3.470445 -0.05254581 0.07036726 0.995888 0.02223797
1541976472455436.0 -2.9225688 0.9024154 -3.5450933 -0.056373227 0.07114297 0.99557364 0.024370668
1541976472482216.0 -2.9336429 0.901401 -3.5646155 -0.06098272 0.070219904 0.9952781 0.027780173
1541976472508901.0 -2.9669225 0.90644646 -3.6069484 -0.064554915 0.06941855 0.9950119 0.031066995
1541976472535485.0 -2.9932408 0.91089404 -3.649706 -0.06819099 0.07017769 0.9946503 0.033105046
1541976472561966.0 -3.0082493 0.91715246 -3.6769114 -0.07023974 0.07087624 0.9943624 0.035865963
1541976472588339.0 -3.048593 0.92053276 -3.7339356 -0.07011279 0.07431777 0.9940455 0.037876274
1541976472614618.0 -3.0804167 0.9339337 -3.7868521 -0.07086664 0.07613495 0.99376446 0.040171295
1541976472640824.0 -3.0954502 0.9500947 -3.8103504 -0.073697254 0.07677204 0.99344397 0.041759416
1541976472666970.0 -3.1230452 0.9545282 -3.859765 -0.073407374 0.07472681 0.9936747 0.04047124
1541976472693066.0 -3.151666 0.9690809 -3.9094572 -0.07355643 0.07558311 0.9935422 0.041840095
1541976472719133.0 -3.1763628 0.9810144 -3.9668567 -0.07459785 0.0757957 0.99348897 0.040864944
1541976472745202.0 -3.2027562 1.0000257 -4.0125995 -0.074758075 0.074675836 0.99359393 0.040074494
1541976472771291.0 -3.2314517 1.0177656 -4.0427356 -0.07541652 0.07358336 0.9936622 0.039158337
1541976472797406.0 -3.2651443 1.0364103 -4.0810237 -0.07567954 0.071795754 0.9938467 0.037238833
1541976472823559.0 -3.2871685 1.050607 -4.0952396 -0.07528604 0.073533 0.99381995 0.035310857
1541976472849771.0 -3.3335998 1.0919738 -4.175713 -0.075465694 0.07372101 0.99386376 0.03324196
1541976472876067.0 -3.343347 1.1072334 -4.2168818 -0.07480681 0.07295388 0.9940869 0.029546497
1541976472902459.0 -3.374345 1.1284885 -4.267746 -0.07459088 0.070358925 0.99437046 0.02670549
1541976472928966.0 -3.39935 1.1457305 -4.307978 -0.07453041 0.067637205 0.99460614 0.025082735
1541976472955606.0 -3.4446523 1.1586794 -4.350867 -0.073064946 0.063140534 0.99504167 0.023809586
1541976472982396.0 -3.4918156 1.1793604 -4.3916006 -0.07307103 0.05831621 0.9953791 0.021919249
1541976473009346.0 -3.557809 1.2061958 -4.450569 -0.07311403 0.051011737 0.99583864 0.018908957
1541976473036440.0 -3.5790627 1.2190921 -4.4419613 -0.07621147 0.04618656 0.9958695 0.017394613
1541976473063663.0 -3.6396997 1.238316 -4.4796834 -0.07797339 0.0385115 0.9961191 0.013559432
1541976473091019.0 -3.7027497 1.257874 -4.513784 -0.078717485 0.03045634 0.99640113 0.0077973385
1541976473118525.0 -3.7444577 1.2890562 -4.5394735 -0.07997767 0.029639691 0.9963458 0.004497775
1541976473146206.0 -3.781905 1.3000273 -4.570927 -0.07929259 0.03430491 0.9962584 0.002278169
1541976473174097.0 -3.8281186 1.2965728 -4.571069 -0.07823598 0.035876725 0.99628687 0.0021430133
1541976473202220.0 -3.882918 1.2909528 -4.597026 -0.07980012 0.03227011 0.9962846 0.002759838
1541976473230559.0 -3.9319942 1.2774855 -4.6113653 -0.08454569 0.02540139 0.99608743 0.004078961
1541976473259064.0 -3.9709284 1.2618141 -4.632743 -0.091682315 0.021180091 0.9955462 0.0057904962
1541976473287657.0 -4.0073123 1.248979 -4.625683 -0.09662264 0.01497968 0.9951735 0.008333572
1541976473316263.0 -4.040734 1.2291874 -4.6072373 -0.101590976 0.009115752 0.9947193 0.011389075
1541976473344818.0 -4.0588965 1.2119343 -4.5860777 -0.1050892 0.0017251755 0.9943555 0.014506403
1541976473373290.0 -4.065655 1.1879607 -4.5620303 -0.10861789 -0.0031895044 0.993912 0.01819194
1541976473401676.0 -4.0597 1.1726282 -4.541948 -0.11213609 -0.007547606 0.9934402 0.021096883
1541976473429985.0 -4.0548487 1.1589429 -4.5123577 -0.11425585 -0.013656856 0.993124 0.021539444
1541976473458223.0 -4.035002 1.1425028 -4.4854445 -0.11607515 -0.018567838 0.99281305 0.02245307
1541976473486406.0 -4.0033755 1.1326088 -4.4548454 -0.11992144 -0.019827744 0.9922754 0.024804115
1541976473514569.0 -3.9836357 1.1312945 -4.4126296 -0.120957986 -0.024580067 0.9920553 0.024319783
1541976473542745.0 -3.9684114 1.1267458 -4.373167 -0.120579444 -0.029678483 0.99201334 0.02212373
1541976473570950.0 -3.9336798 1.1326966 -4.335612 -0.120741084 -0.03415872 0.99188656 0.020392293
1541976473599200.0 -3.8896606 1.1325235 -4.281779 -0.120188355 -0.036227483 0.9919082 0.01898835
1541976473627527.0 -3.8536892 1.1401747 -4.2471704 -0.118414775 -0.03613435 0.99218816 0.015331345
1541976473655955.0 -3.8163052 1.1500697 -4.20659 -0.11641875 -0.034723293 0.9925277 0.011387134
1541976473684489.0 -3.7715683 1.1549551 -4.156637 -0.11414323 -0.03344487 0.99287206 0.0076089734
1541976473713120.0 -3.7376869 1.1597214 -4.1208034 -0.111747436 -0.030798191 0.9932482 0.004691302
1541976473741840.0 -3.702299 1.1692458 -4.0856566 -0.10864759 -0.028413637 0.99367285 0.0016393623
1541976473770642.0 -3.669971 1.1784511 -4.041506 -0.10536981 -0.024242694 0.99413687 -0.001166959
1541976473799509.0 -3.6368332 1.1876558 -4.0031376 -0.10379132 -0.020100208 0.9943902 -0.0034019444
1541976473828420.0 -3.6033413 1.1914295 -3.9474814 -0.10260641 -0.019218154 0.9945233 -0.005111393
1541976473857363.0 -3.5769725 1.1983843 -3.9052086 -0.1019168 -0.019316101 0.9945788 -0.0072782747
1541976473886330.0 -3.5540705 1.2029604 -3.8632255 -0.10093786 -0.019671414 0.99465746 -0.009011494
1541976473915317.0 -3.5197392 1.2037042 -3.8279204 -0.10028626 -0.017973559 0.9947388 -0.010698538
1541976473944330.0 -3.4875677 1.2070223 -3.786036 -0.098634236 -0.016344456 0.9949226 -0.011545512
1541976473973380.0 -3.450237 1.2121283 -3.746157 -0.09763604 -0.013519884 0.99506277 -0.011599708
1541976474002468.0 -3.4084291 1.2069094 -3.7030702 -0.096594155 -0.010957255 0.9952019 -0.011081524
1541976474031574.0 -3.3749127 1.2038298 -3.6711173 -0.0935664 -0.009440954 0.9954977 -0.0118593825
1541976474060687.0 -3.3186517 1.2108514 -3.6330726 -0.09491664 -0.008764089 0.99537915 -0.011596428
1541976474089806.0 -3.2713194 1.2134054 -3.5946681 -0.09497293 -0.009833729 0.99537146 -0.010916439
1541976474118925.0 -3.2297182 1.2167065 -3.5764384 -0.09385976 -0.010238496 0.9954634 -0.011757475
1541976474148048.0 -3.1853638 1.2213633 -3.5456862 -0.09431723 -0.009199072 0.9954458 -0.010363045
1541976474177174.0 -3.1474519 1.2272416 -3.5205972 -0.095789045 -0.007583899 0.9953361 -0.008544038
1541976474206297.0 -3.1098228 1.2377744 -3.497529 -0.098857 -0.0074403337 0.9950492 -0.007012919
1541976474235415.0 -3.0793905 1.2450706 -3.483143 -0.10255129 -0.0099184485 0.99466544 -0.0050600697
1541976474264522.0 -3.0529363 1.2514316 -3.468919 -0.10659693 -0.016434703 0.99416095 -0.0033161447
1541976474293617.0 -3.030523 1.2592407 -3.4566133 -0.110624395 -0.022711527 0.9936013 -0.0017334452
1541976474322703.0 -3.0028017 1.2722261 -3.455194 -0.1140093 -0.027571293 0.99309707 -0.00021581292
1541976474351779.0 -2.9720976 1.2853305 -3.4038713 -0.12117673 -0.027473003 0.9922377 0.0050907983
1541976474380847.0 -2.9468827 1.2956439 -3.3916738 -0.12292997 -0.03332965 0.99184275 0.005039787
1541976474409904.0 -2.9133716 1.304433 -3.3687718 -0.12653607 -0.03816336 0.9912131 0.005368891
1541976474438963.0 -2.8845665 1.3109807 -3.3509898 -0.12678783 -0.045271512 0.99087906 0.0058391984
1541976474468049.0 -2.836297 1.3300292 -3.3624883 -0.1317171 -0.046693563 0.9901553 0.0079316795
1541976474497181.0 -2.794928 1.3245094 -3.3367956 -0.13345703 -0.05030337 0.9897262 0.010044386
1541976474526367.0 -2.7518504 1.3250024 -3.323925 -0.13555405 -0.05573723 0.98914176 0.010819776
1541976474555599.0 -2.7114005 1.3221569 -3.3032105 -0.13643368 -0.061180178 0.98869854 0.010872099
1541976474584846.0 -2.6640713 1.3176355 -3.288235 -0.13656732 -0.06708103 0.988282 0.012173761
1541976474614091.0 -2.6110754 1.3106269 -3.2755094 -0.13597533 -0.07204838 0.9879914 0.013884868
1541976474643332.0 -2.5720644 1.311229 -3.2507448 -0.13461891 -0.07470904 0.9879555 0.015500934
1541976474672569.0 -2.525712 1.3128291 -3.2383952 -0.13377264 -0.080338 0.9876482 0.014204602
1541976474701783.0 -2.4741359 1.3135129 -3.2280946 -0.13251555 -0.08611606 0.98734 0.013548538
1541976474730961.0 -2.4218435 1.3175341 -3.2194433 -0.13005838 -0.08946672 0.98737127 0.01336554
1541976474760121.0 -2.3629353 1.3245028 -3.2054904 -0.12770338 -0.09207189 0.9874504 0.012504794
1541976474789299.0 -2.3027003 1.3299136 -3.1943252 -0.12379627 -0.09663927 0.9875429 0.0097135985
1541976474818514.0 -2.247319 1.3371758 -3.1853526 -0.118432656 -0.098076254 0.9880741 0.008019977
1541976474847788.0 -2.1941998 1.3498354 -3.189618 -0.113949224 -0.0966146 0.98875743 0.0063212905
1541976474877149.0 -2.1473396 1.3537507 -3.1838748 -0.109640315 -0.09808753 0.9891073 0.004969446
1541976474906619.0 -2.0987577 1.3641564 -3.1914759 -0.105650425 -0.09963828 0.9893942 0.0030563031
1541976474936211.0 -2.0627542 1.3745569 -3.1701958 -0.10270146 -0.099240296 0.9897371 0.0049295463
1541976474965923.0 -2.0044096 1.3723361 -3.205072 -0.09782076 -0.10570399 0.9895728 -0.0018786005
1541976474995759.0 -1.9594133 1.3768027 -3.1908946 -0.096288025 -0.108857274 0.98938054 -0.0022050852
1541976475025729.0 -1.9299928 1.3842944 -3.172457 -0.094715014 -0.10701953 0.98973334 -0.001965728
1541976475055833.0 -1.9180924 1.3824338 -3.1782548 -0.091984406 -0.10855953 0.9898158 -0.004295795
1541976475086059.0 -1.8866514 1.3804587 -3.1728442 -0.08794364 -0.11467818 0.98948663 -0.005585359
1541976475116406.0 -1.869454 1.385764 -3.1945238 -0.08971519 -0.117254496 0.98903483 -0.0035697585
1541976475146869.0 -1.8659204 1.3704013 -3.1633558 -0.09737227 -0.11442794 0.9886473 0.0012339666
1541976475177421.0 -1.8714771 1.3514496 -3.1514742 -0.10292344 -0.11933347 0.98749447 0.0045836377
1541976475208003.0 -1.8873874 1.3301947 -3.144522 -0.109332964 -0.12276432 0.98635453 0.00894619
