1542145521577086.0 -0.0 -0.0 -0.0 -0.0 -0.0 1.0 -0.0
1542145521601548.0 -0.0 -0.0 -0.0 -0.0 -0.0 1.0 -0.0
1542145521626014.0 0.03675941 -0.0005333924 0.00299989 0.004787499 -0.004657346 0.9999766 0.0014990328
1542145521650480.0 0.03675941 -0.0005333924 0.00299989 0.004787499 -0.004657346 0.9999766 0.0014990328
1542145521674949.0 0.06080105 0.007026941 0.004775181 0.004325078 -0.006110004 0.999963 -0.004245563
1542145521699426.0 0.06080105 0.007026941 0.004775181 0.004325078 -0.006110004 0.999963 -0.004245563
1542145521723922.0 0.06080105 0.007026941 0.004775181 0.004325078 -0.006110004 0.999963 -0.004245563
1542145521748450.0 0.06080105 0.007026941 0.004775181 0.004325078 -0.006110004 0.999963 -0.004245563
1542145521773014.0 0.06080105 0.007026941 0.004775181 0.004325078 -0.006110004 0.999963 -0.004245563
1542145521797607.0 0.07827454 0.01551187 0.008133739 -0.013808237 -0.021947578 0.9996626 -0.0015582893
1542145521822217.0 0.07827454 0.01551187 0.008133739 -0.013808237 -0.021947578 0.9996626 -0.0015582893
1542145521846830.0 0.067086756 0.012448829 0.008015904 -0.025408175 -0.031078175 0.99918836 0.0033506614
1542145521871432.0 0.067086756 0.012448829 0.008015904 -0.025408175 -0.031078175 0.99918836 0.0033506614
1542145521896007.0 0.048868053 0.003531963 0.0058311815 -0.03601225 -0.031452905 0.9987809 0.012274221
1542145521920548.0 0.048868053 0.003531963 0.0058311815 -0.03601225 -0.031452905 0.9987809 0.012274221
1542145521945061.0 0.027099134 -0.005674131 0.001734949 -0.044090934 -0.031573266 0.9983569 0.01851321
1542145521969553.0 0.027099134 -0.005674131 0.001734949 -0.044090934 -0.031573266 0.9983569 0.01851321
1542145521994032.0 -0.008033909 -0.018887421 -0.0046581705 -0.05085027 -0.025336647 0.998164 0.021000048
1542145522018513.0 -0.02806021 -0.025328452 -0.007275018 -0.055431813 -0.021584924 0.9979557 0.023363762
1542145522043014.0 -0.055259738 -0.03409364 -0.011642148 -0.059795436 -0.015641835 0.9977517 0.025909673
1542145522067543.0 -0.08394034 -0.041132163 -0.012515324 -0.06791765 -0.010191642 0.9971792 0.030282231
1542145522092102.0 -0.11803178 -0.04913042 -0.016195811 -0.07611203 -0.0073153907 0.9965038 0.033669923
1542145522116689.0 -0.1558358 -0.056742646 -0.020171186 -0.08260916 -0.005997347 0.995902 0.03631844
1542145522141309.0 -0.19683538 -0.0637889 -0.023091288 -0.08740961 -0.00013205562 0.99539196 0.039427973
1542145522165958.0 -0.24035786 -0.06917982 -0.025184467 -0.09260829 0.011001016 0.9947047 0.043188762
1542145522190631.0 -0.28718466 -0.074025825 -0.027793756 -0.0959423 0.019515468 0.99418026 0.044943213
1542145522215333.0 -0.33676627 -0.07733954 -0.024982091 -0.09674907 0.025319971 0.9939393 0.045642223
1542145522240086.0 -0.38726798 -0.07749036 -0.016953269 -0.097141676 0.03146813 0.993669 0.04685415
1542145522264928.0 -0.4432381 -0.07904799 -0.0095344195 -0.10091547 0.042246792 0.99290895 0.04650967
1542145522289894.0 -0.4846182 -0.077969655 -0.007836661 -0.113017246 0.05257688 0.991008 0.04864107
1542145522314985.0 -0.5366119 -0.086991 -0.023107922 -0.11551092 0.05208987 0.99090195 0.04535694
1542145522340167.0 -0.5902975 -0.088587224 -0.012423152 -0.12506554 0.058152605 0.9891994 0.04961374
1542145522365390.0 -0.63658756 -0.09959749 -0.021353468 -0.13430002 0.060880356 0.9878683 0.048718028
1542145522390628.0 -0.6791719 -0.105405234 -0.02476389 -0.1447155 0.06650584 0.9859878 0.049624536
1542145522415890.0 -0.71596074 -0.11008861 -0.027775904 -0.15374455 0.07390042 0.9841269 0.048944984
1542145522441205.0 -0.74356145 -0.10800152 -0.023611818 -0.15719812 0.08228415 0.9827497 0.052165326
1542145522466579.0 -0.7623848 -0.10915953 -0.01952696 -0.16406241 0.088135526 0.981181 0.05098565
1542145522491997.0 -0.7741644 -0.11071793 -0.032293938 -0.17330694 0.094750635 0.9792644 0.045036785
1542145522517461.0 -0.7697214 -0.10590717 -0.033499792 -0.17773014 0.09445929 0.9785072 0.044867832
1542145522542982.0 -0.7541183 -0.10139318 -0.030843668 -0.17901127 0.09096598 0.97864485 0.043982696
1542145522568551.0 -0.7235713 -0.09326023 -0.030347532 -0.1789782 0.08876596 0.97886336 0.043749142
1542145522594151.0 -0.6830821 -0.08217262 -0.02391745 -0.17365429 0.08699913 0.9799641 0.044111628
1542145522619766.0 -0.633917 -0.07188387 -0.019269828 -0.16523686 0.084606715 0.98163176 0.044019487
1542145522645370.0 -0.57977927 -0.06268783 -0.013686873 -0.15448414 0.080481425 0.9837515 0.043480627
1542145522670926.0 -0.5207176 -0.053546753 -0.008368177 -0.14232612 0.069424234 0.9864547 0.042786334
1542145522696423.0 -0.46188378 -0.045630783 -0.0014034878 -0.12995426 0.052849807 0.98915255 0.043544747
1542145522721852.0 -0.40647838 -0.03869763 0.0038592722 -0.11848983 0.035914697 0.9913305 0.043979064
1542145522747191.0 -0.35374323 -0.033996344 0.010450078 -0.10833683 0.021040715 0.99294543 0.043357693
1542145522772455.0 -0.30474842 -0.029443985 0.016446168 -0.0970999 0.0048054303 0.9943489 0.04264845
1542145522797710.0 -0.2596181 -0.026117606 0.025241796 -0.08733855 -0.008148385 0.9952187 0.042957816
1542145522823004.0 -0.21811405 -0.024831783 0.032548692 -0.07967062 -0.017476367 0.9956588 0.04484179
1542145522848311.0 -0.17954247 -0.025426224 0.038623225 -0.070329145 -0.028026972 0.9960445 0.046514563
1542145522873568.0 -0.14423917 -0.025943933 0.04617832 -0.057357818 -0.040127914 0.9964507 0.046753116
1542145522898752.0 -0.10851033 -0.02752558 0.049914956 -0.042069096 -0.049900748 0.99687326 0.04454071
1542145522923859.0 -0.0794933 -0.028480597 0.05259765 -0.024196925 -0.052084554 0.99747777 0.04171093
1542145522948867.0 -0.05306176 -0.028838351 0.05687909 -0.007768483 -0.047517348 0.99799514 0.04107932
1542145522973774.0 -0.02914124 -0.029976923 0.058300927 0.008749341 -0.044096954 0.99816805 0.04049147
1542145522998571.0 -0.01113488 -0.0314406 0.05665238 0.025064835 -0.042607524 0.99798566 0.039763253
1542145523023222.0 0.0016418151 -0.032561675 0.057188902 0.036518805 -0.0389804 0.9976891 0.041993227
1542145523047688.0 0.011391888 -0.034724947 0.05667174 0.04402078 -0.034369648 0.99736804 0.04623882
1542145523071940.0 0.016356083 -0.035931792 0.055418987 0.048055813 -0.031605262 0.99708855 0.05006264
1542145523095993.0 0.017364983 -0.036613967 0.054922678 0.049319487 -0.032326125 0.99690574 0.051977716
1542145523119890.0 0.017229408 -0.035796616 0.05589858 0.043394726 -0.035886217 0.9971298 0.050609645
1542145523143678.0 0.013909799 -0.03424521 0.059984587 0.033385605 -0.0389028 0.997375 0.051138517
1542145523167399.0 0.0075830626 -0.03214762 0.06303214 0.020723924 -0.043412402 0.9974392 0.052924685
1542145523191090.0 -0.0018926838 -0.030454751 0.0656594 0.005545673 -0.049765766 0.9972794 0.05409791
1542145523214786.0 -0.016243154 -0.029508697 0.06827903 -0.012234216 -0.054754995 0.99700075 0.053308718
1542145523238501.0 -0.031725843 -0.02902541 0.0687986 -0.032401826 -0.06107547 0.9962738 0.05156061
1542145523262248.0 -0.04886065 -0.028506916 0.06555519 -0.05259399 -0.066871524 0.9951516 0.04935014
1542145523286050.0 -0.07008193 -0.028078362 0.06960313 -0.07020396 -0.06865738 0.9939077 0.050050765
1542145523309954.0 -0.08710778 -0.028744578 0.06865796 -0.089971 -0.06557701 0.99241567 0.052115817
1542145523334012.0 -0.112803765 -0.030847333 0.061746944 -0.10773767 -0.057128124 0.9910269 0.054724168
1542145523358259.0 -0.13480613 -0.03371627 0.05958743 -0.1265551 -0.05055055 0.9889324 0.05866225
1542145523382707.0 -0.15288125 -0.037111606 0.056830235 -0.14492376 -0.045644198 0.9863428 0.06357399
1542145523407347.0 -0.17141707 -0.040832087 0.053535018 -0.15824306 -0.039782893 0.9843 0.06730619
1542145523432174.0 -0.1849695 -0.042280726 0.050197892 -0.1697153 -0.032628767 0.98250204 0.06943966
1542145523457185.0 -0.2051799 -0.045169767 0.039692827 -0.17484878 -0.025684092 0.9818912 0.068248205
1542145523482364.0 -0.2189117 -0.04518755 0.038589746 -0.18167032 -0.016798222 0.9809538 0.06665854
1542145523507680.0 -0.22967467 -0.045593094 0.03375989 -0.18923232 -0.0072983545 0.9799028 0.06267673
1542145523533110.0 -0.24143517 -0.044379383 0.030579159 -0.19706345 -5.881448e-05 0.9786301 0.0587294
1542145523558630.0 -0.25115263 -0.045048393 0.025807653 -0.20846753 0.0025822297 0.97642577 0.05592361
1542145523584211.0 -0.26153052 -0.04621163 0.02296593 -0.22281948 0.0017398081 0.9732235 0.056432195
1542145523609827.0 -0.2729602 -0.048245728 0.020826526 -0.2362434 -0.0046256846 0.96976954 0.060948983
1542145523635464.0 -0.28024355 -0.053158864 0.015015891 -0.24626796 -0.011569839 0.9668188 0.06693067
1542145523661101.0 -0.28433132 -0.057889193 0.012345249 -0.25192443 -0.016267048 0.9648738 0.072718695
1542145523686725.0 -0.28305084 -0.06360566 0.012050128 -0.25264144 -0.017659653 0.9644213 0.07584302
1542145523712321.0 -0.27815118 -0.065273434 0.014235472 -0.2464017 -0.0193809 0.96595484 0.076431885
1542145523737889.0 -0.26925385 -0.066995636 0.019219918 -0.23736572 -0.016502693 0.9685449 0.0728418
1542145523763443.0 -0.26066393 -0.065806344 0.023790438 -0.22421439 -0.010224021 0.9722114 0.06654566
1542145523788999.0 -0.24858436 -0.06573605 0.028261343 -0.21114944 0.0003276531 0.97556126 0.060795836
1542145523814575.0 -0.23593755 -0.06650551 0.032502316 -0.19540189 0.009824475 0.97886556 0.05953102
1542145523840197.0 -0.22353241 -0.07006054 0.034815677 -0.17646277 0.016612109 0.9823044 0.06052245
1542145523865875.0 -0.21072602 -0.07110716 0.036323197 -0.16020352 0.020885775 0.98489434 0.062304594
1542145523891594.0 -0.19885948 -0.072062336 0.03802777 -0.1469523 0.02407634 0.98690516 0.061997235
1542145523917328.0 -0.18527341 -0.07148485 0.03971932 -0.13423221 0.023628905 0.98885906 0.05984396
1542145523943036.0 -0.17080514 -0.071026735 0.04054721 -0.120039396 0.021576814 0.99091536 0.05667291
1542145523968686.0 -0.15727194 -0.07030805 0.041597053 -0.10556673 0.023172144 0.9927058 0.05342234
1542145523994246.0 -0.14231086 -0.06906232 0.04200138 -0.0930811 0.028197741 0.99396676 0.050704364
1542145524019688.0 -0.12881836 -0.06528211 0.043293435 -0.08102497 0.031255424 0.99505246 0.048256606
1542145524044998.0 -0.118075006 -0.061959215 0.042671032 -0.0695791 0.030251639 0.99605405 0.046043072
1542145524070182.0 -0.109109126 -0.059008617 0.045438502 -0.060897414 0.02614089 0.99680436 0.044602044
1542145524095259.0 -0.10159982 -0.056057546 0.045932356 -0.057139248 0.024391055 0.99716216 0.042518996
1542145524120262.0 -0.09740964 -0.053963367 0.045957804 -0.05499058 0.021815632 0.9974858 0.03901553
1542145524145217.0 -0.09398712 -0.05165682 0.04691028 -0.054543156 0.013036136 0.997791 0.035612155
1542145524170147.0 -0.09256741 -0.04897468 0.046834443 -0.05353843 0.006124075 0.99800193 0.032988768
1542145524195078.0 -0.09381788 -0.045454137 0.0460791 -0.051554963 0.0034869 0.998127 0.03275009
1542145524220027.0 -0.094589464 -0.04376283 0.047832254 -0.050956476 0.0043044155 0.99815375 0.03277271
1542145524245005.0 -0.096701466 -0.042603616 0.044923514 -0.04971691 0.0053280406 0.9982168 0.032606144
1542145524270014.0 -0.09918623 -0.042455427 0.04369961 -0.04881189 0.007390738 0.998248 0.03261613
1542145524295046.0 -0.100087196 -0.042216923 0.04400517 -0.04890467 0.00973672 0.998181 0.033886287
1542145524320088.0 -0.09957375 -0.04351157 0.04182981 -0.04885162 0.01277309 0.9981452 0.03400691
1542145524345138.0 -0.1006412 -0.043747343 0.03819172 -0.0485747 0.017455118 0.99806017 0.03480944
1542145524370180.0 -0.10145308 -0.04348513 0.035416096 -0.049907643 0.019813182 0.99789596 0.036337793
1542145524395211.0 -0.1028721 -0.04423964 0.034290742 -0.05243238 0.021935001 0.99769807 0.03699218
1542145524420231.0 -0.10455971 -0.0453481 0.029822897 -0.054476704 0.022909004 0.9976011 0.036049567
1542145524445233.0 -0.106546566 -0.044864397 0.030069254 -0.055511326 0.022522792 0.9975961 0.03483214
1542145524470211.0 -0.1076701 -0.04430427 0.027096704 -0.05632217 0.023520425 0.997597 0.03278531
1542145524495163.0 -0.11090824 -0.043827392 0.02440491 -0.058196295 0.027555373 0.99743176 0.03136637
1542145524520095.0 -0.11527053 -0.04434926 0.022813605 -0.06097431 0.03129705 0.99719584 0.030052032
1542145524545003.0 -0.11900142 -0.04624543 0.018696776 -0.065312535 0.030905636 0.9969429 0.029732069
1542145524569892.0 -0.12505342 -0.048289448 0.01586507 -0.071408704 0.028967714 0.99655646 0.030608967
1542145524594765.0 -0.13107096 -0.048799064 0.01579811 -0.0790461 0.025325833 0.9960283 0.032217134
1542145524619625.0 -0.13829528 -0.050427616 0.015117489 -0.086759955 0.019809665 0.9954614 0.03371812
1542145524644477.0 -0.14868845 -0.052649193 0.010390734 -0.093862295 0.014399841 0.99484825 0.035489447
1542145524669329.0 -0.15683989 -0.053600583 0.009979588 -0.10460908 0.010846909 0.9937078 0.03852683
1542145524694180.0 -0.16256164 -0.0545359 0.010814572 -0.11712751 0.0057812175 0.99224305 0.041250132
1542145524719036.0 -0.17278583 -0.057242904 0.012296457 -0.12818225 -0.0010265457 0.9908236 0.042858757
1542145524743911.0 -0.18123887 -0.058530558 0.010737834 -0.14224027 -0.0066362293 0.98888546 0.042769257
1542145524768826.0 -0.1887255 -0.061103277 0.013756283 -0.15849118 -0.009751282 0.9863704 0.043116894
1542145524793800.0 -0.1926946 -0.064863674 0.014344067 -0.17457528 -0.012878551 0.9835726 0.044075254
1542145524818862.0 -0.19418603 -0.06989771 0.017331434 -0.18548709 -0.017654203 0.98134726 0.047334306
1542145524844030.0 -0.19081843 -0.08154629 0.010406638 -0.18995892 -0.021149384 0.98032635 0.049280975
1542145524869308.0 -0.1903988 -0.08358494 0.020014096 -0.18957622 -0.017093262 0.9800772 0.056722168
1542145524894692.0 -0.18246594 -0.08949014 0.025262475 -0.18675667 -0.012278557 0.9804046 0.06146575
1542145524920163.0 -0.17587528 -0.094530314 0.025318049 -0.18027629 -0.006036891 0.9814588 0.06482855
1542145524945697.0 -0.16647378 -0.095726795 0.03047412 -0.17420042 0.00023186461 0.98231685 0.068614446
1542145524971275.0 -0.15789543 -0.097154126 0.03463533 -0.16813764 0.003009611 0.9833129 0.06940005
1542145524996881.0 -0.1491202 -0.094424315 0.037865356 -0.16416383 0.004204331 0.9839723 0.0695053
1542145525022511.0 -0.14241348 -0.09129303 0.043213412 -0.16132332 0.0043890174 0.9846633 0.06628536
1542145525048152.0 -0.13687634 -0.08825281 0.046012044 -0.15878281 0.0014554457 0.98547804 0.060158692
1542145525073789.0 -0.13350096 -0.080027536 0.050018057 -0.15798442 -0.0010950032 0.9859217 0.054755785
1542145525099412.0 -0.1304706 -0.072391115 0.05605871 -0.15976629 -0.002105326 0.98602587 0.047152553
1542145525125014.0 -0.12999731 -0.06446104 0.059496675 -0.16210826 -0.004521483 0.9859665 0.039630778
1542145525150590.0 -0.13176033 -0.056574997 0.059424564 -0.16461848 -0.008729219 0.9858512 0.030364184
1542145525176143.0 -0.13412623 -0.04856141 0.062104676 -0.16904286 -0.017386176 0.98521996 0.021540256
1542145525201670.0 -0.13820031 -0.04039042 0.065052986 -0.17306238 -0.028164063 0.98440206 0.014453307
1542145525227170.0 -0.14171606 -0.035395328 0.06472745 -0.17708918 -0.03637519 0.9834838 0.008711995
1542145525252648.0 -0.14661482 -0.031052444 0.066423334 -0.18122211 -0.03901599 0.9826495 0.0060289004
1542145525278118.0 -0.1499895 -0.02875269 0.06686444 -0.18375331 -0.040675737 0.9821164 0.005256586
1542145525303588.0 -0.15124284 -0.0300552 0.071405426 -0.18501858 -0.039277248 0.98191625 0.008118198
1542145525329065.0 -0.15333484 -0.03549299 0.073442355 -0.18393786 -0.03641402 0.9821903 0.011967213
1542145525354549.0 -0.15391473 -0.043051768 0.07533022 -0.18445279 -0.03297601 0.98208374 0.020033924
1542145525380029.0 -0.15381354 -0.05256174 0.075366504 -0.18433207 -0.030571455 0.9819259 0.03014537
1542145525405496.0 -0.15759897 -0.06425286 0.07416593 -0.18347472 -0.027937103 0.9817466 0.04159576
1542145525430953.0 -0.16077304 -0.07807092 0.073361516 -0.18373905 -0.02337862 0.9811189 0.055669542
1542145525456405.0 -0.16230375 -0.0932792 0.072902784 -0.18344203 -0.022421194 0.9802589 0.070277296
1542145525481864.0 -0.16266754 -0.107959375 0.07093771 -0.18078671 -0.02274821 0.97977954 0.08264832
1542145525507351.0 -0.16106312 -0.12386422 0.06571827 -0.17763832 -0.02044897 0.97965777 0.09108891
1542145525532890.0 -0.15697491 -0.1352159 0.066191174 -0.172026 -0.01278012 0.9800901 0.09832209
1542145525558489.0 -0.14715987 -0.14651492 0.058892712 -0.16288726 -0.0067905956 0.9814125 0.101248555
1542145525584164.0 -0.13546437 -0.15621866 0.055738922 -0.15121378 -0.0017001849 0.98312896 0.10290313
1542145525609895.0 -0.13020693 -0.15633468 0.057426926 -0.13799402 0.007945931 0.9848859 0.10437584
1542145525635630.0 -0.12040486 -0.15804532 0.055115663 -0.12632316 0.017002087 0.9867781 0.100111835
1542145525661292.0 -0.11073697 -0.15656085 0.057384994 -0.116016604 0.022299439 0.98859066 0.0934419
1542145525686801.0 -0.10588038 -0.14403208 0.066557124 -0.10616843 0.023543844 0.99022883 0.08729786
1542145525712120.0 -0.0977026 -0.1348528 0.06996122 -0.09660193 0.019237377 0.992219 0.07615545
1542145525737264.0 -0.0877738 -0.122737706 0.075299166 -0.08558969 0.008376095 0.9941785 0.06491148
1542145525762267.0 -0.0796583 -0.10766443 0.081344284 -0.07249642 -0.0049053137 0.9959702 0.05257078
1542145525787155.0 -0.06998933 -0.0917548 0.084514685 -0.06250055 -0.010133007 0.99720836 0.039579958
1542145525811940.0 -0.06501885 -0.07498311 0.08743939 -0.055048957 -0.0066581545 0.9981089 0.026531639
1542145525836630.0 -0.061924394 -0.055960406 0.08990237 -0.050639518 -0.0025630502 0.99862415 0.013374452
1542145525861246.0 -0.062993504 -0.039216798 0.092607506 -0.04793517 -0.007970456 0.99881613 -0.0022480686
1542145525885818.0 -0.069860294 -0.022622373 0.09352243 -0.049935557 -0.011864834 0.99859214 -0.013395836
1542145525910383.0 -0.08079419 -0.0095571475 0.09448701 -0.056365777 -0.013361834 0.998124 -0.019824417
1542145525934986.0 -0.09553229 0.0025427912 0.09530917 -0.06653628 -0.014962089 0.9973674 -0.02464679
1542145525959665.0 -0.11583832 0.013141174 0.09623696 -0.07808097 -0.012641311 0.99642867 -0.02955643
1542145525984441.0 -0.1393844 0.022662548 0.09852025 -0.092403404 -0.006429445 0.9951309 -0.03368682
1542145526009327.0 -0.16639091 0.030716287 0.100458816 -0.10760882 -0.001628439 0.99351144 -0.036780376
1542145526034325.0 -0.1947293 0.035709675 0.102503136 -0.12373178 0.0036826099 0.99157524 -0.038150933
1542145526059439.0 -0.22308664 0.037381865 0.10401367 -0.13929144 0.0073281587 0.9895399 -0.03680912
1542145526084674.0 -0.25015038 0.03611967 0.10576479 -0.1540231 0.00863674 0.9874579 -0.033606037
1542145526110014.0 -0.2749526 0.032389227 0.10730495 -0.16712268 0.011379697 0.9854252 -0.029626384
1542145526135423.0 -0.2971551 0.027087573 0.10928122 -0.17633934 0.011523995 0.9839275 -0.025659513
1542145526160848.0 -0.31620514 0.019054625 0.11025313 -0.18333335 0.011576072 0.9827303 -0.022272475
1542145526186233.0 -0.32990867 0.008923044 0.112364054 -0.1914945 0.016714951 0.981223 -0.015874801
1542145526211551.0 -0.34107536 -0.0049735364 0.11346377 -0.19709608 0.020559758 0.9801439 -0.006957348
1542145526236773.0 -0.34703198 -0.018754708 0.11445896 -0.20079064 0.02077241 0.97940254 0.004734882
1542145526261873.0 -0.34985396 -0.032471903 0.11486687 -0.20305696 0.017196635 0.9789003 0.015047977
1542145526286840.0 -0.34753 -0.043887295 0.115333706 -0.2045072 0.013095119 0.9785221 0.022358876
1542145526311710.0 -0.34097803 -0.052440975 0.11599545 -0.20466477 0.012873521 0.9783645 0.027378654
1542145526336540.0 -0.33097714 -0.058605663 0.1155511 -0.20136222 0.012664044 0.9789863 0.029643206
1542145526361379.0 -0.31699032 -0.06347712 0.11554708 -0.19486387 0.0069632917 0.9803316 0.030490058
1542145526386265.0 -0.30100673 -0.06687027 0.11496058 -0.18691039 -0.0018473415 0.9818973 0.030639987
1542145526411226.0 -0.2828839 -0.06810453 0.11430343 -0.1793396 -0.0082650315 0.9832912 0.03012451
1542145526436274.0 -0.263501 -0.06757034 0.1138205 -0.16962788 -0.013454674 0.9849768 0.029427739
1542145526461419.0 -0.23934403 -0.06542344 0.11353924 -0.15864956 -0.018572126 0.9867999 0.026672998
1542145526486665.0 -0.21305041 -0.061490066 0.11392177 -0.14613044 -0.023656549 0.9887321 0.022251809
1542145526511997.0 -0.18564963 -0.05746284 0.11388087 -0.13047287 -0.027274145 0.99092984 0.01706341
1542145526537376.0 -0.15633854 -0.05305793 0.115415424 -0.11253375 -0.029359477 0.99312764 0.013104946
1542145526562736.0 -0.125471 -0.049648177 0.1163795 -0.09311237 -0.031134266 0.99512047 0.009798989
1542145526588031.0 -0.09748671 -0.045783147 0.117813885 -0.073029414 -0.03207663 0.9967817 0.008007113
1542145526613235.0 -0.071617216 -0.041448615 0.11770158 -0.055823438 -0.031415183 0.99792963 0.0057770666
1542145526638354.0 -0.04992518 -0.036427274 0.116506755 -0.041411858 -0.029885672 0.99869096 0.0028678663
1542145526663384.0 -0.032453336 -0.031549633 0.11485695 -0.03007056 -0.028512355 0.9991406 -0.00093660376
1542145526688324.0 -0.019183792 -0.026043538 0.111912936 -0.021787763 -0.026750756 0.9993961 -0.0041497555
1542145526713185.0 -0.009914029 -0.022347316 0.10904716 -0.017001742 -0.027872914 0.9994389 -0.0074896407
1542145526737991.0 -0.0065456363 -0.017769465 0.10654668 -0.014967831 -0.0299355 0.99938744 -0.010231594
1542145526762770.0 -0.01178457 -0.012218465 0.109402195 -0.016940573 -0.029708546 0.9993525 -0.011183426
1542145526787549.0 -0.018555539 -0.008624481 0.10810243 -0.022154516 -0.028995555 0.9992551 -0.012560328
1542145526812353.0 -0.028658813 -0.0062651527 0.1080394 -0.029887347 -0.026150027 0.99913 -0.012738587
1542145526837195.0 -0.04361258 -0.0023781501 0.10909714 -0.037631653 -0.02438858 0.9989199 -0.012170698
1542145526862081.0 -0.061583906 -8.319046e-05 0.10729817 -0.04689075 -0.023241676 0.998542 -0.013224292
1542145526887016.0 -0.083610386 0.0012664788 0.10692573 -0.058337126 -0.019652994 0.99802107 -0.012824382
1542145526912006.0 -0.10837991 0.0015021402 0.10604427 -0.0711128 -0.016202865 0.9972738 -0.011203546
1542145526937049.0 -0.1355296 0.0009727747 0.10547079 -0.08415263 -0.015401798 0.99629676 -0.008604246
1542145526962123.0 -0.16397521 -0.001119987 0.10554437 -0.09742733 -0.018128581 0.99506444 -0.005100565
1542145526987198.0 -0.19186293 -0.0040151305 0.10525619 -0.11038649 -0.01830641 0.9937202 0.00030159345
1542145527012255.0 -0.21857718 -0.007146405 0.10382421 -0.12187257 -0.014404833 0.9924273 0.0052581625
1542145527037284.0 -0.24239501 -0.010500982 0.10094324 -0.13151684 -0.0060385745 0.9912427 0.010240507
1542145527062279.0 -0.26194102 -0.013853292 0.09765986 -0.13989867 0.00384362 0.99005216 0.014501239
1542145527087234.0 -0.2776625 -0.0151035115 0.09481215 -0.14527541 0.014308176 0.989154 0.016269062
1542145527112162.0 -0.28765407 -0.014632284 0.09255663 -0.1483583 0.026496926 0.9884488 0.016024403
1542145527137097.0 -0.29404935 -0.012687274 0.08919167 -0.14863738 0.037180666 0.98809093 0.014174842
1542145527162061.0 -0.29744977 -0.01032748 0.08593276 -0.14653143 0.04282632 0.98820186 0.0123152705
1542145527187064.0 -0.2953074 -0.007570116 0.0807032 -0.14442527 0.046585508 0.98835546 0.011165132
1542145527212085.0 -0.2911763 -0.005373489 0.07560802 -0.141712 0.051012494 0.9885584 0.008229474
1542145527237094.0 -0.28318396 -0.0033214209 0.06898525 -0.13694349 0.052746903 0.98916364 0.004425948
1542145527262070.0 -0.27547655 -0.00028732908 0.0623074 -0.12856765 0.05098152 0.9903825 0.0037146965
1542145527287005.0 -0.2669775 0.0018862863 0.05444493 -0.12297008 0.04809959 0.99122757 0.0057304413
1542145527311897.0 -0.25961134 0.0035875707 0.04683553 -0.119201824 0.04402464 0.99186623 0.0073578884
1542145527336757.0 -0.24933332 0.007698867 0.038300473 -0.1196481 0.031341627 0.9922934 0.007476329
1542145527361591.0 -0.24228005 0.009661464 0.032960996 -0.11737324 0.01822451 0.99290943 0.004718941
1542145527386412.0 -0.23386842 0.012140093 0.027456816 -0.11541571 0.0081353495 0.9932839 0.0004108643
1542145527411230.0 -0.22618805 0.015778169 0.024182122 -0.110751204 0.0016040261 0.99383533 -0.004804849
1542145527436059.0 -0.2155597 0.018449375 0.020229802 -0.10549205 -0.0022020084 0.9943487 -0.011718942
1542145527460912.0 -0.20636152 0.018706253 0.01949384 -0.0959228 -0.0010066015 0.99525034 -0.016570177
1542145527485803.0 -0.19712394 0.017919276 0.02152403 -0.08571231 0.005548611 0.9961295 -0.018672835
1542145527510737.0 -0.19010632 0.015644182 0.024524258 -0.07764783 0.013765879 0.99667066 -0.020713449
1542145527535705.0 -0.18509065 0.013082775 0.032371506 -0.07154911 0.017836187 0.99698 -0.024362244
1542145527560685.0 -0.18112254 0.009904144 0.04308997 -0.067611344 0.017379574 0.9971464 -0.02873409
1542145527585658.0 -0.17774725 0.0035047315 0.056207642 -0.06423829 0.017858777 0.9972916 -0.031048115
1542145527610630.0 -0.1758896 -0.0050565936 0.071308434 -0.06223735 0.018532295 0.99749833 -0.027930731
1542145527635615.0 -0.17549342 -0.015598705 0.086423986 -0.05896793 0.016083105 0.9978843 -0.022160536
1542145527660613.0 -0.1738285 -0.029096132 0.10172737 -0.056326337 0.011647858 0.9982051 -0.016679335
1542145527685612.0 -0.17260168 -0.041043 0.11950826 -0.05461843 0.008986996 0.9984362 -0.007825903
1542145527710586.0 -0.16989362 -0.054095313 0.13609116 -0.05476569 0.012664342 0.99841887 -0.0004654577
1542145527735529.0 -0.16652572 -0.064700305 0.15471208 -0.055321794 0.017715946 0.9983103 0.0014726648
1542145527760456.0 -0.16175595 -0.07300494 0.17334504 -0.05302197 0.017350404 0.9984346 -0.00400597
1542145527785376.0 -0.15812032 -0.08254472 0.18875912 -0.050093204 0.022549309 0.99846655 -0.0068374956
1542145527810290.0 -0.15793806 -0.09211956 0.20830996 -0.05067914 0.034976907 0.99807537 -0.007343622
1542145527835202.0 -0.15764025 -0.10087433 0.22736247 -0.053054266 0.040555146 0.9977418 -0.0072043217
1542145527860133.0 -0.15741538 -0.108179726 0.24664119 -0.05102351 0.035076667 0.99804896 -0.00803615
1542145527885120.0 -0.15582718 -0.117963575 0.26277152 -0.048729878 0.027048849 0.9984184 -0.0073843785
1542145527910189.0 -0.15086003 -0.12469004 0.28346393 -0.05470644 0.027277583 0.9981214 -0.004121178
1542145527935346.0 -0.15101556 -0.13048865 0.30137777 -0.058837604 0.028572116 0.9978513 -0.0038179709
1542145527960588.0 -0.15310176 -0.13408525 0.3189634 -0.06269081 0.024453757 0.99771017 -0.006810071
1542145527985907.0 -0.15397382 -0.13749567 0.33434883 -0.06478265 0.01455078 0.9977588 -0.008309485
1542145528011295.0 -0.1546636 -0.14019471 0.35169744 -0.06979278 0.005304632 0.99752563 -0.0065917782
1542145528036747.0 -0.15688285 -0.14203925 0.3639632 -0.076272525 -0.00073798926 0.997078 -0.0041937986
1542145528062253.0 -0.15966162 -0.14301075 0.37184778 -0.0822001 -0.0049112006 0.99660254 -0.001536485
1542145528087825.0 -0.16344626 -0.14239644 0.37765732 -0.08791689 -0.009898955 0.9960786 -0.00034679062
1542145528113493.0 -0.1674691 -0.14040335 0.3816354 -0.09569701 -0.00979802 0.99536216 0.0005912279
1542145528139260.0 -0.17446098 -0.1367912 0.38480592 -0.10387204 -0.005998787 0.9945702 0.0021783062
1542145528165111.0 -0.17909655 -0.1334766 0.3835043 -0.114367224 -0.0057448163 0.9934177 0.002905367
1542145528191023.0 -0.18379493 -0.12857507 0.3808537 -0.12716044 -0.003141626 0.9918623 0.0054355706
1542145528216968.0 -0.19012138 -0.12284457 0.37303248 -0.14047103 -0.0015574171 0.9900495 0.0082189115
1542145528242924.0 -0.1982105 -0.1162356 0.3628239 -0.15301302 -0.0014500364 0.9881584 0.011313624
1542145528268880.0 -0.20190488 -0.10993651 0.3534633 -0.16572891 -0.0005075874 0.9860853 0.013022142
1542145528294842.0 -0.20844127 -0.10088955 0.3386367 -0.17523888 -0.0017878128 0.9843804 0.016835995
1542145528320809.0 -0.2143082 -0.088740766 0.3247071 -0.18589959 -0.0030338163 0.98237884 0.019079998
1542145528346777.0 -0.21799292 -0.079891235 0.30536288 -0.19849092 -0.003319542 0.9799748 0.0154851135
1542145528372732.0 -0.22083393 -0.06767289 0.28601882 -0.21049482 -0.007696696 0.97746605 0.013885533
1542145528398654.0 -0.22581963 -0.056760054 0.2643792 -0.21987037 -0.01248389 0.975372 0.012272291
1542145528424519.0 -0.22891302 -0.045036178 0.24182618 -0.22776291 -0.013153956 0.97359174 0.008380485
1542145528450318.0 -0.2321497 -0.03245444 0.22112577 -0.23161662 -0.010619856 0.97274905 -0.00048552625
1542145528476058.0 -0.23451388 -0.018452054 0.1992248 -0.23246196 -0.0034556582 0.9725106 -0.013142289
1542145528501743.0 -0.23606211 -0.0056806365 0.17968488 -0.23160283 0.0060804123 0.9724229 -0.026776657
1542145528527377.0 -0.23939595 0.0069410433 0.15941691 -0.22973712 0.016486334 0.9722997 -0.039780553
1542145528552967.0 -0.24505219 0.018110681 0.13965091 -0.22743364 0.026353583 0.9720775 -0.051427145
1542145528578524.0 -0.25359184 0.027068067 0.12040864 -0.22792552 0.035247788 0.9711281 -0.060974047
1542145528604065.0 -0.26641583 0.03318323 0.101941004 -0.2317917 0.04136336 0.9695363 -0.06753529
1542145528629649.0 -0.28253022 0.036564287 0.08572968 -0.2384113 0.045449574 0.96750915 -0.07085583
1542145528655341.0 -0.3012371 0.03727359 0.07184331 -0.24727361 0.050799783 0.9649925 -0.07116637
1542145528681180.0 -0.3221466 0.036112465 0.058954306 -0.257847 0.059082534 0.9619064 -0.06899475
1542145528707154.0 -0.3446834 0.033694107 0.048492145 -0.26944384 0.06979925 0.9581462 -0.066963054
1542145528733225.0 -0.3673717 0.029731592 0.041333552 -0.27857533 0.07631593 0.95520407 -0.06447376
1542145528759365.0 -0.3904742 0.023438942 0.036365625 -0.28407654 0.08317844 0.9531708 -0.06202736
1542145528785586.0 -0.41295433 0.014394805 0.034311976 -0.2905999 0.098398216 0.9499535 -0.05880446
1542145528811918.0 -0.43561018 0.0017079152 0.03450662 -0.29695132 0.111831844 0.9468582 -0.05266111
1542145528838370.0 -0.45695406 -0.014384048 0.037041254 -0.30257794 0.11625308 0.94511986 -0.040992655
1542145528864912.0 -0.47638625 -0.031680115 0.04308927 -0.30696085 0.115552954 0.9443316 -0.025698898
1542145528891488.0 -0.4913131 -0.04902274 0.052126423 -0.30718654 0.115602456 0.94453144 -0.011526089
1542145528917988.0 -0.5027846 -0.064849414 0.06401828 -0.2998703 0.12164612 0.946186 -0.0034877816
1542145528944267.0 -0.51133513 -0.07861544 0.081018604 -0.28799134 0.13014498 0.94874775 -0.0010005075
1542145528970247.0 -0.51646817 -0.09079155 0.09763898 -0.272557 0.13915963 0.9520212 -0.0017444758
1542145528995944.0 -0.5190663 -0.10167341 0.11640392 -0.25274378 0.14743523 0.95622975 -0.002866924
1542145529021432.0 -0.5209341 -0.11347997 0.13434859 -0.22921795 0.1544143 0.9610445 -0.0029900114
1542145529046780.0 -0.5171206 -0.1229738 0.15424396 -0.20823713 0.16279317 0.9644347 -0.0012379996
1542145529072022.0 -0.5118064 -0.13092834 0.17200217 -0.1868409 0.17274137 0.9670836 -0.00057055807
1542145529097161.0 -0.50477415 -0.13649741 0.18977964 -0.16445607 0.18345498 0.969157 -0.005772235
1542145529122175.0 -0.49690592 -0.13852604 0.20622778 -0.14317092 0.19322506 0.9705591 -0.013459247
1542145529147040.0 -0.48643604 -0.1402249 0.21746954 -0.12238972 0.2120279 0.96931404 -0.022253543
1542145529171743.0 -0.47455058 -0.14019431 0.22920053 -0.10544002 0.23118787 0.9667309 -0.02942849
1542145529196307.0 -0.4644671 -0.14213444 0.23719713 -0.08651488 0.23749582 0.96688014 -0.035407484
1542145529220766.0 -0.45287824 -0.1439633 0.24432711 -0.068578884 0.24048054 0.9675246 -0.03690994
1542145529245160.0 -0.44163853 -0.14642513 0.24918486 -0.052933946 0.24236403 0.9681251 -0.03451981
1542145529269515.0 -0.43132082 -0.14825703 0.25338387 -0.04113175 0.2405482 0.9692274 -0.032298084
1542145529293854.0 -0.42197 -0.14902768 0.25419548 -0.03175803 0.23681325 0.97056043 -0.03038765
1542145529318192.0 -0.41752717 -0.15219077 0.24549018 -0.021785378 0.23276049 0.9718404 -0.029566962
1542145529342540.0 -0.41236922 -0.15238276 0.24078873 -0.016745646 0.2341075 0.97168535 -0.027220603
1542145529366908.0 -0.40857568 -0.15223719 0.23396784 -0.013936245 0.23565464 0.9714259 -0.024586849
1542145529391296.0 -0.4072297 -0.15148152 0.2232909 -0.013978513 0.23710363 0.97112495 -0.02242516
1542145529415704.0 -0.40712345 -0.1502041 0.20767191 -0.01635434 0.23732167 0.9710591 -0.021337597
1542145529440132.0 -0.4099995 -0.14769907 0.19158204 -0.020718878 0.23868674 0.97067523 -0.019723186
1542145529464572.0 -0.41369468 -0.14504188 0.17202522 -0.026475232 0.23965044 0.9703444 -0.017276576
1542145529489019.0 -0.42035502 -0.14098614 0.15060031 -0.03425939 0.23889226 0.97031105 -0.015916998
1542145529513471.0 -0.42887336 -0.13773209 0.126219 -0.043999337 0.23756875 0.970222 -0.01716004
1542145529537916.0 -0.43895882 -0.13150248 0.10449682 -0.06085542 0.23648944 0.9695604 -0.017947024
1542145529562345.0 -0.447114 -0.122212514 0.08319873 -0.081304386 0.23664877 0.9679893 -0.019588746
1542145529586751.0 -0.4548602 -0.114431545 0.06163227 -0.099518135 0.23494959 0.9665403 -0.026357701
1542145529611125.0 -0.45885503 -0.10576482 0.04124697 -0.114373036 0.23630437 0.9643161 -0.0342568
1542145529635464.0 -0.45957807 -0.10086961 0.022570137 -0.12496957 0.24444586 0.960765 -0.03949126
1542145529659792.0 -0.4570576 -0.096246585 0.0053198254 -0.12741286 0.24889743 0.9591912 -0.042052012
1542145529684144.0 -0.45196226 -0.092038766 -0.009952591 -0.12674145 0.25359687 0.9581054 -0.04073495
1542145529708552.0 -0.4450533 -0.08884918 -0.02425174 -0.124908134 0.25911304 0.95698714 -0.03786942
1542145529733043.0 -0.43688023 -0.08759675 -0.036826633 -0.12214666 0.26077056 0.9570047 -0.034942828
1542145529757626.0 -0.43194014 -0.08848095 -0.03991651 -0.116976604 0.25780445 0.9584959 -0.033748716
1542145529782296.0 -0.42108235 -0.08558963 -0.044441156 -0.11122634 0.25667924 0.95955133 -0.0317142
1542145529807050.0 -0.40759933 -0.08046679 -0.044447705 -0.10383836 0.25597718 0.9605723 -0.03153086
1542145529831878.0 -0.404218 -0.07944542 -0.036564022 -0.09376899 0.24850136 0.96351326 -0.033116978
1542145529856761.0 -0.38363484 -0.072551504 -0.025066381 -0.08300607 0.24126607 0.9662028 -0.036783047
1542145529881677.0 -0.38829228 -0.08209655 -0.028744228 -0.061855335 0.24146184 0.96743876 -0.043958638
1542145529906610.0 -0.3718173 -0.07460054 -0.023189101 -0.041093722 0.23837401 0.969323 -0.043612987
1542145529931528.0 -0.3489036 -0.06886222 -0.0043255393 -0.014397687 0.24571295 0.9682053 -0.04468173
1542145529956404.0 -0.32844314 -0.06443086 0.00558915 0.0063039064 0.24339895 0.9686836 -0.04867614
1542145529981229.0 -0.3065923 -0.059992995 0.017627062 0.028206673 0.22256157 0.9728497 -0.056870785
1542145530006026.0 -0.28400692 -0.058042336 0.028578743 0.05221561 0.21453331 0.97380054 -0.054420233
1542145530030839.0 -0.2620991 -0.056898206 0.037565596 0.07989357 0.21370164 0.97265977 -0.043378673
1542145530055709.0 -0.24167266 -0.054862123 0.046380322 0.103839576 0.21672021 0.9701145 -0.033580516
1542145530080681.0 -0.22546451 -0.051231828 0.054262172 0.117928945 0.2144622 0.968828 -0.03835369
1542145530105783.0 -0.20694284 -0.047057353 0.06542277 0.124926105 0.2096833 0.9684264 -0.050762087
1542145530131019.0 -0.1928541 -0.043337077 0.07431639 0.12717512 0.21009395 0.9674119 -0.061655335
1542145530156372.0 -0.18109828 -0.040833592 0.0841726 0.12357069 0.21176165 0.96652764 -0.07557573
1542145530181836.0 -0.17088717 -0.03880706 0.09274566 0.12197919 0.20753819 0.96663725 -0.08752939
1542145530207435.0 -0.16208556 -0.038365606 0.09844462 0.12071391 0.20771424 0.96626973 -0.09276774
1542145530233213.0 -0.15357864 -0.038292572 0.105031356 0.12151964 0.20676167 0.96621203 -0.09442929
1542145530259217.0 -0.14744613 -0.038677644 0.1095024 0.12539956 0.2001289 0.9670216 -0.095355906
1542145530285487.0 -0.14305589 -0.039756507 0.11335072 0.12982886 0.1909033 0.96824276 -0.09595023
1542145530312050.0 -0.14054684 -0.041055907 0.115702786 0.13339844 0.18669008 0.9687721 -0.093980975
1542145530338884.0 -0.13985598 -0.04294001 0.11742026 0.13577539 0.1859688 0.96872747 -0.09245414
1542145530365900.0 -0.14256333 -0.044766307 0.11787633 0.13283531 0.19203015 0.96834356 -0.08826074
1542145530392976.0 -0.14854532 -0.046827037 0.11925339 0.12392814 0.19248186 0.97013056 -0.08024536
1542145530420001.0 -0.15683645 -0.04947353 0.1197614 0.107751556 0.19095139 0.9733995 -0.06648782
1542145530446900.0 -0.16777226 -0.052924722 0.11896127 0.088701226 0.1827785 0.9775218 -0.05635001
1542145530473583.0 -0.18092443 -0.056589615 0.1173358 0.070070684 0.17378354 0.9811488 -0.04729243
1542145530499894.0 -0.19646646 -0.060019534 0.114519164 0.049944308 0.17218845 0.9831131 -0.03667916
1542145530525727.0 -0.21315591 -0.062661596 0.1094413 0.030699512 0.17104882 0.98439443 -0.027702585
1542145530551102.0 -0.23103108 -0.064805396 0.1048449 0.01361927 0.1668373 0.98564714 -0.021900734
1542145530576137.0 -0.2494471 -0.06598203 0.10058237 -0.006115627 0.16392085 0.9862458 -0.020293225
1542145530600987.0 -0.2676361 -0.066947654 0.096223965 -0.023498917 0.1601279 0.98655146 -0.02287258
1542145530625798.0 -0.2852985 -0.06893555 0.09057242 -0.0365712 0.16182737 0.98589605 -0.02199164
1542145530650667.0 -0.30348918 -0.07290934 0.08460605 -0.049662862 0.16361135 0.98510003 -0.018515814
1542145530675606.0 -0.32091275 -0.07833859 0.08046666 -0.062273905 0.15481818 0.98588604 -0.013495892
1542145530700562.0 -0.33713573 -0.08521823 0.07827395 -0.0758158 0.1461574 0.98633534 -0.005704224
1542145530725463.0 -0.3509099 -0.093088865 0.08066883 -0.08804378 0.13462266 0.98697305 0.003035282
1542145530750271.0 -0.35982603 -0.101523854 0.0817209 -0.09273303 0.12001311 0.9883512 0.012618676
1542145530775010.0 -0.36638442 -0.10894346 0.087269805 -0.08904497 0.11911336 0.9886099 0.023099773
1542145530799718.0 -0.3666331 -0.11593568 0.09120354 -0.08188997 0.12993094 0.98757946 0.033147886
1542145530824425.0 -0.36548463 -0.12036625 0.096576445 -0.0664349 0.13778882 0.9874147 0.040161792
1542145530849146.0 -0.36111358 -0.12363059 0.10612419 -0.04632747 0.14384484 0.9876936 0.040296447
1542145530873891.0 -0.35275584 -0.12599395 0.116087325 -0.027208522 0.15286134 0.98727846 0.034269918
1542145530898656.0 -0.34383854 -0.12692589 0.12766066 -0.0075138016 0.15919912 0.986865 0.026396325
1542145530923421.0 -0.3331468 -0.12734638 0.13878371 0.012676419 0.16927081 0.98528403 0.020053038
1542145530948167.0 -0.32214743 -0.12776636 0.15023321 0.033066884 0.18422705 0.98218435 0.016760977
1542145530972895.0 -0.30892825 -0.12559584 0.16127023 0.050847854 0.20252901 0.97777706 0.018669687
1542145530997625.0 -0.29643375 -0.124501474 0.17099875 0.06708905 0.20944424 0.9753818 0.016206495
1542145531022394.0 -0.2828465 -0.12336921 0.18161575 0.08709889 0.19786541 0.9763129 0.008733139
1542145531047251.0 -0.2700411 -0.123551905 0.1907664 0.10739229 0.18978222 0.9758752 0.010831419
1542145531072255.0 -0.25776482 -0.1241976 0.19471365 0.122323714 0.18808207 0.9743163 0.019233089
1542145531097418.0 -0.24655685 -0.12554203 0.2033213 0.13642904 0.17546643 0.9745447 0.029349366
1542145531122689.0 -0.23801011 -0.12732688 0.20914492 0.14613114 0.15849653 0.975739 0.03818402
1542145531147986.0 -0.23263323 -0.12901805 0.21361825 0.15281433 0.14892216 0.9758254 0.04727282
1542145531173251.0 -0.22849067 -0.12931281 0.21550182 0.15268908 0.14279483 0.9764995 0.052387316
1542145531198475.0 -0.22477753 -0.12814789 0.21612892 0.14806582 0.13348885 0.978682 0.049384538
1542145531223685.0 -0.2235223 -0.12778045 0.2149081 0.13768518 0.13468897 0.9802228 0.045442156
1542145531248919.0 -0.22621274 -0.12617266 0.21093765 0.12598693 0.14192104 0.98094714 0.04157619
1542145531274204.0 -0.22962844 -0.12469312 0.20630874 0.11399456 0.1493253 0.98136914 0.040271737
1542145531299551.0 -0.23614323 -0.123596705 0.19975616 0.10517325 0.1503927 0.9821992 0.040069025
1542145531324952.0 -0.24437542 -0.12186155 0.19165196 0.09748601 0.1486137 0.98318124 0.04201466
1542145531350380.0 -0.25399378 -0.11989794 0.18329841 0.08619995 0.1484914 0.9842674 0.04168366
1542145531375801.0 -0.26530153 -0.11627655 0.1702833 0.07134699 0.14996548 0.9854224 0.03691572
1542145531401179.0 -0.27829438 -0.111875825 0.15628563 0.050615914 0.15485811 0.9861584 0.030801155
1542145531426489.0 -0.29553702 -0.108789414 0.14315173 0.026652941 0.15523829 0.9871923 0.02534235
1542145531451731.0 -0.31303555 -0.10553867 0.1267974 0.00031604935 0.147412 0.98887116 0.02008853
1542145531476912.0 -0.3301059 -0.10283046 0.10988797 -0.024109647 0.14024138 0.98960865 0.020638732
1542145531502015.0 -0.34618598 -0.100804344 0.09257469 -0.043741502 0.13978767 0.988837 0.027340729
1542145531527024.0 -0.36069635 -0.09830079 0.076685384 -0.05780753 0.14037214 0.98782223 0.034077726
1542145531551923.0 -0.3737911 -0.09634907 0.061671905 -0.067927055 0.14139488 0.98696184 0.036053788
1542145531576707.0 -0.3862787 -0.09327292 0.044327457 -0.07720429 0.14747398 0.985443 0.034541328
1542145531601395.0 -0.39741462 -0.09017112 0.028786223 -0.08677671 0.15493967 0.9836332 0.030483665
1542145531626016.0 -0.40755796 -0.08762011 0.015004912 -0.095610864 0.16090982 0.98199034 0.025723875
1542145531650603.0 -0.41615877 -0.085381426 0.0037452402 -0.10507167 0.16393012 0.98062265 0.021590896
1542145531675179.0 -0.42486617 -0.08486012 -0.0064445995 -0.11509189 0.16583377 0.9792248 0.019285608
1542145531699759.0 -0.43287167 -0.084815204 -0.014926622 -0.1260862 0.16753945 0.97755414 0.020513473
1542145531724333.0 -0.43917203 -0.085777014 -0.020178022 -0.13427113 0.1662554 0.9765948 0.02435315
1542145531748899.0 -0.44367275 -0.0871226 -0.02588815 -0.1397998 0.16452892 0.97601587 0.027915558
1542145531773470.0 -0.44645667 -0.08892568 -0.028143656 -0.14400446 0.16339026 0.9754966 0.031189108
1542145531798077.0 -0.44706827 -0.09164338 -0.027599033 -0.14536105 0.160834 0.9756256 0.03402085
1542145531822752.0 -0.44454187 -0.09373437 -0.023200043 -0.14242502 0.15850331 0.9763513 0.036468912
1542145531847506.0 -0.4394826 -0.0957385 -0.018494422 -0.13480432 0.16092283 0.97699004 0.037711877
1542145531872332.0 -0.4318727 -0.097459555 -0.010798751 -0.12427954 0.16596375 0.97754294 0.037688714
1542145531897211.0 -0.42266527 -0.09873455 -0.0011439594 -0.11170556 0.16984157 0.9784732 0.03557985
1542145531922118.0 -0.41078585 -0.10051109 0.009107525 -0.099946946 0.17506862 0.9789032 0.033321787
1542145531947015.0 -0.3980599 -0.10153785 0.021768328 -0.0907135 0.17992313 0.9790236 0.030191436
1542145531971868.0 -0.38357922 -0.10266892 0.031859186 -0.084959224 0.18535364 0.97867876 0.024776464
1542145531996658.0 -0.36808127 -0.102550894 0.04506714 -0.07863118 0.19170289 0.97817713 0.015387831
1542145532021397.0 -0.35349956 -0.10211757 0.05853675 -0.07624878 0.20076768 0.97665983 0.0037569695
1542145532046099.0 -0.3379532 -0.10210132 0.07164326 -0.08271486 0.20631316 0.974938 -0.009437582
1542145532070787.0 -0.32436857 -0.10178333 0.08521423 -0.09226985 0.20362341 0.9744056 -0.023613177
1542145532095479.0 -0.30919573 -0.10297136 0.097638324 -0.10157992 0.19991256 0.9738567 -0.03632788
1542145532120187.0 -0.29471308 -0.10656415 0.10699844 -0.10733376 0.19903137 0.9732449 -0.0407474
1542145532144927.0 -0.27937502 -0.11020827 0.11800614 -0.11285209 0.1953425 0.9733817 -0.04042135
1542145532169731.0 -0.26482892 -0.114476085 0.12728925 -0.12126512 0.18545842 0.9742001 -0.042826634
1542145532194630.0 -0.25107333 -0.11855419 0.13501894 -0.13220495 0.16915913 0.9753889 -0.050235294
1542145532219646.0 -0.23853229 -0.12287494 0.14126094 -0.13996829 0.1515964 0.9766781 -0.05939245
1542145532244774.0 -0.22544962 -0.12783179 0.146759 -0.144056 0.14420944 0.9769791 -0.062955715
1542145532270006.0 -0.21371879 -0.13389999 0.14899853 -0.14372735 0.13994485 0.97790456 -0.05882677
1542145532295340.0 -0.20332557 -0.14018075 0.15070072 -0.14314212 0.13290848 0.9794379 -0.050469764
1542145532320766.0 -0.1949644 -0.1455854 0.15014431 -0.1434019 0.12057615 0.9814872 -0.039752338
1542145532346239.0 -0.18979126 -0.15133005 0.14951032 -0.14583735 0.10750303 0.98308724 -0.02672263
1542145532371711.0 -0.18682969 -0.15602827 0.14745 -0.1492734 0.096948616 0.9839973 -0.008242358
1542145532397163.0 -0.18446134 -0.15954408 0.14345883 -0.15204917 0.08846092 0.9843676 0.008728269
1542145532422600.0 -0.18566127 -0.16056153 0.13882662 -0.1510843 0.082370184 0.98487926 0.02003974
1542145532448039.0 -0.1865057 -0.16047277 0.13159546 -0.1476014 0.07795253 0.9855927 0.02728202
1542145532473507.0 -0.18899621 -0.15820916 0.12662242 -0.1415637 0.07909961 0.98607403 0.036892705
1542145532499024.0 -0.19359429 -0.1550965 0.11719203 -0.13416012 0.089876644 0.98550355 0.05202041
1542145532524584.0 -0.1984279 -0.15070732 0.10746251 -0.124922015 0.09875466 0.98519224 0.06354792
1542145532550169.0 -0.20511617 -0.14438236 0.09955698 -0.111939505 0.10004311 0.98644495 0.06623649
1542145532575760.0 -0.21309684 -0.13892311 0.0895329 -0.10106286 0.10206168 0.9873127 0.06770185
1542145532601326.0 -0.22316182 -0.13192464 0.08221556 -0.094634876 0.11030437 0.9870876 0.06734505
1542145532626831.0 -0.23410772 -0.12688844 0.07225693 -0.091626 0.1168828 0.986714 0.065868534
1542145532652247.0 -0.24790107 -0.12040053 0.06443603 -0.09169451 0.11736359 0.9867203 0.064815454
1542145532677579.0 -0.26316175 -0.11268157 0.06023866 -0.092693575 0.11767111 0.9868232 0.06116746
1542145532702849.0 -0.28040224 -0.10671325 0.054357797 -0.09373918 0.11623058 0.98735255 0.053276323
1542145532728091.0 -0.29646972 -0.100831226 0.050435957 -0.095655344 0.11732835 0.98747665 0.044429734
1542145532753326.0 -0.31232387 -0.09548665 0.048133716 -0.09744428 0.123402484 0.9869118 0.035800643
1542145532778535.0 -0.32899463 -0.09057141 0.045843862 -0.10081487 0.12754108 0.98629415 0.02816958
1542145532803697.0 -0.34588337 -0.08648612 0.04498231 -0.10665889 0.1320857 0.98527944 0.020044781
1542145532828804.0 -0.36192796 -0.082271114 0.044888318 -0.115799494 0.1392597 0.9834136 0.009747273
1542145532853851.0 -0.37675247 -0.07881804 0.047280874 -0.12444375 0.14316913 0.9818414 -0.0019700003
1542145532878816.0 -0.39051354 -0.07641241 0.05047579 -0.13122329 0.14750524 0.98024833 -0.011663648
1542145532903672.0 -0.402291 -0.074933 0.054725606 -0.13379012 0.15581152 0.9785318 -0.017279875
1542145532928388.0 -0.41314587 -0.07530719 0.059616223 -0.13205115 0.15956317 0.9781326 -0.018939704
1542145532952959.0 -0.42138314 -0.07667049 0.06455795 -0.1324636 0.15832154 0.9782972 -0.017957434
1542145532977390.0 -0.42849156 -0.079538666 0.071563564 -0.13149764 0.15590271 0.9788652 -0.015020855
1542145533001705.0 -0.43262866 -0.083538435 0.0794876 -0.12969361 0.15388761 0.979483 -0.010553678
1542145533025939.0 -0.43406048 -0.087913096 0.08594693 -0.12572479 0.15376729 0.9800641 -0.004826263
1542145533050123.0 -0.43262014 -0.09145582 0.09419303 -0.11790464 0.15439348 0.98094904 0.00043270297
1542145533074284.0 -0.4277413 -0.09394261 0.10152057 -0.10523512 0.15644415 0.9820538 0.004603061
1542145533098442.0 -0.41990533 -0.09712937 0.10764966 -0.09070946 0.16180141 0.98260504 0.008913815
1542145533122605.0 -0.40989545 -0.09938489 0.112875216 -0.07415718 0.1721143 0.98219794 0.012833956
1542145533146766.0 -0.39755392 -0.101258434 0.11766513 -0.058337003 0.1822508 0.98138446 0.01631423
1542145533170924.0 -0.38357332 -0.101886205 0.1219515 -0.0438595 0.19076863 0.98046553 0.019263342
1542145533195093.0 -0.3678462 -0.10248587 0.12624757 -0.030778278 0.1968233 0.9797488 0.020141592
1542145533219284.0 -0.35131082 -0.10278317 0.12938936 -0.015827863 0.20241097 0.9789014 0.023052502
1542145533243503.0 -0.33378127 -0.10391066 0.13153553 0.0021481367 0.20379527 0.9785695 0.029405177
1542145533267757.0 -0.31544533 -0.10529301 0.1331859 0.02598289 0.19719279 0.9793332 0.03669465
1542145533292064.0 -0.29730773 -0.10656988 0.13500868 0.050981782 0.19424635 0.9785436 0.046061955
1542145533316460.0 -0.27934974 -0.10759163 0.13514972 0.073736794 0.1933626 0.97679883 0.055117004
1542145533340984.0 -0.2618776 -0.10774166 0.13447197 0.0921475 0.18812169 0.9761531 0.056958433
1542145533365640.0 -0.24551548 -0.10712519 0.13597739 0.10816205 0.18001986 0.9761946 0.05420236
1542145533390385.0 -0.23091024 -0.10707867 0.13331816 0.12223599 0.17333724 0.97594273 0.050482746
1542145533415154.0 -0.21804239 -0.10449648 0.14033942 0.1361544 0.16593938 0.9755476 0.047254626
1542145533439890.0 -0.20597236 -0.1035958 0.13962431 0.14704904 0.15826668 0.9754244 0.04330676
1542145533464551.0 -0.19512823 -0.102799475 0.1398798 0.15880695 0.15077268 0.9748625 0.04112349
1542145533489123.0 -0.18466005 -0.0996622 0.1491028 0.1721707 0.14532125 0.9733705 0.042294756
1542145533513602.0 -0.17604993 -0.098089136 0.1490001 0.1869478 0.1374813 0.9717728 0.042509437
1542145533537979.0 -0.16868104 -0.09611909 0.14688726 0.2006549 0.12894647 0.9701878 0.04296699
1542145533562258.0 -0.16034438 -0.09275697 0.14904836 0.20963219 0.12586433 0.96862644 0.044445235
1542145533586450.0 -0.1541101 -0.09052384 0.14574434 0.21543597 0.12237919 0.9679912 0.040047873
1542145533610555.0 -0.14957732 -0.08708787 0.14110574 0.21998376 0.11679831 0.9679226 0.033031996
1542145533634560.0 -0.14623575 -0.08270089 0.13624872 0.22226338 0.10684399 0.9687996 0.024712725
1542145533658460.0 -0.14452095 -0.07831535 0.13115898 0.21992518 0.09875299 0.9703938 0.014725194
1542145533682277.0 -0.14593989 -0.071277596 0.13250142 0.21538682 0.0933566 0.9720429 0.0050772796
1542145533706051.0 -0.1488381 -0.06606139 0.12892668 0.20608251 0.09315303 0.9740864 -0.0028822029
1542145533729810.0 -0.15437643 -0.061418865 0.12522586 0.19333278 0.09176089 0.9767572 -0.012155853
1542145533753579.0 -0.16163096 -0.05836493 0.12157941 0.17768024 0.08956999 0.9797442 -0.022544727
1542145533777391.0 -0.17117569 -0.055247027 0.11832909 0.15938118 0.09029723 0.9826125 -0.03027727
1542145533801286.0 -0.18140294 -0.053564034 0.11420346 0.1406397 0.09156654 0.9851518 -0.03622191
1542145533825295.0 -0.19555683 -0.05340093 0.107936144 0.12134177 0.0960689 0.98716104 -0.03949797
1542145533849431.0 -0.20908082 -0.055617817 0.10002001 0.102998786 0.1026762 0.9886096 -0.038728796
1542145533873702.0 -0.22531249 -0.05970572 0.09330422 0.08487912 0.11075299 0.9896096 -0.034673493
1542145533898110.0 -0.23913768 -0.06528429 0.08957577 0.06671469 0.117866576 0.99039567 -0.027803518
1542145533922654.0 -0.25546828 -0.07267261 0.08551522 0.04681966 0.12407086 0.990979 -0.019368501
1542145533947315.0 -0.27162412 -0.08086666 0.08194606 0.024997558 0.1301843 0.9911009 -0.0120918285
1542145533972061.0 -0.28692636 -0.09052815 0.07714972 0.0027914187 0.13497254 0.99082565 -0.0062639513
1542145533996836.0 -0.3020521 -0.10090716 0.07281097 -0.017633464 0.13984418 0.99001586 -0.0011320125
1542145534021594.0 -0.31389502 -0.11150034 0.07007904 -0.033827666 0.14590612 0.9887171 0.0023754116
1542145534046296.0 -0.32477796 -0.123362884 0.06435741 -0.042671755 0.15598387 0.98683083 0.0036309229
1542145534070925.0 -0.33384058 -0.13166875 0.06292848 -0.04609775 0.16561925 0.98508626 0.007091929
1542145534095488.0 -0.34039944 -0.14156191 0.061875083 -0.049100123 0.17623128 0.98308814 0.008341699
1542145534120005.0 -0.3460896 -0.15018323 0.062370725 -0.05304946 0.18806387 0.9806985 0.0069403546
1542145534144506.0 -0.34965312 -0.15706111 0.06295274 -0.057115518 0.20035456 0.9780554 0.001870916
1542145534169016.0 -0.35335428 -0.16355667 0.06365504 -0.059164938 0.21145949 0.9755889 -0.0032741139
1542145534193556.0 -0.3568509 -0.17088449 0.055813286 -0.0613579 0.22448942 0.9725225 -0.0063074594
1542145534218149.0 -0.3574687 -0.17678076 0.05729473 -0.06437328 0.23525698 0.969784 -0.0054009566
1542145534242808.0 -0.35602438 -0.1831078 0.057269383 -0.06628999 0.23950748 0.9686275 -0.0016055345
1542145534267538.0 -0.35346764 -0.18766475 0.05810022 -0.06389197 0.23860276 0.9689962 0.0057374313
1542145534292336.0 -0.34800524 -0.19138318 0.061987717 -0.057599116 0.23184982 0.9709268 0.015137774
1542145534317187.0 -0.33920175 -0.1926261 0.06789456 -0.046446107 0.22443107 0.97312164 0.0225325
1542145534342073.0 -0.3272397 -0.1918556 0.0733103 -0.03004114 0.22118133 0.97442263 0.026016522
1542145534366969.0 -0.31369755 -0.18943825 0.07690928 -0.010556018 0.22093758 0.97490615 0.025163589
1542145534391837.0 -0.29566148 -0.18592769 0.08375865 0.010035428 0.21872564 0.97546726 0.02284757
1542145534416637.0 -0.27847067 -0.18072826 0.09098293 0.031698495 0.21095465 0.97674763 0.02138826
1542145534441341.0 -0.25941485 -0.17515004 0.09941899 0.052135754 0.19921473 0.97840846 0.017672637
1542145534465942.0 -0.23963797 -0.16829549 0.10880505 0.073633425 0.18454072 0.9799941 0.011595808
1542145534490444.0 -0.22000082 -0.16100231 0.112561435 0.09221953 0.17643553 0.979964 0.0060507236
1542145534514872.0 -0.2002274 -0.15307218 0.11910562 0.10575316 0.17526183 0.9788255 0.00053972343
1542145534539265.0 -0.18271175 -0.1451121 0.12422202 0.113223046 0.16869542 0.9790727 -0.011793868
1542145534563661.0 -0.16632764 -0.1351506 0.13563684 0.11459971 0.15517184 0.9808251 -0.027762488
1542145534588095.0 -0.15162554 -0.12693286 0.1418328 0.115340896 0.14423454 0.9820352 -0.038726464
1542145534612591.0 -0.13848743 -0.12032273 0.1457499 0.11526741 0.13359435 0.98328465 -0.044913683
1542145534637168.0 -0.1278731 -0.11391562 0.14748369 0.11699742 0.11568258 0.9850528 -0.050991956
1542145534661840.0 -0.11964271 -0.10749868 0.15962799 0.11522247 0.098713584 0.98694897 -0.0539561
1542145534686621.0 -0.112247825 -0.10383266 0.15995543 0.113468654 0.07646415 0.98897576 -0.056614205
1542145534711504.0 -0.106964186 -0.09874926 0.16085334 0.11226582 0.055988852 0.9905961 -0.054599147
1542145534736461.0 -0.10615898 -0.09445907 0.1659191 0.1097618 0.0404125 0.9918788 -0.049957033
1542145534761449.0 -0.10831678 -0.09320717 0.16425553 0.10215587 0.031476714 0.9931977 -0.046171013
1542145534786425.0 -0.112219766 -0.08990378 0.16642477 0.094895236 0.026137 0.99433213 -0.04019245
1542145534811370.0 -0.118219286 -0.0851753 0.16896527 0.089119665 0.023109645 0.9952669 -0.031105062
1542145534836287.0 -0.11521608 -0.084095016 0.16047418 0.084152065 0.021893274 0.9958493 -0.026894363
1542145534861184.0 -0.121601015 -0.080562666 0.15950926 0.081802234 0.021482965 0.99618584 -0.021462219
1542145534886064.0 -0.12774892 -0.07847918 0.1573525 0.07625987 0.027022239 0.9966448 -0.012386793
1542145534910912.0 -0.14494663 -0.07916803 0.14951865 0.070421256 0.032062862 0.99699455 -0.0038344853
1542145534935717.0 -0.15328929 -0.07815678 0.14832237 0.06288327 0.028485442 0.99761087 0.0026175203
1542145534960472.0 -0.17148387 -0.07914143 0.14287736 0.05432256 0.022359986 0.99822915 0.00936056
1542145534985174.0 -0.18451086 -0.079521656 0.1384581 0.043391388 0.018998997 0.99870735 0.018435245
1542145535009822.0 -0.20591688 -0.08039532 0.13457271 0.028843116 0.022801863 0.9989567 0.027087923
1542145535034424.0 -0.22589377 -0.08196658 0.12930426 0.009439308 0.026295448 0.99917907 0.029336302
1542145535059000.0 -0.24643204 -0.082948565 0.12160972 -0.013966011 0.029678632 0.9991148 0.026338514
1542145535083573.0 -0.26877922 -0.083226055 0.11171436 -0.03886847 0.032875903 0.9984971 0.020296272
1542145535108158.0 -0.29320878 -0.082772695 0.10238483 -0.065039285 0.037347823 0.99711436 0.011747454
1542145535132770.0 -0.31892502 -0.08270102 0.09409853 -0.09250183 0.041813556 0.99483246 0.0018663994
1542145535157413.0 -0.3452848 -0.08279905 0.08738318 -0.120684944 0.045567553 0.9916355 -0.0042188596
1542145535182079.0 -0.37162122 -0.084035076 0.08070171 -0.147525 0.049174238 0.9878233 -0.0048346426
1542145535206741.0 -0.39781752 -0.08819129 0.083138384 -0.16956678 0.051087677 0.9841891 -0.002990925
1542145535231377.0 -0.42267147 -0.09169691 0.082868285 -0.18883726 0.05455356 0.980487 -0.0031054977
1542145535255994.0 -0.44570604 -0.094933145 0.08302446 -0.2099145 0.06267894 0.975694 -0.0053324974
1542145535280609.0 -0.46816576 -0.09826629 0.08529191 -0.23034437 0.06805986 0.97068495 -0.00895363
1542145535305240.0 -0.48880643 -0.10100784 0.08833573 -0.24879815 0.06903743 0.9660164 -0.01206894
1542145535329891.0 -0.5068655 -0.10432467 0.09212345 -0.26520467 0.0706569 0.9614742 -0.01553908
1542145535354573.0 -0.5209812 -0.108144395 0.09438523 -0.27781174 0.070956446 0.95778894 -0.020644402
1542145535379300.0 -0.5327159 -0.1129021 0.0999223 -0.2813416 0.07165413 0.95661575 -0.024472294
1542145535404104.0 -0.5378868 -0.11772801 0.10710789 -0.27681842 0.075108066 0.957683 -0.023950947
1542145535429032.0 -0.54076093 -0.12356406 0.11485417 -0.26191476 0.084394984 0.9611175 -0.023051672
1542145535454124.0 -0.53775513 -0.12983254 0.12179543 -0.24702896 0.09517399 0.96410674 -0.020414615
1542145535479374.0 -0.53534436 -0.13574265 0.1292036 -0.23166493 0.103600845 0.9671081 -0.017327297
1542145535504720.0 -0.5309663 -0.14070743 0.13622537 -0.21985075 0.11035122 0.9691315 -0.016504766
1542145535530077.0 -0.52596956 -0.14454333 0.14278378 -0.20963444 0.11230463 0.9711097 -0.01967574
