29733.402985074626 -0.0 -0.0 -0.0 -0.0 -0.0 1.0 -0.0
59487.40298507463 -0.0 -0.0 -0.0 -0.0 -0.0 1.0 -0.0
89434.40298507463 0.06542184 -0.0012250681 0.0127451625 -0.0036131407 0.0037674855 0.9999828 0.002717845
119562.40298507463 0.094160356 0.0018885251 0.017606288 -0.005667004 0.0061399383 0.9999604 0.0030636294
149831.40298507462 0.094160356 0.0018885251 0.017606288 -0.005667004 0.0061399383 0.9999604 0.0030636294
180180.40298507462 0.14333613 0.017284878 0.022198023 -0.01037622 0.008722117 0.9999053 0.0024021957
210544.40298507462 0.14333613 0.017284878 0.022198023 -0.01037622 0.008722117 0.9999053 0.0024021957
240893.40298507462 0.19334342 0.02619817 0.025699835 -0.0130562885 0.004101345 0.9999031 0.0025874346
271244.4029850746 0.19334342 0.02619817 0.025699835 -0.0130562885 0.004101345 0.9999031 0.0025874346
301626.4029850746 0.23082714 -0.0021887135 0.019875381 -0.019177029 0.008470899 0.9997674 0.0050631044
332048.4029850746 0.24356994 -0.023796547 0.012437809 -0.024088029 0.007407597 0.9996669 0.0055636936
362482.4029850746 0.256463 -0.037384424 0.0044459864 -0.027287388 -0.000982834 0.9996093 0.005979324
392881.4029850746 0.2725172 -0.042193823 -0.0015653747 -0.031079052 -0.010273362 0.9994399 0.0069729774
423194.4029850746 0.2915532 -0.04066754 -0.007978623 -0.03383531 -0.020708371 0.99919987 0.0050906427
453368.4029850746 0.31765717 -0.02941061 -0.015741995 -0.035967987 -0.03680058 0.9986711 0.0028359795
483389.4029850746 0.34830794 -0.015194198 -0.021553598 -0.03621166 -0.053427454 0.99791497 -7.2706307e-06
513281.4029850746 0.38563186 0.0021014893 -0.028436039 -0.036479868 -0.06853906 0.9969801 -0.001534023
543076.4029850746 0.4229989 0.019392662 -0.034609724 -0.035072055 -0.07779809 0.99634707 -0.0031645764
572825.4029850746 0.4610806 0.033417866 -0.04497897 -0.034372255 -0.08142901 0.99606663 -0.0062551913
602573.4029850746 0.5012086 0.047035545 -0.054398518 -0.038923465 -0.08253096 0.99580693 -0.0064941095
632347.4029850746 0.53092545 0.053593464 -0.06809413 -0.03919749 -0.083217755 0.99571866 -0.009099391
662145.4029850746 0.5487681 0.05217377 -0.089764275 -0.032964583 -0.08104642 0.9960931 -0.011977675
691948.4029850746 0.5708032 0.041954324 -0.10655921 -0.031751372 -0.07023019 0.9969422 -0.0128747765
721732.4029850746 0.5823926 0.02302181 -0.125976 -0.02653874 -0.054897983 0.99801224 -0.015921948
751446.4029850746 0.6029891 0.011843797 -0.14260234 -0.023427643 -0.047869556 0.9984405 -0.016622776
781030.4029850746 0.63211536 0.012427443 -0.15565106 -0.021885509 -0.04369184 0.9986728 -0.016269846
810438.4029850746 0.6541357 0.01141235 -0.17200471 -0.017476745 -0.03574846 0.99905515 -0.017477918
839636.4029850746 0.66989225 0.005506072 -0.18787707 -0.013674444 -0.020704897 0.9994959 -0.019805968
868627.4029850746 0.66606706 0.013313715 -0.19536278 -0.005901321 0.0014604627 0.999876 -0.014530103
897464.4029850746 0.67031145 0.015383669 -0.20779161 -0.0034951482 0.014153878 0.99978846 -0.01450872
926228.4029850746 0.6620702 0.02274715 -0.22226387 -0.0030988806 0.023015328 0.99962145 -0.014754604
954977.4029850746 0.6313375 0.02654431 -0.23480512 0.00042434168 0.028819172 0.99943674 -0.017192107
983735.4029850746 0.60322994 0.03527221 -0.25123873 -0.00091642694 0.028900487 0.99939805 -0.019170353
1012499.4029850746 0.5717797 0.05247034 -0.25651157 -0.0047987397 0.027359687 0.9994558 -0.017793955
1041260.4029850747 0.5144503 0.071724586 -0.26341754 -0.0060844356 0.025899984 0.99953747 -0.014734449
1070023.4029850746 0.4552126 0.080374196 -0.2739909 -0.0073866537 0.023420032 0.9995714 -0.015939398
1098784.4029850746 0.39451963 0.09278825 -0.28240114 -0.009095001 0.019465856 0.9996461 -0.015685309
1127531.4029850746 0.3292434 0.10354225 -0.29319993 -0.01202788 0.014446101 0.9996925 -0.016174061
1156239.4029850746 0.27109215 0.110412374 -0.31381556 -0.016519452 0.008009027 0.99961287 -0.020905362
1184890.4029850746 0.20016389 0.13463858 -0.32008013 -0.01699461 0.00044687843 0.99965876 -0.019834226
1213483.4029850746 0.1295157 0.15330316 -0.3328464 -0.016879234 -0.009279372 0.99957293 -0.021977121
1242043.4029850746 0.057162177 0.17683335 -0.34071845 -0.016467014 -0.020417497 0.9994066 -0.02232749
1270593.4029850746 -0.020800749 0.18906146 -0.35307792 -0.015608184 -0.031401884 0.99908084 -0.024652949
1299150.4029850746 -0.09506155 0.19490638 -0.36967778 -0.016922802 -0.042511985 0.9985238 -0.029267197
1327724.4029850746 -0.16087271 0.21437995 -0.38396624 -0.017405374 -0.057846136 0.99772614 -0.029891422
1356315.4029850746 -0.20058855 0.23118716 -0.39556956 -0.019489426 -0.07599077 0.9963756 -0.032883897
1384926.4029850746 -0.22426622 0.25773865 -0.4051007 -0.021788133 -0.0893519 0.99519026 -0.033732254
1413575.4029850746 -0.25055385 0.28418374 -0.42023957 -0.022727406 -0.091947466 0.9948575 -0.035886075
1442301.4029850746 -0.2632099 0.30954826 -0.42754954 -0.022502696 -0.089849725 0.99501747 -0.03689089
1471138.4029850746 -0.2539813 0.3308898 -0.43694034 -0.020460863 -0.09338619 0.9945946 -0.040523518
1500098.4029850746 -0.23525664 0.3550132 -0.4428261 -0.01921417 -0.09505511 0.9944493 -0.040816486
1529171.4029850746 -0.25593978 0.35556886 -0.45885685 -0.00970075 -0.08788916 0.9949309 -0.047894225
1558332.4029850746 -0.25204965 0.36201087 -0.4713706 -0.011409866 -0.082764186 0.9953746 -0.047428373
1587573.4029850746 -0.26055062 0.36532438 -0.48265526 -0.01241614 -0.08336397 0.9953254 -0.04715669
1616910.4029850746 -0.25404635 0.3760151 -0.49917287 -0.016639827 -0.09540893 0.99409026 -0.04903956
1646359.4029850746 -0.24972324 0.39623314 -0.50987315 -0.018213939 -0.109631784 0.9925612 -0.049712542
1675903.4029850746 -0.23485592 0.41074315 -0.5172823 -0.019051977 -0.122801214 0.99102736 -0.049211457
1705489.4029850746 -0.2188907 0.39658788 -0.5295555 -0.021869112 -0.13691269 0.98905045 -0.050555836
1735096.4029850746 -0.21877167 0.37992978 -0.54782313 -0.02840381 -0.1493188 0.9871805 -0.048702966
1764720.4029850746 -0.20092566 0.37614873 -0.55192566 -0.03352862 -0.16812806 0.98416936 -0.04493819
1794318.4029850746 -0.20237483 0.37589058 -0.56028193 -0.036713403 -0.18455534 0.9812127 -0.042580914
1823838.4029850746 -0.20500332 0.38296825 -0.5672157 -0.038949966 -0.20124017 0.9779437 -0.04014204
1853273.4029850746 -0.2064754 0.39661258 -0.5748106 -0.03957641 -0.2218843 0.97339076 -0.041370586
1882638.4029850746 -0.2019398 0.40814424 -0.58249736 -0.0432895 -0.22598654 0.97220385 -0.04331104
1911953.4029850746 -0.20437476 0.4138793 -0.5858577 -0.042566977 -0.21392651 0.9749392 -0.043783028
1941246.4029850746 -0.18524888 0.40652812 -0.5851582 -0.04098846 -0.20178047 0.97763115 -0.04291835
1970537.4029850746 -0.1624911 0.39113858 -0.58006793 -0.037556216 -0.19497097 0.9791921 -0.04193772
