# timestamp[secs] tx ty tz qx qy qz qw
1542145521.577086 -0.0 -0.0 -0.0 -0.0 -0.0 -0.0 1.0
1542145521.601548 -0.0 -0.0 -0.0 -0.0 -0.0 -0.0 1.0
1542145521.626014 0.036528732627630234 -0.0005293238791637123 0.0030079653952270746 0.0015068843495100737 0.0047898730263113976 -0.004663224332034588 0.9999765753746033
1542145521.65048 0.036528732627630234 -0.0005293238791637123 0.0030079653952270746 0.0015068843495100737 0.0047898730263113976 -0.004663224332034588 0.9999765753746033
1542145521.674949 0.0604410283267498 0.007021612953394651 0.004804610274732113 -0.004213159438222647 0.00431716488674283 -0.0061222268268466 0.999963104724884
1542145521.699426 0.0604410283267498 0.007021612953394651 0.004804610274732113 -0.004213159438222647 0.00431716488674283 -0.0061222268268466 0.999963104724884
1542145521.723922 0.0604410283267498 0.007021612953394651 0.004804610274732113 -0.004213159438222647 0.00431716488674283 -0.0061222268268466 0.999963104724884
1542145521.74845 0.0604410283267498 0.007021612953394651 0.004804610274732113 -0.004213159438222647 0.00431716488674283 -0.0061222268268466 0.999963104724884
1542145521.773014 0.0604410283267498 0.007021612953394651 0.004804610274732113 -0.004213159438222647 0.00431716488674283 -0.0061222268268466 0.999963104724884
1542145521.797607 0.07773208618164062 0.015465609729290009 0.008269468322396278 -0.0015115407295525074 -0.013754460960626602 -0.02198830060660839 0.999662458896637
1542145521.822217 0.07773208618164062 0.015465608797967434 0.008269468322396278 -0.0015115408459678292 -0.013754461891949177 -0.02198830246925354 0.9996625185012817
1542145521.84683 0.06663312017917633 0.012480379082262516 0.008088330738246441 0.003419238841161132 -0.025333259254693985 -0.031112683936953545 0.999189019203186
1542145521.871432 0.06663312017917633 0.012480379082262516 0.008088330738246441 0.003419238841161132 -0.025333259254693985 -0.031112683936953545 0.999189019203186
1542145521.896007 0.04853832349181175 0.0036138908471912146 0.005920813884586096 0.012342776171863079 -0.03594796732068062 -0.03149108588695526 0.998781144618988
1542145521.920548 0.04853832349181175 0.0036138908471912146 0.005920813884586096 0.012342776171863079 -0.03594796732068062 -0.03149108588695526 0.998781144618988
1542145521.945061 0.026687532663345337 -0.005253113806247711 0.002192213200032711 0.018723251298069954 -0.043908439576625824 -0.03154633194208145 0.9983618259429932
1542145521.969553 0.026687532663345337 -0.005253113806247711 0.002192213200032711 0.018723251298069954 -0.043908439576625824 -0.03154633194208145 0.9983618259429932
1542145521.994032 -0.008236057125031948 -0.01839969865977764 -0.004169021733105183 0.02120385877788067 -0.050666701048612595 -0.02530733309686184 0.9981697797775269
1542145522.018513 -0.02814531698822975 -0.025094717741012573 -0.007007099688053131 0.023397186771035194 -0.055222563445568085 -0.02154083549976349 0.9979674816131592
1542145522.043014 -0.055187758058309555 -0.03380608186125755 -0.011328201740980148 0.025946136564016342 -0.059582266956567764 -0.015595843084156513 0.9977642893791199
1542145522.067543 -0.08381598442792892 -0.04079102352261543 -0.012264357879757881 0.030271146446466446 -0.06757691502571106 -0.010175209492444992 0.9972028732299805
1542145522.092102 -0.1176406666636467 -0.04879499599337578 -0.015850504860281944 0.033643726259469986 -0.07579050958156586 -0.007225590758025646 0.9965298771858215
1542145522.116689 -0.1553315669298172 -0.05639156326651573 -0.01971244253218174 0.03626096621155739 -0.08218567073345184 -0.005933425389230251 0.9959394931793213
1542145522.141309 -0.1961393505334854 -0.06335122138261795 -0.02257395163178444 0.03940789774060249 -0.0869196206331253 -0.00015120369789656252 0.9954355955123901
1542145522.165958 -0.2393001914024353 -0.06863486021757126 -0.02448059618473053 0.0432167612016201 -0.09213558584451675 0.011035289615392685 0.9947470426559448
1542145522.190631 -0.2856582999229431 -0.0734824612736702 -0.02686695195734501 0.045010387897491455 -0.09550026804208755 0.019624322652816772 0.9942176342010498
1542145522.215333 -0.3346855342388153 -0.0768166109919548 -0.023973137140274048 0.04569053277373314 -0.09637102484703064 0.025517461821436882 0.9939687848091125
1542145522.240086 -0.3838677406311035 -0.0770326554775238 -0.016678759828209877 0.046819813549518585 -0.09725869446992874 0.03181951493024826 0.9936479330062866
1542145522.264928 -0.4380277097225189 -0.0788441151380539 -0.00952779408544302 0.04650520160794258 -0.10177367180585861 0.04283181205391884 0.9927964806556702
1542145522.289894 -0.48268651962280273 -0.07579624652862549 6.756605580449104e-05 0.05010949447751045 -0.11142531782388687 0.05366736650466919 0.9910566806793213
1542145522.314985 -0.5318609476089478 -0.08824025839567184 -0.020157506689429283 0.04455933719873428 -0.11424839496612549 0.05274200811982155 0.9910499453544617
1542145522.340167 -0.5849702954292297 -0.08962057530879974 -0.015766974538564682 0.04857400432229042 -0.12441056966781616 0.05885513871908188 0.9892920255661011
1542145522.36539 -0.6306939721107483 -0.10174520313739777 -0.025674358010292053 0.04705439880490303 -0.13373735547065735 0.062726691365242 0.987909734249115
1542145522.390628 -0.6736751794815063 -0.10854139924049377 -0.032665032893419266 0.04740395024418831 -0.14300651848316193 0.06796526908874512 0.9862468242645264
1542145522.41589 -0.7123970985412598 -0.11388050019741058 -0.03583880141377449 0.04666509851813316 -0.15157800912857056 0.07574345916509628 0.9844335913658142
1542145522.441205 -0.7405440807342529 -0.11222229897975922 -0.031498394906520844 0.04953324422240257 -0.15564116835594177 0.08428668975830078 0.9829639196395874
1542145522.466579 -0.7518129944801331 -0.1125592440366745 -0.027514666318893433 0.04867171868681908 -0.16259190440177917 0.09022428095340729 0.9813534021377563
1542145522.491997 -0.7735891342163086 -0.1150042787194252 -0.04122375696897507 0.0426734983921051 -0.16990216076374054 0.09681380540132523 0.979764997959137
1542145522.517461 -0.7696300745010376 -0.110655777156353 -0.042696282267570496 0.04234855994582176 -0.17407554388046265 0.09658556431531906 0.9790687561035156
1542145522.542982 -0.7540715336799622 -0.10577813535928726 -0.039965126663446426 0.04166442155838013 -0.17549318075180054 0.0929354727268219 0.9791982769966125
1542145522.568551 -0.7210034728050232 -0.09660916775465012 -0.037675581872463226 0.04172438383102417 -0.17649421095848083 0.09045453369617462 0.9792481064796448
1542145522.594151 -0.679413914680481 -0.08479787409305573 -0.029882246628403664 0.04243307560682297 -0.17170436680316925 0.08829089254140854 0.9802662134170532
1542145522.619766 -0.6292780637741089 -0.0739293023943901 -0.023482946678996086 0.042681947350502014 -0.16381533443927765 0.08565507084131241 0.9818381071090698
1542145522.64537 -0.5750149488449097 -0.06383652240037918 -0.015556905418634415 0.04276568815112114 -0.15356194972991943 0.08125195652246475 0.9838638305664062
1542145522.670926 -0.5165247321128845 -0.05327349528670311 -0.0069794729351997375 0.04303916543722153 -0.14163470268249512 0.07020004093647003 0.9864883422851562
1542145522.696423 -0.45865410566329956 -0.04488454759120941 0.0019709011539816856 0.04420800134539604 -0.1295240819454193 0.053355563431978226 0.9891523718833923
1542145522.721852 -0.40532106161117554 -0.03771974891424179 0.0085739865899086 0.044917888939380646 -0.11770783364772797 0.0362296998500824 0.9913700819015503
1542145522.747191 -0.35456016659736633 -0.032870080322027206 0.01605488918721676 0.04451754316687584 -0.10731309652328491 0.02125323936343193 0.9930007457733154
1542145522.772455 -0.30774885416030884 -0.028176410123705864 0.022625507786870003 0.04400480166077614 -0.09574400633573532 0.004945788066834211 0.99442058801651
1542145522.79771 -0.26441407203674316 -0.02490437775850296 0.03144462779164314 0.04441287741065025 -0.08579659461975098 -0.007941845804452896 0.9952906370162964
1542145522.823004 -0.224929541349411 -0.0235819760710001 0.03875373303890228 0.046359337866306305 -0.07776539772748947 -0.01733260229229927 0.9957424402236938
1542145522.848311 -0.18837937712669373 -0.023903019726276398 0.04573414474725723 0.04823833331465721 -0.0681794062256813 -0.027757231146097183 0.9961196184158325
1542145522.873568 -0.15456567704677582 -0.02398173324763775 0.05335014685988426 0.04865484684705734 -0.05518919602036476 -0.039430320262908936 0.9965100288391113
1542145522.898752 -0.12196274846792221 -0.025271248072385788 0.05710415914654732 0.04661593586206436 -0.038836754858493805 -0.048809438943862915 0.9969635605812073
1542145522.923859 -0.09458333253860474 -0.025912761688232422 0.05976022779941559 0.043850407004356384 -0.020839370787143707 -0.051236432045698166 0.997505784034729
1542145522.948867 -0.06895472854375839 -0.02597801759839058 0.06403009593486786 0.04329788684844971 -0.004381726495921612 -0.04676716402173042 0.9979574084281921
1542145522.973774 -0.04623930901288986 -0.027063963934779167 0.06519345194101334 0.04268645495176315 0.012289580889046192 -0.04322061687707901 0.9980775713920593
1542145522.998571 -0.02925749123096466 -0.028528865426778793 0.06396414339542389 0.04198828712105751 0.028740521520376205 -0.04157997667789459 0.9978387355804443
1542145523.023222 -0.017081232741475105 -0.02956906147301197 0.06431648135185242 0.0442129410803318 0.04026993736624718 -0.03791586309671402 0.9974898099899292
1542145523.047688 -0.00790770910680294 -0.03161665424704552 0.06376281380653381 0.04850006476044655 0.04784660041332245 -0.03327932953834534 0.9971213340759277
1542145523.07194 -0.0032263989560306072 -0.0327335000038147 0.06259634345769882 0.05232904478907585 0.05194183439016342 -0.030528636649250984 0.9968108534812927
1542145523.095993 -0.0022578444331884384 -0.033341601490974426 0.062068693339824677 0.054225414991378784 0.05321051552891731 -0.031314533203840256 0.9966181516647339
1542145523.11989 -0.002309197559952736 -0.032561324536800385 0.06297498196363449 0.05287212133407593 0.0472346730530262 -0.03481833264231682 0.9968757033348083
1542145523.143678 -0.005395808722823858 -0.031132332980632782 0.06714902073144913 0.0534159317612648 0.0371689535677433 -0.037865716964006424 0.9971616864204407
1542145523.167399 -0.011442846618592739 -0.029225962236523628 0.06993546336889267 0.05516521632671356 0.024413567036390305 -0.042383160442113876 0.9972785711288452
1542145523.19109 -0.020547110587358475 -0.027593860402703285 0.07244043052196503 0.05630837753415108 0.009382544085383415 -0.04889510199427605 0.9971713423728943
1542145523.214786 -0.033854782581329346 -0.026594655588269234 0.07511769235134125 0.055503737181425095 -0.008576063439249992 -0.054052866995334625 0.9969574809074402
1542145523.238501 -0.048275426030159 -0.026216791942715645 0.07555965334177017 0.05373164638876915 -0.028822600841522217 -0.060584090650081635 0.9962990283966064
1542145523.262248 -0.06453677266836166 -0.02584705501794815 0.07443784922361374 0.051665712147951126 -0.04966343194246292 -0.06583554297685623 0.9952537417411804
1542145523.28605 -0.08633782714605331 -0.02526560239493847 0.07568150758743286 0.05247584357857704 -0.06607510894536972 -0.06990985572338104 0.9939784407615662
1542145523.309954 -0.1038418859243393 -0.026115188375115395 0.07845137268304825 0.05486936867237091 -0.08610060811042786 -0.06567369401454926 0.99260413646698
1542145523.334012 -0.1232447400689125 -0.027231620624661446 0.07427196949720383 0.05841807276010513 -0.10593919456005096 -0.05796648934483528 0.9909612536430359
1542145523.358259 -0.14401806890964508 -0.030049514025449753 0.07204946875572205 0.06232139468193054 -0.1249866709113121 -0.051537949591875076 0.9888570308685303
1542145523.382707 -0.16453301906585693 -0.035066135227680206 0.06724638491868973 0.06598501652479172 -0.14188291132450104 -0.04663801193237305 0.9865800142288208
1542145523.407347 -0.18229591846466064 -0.0389106348156929 0.06379608064889908 0.06953015178442001 -0.1553211361169815 -0.04086123779416084 0.9845665693283081
1542145523.432174 -0.19782067835330963 -0.04104982689023018 0.05811496824026108 0.07117563486099243 -0.16576604545116425 -0.033948443830013275 0.9830071926116943
1542145523.457185 -0.2133832573890686 -0.04237253591418266 0.04986505210399628 0.0707385390996933 -0.17274385690689087 -0.02669600583612919 0.9820605516433716
1542145523.482364 -0.2266034483909607 -0.04268958419561386 0.04825671762228012 0.06894978880882263 -0.17962491512298584 -0.017927510663866997 0.9811521172523499
1542145523.50768 -0.23719583451747894 -0.04262039065361023 0.04410741850733757 0.06520145386457443 -0.18717323243618011 -0.008376563899219036 0.9801249504089355
1542145523.53311 -0.24809032678604126 -0.04182186722755432 0.040685124695301056 0.0610814094543457 -0.19520631432533264 -0.0011999920243397355 0.9788575768470764
1542145523.55863 -0.25744447112083435 -0.04227954149246216 0.03586230427026749 0.0582207627594471 -0.20662963390350342 0.0013076262548565865 0.9766846299171448
1542145523.584211 -0.26693862676620483 -0.04337083920836449 0.0334523543715477 0.058737143874168396 -0.22117288410663605 0.0003972336126025766 0.9734641313552856
1542145523.609827 -0.27744945883750916 -0.0453680045902729 0.03159037232398987 0.06320004910230637 -0.2346639186143875 -0.006187562830746174 0.9700002074241638
1542145523.635464 -0.2854500412940979 -0.04957203567028046 0.026402557268738747 0.06946030259132385 -0.24442078173160553 -0.013134649023413658 0.9670891165733337
1542145523.661101 -0.28943926095962524 -0.054295510053634644 0.023803232237696648 0.07520335167646408 -0.2501228451728821 -0.017811549827456474 0.965124785900116
1542145523.686725 -0.288066029548645 -0.05960133299231529 0.02354677952826023 0.07842807471752167 -0.25090697407722473 -0.019165027886629105 0.9646385312080383
1542145523.712321 -0.28325024247169495 -0.06174076348543167 0.02549370750784874 0.07880895584821701 -0.2446264624595642 -0.020916610956192017 0.9661830067634583
1542145523.737889 -0.2750779092311859 -0.06273775547742844 0.030288182199001312 0.07539529353380203 -0.23545736074447632 -0.018039178103208542 0.9687879681587219
1542145523.763443 -0.2671772837638855 -0.061281852424144745 0.034362949430942535 0.06935643404722214 -0.22217409312725067 -0.011731897480785847 0.9724663496017456
1542145523.788999 -0.25513383746147156 -0.06137192249298096 0.03881105035543442 0.06349243223667145 -0.20922525227069855 -0.0010954405879601836 0.9758033752441406
1542145523.814575 -0.24297259747982025 -0.06209645792841911 0.04289157688617706 0.06229887157678604 -0.1934254765510559 0.008497120812535286 0.9790982604026794
1542145523.840197 -0.2314746081829071 -0.0650252252817154 0.04548745974898338 0.06373651325702667 -0.17430076003074646 0.015616782940924168 0.9825034737586975
1542145523.865875 -0.21994678676128387 -0.06594555079936981 0.04681305214762688 0.06560484319925308 -0.15774013102054596 0.01996638998389244 0.9850966930389404
1542145523.891594 -0.20871832966804504 -0.067059725522995 0.04847676306962967 0.06523705273866653 -0.14435751736164093 0.023019393905997276 0.9871044158935547
1542145523.917328 -0.19596165418624878 -0.06649961322546005 0.0500774048268795 0.06311118602752686 -0.13150417804718018 0.022683365270495415 0.9890445470809937
1542145523.943036 -0.1817575991153717 -0.06607392430305481 0.05069664120674133 0.05994053930044174 -0.11736123263835907 0.020654523745179176 0.9910635352134705
1542145523.968686 -0.16950906813144684 -0.06560298055410385 0.05097246170043945 0.056896813213825226 -0.10226000100374222 0.02219756692647934 0.9928811192512512
1542145523.994246 -0.15533068776130676 -0.06439483165740967 0.05123322084546089 0.0542430505156517 -0.0896499827504158 0.027261387556791306 0.9941214323043823
1542145524.019688 -0.1427125185728073 -0.060704514384269714 0.05266382545232773 0.05190419778227806 -0.07737646251916885 0.03036491945385933 0.9951868057250977
1542145524.044998 -0.13217027485370636 -0.057831645011901855 0.05235980823636055 0.049568962305784225 -0.0659697949886322 0.02975749783217907 0.9961453080177307
1542145524.070182 -0.12349322438240051 -0.05500097945332527 0.055134061723947525 0.04813327267765999 -0.05728606879711151 0.025698043406009674 0.9968656897544861
1542145524.095259 -0.11637396365404129 -0.05218885838985443 0.055542461574077606 0.04601825773715973 -0.05344466120004654 0.02402118593454361 0.9972206354141235
1542145524.120262 -0.11241009086370468 -0.05014731362462044 0.05550605058670044 0.04249195381999016 -0.05126279592514038 0.02144843526184559 0.9975503087043762
1542145524.145217 -0.10922607034444809 -0.04805198311805725 0.05612428858876228 0.03896724060177803 -0.050700683146715164 0.012753152288496494 0.9978719353675842
1542145524.170147 -0.10791601985692978 -0.04540662467479706 0.05609668046236038 0.0363508015871048 -0.049634091556072235 0.005813813302665949 0.9980888962745667
1542145524.195078 -0.1092969998717308 -0.04205150529742241 0.05545029789209366 0.03607625514268875 -0.047557804733514786 0.0031876638531684875 0.9982117414474487
1542145524.220027 -0.11007380485534668 -0.04021984711289406 0.0573410727083683 0.03625017777085304 -0.046970367431640625 0.003920179326087236 0.9982305765151978
1542145524.245005 -0.11220135539770126 -0.03885682299733162 0.054832179099321365 0.03615967929363251 -0.04572879895567894 0.00502230366691947 0.9982866644859314
1542145524.270014 -0.11437661945819855 -0.03907603397965431 0.05331160128116608 0.03598817065358162 -0.0449582077562809 0.007069398183375597 0.9983153939247131
1542145524.295046 -0.11521261930465698 -0.0388009175658226 0.05371909216046333 0.03729433938860893 -0.04501791298389435 0.009475152008235455 0.9982448220252991
1542145524.320088 -0.11463014036417007 -0.04015136882662773 0.051487378776073456 0.03737689182162285 -0.04501613974571228 0.012372743338346481 0.9982101917266846
1542145524.345138 -0.11569017916917801 -0.040198054164648056 0.04807291179895401 0.03829070180654526 -0.04476098716259003 0.01713433675467968 0.9981166124343872
1542145524.37018 -0.1163402572274208 -0.03998029604554176 0.04543142765760422 0.039795584976673126 -0.04617282375693321 0.01943456381559372 0.997951328754425
1542145524.395211 -0.11776813864707947 -0.040990494191646576 0.043928906321525574 0.040291525423526764 -0.04865119606256485 0.02156788483262062 0.997769832611084
1542145524.420231 -0.11912994086742401 -0.04197166487574577 0.03948848694562912 0.039376601576805115 -0.05080720782279968 0.0225200392305851 0.9976778030395508
1542145524.445233 -0.12121901661157608 -0.04156449809670448 0.0398336760699749 0.038136646151542664 -0.051817405968904495 0.022191466763615608 0.9976814389228821
1542145524.470211 -0.12222230434417725 -0.040820322930812836 0.037228286266326904 0.03617331385612488 -0.0527072511613369 0.023200418800115585 0.9976849555969238
1542145524.495163 -0.1254814714193344 -0.04032072797417641 0.03489034250378609 0.03484681621193886 -0.054529961198568344 0.027227982878684998 0.9975323677062988
1542145524.520095 -0.12953336536884308 -0.04091271385550499 0.033302873373031616 0.03347834199666977 -0.05739383399486542 0.030908383429050446 0.9973113536834717
1542145524.545003 -0.13315752148628235 -0.04281391203403473 0.02937428094446659 0.03316659852862358 -0.06174197420477867 0.03044467605650425 0.9970762729644775
1542145524.569892 -0.13890551030635834 -0.044660892337560654 0.02681567147374153 0.03408592566847801 -0.06786797195672989 0.02851060964167118 0.9967042207717896
1542145524.594765 -0.14443831145763397 -0.045216526836156845 0.02686835639178753 0.03567801043391228 -0.07560452818870544 0.024664290249347687 0.9961941242218018
1542145524.619625 -0.15131473541259766 -0.046813588589429855 0.025950759649276733 0.03709995001554489 -0.08337061107158661 0.01920679770410061 0.9956425428390503
1542145524.644477 -0.1608542650938034 -0.04881337285041809 0.0270383283495903 0.03956741839647293 -0.09155145287513733 0.013810317032039165 0.9949181079864502
1542145524.669329 -0.1691267490386963 -0.04950800910592079 0.025804851204156876 0.04294438660144806 -0.1015462651848793 0.009771301411092281 0.9938554763793945
1542145524.69418 -0.1770389825105667 -0.050109073519706726 0.026912502944469452 0.04603436589241028 -0.11279807239770889 0.004704440012574196 0.9925398230552673
1542145524.719036 -0.18331263959407806 -0.05211006850004196 0.0270538330078125 0.047485750168561935 -0.1256144642829895 -0.0013530340511351824 0.9909411668777466
1542145524.743911 -0.19138911366462708 -0.05405425652861595 0.028385953977704048 0.047011036425828934 -0.13990911841392517 -0.007273330818861723 0.9890210032463074
1542145524.768826 -0.19816462695598602 -0.05496291071176529 0.028400612995028496 0.04750235751271248 -0.15574221312999725 -0.010667252354323864 0.9865972399711609
1542145524.7938 -0.20242758095264435 -0.059276677668094635 0.027002770453691483 0.047961488366127014 -0.1717941015958786 -0.014498639851808548 0.9838578701019287
1542145524.818862 -0.20510582625865936 -0.06324607133865356 0.03360234946012497 0.051933735609054565 -0.18264833092689514 -0.01877211593091488 0.9816262722015381
1542145524.84403 -0.20101648569107056 -0.07458274811506271 0.02664487436413765 0.0536712221801281 -0.18791639804840088 -0.02117905579507351 0.9804888367652893
1542145524.869308 -0.20121562480926514 -0.07683058828115463 0.03072650544345379 0.060523804277181625 -0.18642248213291168 -0.018934940919280052 0.9804208874702454
1542145524.894692 -0.19268572330474854 -0.08357380330562592 0.03521415591239929 0.06461494415998459 -0.184184730052948 -0.012793336063623428 0.9806820154190063
1542145524.920163 -0.18524573743343353 -0.08731016516685486 0.038849521428346634 0.06874512881040573 -0.17828255891799927 -0.006512689404189587 0.9815533757209778
1542145524.945697 -0.1772313416004181 -0.08860541880130768 0.04377695173025131 0.07283536344766617 -0.17193253338336945 -0.0005542019498534501 0.9824122786521912
1542145524.971275 -0.1693042516708374 -0.08965173363685608 0.04816106706857681 0.0738401934504509 -0.16557681560516357 0.00228992966003716 0.983426034450531
1542145524.996881 -0.16110780835151672 -0.08748538047075272 0.05237193405628204 0.07370495796203613 -0.16159527003765106 0.0033850178588181734 0.9840950965881348
1542145525.022511 -0.15557846426963806 -0.08373689651489258 0.05674362927675247 0.07085884362459183 -0.1582958996295929 0.0037610281724482775 0.9848387241363525
1542145525.048152 -0.14997674524784088 -0.0816548690199852 0.057452812790870667 0.06450584530830383 -0.15535658597946167 0.00046519769239239395 0.9857500791549683
1542145525.073789 -0.14677873253822327 -0.07431857287883759 0.061404887586832047 0.058777906000614166 -0.1543019413948059 -0.0024294431786984205 0.9862708449363708
1542145525.099412 -0.14480051398277283 -0.06682558357715607 0.06755267828702927 0.05123969539999962 -0.15568938851356506 -0.003084989031776786 0.98647141456604
1542145525.125014 -0.143497034907341 -0.059468530118465424 0.06967191398143768 0.04337523877620697 -0.15854880213737488 -0.005662398878484964 0.9863817095756531
1542145525.15059 -0.14402583241462708 -0.05125095695257187 0.0728202685713768 0.03456544503569603 -0.16245213150978088 -0.009887469932436943 0.9860612750053406
1542145525.176143 -0.14580392837524414 -0.04532315209507942 0.07002511620521545 0.02446599490940571 -0.16628457605838776 -0.017529169097542763 0.9856184124946594
1542145525.20167 -0.1485484540462494 -0.03780325502157211 0.07335536926984787 0.017248041927814484 -0.17081290483474731 -0.02846103347837925 0.9847413897514343
1542145525.22717 -0.1531463861465454 -0.03273642435669899 0.07334941625595093 0.011435667052865028 -0.17452478408813477 -0.03613819554448128 0.9839230179786682
1542145525.252648 -0.15719066560268402 -0.02830260433256626 0.07431735843420029 0.00894911028444767 -0.1787719577550888 -0.039470139890909195 0.9830578565597534
1542145525.278118 -0.16034050285816193 -0.02665543369948864 0.07485299557447433 0.008150712586939335 -0.18165282905101776 -0.0413014218211174 0.9824612736701965
1542145525.303588 -0.16207414865493774 -0.027317360043525696 0.08056309074163437 0.011461535468697548 -0.18251214921474457 -0.041021544486284256 0.9822806119918823
1542145525.329065 -0.1648985892534256 -0.0318855382502079 0.08272227644920349 0.015723228454589844 -0.18079635500907898 -0.03805620223283768 0.982658326625824
1542145525.354549 -0.165114164352417 -0.03872401639819145 0.0849163606762886 0.023910026997327805 -0.18134868144989014 -0.03496479615569115 0.9825062155723572
1542145525.380029 -0.16461700201034546 -0.048860978335142136 0.08480276167392731 0.03346344456076622 -0.18200096487998962 -0.03140897676348686 0.9822267293930054
1542145525.405496 -0.1664152294397354 -0.0607738196849823 0.08343087881803513 0.04450024291872978 -0.18162289261817932 -0.02775101736187935 0.981968879699707
1542145525.430953 -0.16998648643493652 -0.07427643984556198 0.07823801785707474 0.05759117007255554 -0.18196815252304077 -0.023687094449996948 0.9813306331634521
1542145525.456405 -0.17283925414085388 -0.08960150927305222 0.07747386395931244 0.0720406249165535 -0.18091267347335815 -0.022925233468413353 0.9805892705917358
1542145525.481864 -0.17175592482089996 -0.10423670709133148 0.07400160282850266 0.08394477516412735 -0.17907901108264923 -0.022802772000432014 0.9799816608428955
1542145525.507351 -0.17270725965499878 -0.11825980246067047 0.07002107799053192 0.09323586523532867 -0.17460469901561737 -0.019869796931743622 0.9800130724906921
1542145525.53289 -0.16864487528800964 -0.1308392882347107 0.06733286380767822 0.09955176711082458 -0.16872256994247437 -0.013736166059970856 0.9805271029472351
1542145525.558489 -0.16113746166229248 -0.13977216184139252 0.062375783920288086 0.1036132276058197 -0.15892857313156128 -0.007558013312518597 0.9818090200424194
1542145525.584164 -0.15382906794548035 -0.1465119570493698 0.06166994199156761 0.10667544603347778 -0.14658917486667633 -0.0009895231341943145 0.9834282398223877
1542145525.609895 -0.14500382542610168 -0.15010343492031097 0.05908847972750664 0.10644132643938065 -0.13436229526996613 0.007513361983001232 0.985170304775238
1542145525.63563 -0.13599927723407745 -0.15255144238471985 0.05630234628915787 0.10225235670804977 -0.12189403921365738 0.015881240367889404 0.9871343374252319
1542145525.661292 -0.12685911357402802 -0.14841163158416748 0.0633784607052803 0.09692154079675674 -0.112036794424057 0.022177936509251595 0.9887174367904663
1542145525.686801 -0.11852424591779709 -0.14124460518360138 0.06554930657148361 0.0884103924036026 -0.10302944481372833 0.02337821200489998 0.9904655814170837
1542145525.71212 -0.10848433524370193 -0.13389965891838074 0.06720110028982162 0.07656443864107132 -0.09391328692436218 0.018743371590971947 0.992455005645752
1542145525.737264 -0.09944172948598862 -0.11944020539522171 0.07499910145998001 0.06646320223808289 -0.08273185044527054 0.008374186232686043 0.994317889213562
1542145525.762267 -0.09093869477510452 -0.1048879474401474 0.08010505139827728 0.05400406941771507 -0.06999705731868744 -0.004792378284037113 0.9960728287696838
1542145525.787155 -0.08259917795658112 -0.0886862501502037 0.08470507711172104 0.04113852232694626 -0.059617504477500916 -0.009703777730464935 0.9973260164260864
1542145525.81194 -0.07754421979188919 -0.07250934094190598 0.08794263750314713 0.02803545631468296 -0.05225637927651405 -0.006278203334659338 0.9982203841209412
1542145525.83663 -0.0747491717338562 -0.05413154140114784 0.09152098745107651 0.014843479730188847 -0.04791952297091484 -0.0019686389714479446 0.9987389445304871
1542145525.861246 -0.07619357854127884 -0.03808123990893364 0.0948001891374588 -0.0010550918523222208 -0.045178718864917755 -0.0072066341526806355 0.9989523887634277
1542145525.885818 -0.08217716217041016 -0.021441852673888206 0.09583009779453278 -0.011920545250177383 -0.04764649644494057 -0.010995208285748959 0.9987326860427856
1542145525.910383 -0.09306113421916962 -0.008714054711163044 0.09722082316875458 -0.01840568147599697 -0.054052796214818954 -0.012350964359939098 0.9982920289039612
1542145525.934986 -0.10723187774419785 0.0033029846381396055 0.09903576225042343 -0.022961320355534554 -0.06455744057893753 -0.01351876650005579 0.9975582361221313
1542145525.959665 -0.1270066648721695 0.013653016649186611 0.10072788596153259 -0.0277691762894392 -0.07622704654932022 -0.011077893897891045 0.9966421723365784
1542145525.984441 -0.1498107612133026 0.02288772352039814 0.10343939810991287 -0.03181866183876991 -0.09070906043052673 -0.00483745289966464 0.9953572154045105
1542145526.009327 -0.17591600120067596 0.030682966113090515 0.10594277083873749 -0.03478379175066948 -0.10602981597185135 8.618114406999666e-06 0.9937543869018555
1542145526.034325 -0.20319335162639618 0.035480793565511703 0.10830356180667877 -0.03607496991753578 -0.12232331931591034 0.005256006959825754 0.9918205738067627
1542145526.059439 -0.23040740191936493 0.03699943795800209 0.11004497110843658 -0.0346701517701149 -0.13810081779956818 0.008916925638914108 0.9897710084915161
1542145526.084674 -0.25632771849632263 0.03563828021287918 0.11188954859972 -0.03150978311896324 -0.15299859642982483 0.010198510251939297 0.9876713156700134
1542145526.110014 -0.2801966071128845 0.031931281089782715 0.11348013579845428 -0.02750435099005699 -0.16610676050186157 0.012846301309764385 0.9856404662132263
1542145526.135423 -0.301505446434021 0.026752812787890434 0.11552528291940689 -0.02348374016582966 -0.1753641813993454 0.01297083031386137 0.9841380715370178
1542145526.160848 -0.3197687566280365 0.01898583024740219 0.11661876738071442 -0.02002892456948757 -0.18243549764156342 0.013011112809181213 0.9829277396202087
1542145526.186233 -0.33295801281929016 0.009165633469820023 0.11862032115459442 -0.013634650968015194 -0.19049765169620514 0.018090225756168365 0.9814262986183167
1542145526.211551 -0.3436065912246704 -0.004168997053056955 0.11972549557685852 -0.004641728010028601 -0.19612963497638702 0.02184823714196682 0.9803236126899719
1542145526.236773 -0.3493683338165283 -0.017473489046096802 0.12069609016180038 0.007076991721987724 -0.19976092875003815 0.021984228864312172 0.9795724153518677
1542145526.261873 -0.3520391881465912 -0.030584292486310005 0.12106673419475555 0.01745452918112278 -0.20199313759803772 0.01836569979786873 0.9790592193603516
1542145526.28684 -0.34979966282844543 -0.04150563105940819 0.12143133580684662 0.024808736518025398 -0.20339033007621765 0.014202093705534935 0.9786803722381592
1542145526.31171 -0.3435281813144684 -0.04967781901359558 0.12199355661869049 0.029861636459827423 -0.2034924179315567 0.013944501988589764 0.9785217046737671
1542145526.33654 -0.3339490294456482 -0.05565044283866882 0.12156324088573456 0.032151807099580765 -0.20012588798999786 0.013778283260762691 0.9791456460952759
1542145526.361379 -0.32045838236808777 -0.06027204543352127 0.12146386504173279 0.03302436321973801 -0.19361098110675812 0.00808725692331791 0.9804891347885132
1542145526.386265 -0.3051208257675171 -0.06347858160734177 0.12081459164619446 0.0331667922437191 -0.18556132912635803 -0.0007054767920635641 0.9820725321769714
1542145526.411226 -0.2877711057662964 -0.06460069864988327 0.11999744176864624 0.03260513022542 -0.17787602543830872 -0.007106409408152103 0.9834869503974915
1542145526.436274 -0.2691507339477539 -0.06401775777339935 0.1193956583738327 0.031885962933301926 -0.16808658838272095 -0.012262800708413124 0.985180139541626
1542145526.461419 -0.24601870775222778 -0.061884570866823196 0.11888768523931503 0.029088834300637245 -0.15696893632411957 -0.017354529350996017 0.9870225191116333
1542145526.486665 -0.22074022889137268 -0.058046478778123856 0.11906591057777405 0.024615991860628128 -0.14437086880207062 -0.022402837872505188 0.988963782787323
1542145526.511997 -0.19442331790924072 -0.054081812500953674 0.11874717473983765 0.019385430961847305 -0.1285923421382904 -0.025988688692450523 0.9911673665046692
1542145526.537376 -0.16623415052890778 -0.04979229345917702 0.11999009549617767 0.015366834588348866 -0.11053226888179779 -0.027994191274046898 0.993359386920929
1542145526.562736 -0.13654311001300812 -0.04641680791974068 0.12068531662225723 0.012029647827148438 -0.09099084138870239 -0.029706010594964027 0.9953358769416809
1542145526.588031 -0.10954368859529495 -0.04261280968785286 0.12184090912342072 0.010174858383834362 -0.0708775520324707 -0.030615784227848053 0.9969632029533386
1542145526.613235 -0.08462526649236679 -0.03837791457772255 0.12159150838851929 0.007894872687757015 -0.05359567329287529 -0.02988189272582531 0.998084306716919
1542145526.638354 -0.0637030377984047 -0.0334770530462265 0.12030045688152313 0.004934487398713827 -0.039177633821964264 -0.028287146240472794 0.9988196492195129
1542145526.663384 -0.04685794189572334 -0.028710754588246346 0.11858390271663666 0.0010903025977313519 -0.027820095419883728 -0.026860488578677177 0.9992514252662659
1542145526.688324 -0.03410471975803375 -0.02335968241095543 0.11564391851425171 -0.0021558471489697695 -0.019491083920001984 -0.02506675012409687 0.999493420124054
1542145526.713185 -0.025175053626298904 -0.019749892875552177 0.11280958354473114 -0.005516020581126213 -0.014694642275571823 -0.026163119822740555 0.9995344877243042
1542145526.737991 -0.021940989419817924 -0.015298953279852867 0.11037126183509827 -0.008269631303846836 -0.012657726183533669 -0.028190044686198235 0.9994882941246033
1542145526.76277 -0.02690828964114189 -0.010003373958170414 0.1131572350859642 -0.00925375521183014 -0.014677893370389938 -0.02796679176390171 0.9994582533836365
1542145526.787549 -0.033554282039403915 -0.006498533301055431 0.1120419055223465 -0.010594937950372696 -0.019895879551768303 -0.027256857603788376 0.9993743300437927
1542145526.812353 -0.043313030153512955 -0.004259965848177671 0.11202139407396317 -0.010753943584859371 -0.027633680030703545 -0.024448664858937263 0.9992612600326538
1542145526.837195 -0.057754501700401306 -0.0006116064032539725 0.11316478997468948 -0.010198414325714111 -0.03543049469590187 -0.022710498422384262 0.9990620017051697
1542145526.862081 -0.07510773092508316 0.0015647178515791893 0.11155859380960464 -0.011227293871343136 -0.044734109193086624 -0.02158672921359539 0.9987025856971741
1542145526.887016 -0.09632927179336548 0.002803337061777711 0.11137612909078598 -0.01078140176832676 -0.0562577061355114 -0.018038831651210785 0.9981951713562012
1542145526.912006 -0.12021049112081528 0.002941279439255595 0.11068139970302582 -0.009144260548055172 -0.0691027119755745 -0.014626228250563145 0.9974604845046997
1542145526.937049 -0.14638060331344604 0.002364284358918667 0.11029183119535446 -0.006494178902357817 -0.08220437914133072 -0.013884049840271473 0.9964976906776428
1542145526.962123 -0.17370863258838654 0.0002393947506789118 0.11060917377471924 -0.0029614553786814213 -0.09558449685573578 -0.016648536548018456 0.9952777028083801
1542145526.987198 -0.20042982697486877 -0.00261276145465672 0.11048799753189087 0.0024685864336788654 -0.10871671140193939 -0.01682266779243946 0.9939273595809937
1542145527.012255 -0.2260914444923401 -0.005743906833231449 0.109215646982193 0.007449258118867874 -0.1202932819724083 -0.012929114513099194 0.9926262497901917
1542145527.037284 -0.24900338053703308 -0.00903991423547268 0.10651305317878723 0.012465671636164188 -0.13001546263694763 -0.004611482843756676 0.9914228916168213
1542145527.062279 -0.2679758369922638 -0.012313956394791603 0.10336720198392868 0.01677755080163479 -0.13833844661712646 0.00515492120757699 0.9902294278144836
1542145527.087234 -0.2831004858016968 -0.013552146032452583 0.10066716372966766 0.018571725115180016 -0.1437850147485733 0.01558794267475605 0.9893118739128113
1542145527.112162 -0.29268911480903625 -0.013123017735779285 0.09852767735719681 0.018341131508350372 -0.14693871140480042 0.027768705040216446 0.9885856509208679
1542145527.137097 -0.29886388778686523 -0.011247945949435234 0.09530352801084518 0.016501782462000847 -0.14725232124328613 0.03844911605119705 0.9882135987281799
1542145527.162061 -0.3021467924118042 -0.008953195065259933 0.0921383947134018 0.014643528498709202 -0.1451849490404129 0.04409937933087349 0.988312840461731
1542145527.187064 -0.3001013696193695 -0.006276097148656845 0.08714555203914642 0.013498401269316673 -0.14307713508605957 0.04786049202084541 0.9884614944458008
1542145527.212085 -0.29613351821899414 -0.004139822907745838 0.08213526755571365 0.010557331144809723 -0.1403718888759613 0.05231163278222084 0.9886596202850342
1542145527.237094 -0.28852778673171997 -0.0020895074121654034 0.07575763016939163 0.006778919603675604 -0.1355583369731903 0.05405276641249657 0.9892706274986267
1542145527.26207 -0.2811291813850403 0.000912922085262835 0.06931062787771225 0.006065892055630684 -0.1271706223487854 0.052299510687589645 0.9904825687408447
1542145527.287005 -0.2729209065437317 0.0030917413532733917 0.06176476553082466 0.008089548908174038 -0.12161526829004288 0.049440305680036545 0.9913122653961182
1542145527.311897 -0.26585209369659424 0.004783154930919409 0.0544329434633255 0.009705129079520702 -0.11782810091972351 0.04536839947104454 0.9919496774673462
1542145527.336757 -0.25597548484802246 0.008793608285486698 0.04615606367588043 0.009760601446032524 -0.11817099899053574 0.0326944999396801 0.9924069046974182
1542145527.361591 -0.24920757114887238 0.010737748816609383 0.04098271578550339 0.00698532909154892 -0.11585336178541183 0.019598450511693954 0.9930484294891357
1542145527.386412 -0.24115349352359772 0.013175509870052338 0.03564685210585594 0.002648173598572612 -0.11385475099086761 0.00951840728521347 0.9934483170509338
1542145527.41123 -0.23375755548477173 0.016731103882193565 0.03254168853163719 -0.0025743211153894663 -0.1091998741030693 0.0030086906626820564 0.9940119385719299
1542145527.436059 -0.2235853523015976 0.01935388147830963 0.028570663183927536 -0.009482987225055695 -0.10391474515199661 -0.0007295768591575325 0.994540810585022
1542145527.460912 -0.2147430032491684 0.019627118483185768 0.027813997119665146 -0.014350023120641708 -0.09433133900165558 0.0005055158981122077 0.9954373240470886
1542145527.485803 -0.20589324831962585 0.018878988921642303 0.029695359990000725 -0.016454998403787613 -0.08406539261341095 0.007103553041815758 0.9962990283966064
1542145527.510737 -0.199132040143013 0.016733253374695778 0.03257104381918907 -0.018470721319317818 -0.07600532472133636 0.015309693291783333 0.9968188405036926
1542145527.535705 -0.19432535767555237 0.014234346337616444 0.040218155831098557 -0.02211458794772625 -0.0698789730668068 0.019508948549628258 0.9971195459365845
1542145527.560685 -0.19045484066009521 0.011124604381620884 0.05052080750465393 -0.02650187909603119 -0.06593945622444153 0.01907387748360634 0.9972892999649048
1542145527.585658 -0.18713201582431793 0.004923528991639614 0.06314744055271149 -0.028812240809202194 -0.06257393211126328 0.019575174897909164 0.997432291507721
1542145527.61063 -0.185336172580719 -0.0033827917650341988 0.07761996239423752 -0.02568121626973152 -0.060506027191877365 0.02017860673367977 0.9976333975791931
1542145527.635615 -0.18482035398483276 -0.013633654452860355 0.09220297634601593 -0.019926847890019417 -0.05725587159395218 0.01774783991277218 0.9980028867721558
1542145527.660613 -0.18362464010715485 -0.02640112303197384 0.10663633048534393 -0.014346509240567684 -0.05413632094860077 0.012984329834580421 0.9983460903167725
1542145527.685612 -0.1823256015777588 -0.0380101315677166 0.12374169379472733 -0.0054993764497339725 -0.05240481346845627 0.010293781757354736 0.9985577464103699
1542145527.710586 -0.1796034723520279 -0.0506620891392231 0.13966694474220276 0.0018819340039044619 -0.05255484580993652 0.013967379927635193 0.9985186457633972
1542145527.735529 -0.17626915872097015 -0.06098064407706261 0.15758250653743744 0.003822864266112447 -0.053102295845746994 0.018981236964464188 0.998401403427124
1542145527.760456 -0.1708635687828064 -0.06932123005390167 0.17440344393253326 -0.0019409088417887688 -0.05116989091038704 0.019071955233812332 0.9985059499740601
1542145527.785376 -0.16725970804691315 -0.07860678434371948 0.18916785717010498 -0.004788454156368971 -0.04825353994965553 0.02426150254905224 0.9985289573669434
1542145527.81029 -0.16692917048931122 -0.08787772059440613 0.20802880823612213 -0.005243460647761822 -0.04890881106257439 0.036716755479574203 0.9981143474578857
1542145527.835202 -0.16659273207187653 -0.09642006456851959 0.22649477422237396 -0.0051012709736824036 -0.051277533173561096 0.04225654527544975 0.9977770447731018
1542145527.860133 -0.16617627441883087 -0.10356051474809647 0.24502809345722198 -0.005955245811492205 -0.049305468797683716 0.03681245818734169 0.9980874061584473
1542145527.88512 -0.16462834179401398 -0.11298773437738419 0.2604715824127197 -0.005300335586071014 -0.04695691540837288 0.02878406271338463 0.9984681010246277
1542145527.910189 -0.1602807492017746 -0.1194622740149498 0.2802285850048065 -0.0018107447540387511 -0.0527285635471344 0.028556589037179947 0.9981988668441772
1542145527.935346 -0.1603204905986786 -0.12514691054821014 0.2975231409072876 -0.0015134993009269238 -0.05688248574733734 0.02983236499130726 0.9979339838027954
1542145527.960588 -0.1622823178768158 -0.12867915630340576 0.31443580985069275 -0.004473055712878704 -0.060739580541849136 0.025730041787028313 0.997812032699585
1542145527.985907 -0.16301779448986053 -0.13203127682209015 0.3293188512325287 -0.006005642935633659 -0.06281844526529312 0.01583253964781761 0.997881293296814
1542145528.011295 -0.16367657482624054 -0.1347866654396057 0.34606051445007324 -0.0043486664071679115 -0.06777684390544891 0.006495123263448477 0.9976698756217957
1542145528.036747 -0.16575494408607483 -0.13656699657440186 0.3578132390975952 -0.001930195838212967 -0.07422488182783127 0.00045559456339105964 0.9972395896911621
1542145528.062253 -0.1683925837278366 -0.13733600080013275 0.36642977595329285 0.0008445050334557891 -0.08034000545740128 -0.004147563595324755 0.9967585802078247
1542145528.087825 -0.17201891541481018 -0.13678477704524994 0.3721032440662384 0.0020262328907847404 -0.086054727435112 -0.009156681597232819 0.996246337890625
1542145528.113493 -0.17592354118824005 -0.13483008742332458 0.37590864300727844 0.002991406712681055 -0.0938512310385704 -0.009037819691002369 0.9955407977104187
1542145528.13926 -0.18260367214679718 -0.13146744668483734 0.37905892729759216 0.004534701816737652 -0.10208673030138016 -0.005187475588172674 0.9947516918182373
1542145528.165111 -0.18701942265033722 -0.1281810998916626 0.3778058588504791 0.005305159371346235 -0.11264084279537201 -0.005139969754964113 0.9936083555221558
1542145528.191023 -0.19144722819328308 -0.12358075380325317 0.3752232789993286 0.007881437428295612 -0.12568765878677368 -0.0018998419400304556 0.992036759853363
1542145528.216968 -0.19760394096374512 -0.11800044775009155 0.36766669154167175 0.010689884424209595 -0.13900119066238403 -0.0003555652219802141 0.9902344942092896
1542145528.242924 -0.20542052388191223 -0.11171120405197144 0.35789021849632263 0.013735299929976463 -0.15156860649585724 -0.000271418975898996 0.9883512854576111
1542145528.26888 -0.2086382359266281 -0.105666883289814 0.34871408343315125 0.015330816619098186 -0.16455723345279694 0.00038632165524177253 0.9862483143806458
1542145528.294842 -0.21508006751537323 -0.09688520431518555 0.33446186780929565 0.01916433311998844 -0.17399409413337708 -0.0009738638764247298 0.9845597147941589
1542145528.320809 -0.22072437405586243 -0.0851922333240509 0.320842981338501 0.021334191784262657 -0.18469738960266113 -0.0022968745324760675 0.9825611710548401
1542145528.346777 -0.22448395192623138 -0.07629186660051346 0.3025784194469452 0.018120281398296356 -0.19697880744934082 -0.002479921793565154 0.9802371859550476
1542145528.372732 -0.22736474871635437 -0.06434131413698196 0.2839592397212982 0.016539236530661583 -0.2089415341615677 -0.006882033310830593 0.9777640700340271
1542145528.398654 -0.23223628103733063 -0.05397584289312363 0.26335981488227844 0.014805651269853115 -0.21830381453037262 -0.011548192240297794 0.9757002592086792
1542145528.424519 -0.23526301980018616 -0.04261985421180725 0.24169674515724182 0.010894796811044216 -0.22624413669109344 -0.012228044681251049 0.9739329218864441
1542145528.450318 -0.23855935037136078 -0.03038831055164337 0.22182944416999817 0.0021028455812484026 -0.23007553815841675 -0.009735241532325745 0.9731218814849854
1542145528.476058 -0.24094939231872559 -0.016906946897506714 0.20076142251491547 -0.010588710196316242 -0.23095734417438507 -0.0025142424274235964 0.9729030728340149
1542145528.501743 -0.24249309301376343 -0.0045058634132146835 0.18206965923309326 -0.024220481514930725 -0.23017454147338867 0.007099889684468508 0.9728220701217651
1542145528.527377 -0.24579471349716187 0.0077000753954052925 0.16265869140625 -0.03721995651721954 -0.2283523827791214 0.017542758956551552 0.9727087020874023
1542145528.552967 -0.2512887716293335 0.01844143494963646 0.1436595320701599 -0.048925384879112244 -0.22612535953521729 0.027477549389004707 0.9724806547164917
1542145528.578524 -0.2595707178115845 0.027125375345349312 0.12522698938846588 -0.0584411583840847 -0.22666898369789124 0.03640923276543617 0.9715349674224854
1542145528.604065 -0.27192142605781555 0.033024851232767105 0.10752709954977036 -0.06500639021396637 -0.23060937225818634 0.04251820221543312 0.9699411392211914
1542145528.629649 -0.28747203946113586 0.036321450024843216 0.09205396473407745 -0.06829651445150375 -0.2372632920742035 0.046600889414548874 0.9679205417633057
1542145528.655341 -0.3055081069469452 0.037004098296165466 0.0787496417760849 -0.06856921315193176 -0.2460974007844925 0.05191934481263161 0.9654215574264526
1542145528.68118 -0.32558074593544006 0.035847656428813934 0.06643004715442657 -0.06641566753387451 -0.2567458152770996 0.0601583756506443 0.9623157382011414
1542145528.707154 -0.34725213050842285 0.03351447731256485 0.05644654110074043 -0.06434767693281174 -0.26838573813438416 0.0708494633436203 0.9585451483726501
1542145528.733225 -0.3690315783023834 0.029666610062122345 0.049627117812633514 -0.06184109300374985 -0.27756237983703613 0.07729274779558182 0.9555944204330444
1542145528.759365 -0.3911954164505005 0.02356821857392788 0.04490860924124718 -0.05938681215047836 -0.2831059694290161 0.08413282036781311 0.9535439014434814
1542145528.785586 -0.4127715528011322 0.014802983030676842 0.042966291308403015 -0.056142233312129974 -0.2896653413772583 0.0992436483502388 0.9503119587898254
1542145528.811918 -0.43444788455963135 0.002559361979365349 0.04319726303219795 -0.04995898902416229 -0.29610171914100647 0.11264348030090332 0.9471743702888489
1542145528.83837 -0.4548705220222473 -0.012946896255016327 0.04563818871974945 -0.03827759250998497 -0.30177372694015503 0.11701510101556778 0.9453967213630676
1542145528.864912 -0.47343870997428894 -0.02963174320757389 0.05142541229724884 -0.022979598492383957 -0.30615168809890747 0.11624015867710114 0.9445800185203552
1542145528.891488 -0.4877035617828369 -0.04636023938655853 0.060080334544181824 -0.008789137937128544 -0.3063751459121704 0.11626996845006943 0.9447425007820129
1542145528.917988 -0.4986937940120697 -0.06163337826728821 0.07076502591371536 -0.0007376771536655724 -0.2990373373031616 0.12231186777353287 0.9463699460029602
1542145528.944267 -0.5068278312683105 -0.07495124638080597 0.08706289529800415 0.0017576423706486821 -0.28717976808547974 0.13082896173000336 0.9488986134529114
1542145528.970247 -0.511457085609436 -0.08657215535640717 0.10332190990447998 0.0010475859744474292 -0.27188998460769653 0.13997843861579895 0.9520928859710693
1542145528.995944 -0.5138781666755676 -0.09710775315761566 0.1213035061955452 -7.750272925477475e-05 -0.25210848450660706 0.14829696714878082 0.9562684893608093
1542145529.021432 -0.5159684419631958 -0.10878074914216995 0.13685698807239532 -0.0004943797830492258 -0.22837376594543457 0.15576305985450745 0.9610323309898376
1542145529.04678 -0.5123627185821533 -0.1182355135679245 0.15414144098758698 0.0010747549822553992 -0.20732393860816956 0.16468992829322815 0.964309573173523
1542145529.072022 -0.507176399230957 -0.12593667209148407 0.17116381227970123 0.0016942255897447467 -0.1859309822320938 0.17469088733196259 0.9669074416160583
1542145529.097161 -0.5000948309898376 -0.1306898593902588 0.18963347375392914 -0.0031192468013614416 -0.16403357684612274 0.18536946177482605 0.9688763618469238
1542145529.122175 -0.4924871027469635 -0.13269902765750885 0.20541295409202576 -0.010865616612136364 -0.1427772045135498 0.19521602988243103 0.9702511429786682
1542145529.14704 -0.48305413126945496 -0.13426028192043304 0.21689170598983765 -0.019759833812713623 -0.12148400396108627 0.21374210715293884 0.9691055417060852
1542145529.171743 -0.47159087657928467 -0.13424621522426605 0.22809290885925293 -0.026948915794491768 -0.10458394140005112 0.2329561859369278 0.9664716720581055
1542145529.196307 -0.4612969756126404 -0.13595424592494965 0.23476439714431763 -0.032926928251981735 -0.08628429472446442 0.23929370939731598 0.9665451049804688
1542145529.220766 -0.45016542077064514 -0.13768693804740906 0.24159398674964905 -0.03445817157626152 -0.06834796816110611 0.24233630299568176 0.9671682119369507
1542145529.24516 -0.4399077296257019 -0.14095832407474518 0.24655960500240326 -0.03227177634835243 -0.052274152636528015 0.24481754004955292 0.9676209688186646
1542145529.269515 -0.43002697825431824 -0.14269138872623444 0.25056180357933044 -0.030074048787355423 -0.04043324291706085 0.24305123090744019 0.9687036871910095
1542145529.293854 -0.42101556062698364 -0.14338570833206177 0.2512924373149872 -0.028191227465867996 -0.031062642112374306 0.2393317073583603 0.9700313210487366
1542145529.318192 -0.41646453738212585 -0.1448628008365631 0.2440684586763382 -0.02671738527715206 -0.02167253941297531 0.23357528448104858 0.9717299938201904
1542145529.34254 -0.4114733338356018 -0.14499272406101227 0.2395891547203064 -0.024371782317757607 -0.016647694632411003 0.2349320948123932 0.9715636372566223
1542145529.366908 -0.40796035528182983 -0.14483380317687988 0.2330065369606018 -0.021712392568588257 -0.013789297081530094 0.2364877164363861 0.9712939858436584
1542145529.391296 -0.4066040515899658 -0.1440601348876953 0.2229192852973938 -0.019603734835982323 -0.013901631347835064 0.23794418573379517 0.9709814786911011
1542145529.415704 -0.40648511052131653 -0.14275145530700684 0.20791439712047577 -0.01853923872113228 -0.016313832253217697 0.23812125623226166 0.9709214568138123
1542145529.440132 -0.40940192341804504 -0.14032866060733795 0.19256585836410522 -0.016926802694797516 -0.020618142560124397 0.23951022326946259 0.9705273509025574
1542145529.464572 -0.4128795266151428 -0.1376151591539383 0.1738947033882141 -0.014413803815841675 -0.026365434750914574 0.24047522246837616 0.9701901078224182
1542145529.489019 -0.41933473944664 -0.13365060091018677 0.1537245512008667 -0.013094860129058361 -0.03413395583629608 0.23967388272285461 0.9701648950576782
1542145529.513471 -0.4277968108654022 -0.13082459568977356 0.12810111045837402 -0.014344824478030205 -0.04319115728139877 0.2383965253829956 0.9701009392738342
1542145529.537916 -0.43729233741760254 -0.12474733591079712 0.10751563310623169 -0.015119296498596668 -0.060126014053821564 0.23729698359966278 0.9694567918777466
1542145529.562345 -0.4441528022289276 -0.11684174835681915 0.08487596362829208 -0.017190098762512207 -0.08145415037870407 0.23851047456264496 0.9675652384757996
1542145529.586751 -0.45158180594444275 -0.10930678993463516 0.0644269660115242 -0.023870157077908516 -0.09965568780899048 0.23677048087120056 0.9661463499069214
1542145529.611125 -0.4554598331451416 -0.10103452950716019 0.045130934566259384 -0.03180525451898575 -0.11451166123151779 0.23806250095367432 0.9639511108398438
1542145529.635464 -0.4565633237361908 -0.09505809843540192 0.029617780819535255 -0.0367693230509758 -0.12549695372581482 0.24567155539989471 0.9604915976524353
1542145529.659792 -0.4541400074958801 -0.09053729474544525 0.013266585767269135 -0.039329346269369125 -0.12798312306404114 0.25013041496276855 0.9589099884033203
1542145529.684144 -0.44924476742744446 -0.08647461980581284 -0.0015691081061959267 -0.0380522795021534 -0.12732374668121338 0.25483450293540955 0.9578100442886353
1542145529.708552 -0.44270843267440796 -0.08349195122718811 -0.01484004594385624 -0.03519219160079956 -0.12553100287914276 0.2604994475841522 0.9566314220428467
1542145529.733043 -0.43504148721694946 -0.08210856467485428 -0.026807459071278572 -0.03222372755408287 -0.12276197969913483 0.26212167739868164 0.9566521644592285
1542145529.757626 -0.4314994812011719 -0.08214071393013 -0.026952562853693962 -0.030608074739575386 -0.11610595136880875 0.25980448722839355 0.9581671357154846
1542145529.782296 -0.42119377851486206 -0.07930485904216766 -0.031285982578992844 -0.028574341908097267 -0.1103096753358841 0.25867611169815063 0.9592195153236389
1542145529.80705 -0.4082634449005127 -0.07437096536159515 -0.031216179952025414 -0.028426019474864006 -0.10300716757774353 0.25802797079086304 0.9602099061012268
1542145529.831878 -0.39887312054634094 -0.06966844201087952 -0.024259021505713463 -0.02997928485274315 -0.0938512533903122 0.2496715784072876 0.9633054733276367
1542145529.856761 -0.37927064299583435 -0.06306202709674835 -0.013239082880318165 -0.03363987058401108 -0.08306897431612015 0.24244841933250427 0.9660159349441528
1542145529.881677 -0.3697911202907562 -0.06628312170505524 -0.014204718172550201 -0.04021483287215233 -0.06456032395362854 0.24161294102668762 0.9673871994018555
1542145529.90661 -0.3458290696144104 -0.05560925602912903 -0.004878461826592684 -0.03977013751864433 -0.04389506205916405 0.23915134370326996 0.9691740870475769
1542145529.931528 -0.32044070959091187 -0.04941926896572113 0.015167085453867912 -0.04060034826397896 -0.017307747155427933 0.24592185020446777 0.9682843685150146
1542145529.956404 -0.29449978470802307 -0.04294569417834282 0.029092200100421906 -0.04442382976412773 0.0025002711918205023 0.24239493906497955 0.9691568613052368
1542145529.981229 -0.2675288915634155 -0.03743531182408333 0.04408663511276245 -0.052298106253147125 0.024434756487607956 0.22088368237018585 0.9735904335975647
1542145530.006026 -0.23931780457496643 -0.03509213402867317 0.05757549777626991 -0.049859948456287384 0.04787633568048477 0.21292971074581146 0.9746193289756775
1542145530.030839 -0.21177302300930023 -0.033831946551799774 0.0688750296831131 -0.03882148116827011 0.0748879685997963 0.21206915378570557 0.9736074805259705
1542145530.055709 -0.1861475706100464 -0.031343962997198105 0.07985112071037292 -0.028909550979733467 0.0980745181441307 0.21502569317817688 0.971241295337677
1542145530.080681 -0.16266101598739624 -0.026659950613975525 0.08931747823953629 -0.03352215886116028 0.11124889552593231 0.21315684914588928 0.9700846672058105
1542145530.105783 -0.14273861050605774 -0.022013165056705475 0.10393481701612473 -0.045832112431526184 0.11839190870523453 0.2077624499797821 0.9699059724807739
1542145530.131019 -0.12542089819908142 -0.017758088186383247 0.11462146788835526 -0.05667388066649437 0.12036185711622238 0.2079986035823822 0.9690395593643188
1542145530.156372 -0.1105148121714592 -0.014462463557720184 0.12783874571323395 -0.07044290006160736 0.11645586788654327 0.20931772887706757 0.9683294892311096
1542145530.181836 -0.09748251736164093 -0.012025780975818634 0.13885976374149323 -0.08219791948795319 0.11463113129138947 0.20482882857322693 0.9685806632041931
1542145530.207435 -0.08622483909130096 -0.011634135618805885 0.1460915505886078 -0.08747889846563339 0.11310917884111404 0.20483282208442688 0.9682961106300354
1542145530.233213 -0.0767577663064003 -0.011799370869994164 0.15354245901107788 -0.08914390206336975 0.11387119442224503 0.20396995544433594 0.968237042427063
1542145530.259217 -0.06915929913520813 -0.012422547675669193 0.15915866196155548 -0.09005817025899887 0.1176692396402359 0.19722256064414978 0.9690958857536316
1542145530.285487 -0.0637095719575882 -0.013839351944625378 0.16386578977108002 -0.09046802669763565 0.12199743092060089 0.18794812262058258 0.9703647494316101
1542145530.31205 -0.06056416407227516 -0.015356635674834251 0.16698768734931946 -0.08851945400238037 0.1256844848394394 0.18347275257110596 0.9709302186965942
1542145530.338884 -0.060030560940504074 -0.01757727935910225 0.16857017576694489 -0.08698099851608276 0.12806116044521332 0.18265587091445923 0.970912754535675
1542145530.3659 -0.0634576752781868 -0.020190399140119553 0.16883142292499542 -0.08301499485969543 0.12499405443668365 0.18917012214660645 0.9704121351242065
1542145530.392976 -0.07096617668867111 -0.022648898884654045 0.17078369855880737 -0.07498472183942795 0.11639690399169922 0.18961384892463684 0.9720471501350403
1542145530.420001 -0.08125817775726318 -0.0258308295160532 0.1715775728225708 -0.06123705208301544 0.10040686279535294 0.18814924359321594 0.975073516368866
1542145530.4469 -0.0948655903339386 -0.029971404001116753 0.1705176830291748 -0.051076628267765045 0.0816950649023056 0.18003436923027039 0.9789304137229919
1542145530.473583 -0.11126786470413208 -0.03448817878961563 0.1682264506816864 -0.04205352067947388 0.06344401836395264 0.17117325961589813 0.982296347618103
1542145530.499894 -0.130660280585289 -0.03865613043308258 0.16438739001750946 -0.03154337778687477 0.0437120720744133 0.16971662640571594 0.984017550945282
1542145530.525727 -0.15150971710681915 -0.04187478870153427 0.15779165923595428 -0.02268068492412567 0.024955986067652702 0.16863641142845154 0.9851013422012329
1542145530.551102 -0.17391234636306763 -0.0445135235786438 0.15173901617527008 -0.016974635422229767 0.008443668484687805 0.1644325703382492 0.9862061738967896
1542145530.576137 -0.19698436558246613 -0.045936018228530884 0.1463649570941925 -0.015412232838571072 -0.01069644931703806 0.1615545004606247 0.9866855144500732
1542145530.600987 -0.21977241337299347 -0.047074317932128906 0.14057835936546326 -0.018028046935796738 -0.02754097990691662 0.15781840682029724 0.9869194030761719
1542145530.625798 -0.24193671345710754 -0.04949686676263809 0.1332668662071228 -0.017215590924024582 -0.04015202447772026 0.15965218842029572 0.9862062335014343
1542145530.650667 -0.2648094892501831 -0.05444551631808281 0.1254090666770935 -0.013976207934319973 -0.05269613116979599 0.1615706831216812 0.9853541254997253
1542145530.675606 -0.28658658266067505 -0.06111492961645126 0.12014380097389221 -0.009080681949853897 -0.06486047059297562 0.15289393067359924 0.9860700368881226
1542145530.700562 -0.3069841265678406 -0.06969095021486282 0.11698465794324875 -0.0014133090153336525 -0.07797400653362274 0.1444527953863144 0.986433744430542
1542145530.725463 -0.3242550790309906 -0.07950133085250854 0.11939343810081482 0.007238555699586868 -0.08986558765172958 0.133138969540596 0.9869883060455322
1542145530.750271 -0.33541354537010193 -0.09003487974405289 0.1203070804476738 0.016731901094317436 -0.09432470798492432 0.11871107667684555 0.9882968664169312
1542145530.77501 -0.34355849027633667 -0.0993017926812172 0.12673157453536987 0.02716776169836521 -0.09050946682691574 0.11803140491247177 0.9885032176971436
1542145530.799718 -0.34355679154396057 -0.10801819711923599 0.13061165809631348 0.03703541308641434 -0.08357005566358566 0.1290999948978424 0.9874095916748047
1542145530.824425 -0.3410297930240631 -0.11340709775686264 0.1398668885231018 0.044239409267902374 -0.06856384873390198 0.1365356594324112 0.9872689843177795
1542145530.849146 -0.3356188237667084 -0.11751161515712738 0.15159553289413452 0.04438842087984085 -0.04852490499615669 0.14274229109287262 0.9875726103782654
1542145530.873891 -0.3264411389827728 -0.1200227290391922 0.16368529200553894 0.03869052976369858 -0.02913803979754448 0.15183433890342712 0.9872185587882996
1542145530.898656 -0.3151525557041168 -0.12122894823551178 0.1779128909111023 0.030994180589914322 -0.009833362884819508 0.15828879177570343 0.9868572950363159
1542145530.923421 -0.3035997450351715 -0.12206154316663742 0.19132977724075317 0.024465760216116905 0.011096620932221413 0.16850940883159637 0.9853339195251465
1542145530.948167 -0.28998863697052 -0.12254828959703445 0.20538878440856934 0.021229134872555733 0.03126748651266098 0.18349184095859528 0.982294499874115
1542145530.972895 -0.2735014259815216 -0.11999525129795074 0.21922463178634644 0.023035313934087753 0.04893868416547775 0.2015315592288971 0.9779874682426453
1542145530.997625 -0.2580099105834961 -0.11867019534111023 0.230787456035614 0.02065890096127987 0.06481809169054031 0.2085830718278885 0.9756356477737427
1542145531.022394 -0.2419479936361313 -0.11746185272932053 0.24391329288482666 0.013460729271173477 0.08495298027992249 0.1968410462141037 0.9766552448272705
1542145531.047251 -0.22599536180496216 -0.11781273782253265 0.2545892298221588 0.015665793791413307 0.10486005246639252 0.18900765478610992 0.9762352108955383
1542145531.072255 -0.21147261559963226 -0.11878879368305206 0.2615390121936798 0.024354612454771996 0.12042791396379471 0.1868981122970581 0.974665641784668
1542145531.097418 -0.1976919323205948 -0.1205378845334053 0.27199670672416687 0.034595005214214325 0.1343039572238922 0.17428292334079742 0.974880039691925
1542145531.122689 -0.18708688020706177 -0.1230630949139595 0.2790433168411255 0.043386559933423996 0.14393950998783112 0.1571870595216751 0.976059079170227
1542145531.147986 -0.17954328656196594 -0.12415418028831482 0.2795611023902893 0.05210678651928902 0.1501164734363556 0.14938613772392273 0.9759271144866943
1542145531.173251 -0.17420046031475067 -0.12398842722177505 0.28169605135917664 0.05741057172417641 0.14995552599430084 0.14264419674873352 0.9766626954078674
1542145531.198475 -0.1712312400341034 -0.12351365387439728 0.2829977571964264 0.054179996252059937 0.1455153524875641 0.13328933715820312 0.9788379669189453
1542145531.223685 -0.16904659569263458 -0.12296528369188309 0.2845020294189453 0.049874819815158844 0.13539037108421326 0.13469763100147247 0.9803256988525391
1542145531.248919 -0.17245888710021973 -0.12105324864387512 0.27958402037620544 0.04641968756914139 0.1240537241101265 0.13964544236660004 0.981302797794342
1542145531.274204 -0.17648518085479736 -0.11999239772558212 0.27453985810279846 0.0445806160569191 0.11182182282209396 0.1484442949295044 0.9815665483474731
1542145531.299551 -0.1851084679365158 -0.11846686899662018 0.2670573592185974 0.04454836994409561 0.10330002009868622 0.14861752092838287 0.9824751615524292
1542145531.324952 -0.19450031220912933 -0.11575055867433548 0.2591191232204437 0.04698518291115761 0.09548928588628769 0.14812293648719788 0.9832262992858887
1542145531.35038 -0.2059842199087143 -0.11277113109827042 0.24694767594337463 0.04666021093726158 0.08428101986646652 0.14751411974430084 0.9843572378158569
1542145531.375801 -0.22095462679862976 -0.1089104637503624 0.2337242066860199 0.04182237386703491 0.07008907198905945 0.1479136049747467 0.985626757144928
1542145531.401179 -0.23812620341777802 -0.104152150452137 0.216652050614357 0.03537984937429428 0.04994727298617363 0.15241245925426483 0.9864198565483093
1542145531.426489 -0.2573261857032776 -0.09920281171798706 0.1982632875442505 0.030066145583987236 0.02531924843788147 0.1529080718755722 0.9874584078788757
1542145531.451731 -0.27823740243911743 -0.09500633180141449 0.17818507552146912 0.02468244731426239 -0.0010837020818144083 0.14536066353321075 0.9890702962875366
1542145531.476912 -0.2994474470615387 -0.09180260449647903 0.1571781486272812 0.024934161454439163 -0.025042027235031128 0.13792872428894043 0.9898115396499634
1542145531.502015 -0.3187515139579773 -0.08888404816389084 0.13619519770145416 0.03171241283416748 -0.045008718967437744 0.13741783797740936 0.9889817833900452
1542145531.527024 -0.3363470435142517 -0.08564978092908859 0.11650890111923218 0.03835216164588928 -0.0589863546192646 0.13799422979354858 0.9879308342933655
1542145531.551923 -0.35225486755371094 -0.0831604152917862 0.0984007716178894 0.04024800285696983 -0.06909829378128052 0.13889464735984802 0.9870734214782715
1542145531.576707 -0.36771029233932495 -0.07921811938285828 0.07707606256008148 0.03867608681321144 -0.07839000225067139 0.14498646557331085 0.9855649471282959
1542145531.601395 -0.38157737255096436 -0.07522320002317429 0.05738826096057892 0.034671202301979065 -0.08796645700931549 0.15258502960205078 0.9837568998336792
1542145531.626016 -0.39398178458213806 -0.07213086634874344 0.0401468425989151 0.029832830652594566 -0.09681801497936249 0.15855330228805542 0.9821391105651855
1542145531.650603 -0.4042578637599945 -0.06919977068901062 0.02709829993546009 0.02565113641321659 -0.10621417313814163 0.16150841116905212 0.9808036088943481
1542145531.675179 -0.4150576889514923 -0.06850327551364899 0.01436039712280035 0.023249365389347076 -0.11620008945465088 0.1633090376853943 0.9794321060180664
1542145531.699759 -0.42501014471054077 -0.06830773502588272 0.0038194209337234497 0.024385448545217514 -0.12713591754436493 0.16504473984241486 0.9777535796165466
1542145531.724333 -0.43235084414482117 -0.06943193823099136 -0.003251533955335617 0.02822284586727619 -0.13563863933086395 0.16405832767486572 0.9766731858253479
1542145531.748899 -0.43787193298339844 -0.07107052206993103 -0.009302869439125061 0.03173400089144707 -0.14089912176132202 0.16208189725875854 0.9761505126953125
1542145531.77347 -0.44137734174728394 -0.07321205735206604 -0.012163513340055943 0.03499873727560043 -0.14503908157348633 0.16090087592601776 0.9756278395652771
1542145531.798077 -0.44177788496017456 -0.07633361965417862 -0.011561108753085136 0.037894751876592636 -0.1466628909111023 0.15836192667484283 0.9756923913955688
1542145531.822752 -0.4389859735965729 -0.0790560394525528 -0.005950425285845995 0.04030073061585426 -0.14358095824718475 0.15588343143463135 0.9764531850814819
1542145531.847506 -0.43266093730926514 -0.08158139139413834 -0.00010935869067907333 0.0415765643119812 -0.13590045273303986 0.158368781208992 0.9770987033843994
1542145531.872332 -0.42317530512809753 -0.08392423391342163 0.009644533507525921 0.041558973491191864 -0.12541399896144867 0.16352128982543945 0.9776527881622314
1542145531.897211 -0.4121321439743042 -0.08546534180641174 0.021700264886021614 0.039543427526950836 -0.11288952082395554 0.16743634641170502 0.9785997271537781
1542145531.922118 -0.39749640226364136 -0.08753740787506104 0.03428637236356735 0.03741594776511192 -0.10117741674184799 0.17253650724887848 0.9790783524513245
1542145531.947015 -0.38177287578582764 -0.08894700556993484 0.05012622848153114 0.03430170565843582 -0.09200268983840942 0.1773948222398758 0.9792293310165405
1542145531.971868 -0.3643099069595337 -0.09062185883522034 0.06192073971033096 0.028841949999332428 -0.0864533931016922 0.18308472633361816 0.9788635969161987
1542145531.996658 -0.34537312388420105 -0.09052525460720062 0.07844164222478867 0.019534233957529068 -0.08011555671691895 0.1893814653158188 0.9784348011016846
1542145532.021397 -0.3275796175003052 -0.09017349034547806 0.09536252170801163 0.007911606691777706 -0.0776575356721878 0.19824491441249847 0.9770392775535583
1542145532.046099 -0.3088318109512329 -0.09038820117712021 0.1106722429394722 -0.005278821103274822 -0.08418771624565125 0.2038373053073883 0.9753640294075012
1542145532.070787 -0.29224851727485657 -0.09015744924545288 0.12720465660095215 -0.0194314643740654 -0.09375188499689102 0.2010500133037567 0.9748907089233398
1542145532.095479 -0.27377262711524963 -0.09173746407032013 0.1426142454147339 -0.03215146064758301 -0.10305270552635193 0.1973019689321518 0.9743810296058655
1542145532.120187 -0.25616416335105896 -0.09624291956424713 0.15399271249771118 -0.036602284759283066 -0.1088598221540451 0.19627323746681213 0.9738001227378845
1542145532.144927 -0.23750582337379456 -0.10089340806007385 0.1673939973115921 -0.036309268325567245 -0.11438147723674774 0.19256648421287537 0.9739181995391846
1542145532.169731 -0.21989718079566956 -0.10618110001087189 0.17866703867912292 -0.03867314010858536 -0.12273629009723663 0.18261748552322388 0.9747262001037598
1542145532.19463 -0.20324578881263733 -0.1114155724644661 0.1878732144832611 -0.04615515097975731 -0.13354822993278503 0.16640903055667877 0.9758804440498352
1542145532.219646 -0.18801085650920868 -0.11679498851299286 0.19544927775859833 -0.055336665362119675 -0.14127564430236816 0.14881516993045807 0.9771556854248047
1542145532.244774 -0.17215408384799957 -0.12292660772800446 0.20222556591033936 -0.058900851756334305 -0.1453503966331482 0.1413859724998474 0.97745281457901
1542145532.270006 -0.1579844206571579 -0.130300372838974 0.20479227602481842 -0.05472737178206444 -0.14491258561611176 0.13708573579788208 0.9783725142478943
1542145532.29534 -0.14538949728012085 -0.1379721313714981 0.20688514411449432 -0.04635518044233322 -0.14437457919120789 0.13001829385757446 0.9798481464385986
1542145532.320766 -0.13536284863948822 -0.14457502961158752 0.2062588334083557 -0.03568357229232788 -0.1445714831352234 0.1176513060927391 0.9818268418312073
1542145532.346239 -0.129048690199852 -0.15154847502708435 0.20545414090156555 -0.022621987387537956 -0.14694435894489288 0.10447373986244202 0.9833518862724304
1542145532.371711 -0.12548212707042694 -0.15723004937171936 0.20300893485546112 -0.004135793540626764 -0.15038970112800598 0.09392897039651871 0.9841459393501282
1542145532.397163 -0.12253949791193008 -0.16161109507083893 0.19801782071590424 0.012771274894475937 -0.15317687392234802 0.08541251718997955 0.9844177961349487
1542145532.4226 -0.12419722229242325 -0.16272419691085815 0.1926046907901764 0.024125292897224426 -0.1521393358707428 0.07927971333265305 0.9848788380622864
1542145532.448039 -0.12518025934696198 -0.16251347959041595 0.18333594501018524 0.03138943389058113 -0.14862440526485443 0.0749206691980362 0.9855518341064453
1542145532.473507 -0.12787073850631714 -0.15989424288272858 0.1777971088886261 0.04091079533100128 -0.1427762657403946 0.0763256698846817 0.9859592914581299
1542145532.499024 -0.1330353319644928 -0.1564444899559021 0.16504903137683868 0.05594069883227348 -0.13552413880825043 0.08715367317199707 0.9853466749191284
1542145532.524584 -0.13898903131484985 -0.1506544053554535 0.15412981808185577 0.06758470088243484 -0.12632794678211212 0.0960700660943985 0.9850096702575684
1542145532.550169 -0.1474214643239975 -0.14262254536151886 0.14571160078048706 0.07038868218660355 -0.11324439942836761 0.09739497303962708 0.9862735271453857
1542145532.57576 -0.15692438185214996 -0.13604526221752167 0.13345305621623993 0.07180216163396835 -0.10246690362691879 0.09957623481750488 0.9871320128440857
1542145532.601326 -0.16926610469818115 -0.12745638191699982 0.1241346150636673 0.07144792377948761 -0.09602638334035873 0.10769860446453094 0.9869524836540222
1542145532.626831 -0.1823883056640625 -0.12117792665958405 0.11202403903007507 0.06998167186975479 -0.09303724020719528 0.11427268385887146 0.9866045117378235
1542145532.652247 -0.1992316097021103 -0.11313869059085846 0.10260245203971863 0.06892847269773483 -0.09308755397796631 0.11481094360351562 0.9866114258766174
1542145532.677579 -0.21803101897239685 -0.10373993963003159 0.09711669385433197 0.06528651714324951 -0.0939125269651413 0.11509144306182861 0.986748218536377
1542145532.702849 -0.2387363612651825 -0.09614572674036026 0.09006404131650925 0.057440031319856644 -0.09502049535512924 0.11369310319423676 0.9872921109199524
1542145532.728091 -0.25822481513023376 -0.0888838991522789 0.08525938540697098 0.04860290512442589 -0.09693409502506256 0.11479001492261887 0.9874536991119385
1542145532.753326 -0.27754542231559753 -0.08223830908536911 0.08240716904401779 0.0399646982550621 -0.09865394234657288 0.12083648890256882 0.9869492053985596
1542145532.778535 -0.29788532853126526 -0.0761822760105133 0.07944345474243164 0.032328877598047256 -0.10196483135223389 0.1249433383345604 0.9863808751106262
1542145532.803697 -0.3184022009372711 -0.07109467685222626 0.07853005081415176 0.024189408868551254 -0.10782336443662643 0.12948258221149445 0.9854052066802979
1542145532.828804 -0.33792924880981445 -0.06588278710842133 0.07840561121702194 0.013880794867873192 -0.11696414649486542 0.1366257220506668 0.9835955500602722
1542145532.853851 -0.3559572100639343 -0.061600830405950546 0.08134531229734421 0.002156783128157258 -0.12556898593902588 0.14053019881248474 0.9820789694786072
1542145532.878816 -0.3727366030216217 -0.05861998349428177 0.08522581309080124 -0.007539540529251099 -0.13232699036598206 0.14484897255897522 0.9805363416671753
1542145532.903672 -0.38707733154296875 -0.05681835860013962 0.09040138870477676 -0.013173362240195274 -0.1349063515663147 0.15315015614032745 0.9788625240325928
1542145532.928388 -0.4003185033798218 -0.057266149669885635 0.09635995328426361 -0.014820107258856297 -0.13314493000507355 0.15691255033016205 0.9784842133522034
1542145532.952959 -0.41038060188293457 -0.058939751237630844 0.10234133154153824 -0.01382515486329794 -0.13353820145130157 0.15565913915634155 0.978645384311676
1542145532.97739 -0.4190836250782013 -0.062466900795698166 0.11081871390342712 -0.01088150404393673 -0.13255754113197327 0.15327171981334686 0.9791924953460693
1542145533.001705 -0.4241504371166229 -0.06741325557231903 0.12043656408786774 -0.006409434601664543 -0.1307523101568222 0.15127059817314148 0.9797857403755188
1542145533.025939 -0.4259203374385834 -0.07280101627111435 0.12826474010944366 -0.0006714867777191103 -0.12679757177829742 0.15118028223514557 0.9803400039672852
1542145533.050123 -0.4242050051689148 -0.07722180336713791 0.1382688730955124 0.004606330767273903 -0.11897536367177963 0.1518382728099823 0.9812078475952148
1542145533.074284 -0.41826218366622925 -0.080335833132267 0.14709505438804626 0.00880775973200798 -0.10632439702749252 0.1539423167705536 0.9823030829429626
1542145533.098442 -0.4087156057357788 -0.08430764079093933 0.15452657639980316 0.013147941790521145 -0.09186756610870361 0.15937276184558868 0.9828468561172485
1542145533.122605 -0.39654046297073364 -0.08718711137771606 0.1608533263206482 0.017105629667639732 -0.07538193464279175 0.16974087059497833 0.9824525713920593
1542145533.146766 -0.3815614879131317 -0.08958922326564789 0.16662868857383728 0.020601874217391014 -0.05961786210536957 0.179928719997406 0.9816552400588989
1542145533.170924 -0.36450859904289246 -0.09045512229204178 0.17195457220077515 0.023557765409350395 -0.045199695974588394 0.18851414322853088 0.980746865272522
1542145533.195093 -0.3454053997993469 -0.09130982309579849 0.1771170198917389 0.024447577074170113 -0.03216300532221794 0.1946067363023758 0.9800490140914917
1542145533.219284 -0.32516124844551086 -0.09183379262685776 0.1808839589357376 0.02735566906630993 -0.01733517460525036 0.20035773515701294 0.9791874289512634
1542145533.243503 -0.30378028750419617 -0.0933099314570427 0.18357151746749878 0.03374967724084854 0.0006092083640396595 0.20181059837341309 0.9788427352905273
1542145533.267757 -0.2815266251564026 -0.09509806334972382 0.1855771392583847 0.041106216609478 0.024451831355690956 0.19536735117435455 0.9795631766319275
1542145533.292064 -0.259371817111969 -0.09678833931684494 0.18793627619743347 0.05049116164445877 0.04943942278623581 0.19241297245025635 0.9787664413452148
1542145533.31646 -0.23755760490894318 -0.09805674105882645 0.18818843364715576 0.05959870293736458 0.07221498340368271 0.1916070282459259 0.9769952893257141
1542145533.340984 -0.21624761819839478 -0.09834602475166321 0.1875021904706955 0.061520934104919434 0.09054937958717346 0.18659955263137817 0.9763179421424866
1542145533.36564 -0.1962631195783615 -0.09754633903503418 0.18944399058818817 0.058770064264535904 0.10655813664197922 0.1783326268196106 0.9764164090156555
1542145533.390385 -0.17845584452152252 -0.09752821922302246 0.18624332547187805 0.05508633702993393 0.12065478414297104 0.1717180609703064 0.9761766791343689
1542145533.415154 -0.16274365782737732 -0.09457571059465408 0.1947876662015915 0.051909830421209335 0.13459452986717224 0.164417564868927 0.9757850766181946
1542145533.43989 -0.14800718426704407 -0.09352430701255798 0.19396375119686127 0.047997403889894485 0.14550839364528656 0.15679427981376648 0.9756736755371094
1542145533.464551 -0.134772390127182 -0.09260846674442291 0.19432829320430756 0.04583106189966202 0.15728914737701416 0.14933337271213531 0.9751201272010803
1542145533.489123 -0.12221355736255646 -0.08910157531499863 0.2053021788597107 0.046985939145088196 0.17068597674369812 0.14396823942661285 0.9736179113388062
1542145533.513602 -0.11168677359819412 -0.08719565719366074 0.20524893701076508 0.04724777117371559 0.18548955023288727 0.13617543876171112 0.972017228603363
1542145533.537979 -0.10269375145435333 -0.08484476059675217 0.2026810646057129 0.04770735651254654 0.1991969645023346 0.12772458791732788 0.9704282879829407
1542145533.562258 -0.09261524677276611 -0.08084793388843536 0.20541657507419586 0.04921785369515419 0.2081860601902008 0.12469334900379181 0.968859076499939
1542145533.58645 -0.08505897223949432 -0.07812117785215378 0.20149576663970947 0.044857826083898544 0.21402303874492645 0.1212334930896759 0.9682377576828003
1542145533.610555 -0.07949274778366089 -0.07397153973579407 0.1959189772605896 0.037835728377103806 0.21857602894306183 0.11567460000514984 0.96820068359375
1542145533.63456 -0.07545630633831024 -0.06870010495185852 0.1901625692844391 0.02953445166349411 0.22096140682697296 0.10573402792215347 0.9690842032432556
1542145533.65846 -0.07335976511240005 -0.06340248882770538 0.1841350644826889 0.019548838958144188 0.21865877509117126 0.09761346131563187 0.9707099795341492
1542145533.682277 -0.07493152469396591 -0.05455700308084488 0.18561044335365295 0.009944815188646317 0.21413446962833405 0.09217454493045807 0.9723947048187256
1542145533.706051 -0.078360415995121 -0.048116665333509445 0.18139836192131042 0.001992110162973404 0.20485970377922058 0.09188544005155563 0.974466860294342
1542145533.72981 -0.08532233536243439 -0.04245506972074509 0.1767859160900116 -0.007327680941671133 0.19214144349098206 0.09043321758508682 0.9771641492843628
1542145533.753579 -0.0939251035451889 -0.03867635875940323 0.17251981794834137 -0.017710719257593155 0.17652641236782074 0.08817559480667114 0.9801784753799438
1542145533.777391 -0.10553847998380661 -0.0348348468542099 0.16855156421661377 -0.025472311303019524 0.15824949741363525 0.08882344514131546 0.9830660223960876
1542145533.801286 -0.11790488660335541 -0.03265435993671417 0.16363857686519623 -0.031430553644895554 0.13953475654125214 0.08999127894639969 0.985618531703949
1542145533.825295 -0.13501712679862976 -0.03227254003286362 0.15604892373085022 -0.03473769128322601 0.12023939192295074 0.0943702682852745 0.9876385927200317
1542145533.849431 -0.15161897242069244 -0.03477989882230759 0.1462843269109726 -0.03402996435761452 0.10187628865242004 0.10091814398765564 0.9890797734260559
1542145533.873702 -0.171362966299057 -0.03956864774227142 0.13799948990345 -0.030020037665963173 0.08372151106595993 0.10895524173974991 0.9900597333908081
1542145533.89811 -0.18823149800300598 -0.046225350350141525 0.13349872827529907 -0.02318761684000492 0.06553148478269577 0.11599020659923553 0.9908149838447571
1542145533.922654 -0.20814739167690277 -0.055127039551734924 0.12851695716381073 -0.014814230613410473 0.04563351720571518 0.12210141867399216 0.9913573861122131
1542145533.947315 -0.22784356772899628 -0.06503321975469589 0.12410267442464828 -0.007615574169903994 0.023801926523447037 0.12810829281806946 0.9914453029632568
1542145533.972061 -0.24656791985034943 -0.07670294493436813 0.11809704452753067 -0.001857804018072784 0.0015828380128368735 0.13282410800457 0.9911366105079651
1542145533.996836 -0.265036016702652 -0.08919169008731842 0.11278580129146576 0.0032179495319724083 -0.018831508234143257 0.13760024309158325 0.990303635597229
1542145534.021594 -0.2795022130012512 -0.10199031233787537 0.10937176644802094 0.0066690100356936455 -0.035041119903326035 0.1436123251914978 0.9889910221099854
1542145534.046296 -0.2927556037902832 -0.11630598455667496 0.10230100899934769 0.007880640216171741 -0.04392470419406891 0.15366069972515106 0.9871155023574829
1542145534.070925 -0.303833544254303 -0.1263781040906906 0.10050884634256363 0.011308812536299229 -0.047400183975696564 0.16330170631408691 0.9853719472885132
1542145534.095488 -0.3118640184402466 -0.13840632140636444 0.09907019883394241 0.012510647065937519 -0.05044202506542206 0.17391560971736908 0.9833882451057434
1542145534.120005 -0.3188602328300476 -0.1488771140575409 0.09958112984895706 0.011078855954110622 -0.054430101066827774 0.18574415147304535 0.9810268878936768
1542145534.144506 -0.3232136368751526 -0.1572415828704834 0.10021898150444031 0.0059787617065012455 -0.05853723734617233 0.19801583886146545 0.9784311652183533
1542145534.169016 -0.327814519405365 -0.16519194841384888 0.10097293555736542 0.0007999219815246761 -0.06058991700410843 0.2091132402420044 0.9760122299194336
1542145534.193556 -0.33206960558891296 -0.17397938668727875 0.09142287075519562 -0.002274041995406151 -0.06283388286828995 0.22217433154582977 0.9729775786399841
1542145534.218149 -0.3328547179698944 -0.1811712384223938 0.09316951781511307 -0.0014001826057210565 -0.06589391082525253 0.23292452096939087 0.970258891582489
1542145534.242808 -0.3310820758342743 -0.18890225887298584 0.09311800450086594 0.0023699686862528324 -0.06784327328205109 0.2372031807899475 0.9690853357315063
1542145534.267538 -0.3280056416988373 -0.19446362555027008 0.09405624866485596 0.009714850224554539 -0.06545073539018631 0.236296609044075 0.9694254994392395
1542145534.292336 -0.32145270705223083 -0.19905179738998413 0.09869425743818283 0.019139911979436874 -0.059150222688913345 0.22956722974777222 0.971305251121521
1542145534.317187 -0.31061965227127075 -0.200741708278656 0.10572110861539841 0.026547862216830254 -0.04802088439464569 0.2222086489200592 0.973453938961029
1542145534.342073 -0.2961136996746063 -0.19988839328289032 0.11242912709712982 0.030084524303674698 -0.03160977363586426 0.2190237045288086 0.9747432470321655
1542145534.366969 -0.27970150113105774 -0.19708366692066193 0.11678223311901093 0.029268627986311913 -0.012142145074903965 0.21885332465171814 0.9752431511878967
1542145534.391837 -0.2577229142189026 -0.19278395175933838 0.1258387565612793 0.027029581367969513 0.00849001482129097 0.21665111184120178 0.9758379459381104
1542145534.416637 -0.23684678971767426 -0.18661998212337494 0.13472406566143036 0.025640122592449188 0.030161641538143158 0.20894892513751984 0.9771250486373901
1542145534.441341 -0.2134995013475418 -0.18004630506038666 0.1446315348148346 0.021954340860247612 0.0505593866109848 0.19733597338199615 0.9787851572036743
1542145534.465942 -0.18943563103675842 -0.17189045250415802 0.15619750320911407 0.0159553661942482 0.07209791988134384 0.18273663520812988 0.9803849458694458
1542145534.490444 -0.16533896327018738 -0.16326548159122467 0.16087916493415833 0.010476821102201939 0.09065559506416321 0.1748703271150589 0.9803531169891357
1542145534.514872 -0.14127424359321594 -0.1537434607744217 0.16893084347248077 0.0050157904624938965 0.1041693389415741 0.17376069724559784 0.9792501926422119
1542145534.539265 -0.119868203997612 -0.14421014487743378 0.17532412707805634 -0.007289587520062923 0.11165347695350647 0.16720794141292572 0.9795519113540649
1542145534.563661 -0.09944417327642441 -0.13275043666362762 0.18729712069034576 -0.023319903761148453 0.11301542073488235 0.1536540985107422 0.9813634157180786
1542145534.588095 -0.08154606819152832 -0.12288229912519455 0.194957435131073 -0.03424055129289627 0.11380846798419952 0.14266996085643768 0.9826090931892395
1542145534.612591 -0.06550735235214233 -0.11494038254022598 0.1997697651386261 -0.04040185734629631 0.11375346779823303 0.13204742968082428 0.9838655591011047
1542145534.637168 -0.05255380645394325 -0.10727173089981079 0.2020251750946045 -0.046452462673187256 0.11561016738414764 0.11405637115240097 0.9856306314468384
1542145534.66184 -0.04299548268318176 -0.09934181720018387 0.218055859208107 -0.04927753657102585 0.11392239481210709 0.09695922583341599 0.9875182509422302
1542145534.686621 -0.0339253693819046 -0.09496231377124786 0.218487948179245 -0.051894403994083405 0.1122777909040451 0.07471314072608948 0.9895042777061462
1542145534.711504 -0.02732429839670658 -0.0888519287109375 0.21978339552879333 -0.04987023398280144 0.11112446337938309 0.054145749658346176 0.9910765290260315
1542145534.736461 -0.026154644787311554 -0.08365142345428467 0.225509375333786 -0.04519198089838028 0.1086002066731453 0.038670431822538376 0.9923045039176941
1542145534.761449 -0.030221881344914436 -0.08166341483592987 0.2273498922586441 -0.041037093847990036 0.10197878628969193 0.029471155256032944 0.9935027956962585
1542145534.786425 -0.03526844084262848 -0.07751750946044922 0.22999608516693115 -0.03504830226302147 0.09479247033596039 0.02410798706114292 0.994587779045105
1542145534.81137 -0.04172360152006149 -0.07198970019817352 0.23255416750907898 -0.026000937446951866 0.08881490677595139 0.021150413900613785 0.9954841136932373
1542145534.836287 -0.03703458979725838 -0.07082804292440414 0.21895794570446014 -0.02216259017586708 0.08327626436948776 0.019952276721596718 0.996080219745636
1542145534.861184 -0.044801414012908936 -0.0664820671081543 0.2175619900226593 -0.01673699915409088 0.0808594673871994 0.019529633224010468 0.996393620967865
1542145534.886064 -0.05327365919947624 -0.06339883804321289 0.21567530930042267 -0.007512930314987898 0.0752926617860794 0.02518678642809391 0.996815025806427
1542145534.910912 -0.07197871059179306 -0.0640743151307106 0.20787979662418365 0.001093421713449061 0.06941775977611542 0.029941998422145844 0.9971376657485962
1542145534.935717 -0.08291684836149216 -0.06313341110944748 0.20614784955978394 0.00748430984094739 0.062032345682382584 0.026375800371170044 0.9976975321769714
1542145534.960472 -0.10501127690076828 -0.06426529586315155 0.19792459905147552 0.014040743000805378 0.05332665890455246 0.020472396165132523 0.9982685446739197
1542145534.985174 -0.12203153967857361 -0.06509815156459808 0.19117261469364166 0.022905757650732994 0.042520180344581604 0.017154261469841003 0.9986857175827026
1542145535.009822 -0.14700919389724731 -0.06543170660734177 0.18817926943302155 0.03175625577569008 0.027957407757639885 0.02059081941843033 0.9988923668861389
1542145535.034424 -0.17079925537109375 -0.06710311025381088 0.18106544017791748 0.034025732427835464 0.008422674611210823 0.024153156206011772 0.9990935921669006
1542145535.059 -0.1961333006620407 -0.06814806908369064 0.17151141166687012 0.03089768998324871 -0.01489797979593277 0.027393151074647903 0.9990360736846924
1542145535.083573 -0.2232079654932022 -0.06830732524394989 0.15968340635299683 0.024831077083945274 -0.03981448709964752 0.030426593497395515 0.9984350204467773
1542145535.108158 -0.25299301743507385 -0.06751377135515213 0.14769238233566284 0.016165686771273613 -0.06595148891210556 0.034751176834106445 0.9970864653587341
1542145535.13277 -0.2842664420604706 -0.06719641387462616 0.13724087178707123 0.006190866231918335 -0.0933811366558075 0.039082929491996765 0.9948437809944153
1542145535.157413 -0.3164055049419403 -0.06702053546905518 0.1287011057138443 8.349131348950323e-06 -0.12152700126171112 0.04269165173172951 0.9916696548461914
1542145535.182079 -0.34829503297805786 -0.06813935935497284 0.1208108514547348 -0.0006494209519587457 -0.1484346240758896 0.046127256006002426 0.9878457188606262
1542145535.206741 -0.37984979152679443 -0.07315675169229507 0.12281401455402374 0.0008971068309620023 -0.17046329379081726 0.0471784807741642 0.9842336177825928
1542145535.231377 -0.4099378287792206 -0.07705797255039215 0.12312529236078262 0.0009343823767267168 -0.18952222168445587 0.05078518018126488 0.9805617928504944
1542145535.255994 -0.43795329332351685 -0.08105393499135971 0.12333154678344727 -0.0013964445097371936 -0.21040213108062744 0.05851271376013756 0.9758613109588623
1542145535.280609 -0.46497219800949097 -0.08478818088769913 0.12607185542583466 -0.005059078801423311 -0.23092833161354065 0.06393160670995712 0.9708549380302429
1542145535.30524 -0.4897741675376892 -0.087916299700737 0.1297091841697693 -0.008254976943135262 -0.24942491948604584 0.06484281271696091 0.9661855697631836
1542145535.329891 -0.5115894675254822 -0.0918586328625679 0.13427618145942688 -0.011826260015368462 -0.26572832465171814 0.06621070951223373 0.9616989493370056
1542145535.354573 -0.5287716388702393 -0.09637487679719925 0.13695594668388367 -0.0169844813644886 -0.27832427620887756 0.06645888835191727 0.9580346345901489
1542145535.3793 -0.5430896282196045 -0.102214016020298 0.14363066852092743 -0.02086086943745613 -0.28181084990501404 0.06709784269332886 0.9568936228752136
1542145535.404104 -0.5495647192001343 -0.10810694843530655 0.15227225422859192 -0.020278200507164 -0.27737563848495483 0.07066109031438828 0.9579450488090515
1542145535.429032 -0.5530315041542053 -0.11529695987701416 0.16168537735939026 -0.019317466765642166 -0.2625078558921814 0.08003545552492142 0.9614108800888062
1542145535.454124 -0.5489447712898254 -0.12267737090587616 0.16964781284332275 -0.016652755439281464 -0.2476566582918167 0.09081894904375076 0.9644380807876587
1542145535.479374 -0.546089231967926 -0.12989960610866547 0.1784643530845642 -0.013517743907868862 -0.23233598470687866 0.09931902587413788 0.9674569964408875
1542145535.50472 -0.5408459305763245 -0.13595183193683624 0.18682821094989777 -0.012627959251403809 -0.22058646380901337 0.10611097514629364 0.9694961309432983
1542145535.530077 -0.5348617434501648 -0.14069443941116333 0.1946374922990799 -0.01576908864080906 -0.2103683352470398 0.1081223115324974 0.9714968800544739
