1542145521577086.0 -0.0 -0.0 -0.0 -0.0 -0.0 1.0 -0.0
1542145521601548.0 -0.0 -0.0 -0.0 -0.0 -0.0 1.0 -0.0
1542145521626014.0 0.036528733 -0.0005293239 0.0030079654 0.004789873 -0.0046632243 0.9999766 0.0015068843
1542145521650480.0 0.036528733 -0.0005293239 0.0030079654 0.004789873 -0.0046632243 0.9999766 0.0015068843
1542145521674949.0 0.06044103 0.007021613 0.0048046103 0.004317165 -0.006122227 0.9999631 -0.0042131594
1542145521699426.0 0.06044103 0.007021613 0.0048046103 0.004317165 -0.006122227 0.9999631 -0.0042131594
1542145521723922.0 0.06044103 0.007021613 0.0048046103 0.004317165 -0.006122227 0.9999631 -0.0042131594
1542145521748450.0 0.06044103 0.007021613 0.0048046103 0.004317165 -0.006122227 0.9999631 -0.0042131594
1542145521773014.0 0.06044103 0.007021613 0.0048046103 0.004317165 -0.006122227 0.9999631 -0.0042131594
1542145521797607.0 0.077732086 0.01546561 0.008269468 -0.013754461 -0.0219883 0.99966246 -0.0015115407
1542145521822217.0 0.077732086 0.015465609 0.008269468 -0.013754462 -0.021988302 0.9996625 -0.0015115408
1542145521846830.0 0.06663312 0.012480379 0.008088331 -0.02533326 -0.031112684 0.999189 0.0034192388
1542145521871432.0 0.06663312 0.012480379 0.008088331 -0.02533326 -0.031112684 0.999189 0.0034192388
1542145521896007.0 0.048538323 0.0036138908 0.005920814 -0.035947967 -0.031491086 0.99878114 0.012342776
1542145521920548.0 0.048538323 0.0036138908 0.005920814 -0.035947967 -0.031491086 0.99878114 0.012342776
1542145521945061.0 0.026687533 -0.005253114 0.0021922132 -0.04390844 -0.031546332 0.9983618 0.018723251
1542145521969553.0 0.026687533 -0.005253114 0.0021922132 -0.04390844 -0.031546332 0.9983618 0.018723251
1542145521994032.0 -0.008236057 -0.018399699 -0.0041690217 -0.0506667 -0.025307333 0.9981698 0.021203859
1542145522018513.0 -0.028145317 -0.025094718 -0.0070070997 -0.055222563 -0.021540835 0.9979675 0.023397187
1542145522043014.0 -0.055187758 -0.03380608 -0.011328202 -0.059582267 -0.015595843 0.9977643 0.025946137
1542145522067543.0 -0.083815984 -0.040791024 -0.012264358 -0.067576915 -0.0101752095 0.9972029 0.030271146
1542145522092102.0 -0.11764067 -0.048794996 -0.015850505 -0.07579051 -0.0072255908 0.9965299 0.033643726
1542145522116689.0 -0.15533157 -0.056391563 -0.019712443 -0.08218567 -0.0059334254 0.9959395 0.036260966
1542145522141309.0 -0.19613935 -0.06335122 -0.022573952 -0.08691962 -0.0001512037 0.9954356 0.039407898
1542145522165958.0 -0.23930019 -0.06863486 -0.024480596 -0.092135586 0.01103529 0.99474704 0.04321676
1542145522190631.0 -0.2856583 -0.07348246 -0.026866952 -0.09550027 0.019624323 0.99421763 0.045010388
1542145522215333.0 -0.33468553 -0.07681661 -0.023973137 -0.096371025 0.025517462 0.9939688 0.045690533
1542145522240086.0 -0.38386774 -0.077032655 -0.01667876 -0.097258694 0.031819515 0.99364793 0.046819814
1542145522264928.0 -0.4380277 -0.078844115 -0.009527794 -0.10177367 0.042831812 0.9927965 0.0465052
1542145522289894.0 -0.48268652 -0.07579625 6.7566056e-05 -0.11142532 0.053667367 0.9910567 0.050109494
1542145522314985.0 -0.53186095 -0.08824026 -0.020157507 -0.114248395 0.052742008 0.99104995 0.044559337
1542145522340167.0 -0.5849703 -0.089620575 -0.015766975 -0.12441057 0.05885514 0.989292 0.048574004
1542145522365390.0 -0.630694 -0.1017452 -0.025674358 -0.13373736 0.06272669 0.98790973 0.0470544
1542145522390628.0 -0.6736752 -0.1085414 -0.032665033 -0.14300652 0.06796527 0.9862468 0.04740395
1542145522415890.0 -0.7123971 -0.1138805 -0.0358388 -0.15157801 0.07574346 0.9844336 0.0466651
1542145522441205.0 -0.7405441 -0.1122223 -0.031498395 -0.15564117 0.08428669 0.9829639 0.049533244
1542145522466579.0 -0.751813 -0.112559244 -0.027514666 -0.1625919 0.09022428 0.9813534 0.04867172
1542145522491997.0 -0.77358913 -0.11500428 -0.041223757 -0.16990216 0.096813805 0.979765 0.0426735
1542145522517461.0 -0.7696301 -0.11065578 -0.042696282 -0.17407554 0.096585564 0.97906876 0.04234856
1542145522542982.0 -0.75407153 -0.105778135 -0.039965127 -0.17549318 0.09293547 0.9791983 0.04166442
1542145522568551.0 -0.7210035 -0.09660917 -0.037675582 -0.17649421 0.09045453 0.9792481 0.041724384
1542145522594151.0 -0.6794139 -0.084797874 -0.029882247 -0.17170437 0.08829089 0.9802662 0.042433076
1542145522619766.0 -0.62927806 -0.0739293 -0.023482947 -0.16381533 0.08565507 0.9818381 0.042681947
1542145522645370.0 -0.57501495 -0.06383652 -0.015556905 -0.15356195 0.08125196 0.98386383 0.04276569
1542145522670926.0 -0.51652473 -0.053273495 -0.006979473 -0.1416347 0.07020004 0.98648834 0.043039165
1542145522696423.0 -0.4586541 -0.044884548 0.0019709012 -0.12952408 0.053355563 0.9891524 0.044208
1542145522721852.0 -0.40532106 -0.03771975 0.008573987 -0.11770783 0.0362297 0.9913701 0.04491789
1542145522747191.0 -0.35456017 -0.03287008 0.01605489 -0.1073131 0.02125324 0.99300075 0.044517543
1542145522772455.0 -0.30774885 -0.02817641 0.022625508 -0.09574401 0.004945788 0.9944206 0.0440048
1542145522797710.0 -0.26441407 -0.024904378 0.031444628 -0.085796595 -0.007941846 0.99529064 0.044412877
1542145522823004.0 -0.22492954 -0.023581976 0.038753733 -0.0777654 -0.017332602 0.99574244 0.046359338
1542145522848311.0 -0.18837938 -0.02390302 0.045734145 -0.068179406 -0.027757231 0.9961196 0.048238333
1542145522873568.0 -0.15456568 -0.023981733 0.053350147 -0.055189196 -0.03943032 0.99651 0.048654847
1542145522898752.0 -0.12196275 -0.025271248 0.05710416 -0.038836755 -0.04880944 0.99696356 0.046615936
1542145522923859.0 -0.09458333 -0.025912762 0.059760228 -0.02083937 -0.051236432 0.9975058 0.043850407
1542145522948867.0 -0.06895473 -0.025978018 0.064030096 -0.0043817265 -0.046767164 0.9979574 0.043297887
1542145522973774.0 -0.04623931 -0.027063964 0.06519345 0.012289581 -0.043220617 0.9980776 0.042686455
1542145522998571.0 -0.029257491 -0.028528865 0.06396414 0.028740522 -0.041579977 0.99783874 0.041988287
1542145523023222.0 -0.017081233 -0.029569061 0.06431648 0.040269937 -0.037915863 0.9974898 0.04421294
1542145523047688.0 -0.007907709 -0.031616654 0.063762814 0.0478466 -0.03327933 0.99712133 0.048500065
1542145523071940.0 -0.003226399 -0.0327335 0.06259634 0.051941834 -0.030528637 0.99681085 0.052329045
1542145523095993.0 -0.0022578444 -0.0333416 0.062068693 0.053210516 -0.031314533 0.99661815 0.054225415
1542145523119890.0 -0.0023091976 -0.032561325 0.06297498 0.047234673 -0.034818333 0.9968757 0.05287212
1542145523143678.0 -0.0053958087 -0.031132333 0.06714902 0.037168954 -0.037865717 0.9971617 0.05341593
1542145523167399.0 -0.011442847 -0.029225962 0.06993546 0.024413567 -0.04238316 0.9972786 0.055165216
1542145523191090.0 -0.02054711 -0.02759386 0.07244043 0.009382544 -0.048895102 0.99717134 0.056308378
1542145523214786.0 -0.033854783 -0.026594656 0.07511769 -0.008576063 -0.054052867 0.9969575 0.055503737
1542145523238501.0 -0.048275426 -0.026216792 0.07555965 -0.0288226 -0.06058409 0.996299 0.053731646
1542145523262248.0 -0.06453677 -0.025847055 0.07443785 -0.049663432 -0.06583554 0.99525374 0.051665712
1542145523286050.0 -0.08633783 -0.025265602 0.07568151 -0.06607511 -0.069909856 0.99397844 0.052475844
1542145523309954.0 -0.103841886 -0.026115188 0.07845137 -0.08610061 -0.065673694 0.99260414 0.05486937
1542145523334012.0 -0.12324474 -0.02723162 0.07427197 -0.105939195 -0.05796649 0.99096125 0.058418073
1542145523358259.0 -0.14401807 -0.030049514 0.07204947 -0.12498667 -0.05153795 0.98885703 0.062321395
1542145523382707.0 -0.16453302 -0.035066135 0.067246385 -0.14188291 -0.046638012 0.98658 0.06598502
1542145523407347.0 -0.18229592 -0.038910635 0.06379608 -0.15532114 -0.040861238 0.98456657 0.06953015
1542145523432174.0 -0.19782068 -0.041049827 0.05811497 -0.16576605 -0.033948444 0.9830072 0.071175635
1542145523457185.0 -0.21338326 -0.042372536 0.049865052 -0.17274386 -0.026696006 0.98206055 0.07073854
1542145523482364.0 -0.22660345 -0.042689584 0.048256718 -0.17962492 -0.01792751 0.9811521 0.06894979
1542145523507680.0 -0.23719583 -0.04262039 0.04410742 -0.18717323 -0.008376564 0.98012495 0.065201454
1542145523533110.0 -0.24809033 -0.041821867 0.040685125 -0.19520631 -0.001199992 0.9788576 0.06108141
1542145523558630.0 -0.25744447 -0.04227954 0.035862304 -0.20662963 0.0013076263 0.97668463 0.058220763
1542145523584211.0 -0.26693863 -0.04337084 0.033452354 -0.22117288 0.0003972336 0.97346413 0.058737144
1542145523609827.0 -0.27744946 -0.045368005 0.031590372 -0.23466392 -0.006187563 0.9700002 0.06320005
1542145523635464.0 -0.28545004 -0.049572036 0.026402557 -0.24442078 -0.013134649 0.9670891 0.0694603
1542145523661101.0 -0.28943926 -0.05429551 0.023803232 -0.25012285 -0.01781155 0.9651248 0.07520335
1542145523686725.0 -0.28806603 -0.059601333 0.02354678 -0.25090697 -0.019165028 0.96463853 0.078428075
1542145523712321.0 -0.28325024 -0.061740763 0.025493708 -0.24462646 -0.020916611 0.966183 0.078808956
1542145523737889.0 -0.2750779 -0.062737755 0.030288182 -0.23545736 -0.018039178 0.96878797 0.07539529
1542145523763443.0 -0.26717728 -0.061281852 0.03436295 -0.2221741 -0.0117318975 0.97246635 0.069356434
1542145523788999.0 -0.25513384 -0.061371922 0.03881105 -0.20922525 -0.0010954406 0.9758034 0.06349243
1542145523814575.0 -0.2429726 -0.062096458 0.042891577 -0.19342548 0.008497121 0.97909826 0.06229887
1542145523840197.0 -0.23147461 -0.065025225 0.04548746 -0.17430076 0.015616783 0.9825035 0.06373651
1542145523865875.0 -0.21994679 -0.06594555 0.046813052 -0.15774013 0.01996639 0.9850967 0.06560484
1542145523891594.0 -0.20871833 -0.067059726 0.048476763 -0.14435752 0.023019394 0.9871044 0.06523705
1542145523917328.0 -0.19596165 -0.06649961 0.050077405 -0.13150418 0.022683365 0.98904455 0.063111186
1542145523943036.0 -0.1817576 -0.066073924 0.05069664 -0.11736123 0.020654524 0.99106354 0.05994054
1542145523968686.0 -0.16950907 -0.06560298 0.05097246 -0.10226 0.022197567 0.9928811 0.056896813
1542145523994246.0 -0.15533069 -0.06439483 0.05123322 -0.08964998 0.027261388 0.99412143 0.05424305
1542145524019688.0 -0.14271252 -0.060704514 0.052663825 -0.07737646 0.03036492 0.9951868 0.051904198
1542145524044998.0 -0.13217027 -0.057831645 0.05235981 -0.065969795 0.029757498 0.9961453 0.049568962
1542145524070182.0 -0.123493224 -0.05500098 0.05513406 -0.05728607 0.025698043 0.9968657 0.048133273
1542145524095259.0 -0.11637396 -0.05218886 0.05554246 -0.05344466 0.024021186 0.99722064 0.046018258
1542145524120262.0 -0.11241009 -0.050147314 0.05550605 -0.051262796 0.021448435 0.9975503 0.042491954
1542145524145217.0 -0.10922607 -0.048051983 0.05612429 -0.050700683 0.012753152 0.99787194 0.03896724
1542145524170147.0 -0.10791602 -0.045406625 0.05609668 -0.04963409 0.0058138133 0.9980889 0.0363508
1542145524195078.0 -0.109297 -0.042051505 0.055450298 -0.047557805 0.0031876639 0.99821174 0.036076255
1542145524220027.0 -0.110073805 -0.040219847 0.057341073 -0.046970367 0.0039201793 0.9982306 0.036250178
1542145524245005.0 -0.112201355 -0.038856823 0.05483218 -0.0457288 0.0050223037 0.99828666 0.03615968
1542145524270014.0 -0.11437662 -0.039076034 0.0533116 -0.044958208 0.007069398 0.9983154 0.03598817
1542145524295046.0 -0.11521262 -0.038800918 0.053719092 -0.045017913 0.009475152 0.9982448 0.03729434
1542145524320088.0 -0.11463014 -0.04015137 0.05148738 -0.04501614 0.012372743 0.9982102 0.03737689
1542145524345138.0 -0.11569018 -0.040198054 0.04807291 -0.044760987 0.017134337 0.9981166 0.0382907
1542145524370180.0 -0.11634026 -0.039980296 0.045431428 -0.046172824 0.019434564 0.9979513 0.039795585
1542145524395211.0 -0.11776814 -0.040990494 0.043928906 -0.048651196 0.021567885 0.99776983 0.040291525
1542145524420231.0 -0.11912994 -0.041971665 0.039488487 -0.050807208 0.02252004 0.9976778 0.0393766
1542145524445233.0 -0.12121902 -0.041564498 0.039833676 -0.051817406 0.022191467 0.99768144 0.038136646
1542145524470211.0 -0.122222304 -0.040820323 0.037228286 -0.05270725 0.023200419 0.99768496 0.036173314
1542145524495163.0 -0.12548147 -0.040320728 0.034890343 -0.05452996 0.027227983 0.99753237 0.034846816
1542145524520095.0 -0.12953337 -0.040912714 0.033302873 -0.057393834 0.030908383 0.99731135 0.033478342
1542145524545003.0 -0.13315752 -0.042813912 0.029374281 -0.061741974 0.030444676 0.9970763 0.0331666
1542145524569892.0 -0.13890551 -0.044660892 0.026815671 -0.06786797 0.02851061 0.9967042 0.034085926
1542145524594765.0 -0.14443831 -0.045216527 0.026868356 -0.07560453 0.02466429 0.9961941 0.03567801
1542145524619625.0 -0.15131474 -0.04681359 0.02595076 -0.08337061 0.019206798 0.99564254 0.03709995
1542145524644477.0 -0.16085427 -0.048813373 0.027038328 -0.09155145 0.013810317 0.9949181 0.03956742
1542145524669329.0 -0.16912675 -0.04950801 0.025804851 -0.101546265 0.009771301 0.9938555 0.042944387
1542145524694180.0 -0.17703898 -0.050109074 0.026912503 -0.11279807 0.00470444 0.9925398 0.046034366
1542145524719036.0 -0.18331264 -0.05211007 0.027053833 -0.12561446 -0.001353034 0.99094117 0.04748575
1542145524743911.0 -0.19138911 -0.054054257 0.028385954 -0.13990912 -0.007273331 0.989021 0.047011036
1542145524768826.0 -0.19816463 -0.05496291 0.028400613 -0.15574221 -0.010667252 0.98659724 0.047502358
1542145524793800.0 -0.20242758 -0.059276678 0.02700277 -0.1717941 -0.01449864 0.98385787 0.04796149
1542145524818862.0 -0.20510583 -0.06324607 0.03360235 -0.18264833 -0.018772116 0.9816263 0.051933736
1542145524844030.0 -0.20101649 -0.07458275 0.026644874 -0.1879164 -0.021179056 0.98048884 0.053671222
1542145524869308.0 -0.20121562 -0.07683059 0.030726505 -0.18642248 -0.01893494 0.9804209 0.060523804
1542145524894692.0 -0.19268572 -0.0835738 0.035214156 -0.18418473 -0.012793336 0.980682 0.064614944
1542145524920163.0 -0.18524574 -0.087310165 0.03884952 -0.17828256 -0.0065126894 0.9815534 0.06874513
1542145524945697.0 -0.17723134 -0.08860542 0.04377695 -0.17193253 -0.00055420195 0.9824123 0.07283536
1542145524971275.0 -0.16930425 -0.08965173 0.048161067 -0.16557682 0.0022899297 0.98342603 0.07384019
1542145524996881.0 -0.16110781 -0.08748538 0.052371934 -0.16159527 0.0033850179 0.9840951 0.07370496
1542145525022511.0 -0.15557846 -0.0837369 0.05674363 -0.1582959 0.0037610282 0.9848387 0.07085884
1542145525048152.0 -0.14997675 -0.08165487 0.057452813 -0.15535659 0.0004651977 0.9857501 0.064505845
1542145525073789.0 -0.14677873 -0.07431857 0.061404888 -0.15430194 -0.0024294432 0.98627084 0.058777906
1542145525099412.0 -0.14480051 -0.06682558 0.06755268 -0.15568939 -0.003084989 0.9864714 0.051239695
1542145525125014.0 -0.14349703 -0.05946853 0.069671914 -0.1585488 -0.005662399 0.9863817 0.04337524
1542145525150590.0 -0.14402583 -0.051250957 0.07282027 -0.16245213 -0.00988747 0.9860613 0.034565445
1542145525176143.0 -0.14580393 -0.045323152 0.070025116 -0.16628458 -0.01752917 0.9856184 0.024465995
1542145525201670.0 -0.14854845 -0.037803255 0.07335537 -0.1708129 -0.028461033 0.9847414 0.017248042
1542145525227170.0 -0.15314639 -0.032736424 0.073349416 -0.17452478 -0.036138196 0.983923 0.011435667
1542145525252648.0 -0.15719067 -0.028302604 0.07431736 -0.17877196 -0.03947014 0.98305786 0.00894911
1542145525278118.0 -0.1603405 -0.026655434 0.074852996 -0.18165283 -0.04130142 0.9824613 0.008150713
1542145525303588.0 -0.16207415 -0.02731736 0.08056309 -0.18251215 -0.041021544 0.9822806 0.0114615355
1542145525329065.0 -0.16489859 -0.03188554 0.08272228 -0.18079636 -0.038056202 0.9826583 0.015723228
1542145525354549.0 -0.16511416 -0.038724016 0.08491636 -0.18134868 -0.034964796 0.9825062 0.023910027
1542145525380029.0 -0.164617 -0.04886098 0.08480276 -0.18200096 -0.031408977 0.9822267 0.033463445
1542145525405496.0 -0.16641523 -0.06077382 0.08343088 -0.1816229 -0.027751017 0.9819689 0.044500243
1542145525430953.0 -0.16998649 -0.07427644 0.07823802 -0.18196815 -0.023687094 0.98133063 0.05759117
1542145525456405.0 -0.17283925 -0.08960151 0.077473864 -0.18091267 -0.022925233 0.9805893 0.072040625
1542145525481864.0 -0.17175592 -0.10423671 0.0740016 -0.17907901 -0.022802772 0.97998166 0.083944775
1542145525507351.0 -0.17270726 -0.1182598 0.07002108 -0.1746047 -0.019869797 0.9800131 0.093235865
1542145525532890.0 -0.16864488 -0.13083929 0.067332864 -0.16872257 -0.013736166 0.9805271 0.09955177
1542145525558489.0 -0.16113746 -0.13977216 0.062375784 -0.15892857 -0.0075580133 0.981809 0.10361323
1542145525584164.0 -0.15382907 -0.14651196 0.061669942 -0.14658917 -0.0009895231 0.98342824 0.106675446
1542145525609895.0 -0.14500383 -0.15010343 0.05908848 -0.1343623 0.007513362 0.9851703 0.10644133
1542145525635630.0 -0.13599928 -0.15255144 0.056302346 -0.12189404 0.01588124 0.98713434 0.10225236
1542145525661292.0 -0.12685911 -0.14841163 0.06337846 -0.112036794 0.022177937 0.98871744 0.09692154
1542145525686801.0 -0.118524246 -0.1412446 0.06554931 -0.103029445 0.023378212 0.9904656 0.08841039
1542145525712120.0 -0.108484335 -0.13389966 0.0672011 -0.09391329 0.018743372 0.992455 0.07656444
1542145525737264.0 -0.09944173 -0.119440205 0.0749991 -0.08273185 0.008374186 0.9943179 0.0664632
1542145525762267.0 -0.090938695 -0.10488795 0.08010505 -0.06999706 -0.0047923783 0.9960728 0.05400407
1542145525787155.0 -0.08259918 -0.08868625 0.08470508 -0.059617504 -0.009703778 0.997326 0.041138522
1542145525811940.0 -0.07754422 -0.07250934 0.08794264 -0.05225638 -0.0062782033 0.9982204 0.028035456
1542145525836630.0 -0.07474917 -0.05413154 0.09152099 -0.047919523 -0.001968639 0.99873894 0.01484348
1542145525861246.0 -0.07619358 -0.03808124 0.09480019 -0.04517872 -0.007206634 0.9989524 -0.0010550919
1542145525885818.0 -0.08217716 -0.021441853 0.0958301 -0.047646496 -0.010995208 0.9987327 -0.011920545
1542145525910383.0 -0.093061134 -0.008714055 0.09722082 -0.054052796 -0.012350964 0.998292 -0.018405681
1542145525934986.0 -0.10723188 0.0033029846 0.09903576 -0.06455744 -0.0135187665 0.99755824 -0.02296132
1542145525959665.0 -0.12700666 0.013653017 0.100727886 -0.07622705 -0.011077894 0.9966422 -0.027769176
1542145525984441.0 -0.14981076 0.022887724 0.1034394 -0.09070906 -0.004837453 0.9953572 -0.03181866
1542145526009327.0 -0.175916 0.030682966 0.10594277 -0.106029816 8.618114e-06 0.9937544 -0.03478379
1542145526034325.0 -0.20319335 0.035480794 0.10830356 -0.12232332 0.005256007 0.9918206 -0.03607497
1542145526059439.0 -0.2304074 0.036999438 0.11004497 -0.13810082 0.008916926 0.989771 -0.03467015
1542145526084674.0 -0.25632772 0.03563828 0.11188955 -0.1529986 0.01019851 0.9876713 -0.031509783
1542145526110014.0 -0.2801966 0.03193128 0.113480136 -0.16610676 0.012846301 0.98564047 -0.027504351
1542145526135423.0 -0.30150545 0.026752813 0.11552528 -0.17536418 0.01297083 0.9841381 -0.02348374
1542145526160848.0 -0.31976876 0.01898583 0.11661877 -0.1824355 0.013011113 0.98292774 -0.020028925
1542145526186233.0 -0.332958 0.0091656335 0.11862032 -0.19049765 0.018090226 0.9814263 -0.013634651
1542145526211551.0 -0.3436066 -0.004168997 0.119725496 -0.19612963 0.021848237 0.9803236 -0.004641728
1542145526236773.0 -0.34936833 -0.017473489 0.12069609 -0.19976093 0.021984229 0.9795724 0.0070769917
1542145526261873.0 -0.3520392 -0.030584292 0.121066734 -0.20199314 0.0183657 0.9790592 0.01745453
1542145526286840.0 -0.34979966 -0.04150563 0.121431336 -0.20339033 0.014202094 0.9786804 0.024808737
1542145526311710.0 -0.34352818 -0.04967782 0.12199356 -0.20349242 0.013944502 0.9785217 0.029861636
1542145526336540.0 -0.33394903 -0.055650443 0.12156324 -0.20012589 0.013778283 0.97914565 0.032151807
1542145526361379.0 -0.32045838 -0.060272045 0.121463865 -0.19361098 0.008087257 0.98048913 0.033024363
1542145526386265.0 -0.30512083 -0.06347858 0.12081459 -0.18556133 -0.0007054768 0.98207253 0.033166792
1542145526411226.0 -0.2877711 -0.0646007 0.11999744 -0.17787603 -0.0071064094 0.98348695 0.03260513
1542145526436274.0 -0.26915073 -0.06401776 0.11939566 -0.16808659 -0.012262801 0.98518014 0.031885963
1542145526461419.0 -0.24601871 -0.06188457 0.118887685 -0.15696894 -0.01735453 0.9870225 0.029088834
1542145526486665.0 -0.22074023 -0.05804648 0.11906591 -0.14437087 -0.022402838 0.9889638 0.024615992
1542145526511997.0 -0.19442332 -0.054081813 0.118747175 -0.12859234 -0.025988689 0.99116737 0.019385431
1542145526537376.0 -0.16623415 -0.049792293 0.119990095 -0.11053227 -0.027994191 0.9933594 0.015366835
1542145526562736.0 -0.13654311 -0.046416808 0.12068532 -0.09099084 -0.02970601 0.9953359 0.012029648
1542145526588031.0 -0.10954369 -0.04261281 0.12184091 -0.07087755 -0.030615784 0.9969632 0.010174858
1542145526613235.0 -0.08462527 -0.038377915 0.12159151 -0.053595673 -0.029881893 0.9980843 0.007894873
1542145526638354.0 -0.06370304 -0.033477053 0.12030046 -0.039177634 -0.028287146 0.99881965 0.0049344874
1542145526663384.0 -0.046857942 -0.028710755 0.1185839 -0.027820095 -0.026860489 0.9992514 0.0010903026
1542145526688324.0 -0.03410472 -0.023359682 0.11564392 -0.019491084 -0.02506675 0.9994934 -0.0021558471
1542145526713185.0 -0.025175054 -0.019749893 0.11280958 -0.014694642 -0.02616312 0.9995345 -0.0055160206
1542145526737991.0 -0.02194099 -0.015298953 0.11037126 -0.012657726 -0.028190045 0.9994883 -0.008269631
1542145526762770.0 -0.02690829 -0.010003374 0.113157235 -0.014677893 -0.027966792 0.99945825 -0.009253755
1542145526787549.0 -0.033554282 -0.0064985333 0.112041906 -0.01989588 -0.027256858 0.99937433 -0.010594938
1542145526812353.0 -0.04331303 -0.004259966 0.112021394 -0.02763368 -0.024448665 0.99926126 -0.010753944
1542145526837195.0 -0.0577545 -0.0006116064 0.11316479 -0.035430495 -0.022710498 0.999062 -0.010198414
1542145526862081.0 -0.07510773 0.0015647179 0.111558594 -0.04473411 -0.02158673 0.9987026 -0.011227294
1542145526887016.0 -0.09632927 0.002803337 0.11137613 -0.056257706 -0.018038832 0.9981952 -0.010781402
1542145526912006.0 -0.12021049 0.0029412794 0.1106814 -0.06910271 -0.014626228 0.9974605 -0.009144261
1542145526937049.0 -0.1463806 0.0023642844 0.11029183 -0.08220438 -0.01388405 0.9964977 -0.006494179
1542145526962123.0 -0.17370863 0.00023939475 0.110609174 -0.0955845 -0.016648537 0.9952777 -0.0029614554
1542145526987198.0 -0.20042983 -0.0026127615 0.110488 -0.10871671 -0.016822668 0.99392736 0.0024685864
1542145527012255.0 -0.22609144 -0.005743907 0.10921565 -0.12029328 -0.0129291145 0.99262625 0.007449258
1542145527037284.0 -0.24900338 -0.009039914 0.10651305 -0.13001546 -0.004611483 0.9914229 0.012465672
1542145527062279.0 -0.26797584 -0.012313956 0.1033672 -0.13833845 0.005154921 0.9902294 0.01677755
1542145527087234.0 -0.2831005 -0.013552146 0.100667164 -0.14378501 0.015587943 0.9893119 0.018571725
1542145527112162.0 -0.2926891 -0.013123018 0.09852768 -0.14693871 0.027768705 0.98858565 0.018341132
1542145527137097.0 -0.2988639 -0.011247946 0.09530353 -0.14725232 0.038449116 0.9882136 0.016501782
1542145527162061.0 -0.3021468 -0.008953195 0.092138395 -0.14518495 0.04409938 0.98831284 0.0146435285
1542145527187064.0 -0.30010137 -0.006276097 0.08714555 -0.14307714 0.047860492 0.9884615 0.013498401
1542145527212085.0 -0.29613352 -0.004139823 0.08213527 -0.14037189 0.052311633 0.9886596 0.010557331
1542145527237094.0 -0.2885278 -0.0020895074 0.07575763 -0.13555834 0.054052766 0.9892706 0.0067789196
1542145527262070.0 -0.28112918 0.0009129221 0.06931063 -0.12717062 0.05229951 0.99048257 0.006065892
1542145527287005.0 -0.2729209 0.0030917414 0.061764766 -0.12161527 0.049440306 0.99131227 0.008089549
1542145527311897.0 -0.2658521 0.004783155 0.054432943 -0.1178281 0.0453684 0.9919497 0.009705129
1542145527336757.0 -0.25597548 0.008793608 0.046156064 -0.118171 0.0326945 0.9924069 0.009760601
1542145527361591.0 -0.24920757 0.010737749 0.040982716 -0.11585336 0.01959845 0.9930484 0.006985329
1542145527386412.0 -0.2411535 0.01317551 0.035646852 -0.11385475 0.009518407 0.9934483 0.0026481736
1542145527411230.0 -0.23375756 0.016731104 0.03254169 -0.109199874 0.0030086907 0.99401194 -0.002574321
1542145527436059.0 -0.22358535 0.019353881 0.028570663 -0.103914745 -0.00072957686 0.9945408 -0.009482987
1542145527460912.0 -0.214743 0.019627118 0.027813997 -0.09433134 0.0005055159 0.9954373 -0.014350023
1542145527485803.0 -0.20589325 0.018878989 0.02969536 -0.08406539 0.007103553 0.996299 -0.016454998
1542145527510737.0 -0.19913204 0.016733253 0.032571044 -0.076005325 0.015309693 0.99681884 -0.018470721
1542145527535705.0 -0.19432536 0.014234346 0.040218156 -0.06987897 0.019508949 0.99711955 -0.022114588
1542145527560685.0 -0.19045484 0.011124604 0.050520808 -0.065939456 0.019073877 0.9972893 -0.02650188
1542145527585658.0 -0.18713202 0.004923529 0.06314744 -0.06257393 0.019575175 0.9974323 -0.02881224
1542145527610630.0 -0.18533617 -0.0033827918 0.07761996 -0.060506027 0.020178607 0.9976334 -0.025681216
1542145527635615.0 -0.18482035 -0.013633654 0.09220298 -0.05725587 0.01774784 0.9980029 -0.019926848
1542145527660613.0 -0.18362464 -0.026401123 0.10663633 -0.05413632 0.01298433 0.9983461 -0.014346509
1542145527685612.0 -0.1823256 -0.03801013 0.123741694 -0.052404813 0.010293782 0.99855775 -0.0054993764
1542145527710586.0 -0.17960347 -0.05066209 0.13966694 -0.052554846 0.01396738 0.99851865 0.001881934
1542145527735529.0 -0.17626916 -0.060980644 0.1575825 -0.053102296 0.018981237 0.9984014 0.0038228643
1542145527760456.0 -0.17086357 -0.06932123 0.17440344 -0.05116989 0.019071955 0.99850595 -0.0019409088
1542145527785376.0 -0.16725971 -0.078606784 0.18916786 -0.04825354 0.024261503 0.99852896 -0.004788454
1542145527810290.0 -0.16692917 -0.08787772 0.20802881 -0.04890881 0.036716755 0.99811435 -0.0052434606
1542145527835202.0 -0.16659273 -0.096420065 0.22649477 -0.051277533 0.042256545 0.99777704 -0.005101271
1542145527860133.0 -0.16617627 -0.103560515 0.2450281 -0.04930547 0.03681246 0.9980874 -0.005955246
1542145527885120.0 -0.16462834 -0.112987734 0.26047158 -0.046956915 0.028784063 0.9984681 -0.0053003356
1542145527910189.0 -0.16028075 -0.119462274 0.28022859 -0.052728564 0.028556589 0.99819887 -0.0018107448
1542145527935346.0 -0.16032049 -0.12514691 0.29752314 -0.056882486 0.029832365 0.997934 -0.0015134993
1542145527960588.0 -0.16228232 -0.12867916 0.3144358 -0.06073958 0.025730042 0.99781203 -0.0044730557
1542145527985907.0 -0.1630178 -0.13203128 0.32931885 -0.062818445 0.01583254 0.9978813 -0.006005643
1542145528011295.0 -0.16367657 -0.13478667 0.3460605 -0.067776844 0.0064951233 0.9976699 -0.0043486664
1542145528036747.0 -0.16575494 -0.136567 0.35781324 -0.07422488 0.00045559456 0.9972396 -0.0019301958
1542145528062253.0 -0.16839258 -0.137336 0.36642978 -0.080340005 -0.0041475636 0.9967586 0.00084450503
1542145528087825.0 -0.17201892 -0.13678478 0.37210324 -0.08605473 -0.009156682 0.99624634 0.002026233
1542145528113493.0 -0.17592354 -0.13483009 0.37590864 -0.09385123 -0.00903782 0.9955408 0.0029914067
1542145528139260.0 -0.18260367 -0.13146745 0.37905893 -0.10208673 -0.0051874756 0.9947517 0.004534702
1542145528165111.0 -0.18701942 -0.1281811 0.37780586 -0.11264084 -0.0051399698 0.99360836 0.0053051594
1542145528191023.0 -0.19144723 -0.123580754 0.37522328 -0.12568766 -0.0018998419 0.99203676 0.007881437
1542145528216968.0 -0.19760394 -0.11800045 0.3676667 -0.13900119 -0.00035556522 0.9902345 0.010689884
1542145528242924.0 -0.20542052 -0.111711204 0.35789022 -0.1515686 -0.00027141898 0.9883513 0.0137353
1542145528268880.0 -0.20863824 -0.10566688 0.34871408 -0.16455723 0.00038632166 0.9862483 0.015330817
1542145528294842.0 -0.21508007 -0.096885204 0.33446187 -0.1739941 -0.0009738639 0.9845597 0.019164333
1542145528320809.0 -0.22072437 -0.08519223 0.32084298 -0.18469739 -0.0022968745 0.9825612 0.021334192
1542145528346777.0 -0.22448395 -0.07629187 0.30257842 -0.1969788 -0.0024799218 0.9802372 0.018120281
1542145528372732.0 -0.22736475 -0.064341314 0.28395924 -0.20894153 -0.0068820333 0.97776407 0.016539237
1542145528398654.0 -0.23223628 -0.053975843 0.2633598 -0.21830381 -0.011548192 0.97570026 0.014805651
1542145528424519.0 -0.23526302 -0.042619854 0.24169675 -0.22624414 -0.012228045 0.9739329 0.010894797
1542145528450318.0 -0.23855935 -0.03038831 0.22182944 -0.23007554 -0.0097352415 0.9731219 0.0021028456
1542145528476058.0 -0.24094939 -0.016906947 0.20076142 -0.23095734 -0.0025142424 0.9729031 -0.01058871
1542145528501743.0 -0.2424931 -0.0045058634 0.18206966 -0.23017454 0.0070998897 0.97282207 -0.024220482
1542145528527377.0 -0.24579471 0.0077000754 0.16265869 -0.22835238 0.017542759 0.9727087 -0.037219957
1542145528552967.0 -0.25128877 0.018441435 0.14365953 -0.22612536 0.02747755 0.97248065 -0.048925385
1542145528578524.0 -0.25957072 0.027125375 0.12522699 -0.22666898 0.036409233 0.97153497 -0.05844116
1542145528604065.0 -0.27192143 0.03302485 0.1075271 -0.23060937 0.042518202 0.96994114 -0.06500639
1542145528629649.0 -0.28747204 0.03632145 0.092053965 -0.23726329 0.04660089 0.96792054 -0.068296514
1542145528655341.0 -0.3055081 0.0370041 0.07874964 -0.2460974 0.051919345 0.96542156 -0.06856921
1542145528681180.0 -0.32558075 0.035847656 0.06643005 -0.25674582 0.060158376 0.96231574 -0.06641567
1542145528707154.0 -0.34725213 0.033514477 0.05644654 -0.26838574 0.07084946 0.95854515 -0.06434768
1542145528733225.0 -0.36903158 0.02966661 0.049627118 -0.27756238 0.07729275 0.9555944 -0.061841093
1542145528759365.0 -0.39119542 0.023568219 0.04490861 -0.28310597 0.08413282 0.9535439 -0.059386812
1542145528785586.0 -0.41277155 0.014802983 0.04296629 -0.28966534 0.09924365 0.95031196 -0.056142233
1542145528811918.0 -0.43444788 0.002559362 0.043197263 -0.29610172 0.11264348 0.9471744 -0.04995899
1542145528838370.0 -0.45487052 -0.012946896 0.04563819 -0.30177373 0.1170151 0.9453967 -0.038277593
1542145528864912.0 -0.4734387 -0.029631743 0.051425412 -0.3061517 0.11624016 0.94458 -0.022979598
1542145528891488.0 -0.48770356 -0.04636024 0.060080335 -0.30637515 0.11626997 0.9447425 -0.008789138
1542145528917988.0 -0.4986938 -0.06163338 0.070765026 -0.29903734 0.12231187 0.94636995 -0.00073767715
1542145528944267.0 -0.50682783 -0.07495125 0.087062895 -0.28717977 0.13082896 0.9488986 0.0017576424
1542145528970247.0 -0.5114571 -0.086572155 0.10332191 -0.27188998 0.13997844 0.9520929 0.001047586
1542145528995944.0 -0.51387817 -0.09710775 0.121303506 -0.25210848 0.14829697 0.9562685 -7.750273e-05
1542145529021432.0 -0.51596844 -0.10878075 0.13685699 -0.22837377 0.15576306 0.96103233 -0.0004943798
1542145529046780.0 -0.5123627 -0.11823551 0.15414144 -0.20732394 0.16468993 0.9643096 0.001074755
1542145529072022.0 -0.5071764 -0.12593667 0.17116381 -0.18593098 0.17469089 0.96690744 0.0016942256
1542145529097161.0 -0.50009483 -0.13068986 0.18963347 -0.16403358 0.18536946 0.96887636 -0.0031192468
1542145529122175.0 -0.4924871 -0.13269903 0.20541295 -0.1427772 0.19521603 0.97025114 -0.010865617
1542145529147040.0 -0.48305413 -0.13426028 0.2168917 -0.121484004 0.2137421 0.96910554 -0.019759834
1542145529171743.0 -0.47159088 -0.13424622 0.22809291 -0.10458394 0.23295619 0.9664717 -0.026948916
1542145529196307.0 -0.46129698 -0.13595425 0.2347644 -0.086284295 0.23929371 0.9665451 -0.03292693
1542145529220766.0 -0.45016542 -0.13768694 0.24159399 -0.06834797 0.2423363 0.9671682 -0.03445817
1542145529245160.0 -0.43990773 -0.14095832 0.2465596 -0.052274153 0.24481754 0.96762097 -0.032271776
1542145529269515.0 -0.43002698 -0.14269139 0.2505618 -0.040433243 0.24305123 0.9687037 -0.030074049
1542145529293854.0 -0.42101556 -0.14338571 0.25129244 -0.031062642 0.2393317 0.9700313 -0.028191227
1542145529318192.0 -0.41646454 -0.1448628 0.24406846 -0.02167254 0.23357528 0.97173 -0.026717385
1542145529342540.0 -0.41147333 -0.14499272 0.23958915 -0.016647695 0.2349321 0.97156364 -0.024371782
1542145529366908.0 -0.40796036 -0.1448338 0.23300654 -0.013789297 0.23648772 0.971294 -0.021712393
1542145529391296.0 -0.40660405 -0.14406013 0.22291929 -0.013901631 0.23794419 0.9709815 -0.019603735
1542145529415704.0 -0.4064851 -0.14275146 0.2079144 -0.016313832 0.23812126 0.97092146 -0.018539239
1542145529440132.0 -0.40940192 -0.14032866 0.19256586 -0.020618143 0.23951022 0.97052735 -0.016926803
1542145529464572.0 -0.41287953 -0.13761516 0.1738947 -0.026365435 0.24047522 0.9701901 -0.014413804
1542145529489019.0 -0.41933474 -0.1336506 0.15372455 -0.034133956 0.23967388 0.9701649 -0.01309486
1542145529513471.0 -0.4277968 -0.1308246 0.12810111 -0.043191157 0.23839653 0.97010094 -0.0143448245
1542145529537916.0 -0.43729234 -0.124747336 0.10751563 -0.060126014 0.23729698 0.9694568 -0.0151192965
1542145529562345.0 -0.4441528 -0.11684175 0.08487596 -0.08145415 0.23851047 0.96756524 -0.017190099
1542145529586751.0 -0.4515818 -0.10930679 0.064426966 -0.09965569 0.23677048 0.96614635 -0.023870157
1542145529611125.0 -0.45545983 -0.10103453 0.045130935 -0.11451166 0.2380625 0.9639511 -0.031805255
1542145529635464.0 -0.45656332 -0.0950581 0.02961778 -0.12549695 0.24567156 0.9604916 -0.036769323
1542145529659792.0 -0.45414 -0.090537295 0.013266586 -0.12798312 0.25013041 0.95891 -0.039329346
1542145529684144.0 -0.44924477 -0.08647462 -0.0015691081 -0.12732375 0.2548345 0.95781004 -0.03805228
1542145529708552.0 -0.44270843 -0.08349195 -0.014840046 -0.125531 0.26049945 0.9566314 -0.03519219
1542145529733043.0 -0.4350415 -0.082108565 -0.02680746 -0.12276198 0.26212168 0.95665216 -0.032223728
1542145529757626.0 -0.43149948 -0.082140714 -0.026952563 -0.11610595 0.2598045 0.95816714 -0.030608075
1542145529782296.0 -0.42119378 -0.07930486 -0.031285983 -0.110309675 0.2586761 0.9592195 -0.028574342
1542145529807050.0 -0.40826344 -0.074370965 -0.03121618 -0.10300717 0.25802797 0.9602099 -0.02842602
1542145529831878.0 -0.39887312 -0.06966844 -0.024259022 -0.09385125 0.24967158 0.9633055 -0.029979285
1542145529856761.0 -0.37927064 -0.06306203 -0.013239083 -0.083068974 0.24244842 0.96601593 -0.03363987
1542145529881677.0 -0.36979112 -0.06628312 -0.014204718 -0.064560324 0.24161294 0.9673872 -0.040214833
1542145529906610.0 -0.34582907 -0.055609256 -0.004878462 -0.043895062 0.23915134 0.9691741 -0.039770138
1542145529931528.0 -0.3204407 -0.04941927 0.015167085 -0.017307747 0.24592185 0.96828437 -0.04060035
1542145529956404.0 -0.29449978 -0.042945694 0.0290922 0.0025002712 0.24239494 0.96915686 -0.04442383
1542145529981229.0 -0.2675289 -0.03743531 0.044086635 0.024434756 0.22088368 0.97359043 -0.052298106
1542145530006026.0 -0.2393178 -0.035092134 0.057575498 0.047876336 0.21292971 0.9746193 -0.04985995
1542145530030839.0 -0.21177302 -0.033831947 0.06887503 0.07488797 0.21206915 0.9736075 -0.03882148
1542145530055709.0 -0.18614757 -0.031343963 0.07985112 0.09807452 0.2150257 0.9712413 -0.028909551
1542145530080681.0 -0.16266102 -0.02665995 0.08931748 0.111248896 0.21315685 0.97008467 -0.03352216
1542145530105783.0 -0.14273861 -0.022013165 0.10393482 0.11839191 0.20776245 0.969906 -0.045832112
1542145530131019.0 -0.1254209 -0.017758088 0.11462147 0.12036186 0.2079986 0.96903956 -0.05667388
1542145530156372.0 -0.11051481 -0.014462464 0.12783875 0.11645587 0.20931773 0.9683295 -0.0704429
1542145530181836.0 -0.09748252 -0.012025781 0.13885976 0.11463113 0.20482883 0.96858066 -0.08219792
1542145530207435.0 -0.08622484 -0.011634136 0.14609155 0.11310918 0.20483282 0.9682961 -0.0874789
1542145530233213.0 -0.07675777 -0.011799371 0.15354246 0.113871194 0.20396996 0.96823704 -0.0891439
1542145530259217.0 -0.0691593 -0.012422548 0.15915866 0.11766924 0.19722256 0.9690959 -0.09005817
1542145530285487.0 -0.06370957 -0.013839352 0.16386579 0.12199743 0.18794812 0.97036475 -0.09046803
1542145530312050.0 -0.060564164 -0.015356636 0.16698769 0.12568448 0.18347275 0.9709302 -0.088519454
1542145530338884.0 -0.06003056 -0.01757728 0.16857018 0.12806116 0.18265587 0.97091275 -0.086981
1542145530365900.0 -0.063457675 -0.0201904 0.16883142 0.124994054 0.18917012 0.97041214 -0.083014995
1542145530392976.0 -0.07096618 -0.022648899 0.1707837 0.116396904 0.18961385 0.97204715 -0.07498472
1542145530420001.0 -0.08125818 -0.02583083 0.17157757 0.10040686 0.18814924 0.9750735 -0.061237052
1542145530446900.0 -0.09486559 -0.029971404 0.17051768 0.081695065 0.18003437 0.9789304 -0.05107663
1542145530473583.0 -0.111267865 -0.03448818 0.16822645 0.06344402 0.17117326 0.98229635 -0.04205352
1542145530499894.0 -0.13066028 -0.03865613 0.16438739 0.043712072 0.16971663 0.98401755 -0.031543378
1542145530525727.0 -0.15150972 -0.04187479 0.15779166 0.024955986 0.16863641 0.98510134 -0.022680685
1542145530551102.0 -0.17391235 -0.044513524 0.15173902 0.0084436685 0.16443257 0.9862062 -0.016974635
1542145530576137.0 -0.19698437 -0.04593602 0.14636496 -0.010696449 0.1615545 0.9866855 -0.015412233
1542145530600987.0 -0.21977241 -0.047074318 0.14057836 -0.02754098 0.1578184 0.9869194 -0.018028047
1542145530625798.0 -0.24193671 -0.049496867 0.13326687 -0.040152024 0.15965219 0.98620623 -0.01721559
1542145530650667.0 -0.2648095 -0.054445516 0.12540907 -0.05269613 0.16157068 0.9853541 -0.013976208
1542145530675606.0 -0.28658658 -0.06111493 0.1201438 -0.06486047 0.15289393 0.98607004 -0.009080682
1542145530700562.0 -0.30698413 -0.06969095 0.11698466 -0.07797401 0.1444528 0.98643374 -0.001413309
1542145530725463.0 -0.32425508 -0.07950133 0.11939344 -0.08986559 0.13313897 0.9869883 0.0072385557
1542145530750271.0 -0.33541355 -0.09003488 0.12030708 -0.09432471 0.11871108 0.98829687 0.016731901
1542145530775010.0 -0.3435585 -0.09930179 0.12673157 -0.09050947 0.118031405 0.9885032 0.027167762
1542145530799718.0 -0.3435568 -0.1080182 0.13061166 -0.083570056 0.1291 0.9874096 0.037035413
1542145530824425.0 -0.3410298 -0.1134071 0.13986689 -0.06856385 0.13653566 0.987269 0.04423941
1542145530849146.0 -0.33561882 -0.117511615 0.15159553 -0.048524905 0.14274229 0.9875726 0.04438842
1542145530873891.0 -0.32644114 -0.12002273 0.16368529 -0.02913804 0.15183434 0.98721856 0.03869053
1542145530898656.0 -0.31515256 -0.12122895 0.17791289 -0.009833363 0.15828879 0.9868573 0.03099418
1542145530923421.0 -0.30359975 -0.12206154 0.19132978 0.011096621 0.16850941 0.9853339 0.02446576
1542145530948167.0 -0.28998864 -0.12254829 0.20538878 0.031267487 0.18349184 0.9822945 0.021229135
1542145530972895.0 -0.27350143 -0.11999525 0.21922463 0.048938684 0.20153156 0.97798747 0.023035314
1542145530997625.0 -0.2580099 -0.118670195 0.23078746 0.06481809 0.20858307 0.97563565 0.020658901
1542145531022394.0 -0.241948 -0.11746185 0.2439133 0.08495298 0.19684105 0.97665524 0.013460729
1542145531047251.0 -0.22599536 -0.11781274 0.25458923 0.10486005 0.18900765 0.9762352 0.015665794
1542145531072255.0 -0.21147262 -0.11878879 0.261539 0.120427914 0.18689811 0.97466564 0.024354612
1542145531097418.0 -0.19769193 -0.120537885 0.2719967 0.13430396 0.17428292 0.97488004 0.034595005
1542145531122689.0 -0.18708688 -0.123063095 0.27904332 0.14393951 0.15718706 0.9760591 0.04338656
1542145531147986.0 -0.17954329 -0.12415418 0.2795611 0.15011647 0.14938614 0.9759271 0.052106787
1542145531173251.0 -0.17420046 -0.12398843 0.28169605 0.14995553 0.1426442 0.9766627 0.05741057
1542145531198475.0 -0.17123124 -0.123513654 0.28299776 0.14551535 0.13328934 0.97883797 0.054179996
1542145531223685.0 -0.1690466 -0.12296528 0.28450203 0.13539037 0.13469763 0.9803257 0.04987482
1542145531248919.0 -0.17245889 -0.12105325 0.27958402 0.124053724 0.13964544 0.9813028 0.046419688
1542145531274204.0 -0.17648518 -0.1199924 0.27453986 0.11182182 0.1484443 0.98156655 0.044580616
1542145531299551.0 -0.18510847 -0.11846687 0.26705736 0.10330002 0.14861752 0.98247516 0.04454837
1542145531324952.0 -0.19450031 -0.11575056 0.25911912 0.095489286 0.14812294 0.9832263 0.046985183
1542145531350380.0 -0.20598422 -0.11277113 0.24694768 0.08428102 0.14751412 0.98435724 0.04666021
1542145531375801.0 -0.22095463 -0.108910464 0.2337242 0.07008907 0.1479136 0.98562676 0.041822374
1542145531401179.0 -0.2381262 -0.10415215 0.21665205 0.049947273 0.15241246 0.98641986 0.03537985
1542145531426489.0 -0.2573262 -0.09920281 0.19826329 0.025319248 0.15290807 0.9874584 0.030066146
1542145531451731.0 -0.2782374 -0.09500633 0.17818508 -0.0010837021 0.14536066 0.9890703 0.024682447
1542145531476912.0 -0.29944745 -0.091802604 0.15717815 -0.025042027 0.13792872 0.98981154 0.024934161
1542145531502015.0 -0.3187515 -0.08888405 0.1361952 -0.04500872 0.13741784 0.9889818 0.031712413
1542145531527024.0 -0.33634704 -0.08564978 0.1165089 -0.058986355 0.13799423 0.98793083 0.03835216
1542145531551923.0 -0.35225487 -0.083160415 0.09840077 -0.069098294 0.13889465 0.9870734 0.040248003
1542145531576707.0 -0.3677103 -0.07921812 0.07707606 -0.07839 0.14498647 0.98556495 0.038676087
1542145531601395.0 -0.38157737 -0.0752232 0.05738826 -0.08796646 0.15258503 0.9837569 0.034671202
1542145531626016.0 -0.39398178 -0.07213087 0.040146843 -0.096818015 0.1585533 0.9821391 0.02983283
1542145531650603.0 -0.40425786 -0.06919977 0.0270983 -0.10621417 0.16150841 0.9808036 0.025651136
1542145531675179.0 -0.4150577 -0.068503276 0.014360397 -0.11620009 0.16330904 0.9794321 0.023249365
1542145531699759.0 -0.42501014 -0.068307735 0.003819421 -0.12713592 0.16504474 0.9777536 0.024385449
1542145531724333.0 -0.43235084 -0.06943194 -0.003251534 -0.13563864 0.16405833 0.9766732 0.028222846
1542145531748899.0 -0.43787193 -0.07107052 -0.009302869 -0.14089912 0.1620819 0.9761505 0.031734
1542145531773470.0 -0.44137734 -0.07321206 -0.012163513 -0.14503908 0.16090088 0.97562784 0.034998737
1542145531798077.0 -0.44177788 -0.07633362 -0.011561109 -0.14666289 0.15836193 0.9756924 0.037894752
1542145531822752.0 -0.43898597 -0.07905604 -0.0059504253 -0.14358096 0.15588343 0.9764532 0.04030073
1542145531847506.0 -0.43266094 -0.08158139 -0.00010935869 -0.13590045 0.15836878 0.9770987 0.041576564
1542145531872332.0 -0.4231753 -0.083924234 0.0096445335 -0.125414 0.16352129 0.9776528 0.041558973
1542145531897211.0 -0.41213214 -0.08546534 0.021700265 -0.11288952 0.16743635 0.9785997 0.039543428
1542145531922118.0 -0.3974964 -0.08753741 0.034286372 -0.10117742 0.1725365 0.97907835 0.037415948
1542145531947015.0 -0.38177288 -0.088947006 0.05012623 -0.09200269 0.17739482 0.97922933 0.034301706
1542145531971868.0 -0.3643099 -0.09062186 0.06192074 -0.08645339 0.18308473 0.9788636 0.02884195
1542145531996658.0 -0.34537312 -0.090525255 0.07844164 -0.08011556 0.18938147 0.9784348 0.019534234
1542145532021397.0 -0.32757962 -0.09017349 0.09536252 -0.077657536 0.19824491 0.9770393 0.007911607
1542145532046099.0 -0.3088318 -0.0903882 0.11067224 -0.084187716 0.2038373 0.975364 -0.005278821
1542145532070787.0 -0.29224852 -0.09015745 0.12720466 -0.093751885 0.20105001 0.9748907 -0.019431464
1542145532095479.0 -0.27377263 -0.091737464 0.14261425 -0.103052706 0.19730197 0.974381 -0.03215146
1542145532120187.0 -0.25616416 -0.09624292 0.15399271 -0.10885982 0.19627324 0.9738001 -0.036602285
1542145532144927.0 -0.23750582 -0.10089341 0.167394 -0.11438148 0.19256648 0.9739182 -0.03630927
1542145532169731.0 -0.21989718 -0.1061811 0.17866704 -0.12273629 0.18261749 0.9747262 -0.03867314
1542145532194630.0 -0.20324579 -0.11141557 0.18787321 -0.13354823 0.16640903 0.97588044 -0.04615515
1542145532219646.0 -0.18801086 -0.11679499 0.19544928 -0.14127564 0.14881517 0.9771557 -0.055336665
1542145532244774.0 -0.17215408 -0.12292661 0.20222557 -0.1453504 0.14138597 0.9774528 -0.05890085
1542145532270006.0 -0.15798442 -0.13030037 0.20479228 -0.14491259 0.13708574 0.9783725 -0.05472737
1542145532295340.0 -0.1453895 -0.13797213 0.20688514 -0.14437458 0.1300183 0.97984815 -0.04635518
1542145532320766.0 -0.13536285 -0.14457503 0.20625883 -0.14457148 0.117651306 0.98182684 -0.035683572
1542145532346239.0 -0.12904869 -0.15154848 0.20545414 -0.14694436 0.10447374 0.9833519 -0.022621987
1542145532371711.0 -0.12548213 -0.15723005 0.20300893 -0.1503897 0.09392897 0.98414594 -0.0041357935
1542145532397163.0 -0.1225395 -0.1616111 0.19801782 -0.15317687 0.08541252 0.9844178 0.012771275
1542145532422600.0 -0.12419722 -0.1627242 0.19260469 -0.15213934 0.07927971 0.98487884 0.024125293
1542145532448039.0 -0.12518026 -0.16251348 0.18333595 -0.1486244 0.07492067 0.98555183 0.031389434
1542145532473507.0 -0.12787074 -0.15989424 0.17779711 -0.14277627 0.07632567 0.9859593 0.040910795
1542145532499024.0 -0.13303533 -0.15644449 0.16504903 -0.13552414 0.08715367 0.9853467 0.0559407
1542145532524584.0 -0.13898903 -0.1506544 0.15412982 -0.12632795 0.096070066 0.9850097 0.0675847
1542145532550169.0 -0.14742146 -0.14262255 0.1457116 -0.1132444 0.09739497 0.9862735 0.07038868
1542145532575760.0 -0.15692438 -0.13604526 0.13345306 -0.1024669 0.099576235 0.987132 0.07180216
1542145532601326.0 -0.1692661 -0.12745638 0.124134615 -0.09602638 0.107698604 0.9869525 0.071447924
1542145532626831.0 -0.1823883 -0.12117793 0.11202404 -0.09303724 0.114272684 0.9866045 0.06998167
1542145532652247.0 -0.19923161 -0.11313869 0.10260245 -0.093087554 0.11481094 0.9866114 0.06892847
1542145532677579.0 -0.21803102 -0.10373994 0.097116694 -0.09391253 0.11509144 0.9867482 0.06528652
1542145532702849.0 -0.23873636 -0.09614573 0.09006404 -0.095020495 0.1136931 0.9872921 0.05744003
1542145532728091.0 -0.25822482 -0.0888839 0.085259385 -0.096934095 0.114790015 0.9874537 0.048602905
1542145532753326.0 -0.27754542 -0.08223831 0.08240717 -0.09865394 0.12083649 0.9869492 0.0399647
1542145532778535.0 -0.29788533 -0.076182276 0.079443455 -0.10196483 0.12494334 0.9863809 0.032328878
1542145532803697.0 -0.3184022 -0.07109468 0.07853005 -0.107823364 0.12948258 0.9854052 0.024189409
1542145532828804.0 -0.33792925 -0.06588279 0.07840561 -0.11696415 0.13662572 0.98359555 0.013880795
1542145532853851.0 -0.3559572 -0.06160083 0.08134531 -0.12556899 0.1405302 0.98207897 0.0021567831
1542145532878816.0 -0.3727366 -0.058619983 0.08522581 -0.13232699 0.14484897 0.98053634 -0.0075395405
1542145532903672.0 -0.38707733 -0.05681836 0.09040139 -0.13490635 0.15315016 0.9788625 -0.013173362
1542145532928388.0 -0.4003185 -0.05726615 0.09635995 -0.13314493 0.15691255 0.9784842 -0.014820107
1542145532952959.0 -0.4103806 -0.05893975 0.10234133 -0.1335382 0.15565914 0.9786454 -0.013825155
1542145532977390.0 -0.41908363 -0.0624669 0.110818714 -0.13255754 0.15327172 0.9791925 -0.010881504
1542145533001705.0 -0.42415044 -0.067413256 0.120436564 -0.13075231 0.1512706 0.97978574 -0.0064094346
1542145533025939.0 -0.42592034 -0.072801016 0.12826474 -0.12679757 0.15118028 0.98034 -0.0006714868
1542145533050123.0 -0.424205 -0.0772218 0.13826887 -0.11897536 0.15183827 0.98120785 0.004606331
1542145533074284.0 -0.41826218 -0.08033583 0.14709505 -0.1063244 0.15394232 0.9823031 0.00880776
1542145533098442.0 -0.4087156 -0.08430764 0.15452658 -0.091867566 0.15937276 0.98284686 0.013147942
1542145533122605.0 -0.39654046 -0.08718711 0.16085333 -0.075381935 0.16974087 0.9824526 0.01710563
1542145533146766.0 -0.3815615 -0.08958922 0.16662869 -0.059617862 0.17992872 0.98165524 0.020601874
1542145533170924.0 -0.3645086 -0.09045512 0.17195457 -0.045199696 0.18851414 0.98074687 0.023557765
1542145533195093.0 -0.3454054 -0.09130982 0.17711702 -0.032163005 0.19460674 0.980049 0.024447577
1542145533219284.0 -0.32516125 -0.09183379 0.18088396 -0.017335175 0.20035774 0.9791874 0.027355669
1542145533243503.0 -0.3037803 -0.09330993 0.18357152 0.00060920836 0.2018106 0.97884274 0.033749677
1542145533267757.0 -0.28152663 -0.09509806 0.18557714 0.024451831 0.19536735 0.9795632 0.041106217
1542145533292064.0 -0.25937182 -0.09678834 0.18793628 0.049439423 0.19241297 0.97876644 0.05049116
1542145533316460.0 -0.2375576 -0.09805674 0.18818843 0.07221498 0.19160703 0.9769953 0.059598703
1542145533340984.0 -0.21624762 -0.098346025 0.18750219 0.09054938 0.18659955 0.97631794 0.061520934
1542145533365640.0 -0.19626312 -0.09754634 0.18944399 0.10655814 0.17833263 0.9764164 0.058770064
1542145533390385.0 -0.17845584 -0.09752822 0.18624333 0.120654784 0.17171806 0.9761767 0.055086337
1542145533415154.0 -0.16274366 -0.09457571 0.19478767 0.13459453 0.16441756 0.9757851 0.05190983
1542145533439890.0 -0.14800718 -0.09352431 0.19396375 0.1455084 0.15679428 0.9756737 0.047997404
1542145533464551.0 -0.13477239 -0.09260847 0.1943283 0.15728915 0.14933337 0.9751201 0.045831062
1542145533489123.0 -0.12221356 -0.089101575 0.20530218 0.17068598 0.14396824 0.9736179 0.04698594
1542145533513602.0 -0.11168677 -0.08719566 0.20524894 0.18548955 0.13617544 0.9720172 0.04724777
1542145533537979.0 -0.10269375 -0.08484476 0.20268106 0.19919696 0.12772459 0.9704283 0.047707357
1542145533562258.0 -0.09261525 -0.080847934 0.20541658 0.20818606 0.12469335 0.9688591 0.049217854
1542145533586450.0 -0.08505897 -0.07812118 0.20149577 0.21402304 0.12123349 0.96823776 0.044857826
1542145533610555.0 -0.07949275 -0.07397154 0.19591898 0.21857603 0.1156746 0.9682007 0.03783573
1542145533634560.0 -0.07545631 -0.068700105 0.19016257 0.2209614 0.10573403 0.9690842 0.029534452
1542145533658460.0 -0.073359765 -0.06340249 0.18413506 0.21865878 0.09761346 0.97071 0.019548839
1542145533682277.0 -0.074931525 -0.054557003 0.18561044 0.21413447 0.092174545 0.9723947 0.009944815
1542145533706051.0 -0.078360416 -0.048116665 0.18139836 0.2048597 0.09188544 0.97446686 0.0019921102
1542145533729810.0 -0.085322335 -0.04245507 0.17678592 0.19214144 0.09043322 0.97716415 -0.007327681
1542145533753579.0 -0.0939251 -0.03867636 0.17251982 0.17652641 0.088175595 0.9801785 -0.01771072
1542145533777391.0 -0.10553848 -0.034834847 0.16855156 0.1582495 0.088823445 0.983066 -0.025472311
1542145533801286.0 -0.11790489 -0.03265436 0.16363858 0.13953476 0.08999128 0.98561853 -0.031430554
1542145533825295.0 -0.13501713 -0.03227254 0.15604892 0.12023939 0.09437027 0.9876386 -0.03473769
1542145533849431.0 -0.15161897 -0.0347799 0.14628433 0.10187629 0.100918144 0.9890798 -0.034029964
1542145533873702.0 -0.17136297 -0.039568648 0.13799949 0.08372151 0.10895524 0.99005973 -0.030020038
1542145533898110.0 -0.1882315 -0.04622535 0.13349873 0.065531485 0.11599021 0.990815 -0.023187617
1542145533922654.0 -0.20814739 -0.05512704 0.12851696 0.045633517 0.12210142 0.9913574 -0.014814231
1542145533947315.0 -0.22784357 -0.06503322 0.124102674 0.023801927 0.1281083 0.9914453 -0.007615574
1542145533972061.0 -0.24656792 -0.076702945 0.118097045 0.001582838 0.13282411 0.9911366 -0.001857804
1542145533996836.0 -0.26503602 -0.08919169 0.1127858 -0.018831508 0.13760024 0.99030364 0.0032179495
1542145534021594.0 -0.2795022 -0.10199031 0.10937177 -0.03504112 0.14361233 0.988991 0.00666901
1542145534046296.0 -0.2927556 -0.116305985 0.10230101 -0.043924704 0.1536607 0.9871155 0.00788064
1542145534070925.0 -0.30383354 -0.1263781 0.10050885 -0.047400184 0.1633017 0.98537195 0.011308813
1542145534095488.0 -0.31186402 -0.13840632 0.0990702 -0.050442025 0.17391561 0.98338825 0.012510647
1542145534120005.0 -0.31886023 -0.14887711 0.09958113 -0.0544301 0.18574415 0.9810269 0.011078856
1542145534144506.0 -0.32321364 -0.15724158 0.10021898 -0.058537237 0.19801584 0.97843117 0.0059787617
1542145534169016.0 -0.32781452 -0.16519195 0.100972936 -0.060589917 0.20911324 0.97601223 0.000799922
1542145534193556.0 -0.3320696 -0.17397939 0.09142287 -0.06283388 0.22217433 0.9729776 -0.002274042
1542145534218149.0 -0.33285472 -0.18117124 0.09316952 -0.06589391 0.23292452 0.9702589 -0.0014001826
1542145534242808.0 -0.33108208 -0.18890226 0.093118005 -0.06784327 0.23720318 0.96908534 0.0023699687
1542145534267538.0 -0.32800564 -0.19446363 0.09405625 -0.065450735 0.23629661 0.9694255 0.00971485
1542145534292336.0 -0.3214527 -0.1990518 0.09869426 -0.059150223 0.22956723 0.97130525 0.019139912
1542145534317187.0 -0.31061965 -0.20074171 0.10572111 -0.048020884 0.22220865 0.97345394 0.026547862
1542145534342073.0 -0.2961137 -0.1998884 0.11242913 -0.031609774 0.2190237 0.97474325 0.030084524
1542145534366969.0 -0.2797015 -0.19708367 0.11678223 -0.012142145 0.21885332 0.97524315 0.029268628
1542145534391837.0 -0.2577229 -0.19278395 0.12583876 0.008490015 0.21665111 0.97583795 0.027029581
1542145534416637.0 -0.23684679 -0.18661998 0.13472407 0.030161642 0.20894893 0.97712505 0.025640123
1542145534441341.0 -0.2134995 -0.1800463 0.14463153 0.050559387 0.19733597 0.97878516 0.02195434
1542145534465942.0 -0.18943563 -0.17189045 0.1561975 0.07209792 0.18273664 0.98038495 0.015955366
1542145534490444.0 -0.16533896 -0.16326548 0.16087916 0.090655595 0.17487033 0.9803531 0.010476821
1542145534514872.0 -0.14127424 -0.15374346 0.16893084 0.10416934 0.1737607 0.9792502 0.0050157905
1542145534539265.0 -0.119868204 -0.14421014 0.17532413 0.11165348 0.16720794 0.9795519 -0.0072895875
1542145534563661.0 -0.09944417 -0.13275044 0.18729712 0.11301542 0.1536541 0.9813634 -0.023319904
1542145534588095.0 -0.08154607 -0.1228823 0.19495744 0.11380847 0.14266996 0.9826091 -0.03424055
1542145534612591.0 -0.06550735 -0.11494038 0.19976977 0.11375347 0.13204743 0.98386556 -0.040401857
1542145534637168.0 -0.052553806 -0.10727173 0.20202518 0.11561017 0.11405637 0.98563063 -0.046452463
1542145534661840.0 -0.042995483 -0.09934182 0.21805586 0.113922395 0.096959226 0.98751825 -0.049277537
1542145534686621.0 -0.03392537 -0.094962314 0.21848795 0.11227779 0.07471314 0.9895043 -0.051894404
1542145534711504.0 -0.027324298 -0.08885193 0.2197834 0.11112446 0.05414575 0.9910765 -0.049870234
1542145534736461.0 -0.026154645 -0.08365142 0.22550938 0.10860021 0.03867043 0.9923045 -0.04519198
1542145534761449.0 -0.030221881 -0.081663415 0.22734989 0.10197879 0.029471155 0.9935028 -0.041037094
1542145534786425.0 -0.03526844 -0.07751751 0.22999609 0.09479247 0.024107987 0.9945878 -0.035048302
1542145534811370.0 -0.0417236 -0.0719897 0.23255417 0.08881491 0.021150414 0.9954841 -0.026000937
1542145534836287.0 -0.03703459 -0.07082804 0.21895795 0.083276264 0.019952277 0.9960802 -0.02216259
1542145534861184.0 -0.044801414 -0.06648207 0.21756199 0.08085947 0.019529633 0.9963936 -0.016737
1542145534886064.0 -0.05327366 -0.06339884 0.21567531 0.07529266 0.025186786 0.996815 -0.0075129303
1542145534910912.0 -0.07197871 -0.064074315 0.2078798 0.06941776 0.029941998 0.99713767 0.0010934217
1542145534935717.0 -0.08291685 -0.06313341 0.20614785 0.062032346 0.0263758 0.99769753 0.00748431
1542145534960472.0 -0.10501128 -0.064265296 0.1979246 0.05332666 0.020472396 0.99826854 0.014040743
1542145534985174.0 -0.12203154 -0.06509815 0.19117261 0.04252018 0.017154261 0.9986857 0.022905758
1542145535009822.0 -0.1470092 -0.06543171 0.18817927 0.027957408 0.02059082 0.99889237 0.031756256
1542145535034424.0 -0.17079926 -0.06710311 0.18106544 0.008422675 0.024153156 0.9990936 0.034025732
1542145535059000.0 -0.1961333 -0.06814807 0.17151141 -0.01489798 0.027393151 0.9990361 0.03089769
1542145535083573.0 -0.22320797 -0.068307325 0.1596834 -0.039814487 0.030426593 0.998435 0.024831077
1542145535108158.0 -0.25299302 -0.06751377 0.14769238 -0.06595149 0.034751177 0.99708647 0.016165687
1542145535132770.0 -0.28426644 -0.067196414 0.13724087 -0.09338114 0.03908293 0.9948438 0.006190866
1542145535157413.0 -0.3164055 -0.067020535 0.1287011 -0.121527 0.04269165 0.99166965 8.349131e-06
1542145535182079.0 -0.34829503 -0.06813936 0.12081085 -0.14843462 0.046127256 0.9878457 -0.00064942095
1542145535206741.0 -0.3798498 -0.07315675 0.122814015 -0.1704633 0.04717848 0.9842336 0.00089710683
1542145535231377.0 -0.40993783 -0.07705797 0.12312529 -0.18952222 0.05078518 0.9805618 0.0009343824
1542145535255994.0 -0.4379533 -0.081053935 0.12333155 -0.21040213 0.058512714 0.9758613 -0.0013964445
1542145535280609.0 -0.4649722 -0.08478818 0.12607186 -0.23092833 0.06393161 0.97085494 -0.005059079
1542145535305240.0 -0.48977417 -0.0879163 0.12970918 -0.24942492 0.06484281 0.96618557 -0.008254977
1542145535329891.0 -0.51158947 -0.09185863 0.13427618 -0.26572832 0.06621071 0.96169895 -0.01182626
1542145535354573.0 -0.52877164 -0.09637488 0.13695595 -0.27832428 0.06645889 0.95803463 -0.016984481
1542145535379300.0 -0.5430896 -0.102214016 0.14363067 -0.28181085 0.06709784 0.9568936 -0.02086087
1542145535404104.0 -0.5495647 -0.10810695 0.15227225 -0.27737564 0.07066109 0.95794505 -0.0202782
1542145535429032.0 -0.5530315 -0.11529696 0.16168538 -0.26250786 0.080035456 0.9614109 -0.019317467
1542145535454124.0 -0.5489448 -0.12267737 0.16964781 -0.24765666 0.09081895 0.9644381 -0.016652755
1542145535479374.0 -0.54608923 -0.1298996 0.17846435 -0.23233598 0.099319026 0.967457 -0.013517744
1542145535504720.0 -0.54084593 -0.13595183 0.18682821 -0.22058646 0.106110975 0.96949613 -0.012627959
1542145535530077.0 -0.53486174 -0.14069444 0.19463749 -0.21036834 0.10812231 0.9714969 -0.015769089
