0 9
1 16
2 22
3 29
4 35
5 42
6 49
7 55
8 62
9 68
10 75
11 81
12 88
13 94
14 101
15 107
16 113
17 120
18 126
19 133
20 139
21 146
22 152
23 159
24 165
25 171
26 178
27 184
28 191
29 197
30 204
31 210
32 216
33 223
34 229
35 236
36 242
37 249
38 255
39 262
40 268
41 275
42 281
43 288
44 294
45 301
46 307
47 314
48 320
49 327
50 334
51 340
52 347
53 353
54 360
55 367
56 373
57 380
58 386
59 393
60 399
61 406
62 412
63 419
64 425
65 432
66 438
67 444
68 451
69 457
70 464
71 470
72 476
73 483
74 489
75 496
76 502
77 508
78 515
79 521
80 534
81 540
82 546
83 553
84 559
85 565
86 571
87 578
88 584
89 590
90 597
91 603
92 609
93 615
94 622
95 628
96 634
97 640
98 646
99 653
100 659
101 665
102 671
103 677
104 684
105 690
106 696
107 702
108 708
109 715
110 721
111 727
112 733
113 740
114 746
115 752
116 759
117 765
118 772
119 778
120 785
121 791
122 798
123 804
124 810
125 817
126 823
127 830
128 836
129 842
130 849
131 855
132 862
133 868
134 874
135 881
136 887
137 893
138 900
139 906
140 912
141 919
142 925
143 932
144 938
145 945
146 951
147 957
148 964
149 970
150 977
151 983
152 990
153 996
154 1003
155 1009
156 1015
157 1022
158 1028
159 1035
160 1041
161 1048
162 1054
163 1061
164 1067
165 1074
166 1080
167 1087
168 1093
169 1099
170 1106
171 1112
172 1119
173 1125
174 1131
175 1137
176 1144
177 1150
178 1156
179 1163
180 1169
181 1175
182 1182
183 1188
184 1194
185 1200
186 1207
187 1213
188 1219
189 1225
190 1231
191 1238
192 1244
193 1250
194 1256
195 1262
196 1268
197 1274
198 1280
199 1286
200 1292
201 1298
202 1304
203 1311
204 1317
205 1323
206 1329
207 1335
208 1341
209 1347
210 1353
211 1359
212 1365
213 1371
214 1378
215 1384
216 1390
217 1396
218 1402
219 1408
220 1414
221 1420
222 1426
223 1433
224 1439
225 1445
226 1452
227 1458
228 1464
229 1471
230 1477
231 1483
232 1490
233 1496
234 1502
235 1508
236 1515
237 1521
238 1527
239 1533
240 1539
241 1545
242 1552
243 1558
244 1564
245 1570
246 1576
247 1582
248 1588
249 1594
250 1601
251 1607
252 1613
253 1619
254 1625
255 1631
256 1637
257 1643
258 1655
259 1661
260 1667
