1541978775364538.0 -0.0 -0.0 -0.0 -0.0 -0.0 1.0 -0.0
1541978775394292.0 0.03234726 -0.0024945943 0.011179133 0.0071373205 -2.6590065e-05 0.99997437 0.00057200884
1541978775424239.0 0.06299366 -0.0026334736 0.01926557 0.013135477 0.002849707 0.99990803 0.0018099946
1541978775454367.0 0.088302165 -0.0051741586 0.022887569 0.01890694 0.005632606 0.999805 -0.0009077719
1541978775484636.0 0.088302165 -0.0051741586 0.022887569 0.01890694 0.005632606 0.999805 -0.0009077719
1541978775514985.0 0.13459125 -0.009196901 0.02132805 0.025954142 0.011285461 0.9995307 -0.011726899
1541978775545349.0 0.13459125 -0.009196901 0.02132805 0.025954142 0.011285461 0.9995307 -0.011726899
1541978775575698.0 0.17518805 -0.011885268 0.015985128 0.036885668 0.008111184 0.99910563 -0.01901755
1541978775606049.0 0.19465365 -0.012509134 0.009543315 0.04208472 0.0067859613 0.999002 -0.013334381
1541978775636431.0 0.21064581 -0.013503406 0.0017494839 0.04230517 0.009134813 0.99906236 -0.0011301531
1541978775666853.0 0.22673056 -0.013467517 -0.0062130652 0.03966813 0.0070184083 0.9991136 0.012215279
1541978775697287.0 0.2393204 -0.013446383 -0.015551658 0.03923271 -0.0020011563 0.99898404 0.022083879
1541978775727686.0 0.257381 -0.012184248 -0.027752146 0.037325267 -0.010812782 0.99887484 0.027185567
1541978775757999.0 0.27564958 -0.009884141 -0.04048171 0.037671342 -0.02034706 0.9987546 0.025615204
1541978775788173.0 0.2950664 -0.00712134 -0.057985604 0.042775188 -0.03597807 0.9982738 0.018035263
1541978775818194.0 0.3138972 -0.004406824 -0.07627571 0.050689317 -0.051953424 0.99733543 0.007313384
1541978775848086.0 0.33229774 -0.0013924465 -0.09576794 0.062125295 -0.06534216 0.9959198 -0.0038309086
1541978775877881.0 0.34537175 -0.0016657524 -0.12191627 0.07654382 -0.07429819 0.9941568 -0.016531045
1541978775907630.0 0.36034694 0.0010772933 -0.14646633 0.09034657 -0.07666756 0.9925926 -0.026824104
1541978775937378.0 0.37180525 0.006540677 -0.17345355 0.10191766 -0.07635187 0.99129605 -0.033396613
1541978775967152.0 0.3843824 0.016245645 -0.19754337 0.11146809 -0.076495655 0.9901864 -0.0354155
1541978775996950.0 0.39321902 0.02040353 -0.22714 0.12022543 -0.07246973 0.9894657 -0.0353781
1541978776026753.0 0.3969711 0.024577491 -0.25693026 0.1298012 -0.06112777 0.9892482 -0.028338838
1541978776056537.0 0.38584033 0.04640766 -0.28225052 0.14420044 -0.05047344 0.98817945 -0.012653253
1541978776086251.0 0.38351864 0.05281105 -0.3106481 0.15503833 -0.042491734 0.9869856 -0.0041134837
1541978776115835.0 0.37596974 0.061343335 -0.3349887 0.17043766 -0.038889192 0.9846007 -0.00040281212
1541978776145243.0 0.3580663 0.07497674 -0.35551777 0.18856451 -0.034788415 0.98143494 0.004329111
1541978776174441.0 0.3459782 0.083909355 -0.37577415 0.20042951 -0.02039177 0.9794491 0.009577511
1541978776203432.0 0.33541226 0.09761792 -0.39245543 0.20896561 -0.0026231008 0.97775877 0.017731087
1541978776232269.0 0.32469636 0.10924744 -0.4061285 0.2139719 0.012090301 0.9764835 0.023447482
1541978776261033.0 0.31038362 0.122783795 -0.41700897 0.21498036 0.022418348 0.9760115 0.026123919
1541978776289782.0 0.28570646 0.13036492 -0.42545152 0.21150693 0.025567906 0.97671366 0.025330788
1541978776318540.0 0.2725041 0.14517352 -0.43186432 0.2005468 0.026032258 0.9790325 0.024467848
1541978776347304.0 0.25989026 0.16759641 -0.42516714 0.18564965 0.024820374 0.98199254 0.024675122
1541978776376065.0 0.20788579 0.17622398 -0.4421373 0.1749038 0.0257925 0.98403615 0.020402674
1541978776404828.0 0.18174002 0.1895425 -0.4450826 0.15605274 0.023654666 0.98729306 0.018449405
1541978776433589.0 0.17285112 0.20626056 -0.43849048 0.13166817 0.01632468 0.99102545 0.016297875
1541978776462336.0 0.14696571 0.22268999 -0.43566987 0.11051941 0.012000102 0.99367726 0.01571672
1541978776491044.0 0.15065072 0.24461721 -0.43099624 0.08036695 0.0042314534 0.9966555 0.014178931
1541978776519695.0 0.12482617 0.25736812 -0.43069798 0.05863252 -0.0035361813 0.99823713 0.008505396
1541978776548288.0 0.10579643 0.28373528 -0.42596424 0.035883464 -0.015544591 0.99922 0.0054879854
1541978776576848.0 0.075882316 0.29555324 -0.43376905 0.014747368 -0.025890721 0.99955565 -0.00084993336
1541978776605398.0 0.06390615 0.31996056 -0.41677096 -0.009867722 -0.039237935 0.99918115 -0.00025028634
1541978776633955.0 0.032367375 0.34418997 -0.41637415 -0.030068876 -0.054853454 0.99804133 0.00068637694
1541978776662529.0 -0.0039744647 0.364379 -0.42491925 -0.046759617 -0.071525455 0.9963412 -0.0013727923
1541978776691120.0 -0.017874511 0.37477472 -0.4264762 -0.06055961 -0.090910755 0.99400246 -0.005190949
1541978776719731.0 -0.034106143 0.38948342 -0.43752307 -0.0686256 -0.10447048 0.9920988 -0.010789353
1541978776748380.0 -0.0432653 0.40072182 -0.44823942 -0.076556645 -0.10701983 0.9911368 -0.018271232
1541978776777106.0 -0.038127843 0.40738803 -0.4596374 -0.083674945 -0.10430572 0.9906534 -0.026920484
1541978776805943.0 -0.042865384 0.4125897 -0.47826725 -0.07980264 -0.10483771 0.9905204 -0.038858097
1541978776834903.0 -0.043681733 0.42527038 -0.50240004 -0.0717528 -0.10610839 0.9906444 -0.047078118
1541978776863976.0 -0.043374803 0.42612174 -0.51810014 -0.065841876 -0.10138694 0.99137247 -0.050658144
1541978776893137.0 -0.021236181 0.43948826 -0.5229864 -0.069107704 -0.09579944 0.99185526 -0.047643144
1541978776922378.0 -0.036709797 0.45353222 -0.52160466 -0.06791994 -0.09592647 0.99209833 -0.043886706
1541978776951715.0 -0.02361442 0.45985037 -0.53936136 -0.072730325 -0.10726302 0.99050117 -0.045960322
1541978776981164.0 -0.019554384 0.4659759 -0.55721647 -0.074692376 -0.12149421 0.9884319 -0.051602364
1541978777010708.0 -0.010970727 0.46829805 -0.5742617 -0.073511444 -0.13268767 0.98696744 -0.05371484
1541978777040294.0 -0.006694953 0.47084808 -0.57858294 -0.06997335 -0.14805746 0.9852752 -0.04914789
1541978777069901.0 0.004875867 0.48224694 -0.5883519 -0.07469965 -0.1636511 0.9829995 -0.036745783
1541978777099525.0 0.023923423 0.49122345 -0.5980963 -0.08164376 -0.18261147 0.9793949 -0.027804375
1541978777129123.0 0.03287078 0.4995135 -0.60414517 -0.08693995 -0.19902284 0.9759129 -0.020624213
1541978777158643.0 0.050662052 0.507894 -0.6135279 -0.09396772 -0.21529265 0.97189385 -0.015543614
1541978777188078.0 0.05189145 0.5108792 -0.6199231 -0.09642029 -0.23559032 0.96690243 -0.017322903
1541978777217443.0 0.05928906 0.5213578 -0.62279826 -0.1009142 -0.24227047 0.9647343 -0.0202262
1541978777246758.0 0.060898833 0.5317584 -0.6256814 -0.100499496 -0.23197055 0.9672676 -0.02197938
1541978777276051.0 0.069852576 0.52894354 -0.62367266 -0.09448429 -0.21925835 0.97085494 -0.020958502
1541978777305342.0 0.07851836 0.5237266 -0.62157804 -0.08398353 -0.21238782 0.97340584 -0.017868593
