# timestamp[secs] tx ty tz qx qy qz qw
1541978775.364538 -0.0 -0.0 -0.0 -0.0 -0.0 -0.0 1.0
1541978775.394292 0.03234725818037987 -0.0024945943150669336 0.01117913331836462 0.000572008837480098 0.0071373204700648785 -2.6590065317577682e-05 0.9999743700027466
1541978775.424239 0.06299366056919098 -0.002633473603054881 0.019265569746494293 0.0018099945737048984 0.013135476969182491 0.0028497069142758846 0.9999080300331116
1541978775.454367 0.08830216526985168 -0.0051741586066782475 0.022887568920850754 -0.0009077718714252114 0.018906939774751663 0.005632605869323015 0.9998049736022949
1541978775.484636 0.08830216526985168 -0.0051741586066782475 0.022887568920850754 -0.0009077718714252114 0.018906939774751663 0.005632605869323015 0.9998049736022949
1541978775.514985 0.1345912516117096 -0.009196900762617588 0.021328050643205643 -0.011726899072527885 0.025954142212867737 0.01128546055406332 0.9995306730270386
1541978775.545349 0.1345912516117096 -0.009196900762617588 0.021328050643205643 -0.011726899072527885 0.025954142212867737 0.01128546055406332 0.9995306730270386
1541978775.575698 0.17518804967403412 -0.011885267682373524 0.01598512753844261 -0.019017549231648445 0.036885667592287064 0.00811118446290493 0.9991056323051453
1541978775.606049 0.19465364515781403 -0.012509133666753769 0.009543314576148987 -0.013334381394088268 0.042084719985723495 0.0067859613336622715 0.9990019798278809
1541978775.636431 0.21064580976963043 -0.013503406196832657 0.0017494838684797287 -0.0011301530757918954 0.042305171489715576 0.009134813211858273 0.9990623593330383
1541978775.666853 0.2267305552959442 -0.013467516750097275 -0.0062130652368068695 0.012215279042720795 0.03966813161969185 0.0070184082724153996 0.9991136193275452
1541978775.697287 0.23932039737701416 -0.0134463831782341 -0.015551658347249031 0.02208387851715088 0.039232708513736725 -0.0020011563319712877 0.9989840388298035
1541978775.727686 0.25738099217414856 -0.012184248305857182 -0.027752146124839783 0.02718556672334671 0.03732526674866676 -0.010812781751155853 0.998874843120575
1541978775.757999 0.2756495773792267 -0.009884141385555267 -0.04048170894384384 0.025615204125642776 0.03767134249210358 -0.02034706063568592 0.998754620552063
1541978775.788173 0.29506638646125793 -0.0071213399060070515 -0.05798560380935669 0.01803526282310486 0.04277518764138222 -0.03597807139158249 0.9982737898826599
1541978775.818194 0.31389719247817993 -0.00440682377666235 -0.07627570629119873 0.007313384208828211 0.05068931728601456 -0.05195342376828194 0.9973354339599609
1541978775.848086 0.33229774236679077 -0.0013924464583396912 -0.09576793760061264 -0.003830908564850688 0.06212529540061951 -0.06534215807914734 0.9959198236465454
1541978775.877881 0.3453717529773712 -0.0016657523810863495 -0.1219162717461586 -0.016531044617295265 0.07654382288455963 -0.0742981880903244 0.9941567778587341
1541978775.90763 0.3603469431400299 0.0010772933019325137 -0.14646632969379425 -0.0268241036683321 0.0903465673327446 -0.07666756212711334 0.9925925731658936
1541978775.937378 0.37180525064468384 0.006540677044540644 -0.17345355451107025 -0.03339661285281181 0.10191766172647476 -0.07635187357664108 0.9912960529327393
1541978775.967152 0.3843823969364166 0.01624564453959465 -0.19754336774349213 -0.03541550040245056 0.11146809160709381 -0.07649565488100052 0.9901863932609558
1541978775.99695 0.3932190239429474 0.020403530448675156 -0.22713999450206757 -0.035378098487854004 0.12022542953491211 -0.07246973365545273 0.9894657135009766
1541978776.026753 0.39697110652923584 0.024577490985393524 -0.25693026185035706 -0.02833883836865425 0.1298011988401413 -0.06112777069211006 0.9892482161521912
1541978776.056537 0.3858403265476227 0.046407658606767654 -0.2822505235671997 -0.01265325304120779 0.14420044422149658 -0.05047344043850899 0.9881794452667236
1541978776.086251 0.38351863622665405 0.05281104892492294 -0.310648113489151 -0.0041134837083518505 0.15503832697868347 -0.04249173402786255 0.9869856238365173
1541978776.115835 0.3759697377681732 0.06134333461523056 -0.33498871326446533 -0.0004028121184092015 0.17043766379356384 -0.038889192044734955 0.9846007227897644
1541978776.145243 0.35806629061698914 0.07497674226760864 -0.35551777482032776 0.004329110961407423 0.1885645091533661 -0.03478841483592987 0.9814349412918091
1541978776.174441 0.3459782004356384 0.08390935510396957 -0.3757741451263428 0.009577510878443718 0.2004295140504837 -0.02039176970720291 0.9794490933418274
1541978776.203432 0.33541226387023926 0.09761791676282883 -0.39245542883872986 0.017731087282299995 0.20896561443805695 -0.0026231007650494576 0.9777587652206421
1541978776.232269 0.3246963620185852 0.10924743860960007 -0.40612849593162537 0.02344748191535473 0.21397189795970917 0.012090301141142845 0.9764835238456726
1541978776.261033 0.3103836178779602 0.12278379499912262 -0.4170089662075043 0.02612391859292984 0.2149803638458252 0.022418348118662834 0.9760115146636963
1541978776.289782 0.28570646047592163 0.13036492466926575 -0.42545151710510254 0.025330787524580956 0.2115069329738617 0.025567905977368355 0.9767136573791504
1541978776.31854 0.2725040912628174 0.14517351984977722 -0.43186432123184204 0.024467848241329193 0.20054680109024048 0.026032257825136185 0.9790325164794922
1541978776.347304 0.25989025831222534 0.16759641468524933 -0.42516714334487915 0.024675121530890465 0.18564964830875397 0.024820374324917793 0.9819925427436829
1541978776.376065 0.20788578689098358 0.1762239784002304 -0.44213730096817017 0.02040267363190651 0.17490379512310028 0.025792500004172325 0.9840361475944519
1541978776.404828 0.18174001574516296 0.1895425021648407 -0.4450826048851013 0.01844940520823002 0.15605273842811584 0.023654665797948837 0.9872930645942688
1541978776.433589 0.17285111546516418 0.2062605619430542 -0.43849048018455505 0.016297874972224236 0.13166816532611847 0.016324680298566818 0.991025447845459
1541978776.462336 0.14696571230888367 0.22268998622894287 -0.435669869184494 0.01571672037243843 0.1105194091796875 0.012000101618468761 0.9936772584915161
1541978776.491044 0.1506507247686386 0.24461720883846283 -0.43099623918533325 0.014178930781781673 0.08036694675683975 0.0042314534075558186 0.9966555237770081
1541978776.519695 0.12482617050409317 0.2573681175708771 -0.4306979775428772 0.008505395613610744 0.05863251909613609 -0.003536181291565299 0.998237133026123
1541978776.548288 0.10579642653465271 0.2837352752685547 -0.42596423625946045 0.005487985443323851 0.03588346391916275 -0.015544590540230274 0.9992200136184692
1541978776.576848 0.07588231563568115 0.2955532371997833 -0.4337690472602844 -0.0008499333634972572 0.014747368171811104 -0.025890721008181572 0.9995556473731995
1541978776.605398 0.06390614807605743 0.3199605643749237 -0.41677096486091614 -0.00025028633535839617 -0.009867722168564796 -0.03923793509602547 0.9991811513900757
1541978776.633955 0.03236737474799156 0.34418997168540955 -0.416374146938324 0.0006863769376650453 -0.03006887622177601 -0.05485345423221588 0.9980413317680359
1541978776.662529 -0.003974464721977711 0.36437898874282837 -0.4249192476272583 -0.0013727922923862934 -0.04675961658358574 -0.0715254545211792 0.9963412284851074
1541978776.69112 -0.01787451095879078 0.3747747242450714 -0.42647621035575867 -0.005190948955714703 -0.06055961176753044 -0.09091075509786606 0.9940024614334106
1541978776.719731 -0.034106142818927765 0.38948342204093933 -0.4375230669975281 -0.010789353400468826 -0.06862559914588928 -0.10447047650814056 0.9920988082885742
1541978776.74838 -0.04326530173420906 0.40072181820869446 -0.44823941588401794 -0.018271232023835182 -0.07655664533376694 -0.1070198267698288 0.9911367893218994
1541978776.777106 -0.0381278432905674 0.40738803148269653 -0.4596374034881592 -0.026920484378933907 -0.08367494493722916 -0.10430572181940079 0.990653395652771
1541978776.805943 -0.04286538437008858 0.4125896990299225 -0.47826725244522095 -0.03885809704661369 -0.07980263978242874 -0.10483770817518234 0.9905204176902771
1541978776.834903 -0.043681733310222626 0.4252703785896301 -0.5024000406265259 -0.04707811772823334 -0.07175280153751373 -0.10610838979482651 0.9906443953514099
1541978776.863976 -0.04337480291724205 0.4261217415332794 -0.5181001424789429 -0.05065814405679703 -0.06584187597036362 -0.10138694196939468 0.9913724660873413
1541978776.893137 -0.021236181259155273 0.4394882619380951 -0.5229864120483398 -0.04764314368367195 -0.06910770386457443 -0.09579943865537643 0.991855263710022
1541978776.922378 -0.03670979663729668 0.45353221893310547 -0.5216046571731567 -0.0438867062330246 -0.06791993975639343 -0.09592647105455399 0.992098331451416
1541978776.951715 -0.023614419624209404 0.45985037088394165 -0.5393613576889038 -0.04596032202243805 -0.07273032516241074 -0.10726302117109299 0.9905011653900146
1541978776.981164 -0.01955438405275345 0.46597591042518616 -0.557216465473175 -0.05160236358642578 -0.07469237595796585 -0.12149421125650406 0.9884318709373474
1541978777.010708 -0.010970726609230042 0.4682980477809906 -0.5742617249488831 -0.05371484160423279 -0.07351144403219223 -0.13268767297267914 0.9869674444198608
1541978777.040294 -0.006694952957332134 0.47084808349609375 -0.5785829424858093 -0.04914788901805878 -0.06997334957122803 -0.1480574607849121 0.9852752089500427
1541978777.069901 0.004875867161899805 0.48224693536758423 -0.5883519053459167 -0.03674578294157982 -0.07469964772462845 -0.16365109384059906 0.9829995036125183
1541978777.099525 0.023923423141241074 0.49122345447540283 -0.5980963110923767 -0.02780437469482422 -0.08164376020431519 -0.18261146545410156 0.9793949127197266
1541978777.129123 0.03287078067660332 0.49951350688934326 -0.6041451692581177 -0.02062421292066574 -0.08693995326757431 -0.19902284443378448 0.9759129285812378
1541978777.158643 0.050662051886320114 0.507893979549408 -0.6135278940200806 -0.015543613582849503 -0.09396772086620331 -0.21529264748096466 0.971893846988678
1541978777.188078 0.051891449838876724 0.5108792185783386 -0.6199231147766113 -0.017322903499007225 -0.0964202880859375 -0.23559032380580902 0.9669024348258972
1541978777.217443 0.05928906053304672 0.5213577747344971 -0.6227982640266418 -0.02022619917988777 -0.10091420263051987 -0.24227046966552734 0.9647343158721924
1541978777.246758 0.060898832976818085 0.5317584276199341 -0.6256814002990723 -0.021979380398988724 -0.10049949586391449 -0.23197054862976074 0.9672675728797913
1541978777.276051 0.06985257565975189 0.5289435386657715 -0.6236726641654968 -0.02095850184559822 -0.09448429197072983 -0.2192583531141281 0.9708549380302429
1541978777.305342 0.07851836085319519 0.5237265825271606 -0.6215780377388 -0.017868593335151672 -0.08398353308439255 -0.212387815117836 0.9734058380126953
