1541975545343234.0 -0.0 -0.0 -0.0 -0.0 -0.0 1.0 -0.0
1541975545373800.0 -0.0 -0.0 -0.0 -0.0 -0.0 1.0 -0.0
1541975545404365.0 -0.0 -0.0 -0.0 -0.0 -0.0 1.0 -0.0
1541975545434937.0 0.003508797 -0.001951324 0.00058572064 -0.0014064016 -0.0057067364 0.99998015 0.002271996
1541975545465526.0 0.00788835 -0.0032788252 0.0024799528 -0.0034816982 -0.0047014803 0.99998206 0.0012739949
1541975545496134.0 0.00788835 -0.0032788252 0.0024799528 -0.0034816982 -0.0047014803 0.99998206 0.0012739949
1541975545526753.0 0.00788835 -0.0032788252 0.0024799528 -0.0034816982 -0.0047014803 0.99998206 0.0012739949
1541975545557375.0 0.00788835 -0.0032788252 0.0024799528 -0.0034816982 -0.0047014803 0.99998206 0.0012739949
1541975545588000.0 0.021768274 -0.007339875 0.009390185 0.001045842 0.0035812375 0.9999914 -0.0018467734
1541975545618624.0 0.021768274 -0.007339875 0.009390185 0.001045842 0.0035812375 0.9999914 -0.0018467734
1541975545649243.0 0.021768274 -0.007339875 0.009390185 0.001045842 0.0035812375 0.9999914 -0.0018467734
1541975545679856.0 0.037383616 -0.010896189 0.019051416 0.0021878395 0.023255605 0.9997149 -0.0049540885
1541975545710467.0 0.037383616 -0.010896189 0.019051416 0.0021878395 0.023255605 0.9997149 -0.0049540885
1541975545741090.0 0.058068566 -0.016304351 0.023347262 0.0068591395 0.032577872 0.99942696 -0.0061167646
1541975545771737.0 0.058068566 -0.016304351 0.023347262 0.0068591395 0.032577872 0.99942696 -0.0061167646
1541975545802401.0 0.09996709 -0.026280615 0.023180781 0.015065876 0.032929048 0.9993348 -0.0043198317
1541975545833075.0 0.09996709 -0.026280615 0.023180781 0.015065876 0.032929048 0.9993348 -0.0043198317
1541975545863732.0 0.11605247 -0.03128575 0.019023204 0.025975069 0.029171912 0.9992368 -0.00022544556
1541975545894334.0 0.12280174 -0.034011602 0.015718274 0.02996947 0.027577078 0.99916893 -0.0016909902
1541975545924856.0 0.12773202 -0.03534927 0.012297063 0.033404946 0.024962425 0.99912006 -0.004485922
1541975545955281.0 0.13200569 -0.03595634 0.011609089 0.037055545 0.02317087 0.9990182 -0.0072529684
1541975545985615.0 0.13583517 -0.03632569 0.0075892564 0.03861836 0.022230342 0.9989459 -0.011026528
1541975546015890.0 0.15258263 -0.053796947 -0.014815974 0.04116817 0.022127027 0.99877137 -0.01647677
1541975546046141.0 0.15521295 -0.05393713 -0.019405993 0.04164289 0.020572145 0.998735 -0.019265858
1541975546076395.0 0.15839343 -0.05416965 -0.0216564 0.04117472 0.018768618 0.99876255 -0.020634755
1541975546106678.0 0.16057615 -0.053736653 -0.024053665 0.040140063 0.015749047 0.99884766 -0.02107523
1541975546137003.0 0.16120294 -0.054298002 -0.027759256 0.03796594 0.012319553 0.99897254 -0.021465423
1541975546167364.0 0.16014281 -0.05467898 -0.031077255 0.035109345 0.008973551 0.9991086 -0.021651832
1541975546197751.0 0.15406114 -0.057204623 -0.035345744 0.032146655 0.006361139 0.999217 -0.022171482
1541975546228150.0 0.14529939 -0.0609592 -0.039242685 0.02856921 0.005436056 0.99933445 -0.02202063
1541975546258551.0 0.11302308 -0.05929887 -0.031708173 0.030003468 0.0040069753 0.99934566 -0.019802416
1541975546288949.0 0.092933364 -0.051691283 -0.0229114 0.028758986 0.00039631143 0.99944735 -0.016670892
1541975546319337.0 0.06274686 -0.048750713 -0.022988563 0.022229023 -0.0030048676 0.999634 -0.015122117
1541975546349719.0 0.041331276 -0.041290965 -0.017312359 0.017024461 -0.0054281587 0.9997822 -0.010787131
1541975546380106.0 0.020084573 -0.036826197 -0.0118734045 0.011248455 -0.008655966 0.99987316 -0.007234319
1541975546410504.0 -0.010810968 -0.023243258 -0.0015673486 0.0029573352 -0.013354831 0.99989974 -0.003670104
1541975546440906.0 -0.048570175 -0.0066544604 0.012382261 -0.001678729 -0.018533519 0.9998254 0.0016868158
1541975546471301.0 -0.08564593 0.0034592168 0.01903805 -0.005963478 -0.022810737 0.99970806 0.0052833795
1541975546501702.0 -0.11009159 0.0111213345 0.02212205 -0.010240002 -0.026862426 0.9995546 0.008021679
1541975546532136.0 -0.1281128 0.011567637 0.024373192 -0.01222843 -0.03175804 0.99939376 0.0073513184
1541975546562605.0 -0.15237072 0.02238499 0.028235627 -0.013157836 -0.03629164 0.9992224 0.00802571
1541975546593098.0 -0.17806835 0.03193899 0.033105977 -0.013293834 -0.040183228 0.9990703 0.008191746
1541975546623602.0 -0.19053514 0.043445792 0.038376443 -0.014127707 -0.044416558 0.99887145 0.00913552
1541975546654109.0 -0.19929954 0.0477121 0.035510857 -0.014824551 -0.047260474 0.9987298 0.009246368
1541975546684617.0 -0.20894584 0.051498324 0.03481032 -0.014532532 -0.049080625 0.99865 0.008841119
1541975546715134.0 -0.21521209 0.051809747 0.027624253 -0.014331995 -0.049655933 0.9986385 0.007078529
1541975546745654.0 -0.20796303 0.0453354 0.010415083 -0.015750453 -0.050609905 0.99858826 0.0034684793
1541975546776172.0 -0.22119485 0.054455563 0.012077127 -0.013319152 -0.051787984 0.9985654 0.0027907584
1541975546806691.0 -0.22578488 0.055376276 0.009255064 -0.01184912 -0.053472593 0.9984988 0.0006796109
1541975546837217.0 -0.22147204 0.07115967 0.011947809 -0.012056583 -0.05555483 0.998382 0.0013183376
1541975546867753.0 -0.21470906 0.0753771 0.009505678 -0.012109446 -0.05583276 0.99836653 0.00059997966
1541975546898309.0 -0.2180616 0.06848874 0.0078106783 -0.010894696 -0.054671332 0.9984421 -0.0024137239
1541975546928884.0 -0.22416559 0.07070766 0.0050737965 -0.009204602 -0.05375416 0.9985027 -0.0042622
1541975546959478.0 -0.22563264 0.072538145 0.0048546363 -0.008334862 -0.052461464 0.99857575 -0.0049831695
1541975546990095.0 -0.20793784 0.07104132 -0.005716809 -0.009593176 -0.051538374 0.99860066 -0.006972613
1541975547020733.0 -0.17719029 0.08107915 -0.0030918007 -0.01123991 -0.051844515 0.9985716 -0.0063857418
1541975547051388.0 -0.18527928 0.083694115 -0.003029418 -0.0076805553 -0.05002585 0.9986896 -0.0075907595
1541975547082063.0 -0.183449 0.084050104 -0.005998044 -0.0067967544 -0.04884455 0.9987456 -0.008682742
1541975547112757.0 -0.1694342 0.084271 0.0010305697 -0.0066590323 -0.047687672 0.9988051 -0.008360997
1541975547143471.0 -0.1670761 0.076710075 -0.0033222234 -0.0056390897 -0.04588951 0.9988852 -0.009521651
1541975547174208.0 -0.15669926 0.08350358 0.0012573713 -0.005504108 -0.045919985 0.99889845 -0.007936231
1541975547204960.0 -0.14706278 0.076023765 -0.0026287378 -0.005206103 -0.044770375 0.9989474 -0.008525098
1541975547235733.0 -0.13387065 0.06131561 -0.007415407 -0.0042215586 -0.042403027 0.9990435 -0.009812911
1541975547266523.0 -0.11010709 0.058530178 -0.006757714 -0.003795367 -0.040531542 0.99913025 -0.009030214
1541975547297315.0 -0.10274335 0.052318618 -0.0072025307 -0.0035610145 -0.037902 0.9992402 -0.008347002
1541975547328087.0 -0.091112785 0.043614265 -0.005292483 -0.0049981205 -0.03528826 0.99934137 -0.006838859
1541975547358829.0 -0.075285286 0.036788028 -0.002200708 -0.005706772 -0.0318816 0.9994629 -0.0049986015
1541975547389547.0 -0.065526545 0.0277072 0.0037093358 -0.0022969244 -0.027481603 0.999609 -0.004628589
1541975547420238.0 -0.044268835 0.018944342 0.002065799 -3.0496907e-05 -0.022216091 0.99973434 -0.0061433553
1541975547450897.0 -0.026211392 0.0066665118 -2.859575e-05 0.0019542773 -0.017479474 0.99982595 -0.006228705
1541975547481519.0 -0.005234968 -0.013769948 -0.009392885 0.0037119135 -0.010468877 0.9999235 -0.005438905
1541975547512106.0 0.022628771 -0.0267796 -0.01571578 0.00895066 -0.003131314 0.99993855 -0.005746498
1541975547542670.0 0.047470514 -0.038664512 -0.025179304 0.01818975 0.0025947394 0.99977344 -0.01074498
1541975547573204.0 0.06286365 -0.04171535 -0.030397622 0.024676586 0.008396928 0.9995621 -0.01400918
1541975547603680.0 0.074018724 -0.04262243 -0.031174961 0.026120549 0.0130762635 0.99948937 -0.012950999
1541975547634092.0 0.07526863 -0.046555754 -0.0332387 0.02771951 0.015830504 0.99940103 -0.01336483
1541975547664475.0 0.0842476 -0.04537137 -0.027897032 0.027526896 0.018045047 0.99934363 -0.015134145
1541975547694872.0 0.089433305 -0.031398 -0.02904571 0.026775924 0.019469392 0.9993112 -0.016766684
1541975547725295.0 0.07911388 -0.020746026 -0.025288304 0.027299682 0.020108305 0.9992455 -0.018942492
1541975547755741.0 0.07584959 -0.0075266524 -0.016890248 0.02590844 0.020618817 0.99924374 -0.020387892
1541975547786212.0 0.0764645 0.007470568 -0.009964132 0.024007462 0.019868303 0.99927527 -0.021859653
1541975547816715.0 0.07161261 0.020719053 -0.0032323939 0.023459194 0.021211904 0.99921256 -0.023959227
1541975547847258.0 0.06367138 0.030128852 -0.0019704138 0.023957886 0.02112105 0.9991245 -0.02702117
1541975547877840.0 0.060227398 0.040726583 -0.0019371511 0.023454122 0.020957226 0.9990804 -0.02913846
1541975547908465.0 0.06254904 0.048759963 -0.0015932841 0.023167474 0.019885693 0.9990566 -0.030885493
1541975547939137.0 0.055304054 0.051319916 -0.0053190296 0.024315039 0.021544656 0.9989161 -0.033335686
1541975547969864.0 0.049838316 0.05265494 -0.010196545 0.026353816 0.02303072 0.99872726 -0.036318682
1541975548000643.0 0.049829345 0.05504371 -0.012999393 0.029710395 0.025261331 0.99849546 -0.0385488
1541975548031463.0 0.05398207 0.05599967 -0.016865408 0.033837587 0.02693414 0.9982278 -0.040877033
1541975548062303.0 0.05708853 0.05940527 -0.026909996 0.039074592 0.03047751 0.99786633 -0.042511493
1541975548093148.0 0.06507099 0.06175504 -0.029839372 0.04488318 0.03393507 0.99742955 -0.044364545
1541975548123985.0 0.07277577 0.06996487 -0.03238808 0.04981224 0.037151437 0.9970955 -0.04403503
1541975548154794.0 0.08411372 0.07560926 -0.032675367 0.051752537 0.04193134 0.99681807 -0.04378707
1541975548185573.0 0.113133185 0.08460331 -0.03231582 0.050092112 0.045814514 0.99675703 -0.04321369
1541975548216332.0 0.12498843 0.08138888 -0.032478202 0.052356184 0.04990738 0.9964731 -0.042538483
1541975548247072.0 0.13263705 0.075280994 -0.029989429 0.056704078 0.05507725 0.9961496 -0.0379095
1541975548277798.0 0.14667764 0.07346056 -0.025155079 0.056571856 0.06073631 0.99604106 -0.031829447
1541975548308509.0 0.15335764 0.06716155 -0.017753605 0.05545206 0.064968884 0.9959562 -0.02784666
1541975548339178.0 0.15307438 0.055611227 -0.015171068 0.055126686 0.06886133 0.9958032 -0.024398468
1541975548369792.0 0.16775693 0.04968951 -0.006841458 0.05240319 0.0719433 0.99588025 -0.01733976
1541975548400366.0 0.17687123 0.033711676 -0.000989688 0.04989298 0.0746432 0.99587744 -0.0129378615
1541975548430902.0 0.18159631 0.027755648 0.0064943596 0.050130036 0.0743253 0.9959183 -0.010464732
1541975548461381.0 0.19945434 0.02546082 0.00643054 0.047702167 0.075941086 0.9959185 -0.010188893
1541975548491801.0 0.2118485 0.019000322 0.006069115 0.04837537 0.07702198 0.9958173 -0.008681276
1541975548522182.0 0.22537255 0.0078031057 0.0023595782 0.05130649 0.0783171 0.995588 -0.006218473
1541975548552542.0 0.2336524 -0.00049712433 -0.0036247624 0.056668896 0.078628585 0.99527866 -0.005166844
1541975548582875.0 0.23837243 -0.0044607283 -0.005772274 0.061906025 0.07837755 0.9949894 -0.004569428
1541975548613170.0 0.24199325 -0.0064245346 -0.0037895488 0.06521112 0.078700595 0.99476105 -0.0020592508
1541975548643421.0 0.23853137 -0.010998829 -0.0048924508 0.06728316 0.07971427 0.99454445 7.447983e-05
1541975548673623.0 0.23184095 -0.01706845 -0.011181077 0.06819374 0.08159906 0.994329 0.0010952658
1541975548703772.0 0.20556307 -0.029325588 -0.01140315 0.0689346 0.0852665 0.9939693 0.0016147037
1541975548733877.0 0.17749053 -0.03360812 -0.0044380384 0.06407541 0.08817733 0.99403477 0.003741631
1541975548763944.0 0.16076347 -0.027386429 0.013169768 0.053105142 0.09010482 0.9944844 0.007858673
1541975548793963.0 0.14011301 -0.026204834 0.034326937 0.04234723 0.090070635 0.99496984 0.0113578765
1541975548823930.0 0.10672889 -0.023214212 0.053278062 0.030820372 0.09030165 0.99530256 0.016387148
1541975548853864.0 0.07868701 -0.026599633 0.06278197 0.015284879 0.08983113 0.9956312 0.020377405
1541975548883794.0 0.04319844 -0.024905732 0.07901294 0.00055159925 0.08746099 0.99584144 0.025498562
1541975548913750.0 -0.0012831625 -0.010239174 0.11063392 -0.010983955 0.08196304 0.9960144 0.033417568
1541975548943758.0 -0.04737495 0.0021135816 0.13402307 -0.020758193 0.07468569 0.9961801 0.04020474
1541975548973837.0 -0.09069695 0.014634814 0.15057851 -0.03137464 0.06647424 0.9961576 0.047612075
1541975549003990.0 -0.1376915 0.027714388 0.16942634 -0.03997513 0.057894703 0.9960725 0.05375735
1541975549034181.0 -0.1854514 0.04478825 0.18981855 -0.047246594 0.048719905 0.9959866 0.058352757
1541975549064360.0 -0.24039958 0.059302725 0.209521 -0.05084548 0.037317086 0.9962443 0.059325464
1541975549094479.0 -0.28458157 0.09343196 0.22545084 -0.05381833 0.023720179 0.9962844 0.06291439
1541975549124492.0 -0.33827913 0.1058166 0.2426302 -0.05178929 0.0144026 0.99653196 0.06351804
1541975549154384.0 -0.37079272 0.12970944 0.2736493 -0.045363426 0.0056116693 0.9968562 0.06471749
1541975549184162.0 -0.41690254 0.11230756 0.28830495 -0.03233093 0.007378508 0.997773 0.057874117
1541975549213864.0 -0.35340318 0.1505449 0.25236854 -0.043551985 -0.0018470967 0.9974556 0.05641089
1541975549243540.0 -0.34913805 0.14016141 0.23456647 -0.037744176 0.00032611605 0.99811757 0.048338186
1541975549273241.0 -0.33007303 0.14477918 0.22418174 -0.031004393 -0.00075782096 0.9986516 0.041630823
1541975549303008.0 -0.30711427 0.1447017 0.20400378 -0.026641153 0.0036819677 0.99906164 0.03394994
1541975549332854.0 -0.2755231 0.15159522 0.1872093 -0.020685937 0.006553661 0.99943644 0.025612518
1541975549362779.0 -0.2571088 0.1567928 0.17120197 -0.014230702 0.012461541 0.99967295 0.017211929
1541975549392805.0 -0.22713687 0.17204154 0.15087798 -0.011312052 0.017746622 0.9997216 0.010675463
1541975549422970.0 -0.21508746 0.1773106 0.12555411 -0.0066728024 0.02372169 0.9996962 0.0005029015
1541975549453300.0 -0.20368348 0.19231188 0.115749024 -0.0016229748 0.028859882 0.99956155 -0.0064270347
1541975549483809.0 -0.19774511 0.20226625 0.100497 0.0027602322 0.032884188 0.99934536 -0.014829448
1541975549514497.0 -0.20876086 0.22618517 0.10148914 0.0086680185 0.036028855 0.99910504 -0.02039515
1541975549545350.0 -0.20921814 0.231258 0.0975403 0.011340106 0.03458419 0.9988739 -0.030435836
1541975549576354.0 -0.19175193 0.28412095 0.092368916 0.0056301877 0.027696965 0.99918723 -0.028742747
1541975549607494.0 -0.20215052 0.30946225 0.0910117 0.0037207918 0.024304064 0.9991758 -0.03229943
1541975549638753.0 -0.22408253 0.32192966 0.08595575 0.0018627674 0.020049425 0.9990628 -0.038318202
1541975549670108.0 -0.24546196 0.3234409 0.07690613 -0.002421686 0.015203424 0.9988299 -0.0458456
1541975549701534.0 -0.27085444 0.33460614 0.075902924 -0.005228182 0.014538751 0.9987258 -0.048044138
1541975549733019.0 -0.29192042 0.3626431 0.10255317 -0.0015074348 0.016683025 0.99913347 -0.038102347
1541975549764550.0 -0.3063051 0.36956176 0.10263368 -0.0007888089 0.015048034 0.99911386 -0.03930109
1541975549796116.0 -0.3058839 0.37688276 0.10061452 -0.0008798055 0.01523013 0.9991008 -0.039558385
1541975549827720.0 -0.30516183 0.37657592 0.10782096 0.0002402598 0.0171889 0.99904233 -0.040238008
1541975549859370.0 -0.30073413 0.36994785 0.096655026 0.0003103121 0.019068766 0.99902 -0.039943174
1541975549891064.0 -0.28224367 0.35929823 0.08997399 -0.0024684092 0.020046525 0.9990326 -0.039063357
1541975549922788.0 -0.2772021 0.33944792 0.09193253 -0.002646337 0.020511607 0.99906 -0.038097765
1541975549954522.0 -0.26646718 0.3339911 0.09660727 -0.004540239 0.019373469 0.9992394 -0.03353835
1541975549986257.0 -0.25598717 0.32020548 0.09837871 -0.006698102 0.02024709 0.99932444 -0.029932935
1541975550017985.0 -0.24363528 0.29858047 0.093910635 -0.009574575 0.021053039 0.9993516 -0.027596679
1541975550049683.0 -0.23215571 0.29961702 0.09748527 -0.012196679 0.023202699 0.9994728 -0.019158833
1541975550081336.0 -0.22082078 0.29551858 0.11707651 -0.012232983 0.021693947 0.99959135 -0.014032819
1541975550112935.0 -0.20675439 0.26886603 0.11731808 -0.0137895625 0.024800673 0.9995292 -0.011669432
1541975550144490.0 -0.19545697 0.24410784 0.11884988 -0.013603148 0.027332503 0.9994917 -0.00917709
1541975550176019.0 -0.17952521 0.23246115 0.12548484 -0.013899089 0.02760319 0.99951404 -0.004080493
1541975550207519.0 -0.15874818 0.2137872 0.12900913 -0.015280645 0.028038103 0.99948937 -0.0012089406
1541975550238983.0 -0.13616689 0.19254616 0.13462076 -0.01598852 0.028304856 0.9994697 0.001911874
1541975550270401.0 -0.10857554 0.17014046 0.13970834 -0.016596217 0.02762559 0.9994654 0.005512485
1541975550301772.0 -0.09381766 0.14667253 0.13618203 -0.013836526 0.028413232 0.9994706 0.0077362177
1541975550333094.0 -0.08557138 0.14006317 0.14641052 -0.009934245 0.028079914 0.9994633 0.013636369
1541975550364358.0 -0.06705635 0.12811096 0.155105 -0.01053757 0.027729817 0.99944305 0.015285633
1541975550395552.0 -0.043944247 0.12074863 0.16856252 -0.010679753 0.02616051 0.9994812 0.01545795
1541975550426688.0 -0.017794691 0.10988538 0.17326005 -0.010229025 0.025574481 0.9995079 0.015011849
1541975550457786.0 -0.002625195 0.10331242 0.17749794 -0.0076791155 0.026744217 0.9995185 0.013729992
1541975550488853.0 0.007386084 0.08558421 0.17558579 -0.006997637 0.029925695 0.9994941 0.008197842
1541975550519890.0 0.009521129 0.099445574 0.18652736 -0.0025749966 0.032494392 0.9994249 0.00934967
1541975550550906.0 0.034364946 0.10726497 0.2021923 0.0048122266 0.035826914 0.9993002 0.009621588
1541975550581923.0 0.060753748 0.10289236 0.2043814 0.008241776 0.040567942 0.9991185 0.0069751358
1541975550612945.0 0.08677959 0.10228358 0.20137647 0.009468378 0.046288345 0.99887234 0.004674289
1541975550643960.0 0.10554456 0.103322156 0.20742601 0.014771472 0.052497108 0.99850535 0.0036095737
1541975550674969.0 0.12696059 0.09912591 0.21557145 0.018437278 0.057261094 0.9981673 0.006586806
1541975550705962.0 0.14550747 0.0950397 0.22304916 0.019073963 0.059471052 0.99799556 0.010214604
1541975550736926.0 0.15103002 0.09398267 0.229028 0.017155727 0.06285032 0.99777293 0.014308431
1541975550767856.0 0.15805888 0.08418091 0.23432478 0.012380434 0.06550866 0.99764484 0.01613131
1541975550798760.0 0.16495584 0.07153961 0.23775572 0.006674605 0.06767358 0.99755955 0.015836399
1541975550829653.0 0.1686708 0.07472104 0.25642994 0.0031534468 0.06708517 0.99752045 0.02104047
1541975550860557.0 0.17621073 0.07461638 0.26787785 -0.0025980019 0.06554256 0.9974921 0.026589112
1541975550891500.0 0.17806122 0.074036926 0.2800862 -0.0054665925 0.0641753 0.99742705 0.031479955
1541975550922475.0 0.17423977 0.06739442 0.28548238 -0.006413654 0.06336169 0.99746025 0.031896207
1541975550953465.0 0.18742162 0.067072764 0.2917646 -0.012086867 0.06080999 0.9974925 0.034129456
1541975550984474.0 0.17124145 0.05170907 0.30191663 -0.009871028 0.0638145 0.99732333 0.034299906
1541975551015504.0 0.17296883 0.050198995 0.31505805 -0.008527651 0.062806986 0.9973312 0.036236852
1541975551046546.0 0.17370082 0.04959598 0.31849805 -0.010367878 0.06388918 0.99719906 0.037478935
1541975551077594.0 0.17420174 0.050044093 0.32247236 -0.012691631 0.06599782 0.99699014 0.03865124
1541975551108657.0 0.1749696 0.049671922 0.32717142 -0.014479561 0.06571493 0.9970244 0.037606914
1541975551139730.0 0.18077935 0.048352394 0.32815334 -0.015701061 0.06776204 0.9969185 0.03626878
1541975551170796.0 0.1853768 0.049359992 0.32694885 -0.015515037 0.06938882 0.9968469 0.03522441
1541975551201852.0 0.19784068 0.055345375 0.3270654 -0.016025702 0.072462276 0.9966148 0.03537614
1541975551232900.0 0.19799605 0.052352052 0.3286265 -0.011141261 0.073666915 0.9966894 0.0325468
1541975551263935.0 0.20984142 0.060148507 0.32226214 -0.009084834 0.07468114 0.9966638 0.031645548
1541975551294951.0 0.21088594 0.0595728 0.31561375 -0.0026094038 0.078261174 0.9965015 0.029210448
1541975551325964.0 0.21375754 0.05905869 0.306105 0.0027840335 0.08319597 0.9961603 0.027119141
1541975551356980.0 0.21520053 0.06104748 0.3005194 0.0073586567 0.08533926 0.9960516 0.023330258
1541975551388005.0 0.21307054 0.06536216 0.29485193 0.011051195 0.08571121 0.9960597 0.019915676
1541975551419046.0 0.20684291 0.07583694 0.28734505 0.0133948205 0.08717479 0.99592435 0.018864272
1541975551450114.0 0.21187547 0.082612135 0.28120187 0.015175831 0.088475935 0.9958402 0.015622451
1541975551481222.0 0.20130807 0.08773472 0.2616859 0.017274076 0.08957809 0.9957652 0.011363111
1541975551512359.0 0.19185388 0.088091426 0.24609758 0.017751852 0.08935328 0.9958289 0.005060136
1541975551543513.0 0.17737706 0.1048337 0.2413178 0.019304821 0.08788372 0.99593997 0.0027089342
1541975551574670.0 0.16564076 0.11161745 0.2280163 0.021333186 0.08617876 0.9960491 -0.0020657894
1541975551605812.0 0.15871188 0.12023171 0.21713452 0.023207942 0.08204243 0.9963458 -0.005049255
1541975551636929.0 0.1466752 0.12361642 0.20369644 0.026418654 0.0799993 0.9964205 -0.0069671134
1541975551668029.0 0.13371564 0.12772483 0.18674268 0.029211976 0.076788075 0.9965836 -0.00845138
1541975551699119.0 0.12165068 0.12838343 0.17263958 0.03133239 0.071535006 0.9968695 -0.012338906
1541975551730198.0 0.10382877 0.1305275 0.1546937 0.03442232 0.06582992 0.9970682 -0.018346809
1541975551761261.0 0.091382764 0.13242584 0.13922085 0.035903357 0.059604824 0.9972948 -0.02369309
1541975551792310.0 0.07555548 0.1333571 0.12937695 0.036451157 0.051388223 0.9976556 -0.026721813
1541975551823339.0 0.055161256 0.1307396 0.11390382 0.03313631 0.046494167 0.9979745 -0.028059142
1541975551854352.0 0.021210974 0.11406652 0.10410042 0.0366022 0.043124493 0.9978004 -0.03456837
1541975551885361.0 0.004116919 0.11523017 0.09215422 0.035598762 0.03718041 0.9979663 -0.03759825
1541975551916380.0 -0.014557066 0.11483159 0.07895712 0.030493664 0.032186158 0.99829197 -0.038045194
1541975551947417.0 -0.028699761 0.11471163 0.06887536 0.0233457 0.028870758 0.99866325 -0.03596107
1541975551978477.0 -0.032415405 0.11891155 0.065087095 0.018833302 0.022543529 0.9988905 -0.03680877
1541975552009559.0 -0.045524262 0.11930423 0.054226294 0.018117327 0.017532228 0.9988554 -0.040649023
1541975552040666.0 -0.05405522 0.12107149 0.04660915 0.016768873 0.013811349 0.99883634 -0.04305885
1541975552071816.0 -0.058365926 0.12103886 0.041438427 0.014814489 0.014617908 0.99886084 -0.04294126
1541975552103013.0 -0.090963766 0.11565054 0.03275123 0.023138957 0.016979707 0.9986166 -0.04405913
1541975552134253.0 -0.087681174 0.11240251 0.030858364 0.0272401 0.020832418 0.99836236 -0.045789156
1541975552165533.0 -0.08151524 0.11083228 0.026870914 0.03193779 0.02471221 0.9980513 -0.047571283
1541975552196847.0 -0.08325839 0.11668066 0.017255478 0.037762128 0.028345967 0.99772996 -0.04801565
1541975552228165.0 -0.07586865 0.1194933 0.012065381 0.041769583 0.034534357 0.9973656 -0.04821394
1541975552259466.0 -0.07651951 0.12141924 0.000819863 0.046567213 0.039778665 0.99694073 -0.048563167
1541975552290737.0 -0.07317082 0.121369205 -0.0038472475 0.04904225 0.04620077 0.9966458 -0.046449315
1541975552321969.0 -0.06781117 0.12018946 -0.0061634867 0.050233137 0.051942766 0.99648607 -0.042357046
1541975552353157.0 -0.06034018 0.12005079 -0.006809468 0.049868364 0.055332117 0.99644995 -0.039231125
1541975552384317.0 -0.052998025 0.12572415 -0.0041721556 0.048465554 0.058335576 0.99651784 -0.034645326
1541975552415459.0 -0.054044057 0.13308728 -0.0036213105 0.048446245 0.060184307 0.9965208 -0.03125791
1541975552446583.0 -0.05379575 0.1392885 -0.0047675744 0.045086943 0.06073271 0.9966582 -0.030841649
1541975552477683.0 -0.04671987 0.14360772 0.014265401 0.04114961 0.060145024 0.9968772 -0.030417578
1541975552508762.0 -0.033937413 0.14858048 0.022888666 0.03660197 0.059983406 0.99718124 -0.026303532
1541975552539816.0 -0.02753352 0.15322985 0.032292373 0.032735884 0.06045081 0.997346 -0.023981128
1541975552570851.0 -0.029140458 0.1496788 0.037213814 0.030100696 0.05960409 0.9974982 -0.02320895
1541975552601884.0 -0.024167854 0.14162742 0.045797355 0.030394932 0.059217267 0.9976106 -0.018509386
1541975552632918.0 -0.013859262 0.13752797 0.054498184 0.029558504 0.05956856 0.9977267 -0.010924562
1541975552663947.0 -0.0055780504 0.13243078 0.062481582 0.028342554 0.059749816 0.9977845 -0.0072711203
1541975552694947.0 0.009337929 0.12969826 0.076572515 0.024554402 0.060591504 0.9978557 -0.0031199278
1541975552725899.0 0.014502287 0.12853675 0.08539274 0.022474058 0.059817787 0.99795544 0.0012940784
1541975552756810.0 0.021575727 0.12217907 0.093084686 0.020905592 0.057215817 0.99813 0.0050765784
1541975552787690.0 0.040279005 0.11946114 0.1071346 0.01534178 0.058374118 0.9981109 0.0114816995
1541975552818544.0 0.047253348 0.12024095 0.115522996 0.01081517 0.056221787 0.998257 0.01432267
1541975552849372.0 0.049996313 0.118383415 0.12228036 0.008919279 0.052916314 0.9984294 0.016096542
1541975552880164.0 0.053267602 0.11619851 0.1334936 0.009635723 0.049185578 0.99851716 0.021246413
1541975552910932.0 0.07149793 0.11398299 0.14149229 0.0034308224 0.048297267 0.9984392 0.027837511
1541975552941695.0 0.07664897 0.11273421 0.14669633 -0.00047531945 0.04670046 0.998429 0.030958798
1541975552972452.0 0.08072833 0.1116974 0.15469144 -0.0034455818 0.044018306 0.99851954 0.031768553
