1542151688986958.5 -0.0 -0.0 -0.0 -0.0 -0.0 1.0 -0.0
1542151689009826.5 0.015338065 -0.05053223 -0.009041873 -0.026198054 0.010031529 0.9985593 -0.045742802
1542151689032466.5 0.009583819 -0.048849367 -0.013797677 -0.034187738 0.008628953 0.9977817 -0.056466363
1542151689055003.5 0.006208928 -0.04623576 -0.01682012 -0.045448665 0.00059581635 0.99670744 -0.06714417
1542151689077549.5 0.0070388895 -0.0426605 -0.027404213 -0.06368964 -0.013075187 0.9943773 -0.0835853
1542151689100182.5 0.0063908566 -0.04201766 -0.035439555 -0.07776231 -0.024879057 0.9908424 -0.107542746
1542151689122962.5 0.016033696 -0.03514602 -0.04926438 -0.08955091 -0.025171537 0.986388 -0.13559419
1542151689145956.5 0.02077317 -0.032554053 -0.053525098 -0.094316244 -0.028866448 0.9798179 -0.17386188
1542151689169227.5 0.020705126 -0.027148347 -0.061008226 -0.09818612 -0.025158362 0.9715309 -0.21413612
1542151689192836.5 0.014685627 -0.019588381 -0.065623365 -0.09961809 -0.021613162 0.962984 -0.24954137
1542151689216857.5 0.011217368 -0.014312364 -0.06483278 -0.095592506 -0.036447752 0.95871115 -0.2653426
1542151689241360.5 0.008171947 -0.0018637038 -0.06132894 -0.0824904 -0.07480382 0.96249765 -0.24738228
1542151689266431.5 0.006056701 0.0045787124 -0.059374206 -0.064773835 -0.12301937 0.96468437 -0.22372918
1542151689292137.5 0.0044155964 0.0100062005 -0.058451764 -0.03974205 -0.16885175 0.9660518 -0.19145112
1542151689318393.5 0.0028138587 0.015491411 -0.056126833 -0.00074290956 -0.21549332 0.96320194 -0.16063677
1542151689344962.5 0.003589205 0.020021964 -0.053229775 0.041191332 -0.23348968 0.958532 -0.15812136
1542151689371485.5 0.0046924744 0.02422985 -0.050666004 0.07572788 -0.22938721 0.95614815 -0.16561288
1542151689397520.5 0.005023454 0.025748597 -0.048537314 0.09096244 -0.24386011 0.95020527 -0.17137116
1542151689422880.5 0.002236042 0.028298838 -0.048313178 0.09707054 -0.26430023 0.9451097 -0.16580236
1542151689447779.5 0.0010431751 0.030906664 -0.04494774 0.095386475 -0.28960568 0.94010687 -0.15241109
1542151689472468.5 0.001121019 0.030034982 -0.044494085 0.07178741 -0.31319052 0.936087 -0.14317602
1542151689497014.5 0.00025002737 0.028690446 -0.04444428 0.03962352 -0.33562058 0.9309178 -0.13849555
1542151689521341.5 -0.0003917222 0.02780417 -0.043514363 0.006210092 -0.36302474 0.92314714 -0.12638806
1542151689545407.5 -0.00068657985 0.027170029 -0.041810654 -0.032896847 -0.38903978 0.91366845 -0.11303014
1542151689569293.5 -0.0025904016 0.026391484 -0.039722938 -0.07114085 -0.4084916 0.90415525 -0.102843985
1542151689593132.5 -0.0042057643 0.025184005 -0.037438005 -0.10566917 -0.42745027 0.8926623 -0.096303806
1542151689617055.5 -0.0056154644 0.024367504 -0.036348984 -0.13495518 -0.44026005 0.88290197 -0.09188193
1542151689641211.5 -0.007062492 0.021816112 -0.033995032 -0.15133917 -0.45323464 0.87391806 -0.089118056
1542151689665725.5 -0.009284664 0.021105569 -0.031575724 -0.1681784 -0.44985145 0.8729308 -0.08568303
1542151689690669.5 -0.011435337 0.019495483 -0.029635558 -0.18873008 -0.4407627 0.8730597 -0.08874689
1542151689716059.5 -0.013897742 0.017652659 -0.028168412 -0.20911798 -0.4386039 0.8688642 -0.094717614
1542151689741884.5 -0.014504256 0.014944496 -0.027420416 -0.2323385 -0.44677126 0.8594654 -0.08794055
1542151689768124.5 -0.017718963 0.015109267 -0.0254749 -0.2494525 -0.4596622 0.8488351 -0.0772215
1542151689794783.5 -0.019725146 0.013086738 -0.023075819 -0.2714066 -0.4551187 0.8447389 -0.07497759
1542151689821887.5 -0.018858489 0.009666526 -0.023713931 -0.29356068 -0.4377018 0.8457292 -0.08355555
1542151689849426.5 -0.024755917 0.013123783 -0.01998626 -0.30128512 -0.4032376 0.857073 -0.10978446
1542151689877369.5 -0.026663616 0.012049482 -0.019008521 -0.30165604 -0.31999534 0.8851621 -0.15196931
1542151689905712.5 -0.027899127 0.011869439 -0.017935995 -0.27434498 -0.23218814 0.91464704 -0.18505235
1542151689934463.5 -0.02906216 0.012161665 -0.016027126 -0.23504634 -0.16449963 0.9348633 -0.20910199
1542151689963574.5 -0.029782236 0.012891429 -0.014277808 -0.20132509 -0.098873086 0.9484814 -0.22377528
1542151689992883.5 -0.029333385 0.013656024 -0.012077 -0.16145577 -0.03280822 0.9606743 -0.22351874
1542151690022185.5 -0.027706861 0.013695161 -0.010570143 -0.11428138 -0.0052932883 0.96920705 -0.21805875
1542151690051324.5 -0.023471726 0.013888726 -0.0078018103 -0.071091145 -0.0007916651 0.9728397 -0.22029138
1542151690080153.5 -0.018340174 0.014652606 -0.0048735794 -0.029270235 0.0036553035 0.9725067 -0.23099914
1542151690108563.5 -0.013073082 0.016157461 -0.002651444 0.008026157 0.011297242 0.96968883 -0.24394992
1542151690136498.5 -0.008431934 0.01811539 -0.0008683221 0.040239755 0.01554708 0.9649284 -0.2589447
1542151690163985.5 -0.0035686023 0.018858781 0.0002018651 0.07540125 0.011470844 0.95866853 -0.27411288
1542151690191170.5 0.0005338028 0.01920363 0.00036805542 0.11391916 0.009334615 0.95068026 -0.28834423
1542151690218276.5 0.003748638 0.018105134 -0.0005912739 0.15978849 0.014032185 0.9404645 -0.299662
1542151690245505.5 0.006495946 0.016754884 -0.0030411943 0.20330504 0.00309494 0.93662107 -0.28530428
1542151690273010.5 0.008889646 0.018497646 -0.0051081316 0.23116378 -0.01870469 0.9422175 -0.24174294
1542151690300901.5 0.010745663 0.01729933 -0.0088305585 0.25366998 -0.03366786 0.94358855 -0.2101399
1542151690329127.5 0.009671452 0.01855509 -0.01271699 0.25412452 -0.027583938 0.9444227 -0.20670187
1542151690357311.5 0.010460168 0.020716447 -0.0158863 0.20335643 -0.020228408 0.9518932 -0.22833374
1542151690384957.5 0.013129366 0.025723249 -0.019323671 0.13771276 -0.036566075 0.96344286 -0.22688355
1542151690411884.5 0.014043842 0.028634226 -0.023514137 0.092182666 -0.062420584 0.97192526 -0.20728561
1542151690438430.5 0.015836934 0.029297488 -0.026725894 0.052303422 -0.07001202 0.9726688 -0.21512327
1542151690464969.5 0.017885562 0.031781536 -0.029574051 -0.011538822 -0.05829537 0.96726316 -0.24671957
1542151690491498.5 0.019200018 0.033717226 -0.032134067 -0.063512586 -0.052099258 0.95857936 -0.2727223
1542151690517954.5 0.020446204 0.035949897 -0.033999074 -0.100090295 -0.05203945 0.951497 -0.28622946
1542151690544454.5 0.021575145 0.037511848 -0.035117075 -0.14080714 -0.06187776 0.94364154 -0.29306182
1542151690571173.5 0.022451116 0.03937478 -0.035752043 -0.18976907 -0.073639646 0.93278295 -0.2974576
1542151690598221.5 0.023246473 0.040319487 -0.035600346 -0.22039182 -0.09988802 0.9239545 -0.29623976
1542151690625611.5 0.0248039 0.040918753 -0.035304394 -0.23784177 -0.14806007 0.9177763 -0.28141832
1542151690653354.5 0.026737936 0.04108833 -0.03429231 -0.25132924 -0.20654942 0.9074723 -0.265829
1542151690681500.5 0.029042961 0.04151493 -0.03225436 -0.2446058 -0.25124595 0.9014776 -0.25373545
1542151690710039.5 0.03151462 0.042598885 -0.029767632 -0.22681254 -0.29715392 0.8961418 -0.23913494
1542151690738877.5 0.034080267 0.044247255 -0.027335532 -0.20380859 -0.36560363 0.8823374 -0.2151207
1542151690767885.5 0.035814784 0.046816275 -0.024840366 -0.17505158 -0.44067875 0.8619542 -0.17942746
1542151690796889.5 0.038774274 0.05134162 -0.021569632 -0.14486127 -0.5202688 0.831145 -0.1324141
1542151690825659.5 0.04353927 0.056133784 -0.0180321 -0.117109135 -0.60903245 0.781105 -0.072388105
1542151690853889.5 0.04752984 0.058284264 -0.015242839 -0.112855464 -0.6756751 0.72835827 -0.014869533
1542151690881247.5 0.049566366 0.059302833 -0.013909471 -0.12933297 -0.721194 0.68024653 0.020416966
1542151690907694.5 0.05091957 0.060045075 -0.013941536 -0.15038387 -0.757253 0.6336356 0.049584724
1542151690933649.5 0.051410038 0.061964635 -0.0155705195 -0.16503625 -0.7782543 0.6035712 0.05277477
1542151690959556.5 0.052095752 0.065496966 -0.017376304 -0.18059492 -0.7872537 0.58882874 0.02996513
1542151690985659.5 0.054125313 0.06821233 -0.021088457 -0.19564722 -0.78625387 0.5857751 0.019862518
1542151691012076.5 0.055297818 0.07098028 -0.024898766 -0.20235829 -0.7754221 0.5980574 0.009955702
1542151691038888.5 0.05583057 0.07348323 -0.02974978 -0.2046334 -0.7512667 0.6274656 -0.003250942
1542151691066138.5 0.055904802 0.07623752 -0.03505242 -0.18401773 -0.71116316 0.6781138 -0.023369513
1542151691093798.5 0.0549201 0.0792308 -0.040117472 -0.15095596 -0.67313683 0.72228026 -0.049095705
1542151691121802.5 0.052688524 0.081766896 -0.044781044 -0.14609456 -0.6363969 0.7538641 -0.07310563
1542151691150012.5 0.04905235 0.0843841 -0.049076624 -0.14969473 -0.57493377 0.79585814 -0.11684422
1542151691178231.5 0.0445851 0.08531066 -0.05148933 -0.15106861 -0.4960989 0.8402589 -0.15820618
1542151691206316.5 0.040140398 0.08604947 -0.052296355 -0.13856438 -0.4542301 0.8619557 -0.17750308
1542151691234270.5 0.03530995 0.085455894 -0.05135849 -0.12001254 -0.4127556 0.8818329 -0.19390862
1542151691262322.5 0.030015301 0.08400634 -0.049201574 -0.110989735 -0.3433949 0.9074095 -0.21533537
1542151691290692.5 0.025006402 0.08183455 -0.04566292 -0.11183333 -0.26532122 0.929796 -0.22929777
1542151691319268.5 0.02004605 0.079768986 -0.041771352 -0.1174249 -0.20370832 0.9425293 -0.23738761
1542151691347805.5 0.015803505 0.07750967 -0.037426323 -0.12934878 -0.14759605 0.94993603 -0.24311705
1542151691376252.5 0.012465878 0.07462332 -0.033265974 -0.13404702 -0.072285496 0.9570795 -0.24658674
1542151691404709.5 0.009782596 0.0719765 -0.02909252 -0.14716026 0.019543387 0.9552943 -0.2556848
1542151691433265.5 0.0081112925 0.07020407 -0.024774343 -0.16773567 0.10948542 0.9412501 -0.27189365
1542151691461945.5 0.005948863 0.0673989 -0.02086721 -0.16409446 0.16889645 0.9340508 -0.26850724
1542151691490703.5 0.0037443975 0.0645936 -0.017180681 -0.15708534 0.21016672 0.9313506 -0.25246853
1542151691519575.5 0.0016432242 0.062440902 -0.01364161 -0.15066516 0.24451798 0.92771417 -0.23844805
1542151691548663.5 0.0004575441 0.060379837 -0.010199738 -0.13857728 0.25673857 0.9292483 -0.22667031
1542151691577976.5 -0.00093398103 0.05854452 -0.0072849942 -0.13313568 0.2575497 0.93039984 -0.22427505
1542151691607442.5 -0.0028184091 0.057910345 -0.005137637 -0.1338792 0.27309763 0.92437434 -0.23027398
1542151691636999.5 -0.0036369571 0.05691477 -0.0037686871 -0.13268718 0.27956766 0.9206045 -0.23816666
1542151691666652.5 -0.0026908882 0.055419408 -0.0026124595 -0.123426944 0.27074173 0.92233914 -0.24648583
1542151691696454.5 -0.0012165525 0.054232925 -0.002251003 -0.11544643 0.24365243 0.92677367 -0.26152676
1542151691726468.5 -8.573849e-05 0.052731466 -0.002407699 -0.108880885 0.17976302 0.9352416 -0.28487453
1542151691756720.5 0.0019310571 0.051153705 -0.003421358 -0.10974773 0.08508537 0.94435024 -0.2981922
1542151691787188.5 0.003346519 0.05025031 -0.005314214 -0.09902767 -0.006388044 0.9531255 -0.28584
1542151691817813.5 0.006842781 0.047769442 -0.0070312284 -0.09809821 -0.10400973 0.9544804 -0.26177457
1542151691848621.5 0.010616619 0.045850106 -0.00867109 -0.077850975 -0.21456377 0.94942784 -0.21561185
1542151691879502.5 0.014442282 0.043485016 -0.009757005 -0.03636833 -0.28371108 0.94219196 -0.17452693
1542151691910197.5 0.016686976 0.039264143 -0.009116574 -0.020456769 -0.3370966 0.93231505 -0.12936834
1542151691940295.5 0.016997261 0.03445421 -0.0069580656 -0.028265066 -0.38842604 0.9158774 -0.09744207
1542151691968904.5 0.016764143 0.031150203 -0.0047614574 -0.02218667 -0.43891627 0.8963413 -0.05858798
1542151691995423.5 0.017317928 0.028794544 -0.0036992577 -0.0002986291 -0.49832833 0.8669859 -0.0020481315
1542151692020244.5 0.01685015 0.026234202 -0.0026783268 0.015501533 -0.5542825 0.8310266 0.043880843
1542151692044144.5 0.016564306 0.024196997 -0.0011052554 0.022836145 -0.6006107 0.79624844 0.06880268
1542151692067608.5 0.015450889 0.021542316 -0.0002021956 0.03162572 -0.65996474 0.7447081 0.09410768
1542151692090842.5 0.01470322 0.01948169 0.00040965714 0.04120565 -0.72009814 0.6816305 0.12304735
1542151692113997.5 0.014827605 0.018145412 0.0012037721 0.049755346 -0.7598663 0.631121 0.14769574
1542151692137243.5 0.013715701 0.01690783 0.001722597 0.054918744 -0.7822434 0.5985031 0.1639308
1542151692160689.5 0.0133334175 0.01595963 0.0018129905 0.050340272 -0.7969451 0.57426 0.18047135
1542151692184375.5 0.012728763 0.014778236 0.0012610443 0.03902988 -0.80653214 0.558255 0.19061473
1542151692208314.5 0.009090445 0.015650382 0.0004491657 0.028738974 -0.80388576 0.56303936 0.18954805
1542151692232506.5 0.008276555 0.016459892 0.0009482349 0.0070985192 -0.78614324 0.5884165 0.1889298
1542151692256968.5 0.008282496 0.017328814 0.00085723493 -0.026402703 -0.7488753 0.6368291 0.18148682
1542151692281727.5 0.009539997 0.021230932 0.0019354639 -0.07110145 -0.6878928 0.70307165 0.16564561
1542151692306806.5 0.010388421 0.024648387 0.0022782674 -0.13573234 -0.60532385 0.77194947 0.13875836
1542151692332220.5 0.008855131 0.026392244 0.00028848695 -0.1996183 -0.51000917 0.83071756 0.09975782
1542151692357951.5 0.008893374 0.030060485 -0.0015648911 -0.25732446 -0.422292 0.86670566 0.0653839
1542151692383941.5 0.0087598115 0.034338243 -0.0030764947 -0.2869313 -0.3968053 0.87112105 0.03693413
1542151692410046.5 0.0089838095 0.039802022 -0.005981407 -0.30423805 -0.42651433 0.8516242 0.016157022
1542151692436101.5 0.011088975 0.04556608 -0.008068636 -0.32691938 -0.4706746 0.81938344 -0.014143534
1542151692462182.5 0.013310375 0.051604185 -0.009865983 -0.33177978 -0.50751424 0.79258054 -0.06455771
1542151692488582.5 0.017288642 0.059233837 -0.010367654 -0.30389258 -0.5558724 0.768923 -0.08609722
1542151692515547.5 0.02171937 0.06552973 -0.009848191 -0.26598516 -0.6205991 0.7345469 -0.0674508
1542151692543159.5 0.025642559 0.069254935 -0.008466596 -0.23538162 -0.6751629 0.6981713 -0.036156904
1542151692571440.5 0.029750567 0.07180739 -0.0063057425 -0.19594415 -0.7179037 0.667996 -0.0012971162
1542151692600387.5 0.03319059 0.07322421 -0.0040589646 -0.15537663 -0.7498289 0.6421294 0.035841115
1542151692629858.5 0.035803773 0.07322334 -0.002339149 -0.13983303 -0.7779469 0.60807186 0.074121974
1542151692659531.5 0.037497416 0.07241401 -0.0014047995 -0.14179112 -0.8067359 0.560853 0.12048406
1542151692689077.5 0.038738735 0.07224434 0.00026585534 -0.14070432 -0.82472473 0.5257267 0.15376261
1542151692718297.5 0.03944944 0.07219787 0.0019227192 -0.13754039 -0.830212 0.5160567 0.15973802
1542151692747123.5 0.039783746 0.07144513 0.0029455815 -0.13586056 -0.831492 0.51176167 0.1681163
1542151692775647.5 0.03981009 0.07101123 0.0035259314 -0.13532126 -0.8349562 0.5024587 0.17908546
1542151692804050.5 0.039384156 0.071119756 0.0045346115 -0.1377709 -0.8349413 0.5032349 0.17506243
1542151692832420.5 0.039793096 0.07032193 0.0048921257 -0.13828324 -0.8313397 0.51051956 0.1706514
1542151692860764.5 0.03946355 0.0710367 0.005876433 -0.12932922 -0.8237474 0.53272164 0.14464402
1542151692889088.5 0.03996347 0.07159582 0.0068555158 -0.1255973 -0.82112795 0.54070884 0.13269609
1542151692917363.5 0.03989356 0.07115733 0.006381654 -0.12329305 -0.8185624 0.54461396 0.13472255
1542151692945559.5 0.040079728 0.07156448 0.0065808436 -0.11576781 -0.8076665 0.5625467 0.13346876
1542151692973728.5 0.03980218 0.073392466 0.006763017 -0.10646361 -0.7778147 0.61138284 0.099402614
1542151693001927.5 0.038321875 0.07557204 0.006066816 -0.09907491 -0.72627544 0.6789221 0.04210719
1542151693030174.5 0.035995714 0.07744622 0.00463906 -0.10726638 -0.65374374 0.74898684 -0.011479199
1542151693058467.5 0.033939794 0.07673124 0.002036437 -0.13480869 -0.5390123 0.82799184 -0.07564291
1542151693086756.5 0.032504946 0.07513905 -0.0007070941 -0.1669629 -0.38179037 0.8983491 -0.13902688
1542151693114893.5 0.031802177 0.07468942 -0.0026521317 -0.18951085 -0.22406358 0.93755615 -0.1867342
1542151693142649.5 0.031363968 0.0748873 -0.003937602 -0.20224957 -0.09121962 0.94605494 -0.23612322
1542151693170038.5 0.030451424 0.0759424 -0.0047194283 -0.22066864 0.0054842564 0.9321468 -0.28701514
1542151693197351.5 0.026801156 0.07761346 -0.0057454254 -0.25129327 0.06806445 0.91488105 -0.30856392
1542151693224854.5 0.022458848 0.07784644 -0.007257551 -0.2845923 0.12034702 0.8967115 -0.31691056
1542151693252684.5 0.017328324 0.07734493 -0.008572808 -0.30996898 0.16349357 0.88090265 -0.31811914
1542151693280916.5 0.01233733 0.075301774 -0.009473157 -0.3194164 0.19319099 0.87392163 -0.31130603
1542151693309604.5 0.007961704 0.07197496 -0.010008649 -0.31613222 0.22852667 0.8697136 -0.3023811
1542151693338796.5 0.0036223372 0.068302624 -0.010027623 -0.31289536 0.2789379 0.8580728 -0.2966501
1542151693368512.5 -0.0003805561 0.06455229 -0.009815546 -0.30251583 0.32768464 0.8461201 -0.29186937
1542151693398682.5 -0.0031458158 0.060006186 -0.00886127 -0.2767596 0.3638909 0.8433295 -0.2824587
1542151693429157.5 -0.006249598 0.055701014 -0.0077891676 -0.25309137 0.3990856 0.83885044 -0.2701952
1542151693459827.5 -0.008429463 0.050759993 -0.0070007313 -0.24221581 0.4425209 0.8202256 -0.26969776
1542151693490663.5 -0.0097303875 0.046334397 -0.005301672 -0.22773717 0.4549098 0.81663793 -0.27257192
1542151693521603.5 -0.010220848 0.045268293 -0.0036168657 -0.20525554 0.4490568 0.8282858 -0.26487905
1542151693552538.5 -0.009438001 0.044324204 -0.0020799683 -0.1719835 0.4531736 0.83268374 -0.26775572
1542151693583347.5 -0.006773685 0.043706965 -0.0010127444 -0.1350515 0.4600627 0.8316757 -0.28003386
1542151693614024.5 -0.0034327842 0.04338533 -0.00038869306 -0.10428905 0.44544908 0.8390684 -0.294386
1542151693644657.5 -0.00021806918 0.042646416 -0.00020959321 -0.076601535 0.4114633 0.8560188 -0.3034173
1542151693675287.5 0.0025040982 0.04232447 -0.00036563165 -0.060314335 0.3610625 0.8773932 -0.31012455
1542151693705920.5 0.0049827015 0.04272582 -0.0011310857 -0.052639928 0.30686438 0.8948705 -0.31979716
1542151693736549.5 0.007117814 0.0435214 -0.0019210023 -0.053748332 0.22632958 0.9161478 -0.32643402
1542151693767128.5 0.007729004 0.0441331 -0.0029157985 -0.052790526 0.120422766 0.9439112 -0.30289143
1542151693797563.5 0.011260883 0.046502847 -0.0034314098 -0.072903335 0.041428592 0.96061385 -0.26493376
1542151693827688.5 0.015195463 0.048872966 -0.0043198504 -0.094409764 0.011389281 0.96374387 -0.24930885
1542151693857449.5 0.019540673 0.051008217 -0.00549582 -0.11121926 0.0013792415 0.96346635 -0.24364103
1542151693886906.5 0.025034197 0.0535987 -0.0062773917 -0.119884826 -0.00646717 0.9661436 -0.22836879
1542151693916102.5 0.031232953 0.056360018 -0.0068641175 -0.12600166 0.01625023 0.9703408 -0.20566577
