# timestamp[secs] tx ty tz qx qy qz qw
1542151688.964639 0.808613 0.812459 1.000828 0.117594 0.035136 0.975919 0.18033
1542151688.969654 0.806974 0.813057 1.002201 0.119142 0.036587 0.976119 0.177927
1542151688.974666 0.805383 0.813917 1.003187 0.118851 0.035941 0.976436 0.176508
1542151688.979679 0.803843 0.814777 1.004037 0.11848 0.036105 0.976943 0.173899
1542151688.98469 0.802288 0.815793 1.004638 0.117896 0.034959 0.977414 0.171875
1542151688.989697 0.800855 0.817047 1.004901 0.116721 0.032906 0.978251 0.16828
1542151688.994704 0.799431 0.818528 1.004964 0.115024 0.030497 0.978803 0.166684
1542151688.99971 0.798041 0.820043 1.004781 0.113111 0.02913 0.979554 0.1638
1542151689.00471 0.796727 0.821814 1.004334 0.111524 0.026005 0.980096 0.162167
1542151689.009709 0.795479 0.823767 1.003583 0.10967 0.023006 0.980823 0.159465
1542151689.014705 0.794286 0.825821 1.002628 0.108508 0.0214 0.981316 0.157437
1542151689.019699 0.7932 0.828101 1.001384 0.107393 0.01828 0.981768 0.15577
1542151689.024694 0.792221 0.830515 0.999887 0.10637 0.015677 0.98234 0.153126
1542151689.029688 0.791395 0.833191 0.998089 0.105478 0.01251 0.982864 0.150654
1542151689.034679 0.790604 0.835949 0.996061 0.105252 0.009855 0.983214 0.148714
1542151689.039663 0.789972 0.838826 0.993785 0.106015 0.008256 0.983649 0.145351
1542151689.044652 0.789418 0.842038 0.991254 0.107437 0.004414 0.983898 0.14277
1542151689.049657 0.788981 0.845225 0.988453 0.108701 0.002473 0.984263 0.1393
1542151689.054668 0.788656 0.848658 0.985377 0.110176 -0.00086 0.984538 0.136182
1542151689.059683 0.788428 0.852117 0.982057 0.111619 -0.003021 0.984832 0.132805
1542151689.064689 0.788248 0.855707 0.978452 0.113534 -0.005763 0.985122 0.128885
1542151689.069692 0.788199 0.859423 0.97458 0.115523 -0.009364 0.985271 0.125731
1542151689.074692 0.788186 0.86329 0.970419 0.117868 -0.013368 0.985499 0.12133
1542151689.079692 0.788202 0.867156 0.965976 0.120316 -0.016764 0.985578 0.11781
1542151689.08469 0.788218 0.871062 0.96131 0.121834 -0.019721 0.985617 0.115441
1542151689.089684 0.788373 0.875126 0.956312 0.124075 -0.024147 0.985738 0.111102
1542151689.094679 0.788467 0.879141 0.951089 0.125958 -0.027907 0.98573 0.108129
1542151689.099672 0.788576 0.883229 0.945541 0.127622 -0.032784 0.985796 0.104134
1542151689.104673 0.788663 0.887274 0.939737 0.128624 -0.037457 0.985667 0.102536
1542151689.109669 0.788783 0.891439 0.933612 0.129264 -0.043902 0.985548 0.100293
1542151689.114668 0.788819 0.89538 0.927354 0.130578 -0.04688 0.985475 0.097929
1542151689.119666 0.788916 0.899457 0.920712 0.130946 -0.053572 0.985199 0.096779
1542151689.124657 0.788948 0.903442 0.913849 0.131223 -0.058674 0.984967 0.0958
1542151689.129649 0.788923 0.90748 0.906733 0.131912 -0.064184 0.984724 0.093804
1542151689.134638 0.788828 0.911404 0.899329 0.131478 -0.069328 0.984376 0.0944
1542151689.139631 0.788799 0.915126 0.891746 0.13125 -0.074056 0.983994 0.095106
1542151689.14463 0.788792 0.91925 0.883807 0.131599 -0.082745 0.983354 0.094074
1542151689.14963 0.788784 0.922982 0.875729 0.130066 -0.090206 0.982623 0.096937
1542151689.154634 0.788781 0.926701 0.867425 0.128875 -0.096505 0.982142 0.097338
1542151689.159637 0.788784 0.930365 0.85899 0.128673 -0.103598 0.981515 0.096635
1542151689.164644 0.788854 0.934078 0.850219 0.126841 -0.112487 0.980554 0.098851
1542151689.169648 0.788997 0.937597 0.841468 0.125676 -0.119634 0.979814 0.099282
1542151689.174652 0.789162 0.941104 0.832533 0.124383 -0.126948 0.979173 0.098151
1542151689.179657 0.789413 0.944523 0.823637 0.12246 -0.134278 0.9786 0.096513
1542151689.184665 0.789725 0.947843 0.814601 0.119786 -0.14153 0.977937 0.096224
1542151689.18967 0.790078 0.951159 0.805631 0.117872 -0.148571 0.977374 0.093665
1542151689.194674 0.790558 0.954439 0.796655 0.115291 -0.155524 0.976734 0.092255
1542151689.199674 0.790993 0.957542 0.787867 0.112548 -0.161357 0.976186 0.091416
1542151689.204674 0.791564 0.960608 0.779165 0.11142 -0.166146 0.975647 0.089964
1542151689.209675 0.792071 0.963489 0.770735 0.110048 -0.171427 0.974918 0.089647
1542151689.214676 0.792679 0.966445 0.762469 0.109204 -0.176699 0.97394 0.091067
1542151689.219678 0.793289 0.969283 0.754354 0.111137 -0.178773 0.973351 0.090976
1542151689.224677 0.793876 0.971899 0.746553 0.113689 -0.180176 0.972693 0.092088
1542151689.22968 0.794479 0.974394 0.739038 0.117537 -0.180375 0.971967 0.094501
1542151689.234683 0.795056 0.976949 0.731626 0.122931 -0.181385 0.970926 0.096381
1542151689.239683 0.795657 0.979486 0.724505 0.133171 -0.177483 0.970533 0.093978
1542151689.24468 0.796234 0.98171 0.717633 0.140235 -0.173284 0.970062 0.096362
1542151689.249678 0.796776 0.983973 0.710958 0.147807 -0.171432 0.96902 0.09882
1542151689.254675 0.797311 0.986085 0.704476 0.157029 -0.166084 0.968298 0.100784
1542151689.259667 0.797703 0.988008 0.698256 0.166281 -0.161348 0.967474 0.101543
1542151689.264661 0.7981 0.989799 0.692187 0.175382 -0.156526 0.966533 0.102739
1542151689.269655 0.798365 0.991583 0.686278 0.184765 -0.151347 0.965551 0.103286
1542151689.274655 0.798594 0.993266 0.68056 0.194087 -0.146361 0.964348 0.104601
1542151689.279655 0.798695 0.99484 0.675114 0.203493 -0.140678 0.96316 0.10547
1542151689.284658 0.798726 0.996418 0.669765 0.213083 -0.134495 0.961856 0.106491
1542151689.289663 0.798671 0.997843 0.664642 0.221788 -0.12754 0.960551 0.109018
1542151689.294668 0.798447 0.999357 0.659656 0.23108 -0.121413 0.958969 0.110629
1542151689.299676 0.798156 1.000882 0.654844 0.239716 -0.117151 0.957026 0.113635
1542151689.304684 0.797688 1.002224 0.650137 0.248484 -0.10951 0.955202 0.117698
1542151689.30969 0.797114 1.003409 0.645672 0.258232 -0.100937 0.953198 0.120584
1542151689.314693 0.796375 1.004679 0.641225 0.267317 -0.093526 0.950902 0.124818
1542151689.319692 0.79547 1.005701 0.636935 0.27564 -0.085803 0.948735 0.128697
1542151689.324686 0.794459 1.006887 0.632612 0.284372 -0.079957 0.946129 0.132587
1542151689.329684 0.793249 1.008103 0.628299 0.292114 -0.07689 0.943333 0.137404
1542151689.334683 0.791949 1.009091 0.623922 0.298371 -0.072021 0.940875 0.143325
1542151689.339678 0.790489 1.00992 0.619645 0.303024 -0.070478 0.938358 0.150646
1542151689.344672 0.788854 1.010722 0.615387 0.30745 -0.069242 0.935794 0.158017
1542151689.349665 0.787105 1.011281 0.611231 0.312135 -0.066691 0.933453 0.163672
1542151689.35466 0.78528 1.011961 0.606904 0.312881 -0.069011 0.931677 0.171234
1542151689.359661 0.78336 1.012344 0.602809 0.313363 -0.068475 0.929998 0.179497
1542151689.364664 0.781529 1.012912 0.598679 0.312271 -0.07106 0.928793 0.186498
1542151689.369664 0.779646 1.013073 0.594734 0.31001 -0.07116 0.927769 0.195129
1542151689.374666 0.777868 1.013074 0.590842 0.308191 -0.071675 0.926812 0.202238
1542151689.379671 0.776244 1.012969 0.587029 0.307217 -0.072352 0.926099 0.206698
1542151689.384677 0.774746 1.012759 0.58331 0.306126 -0.073179 0.925021 0.212764
1542151689.389676 0.773384 1.012304 0.579643 0.307502 -0.073713 0.92409 0.214629
1542151689.394677 0.772222 1.01171 0.576185 0.308085 -0.074999 0.922853 0.218636
1542151689.399672 0.77115 1.010806 0.572747 0.311458 -0.074509 0.921711 0.218839
1542151689.404663 0.770249 1.009891 0.569389 0.313186 -0.076446 0.920533 0.220658
1542151689.409658 0.769452 1.008638 0.56619 0.316186 -0.07661 0.919277 0.221558
1542151689.414655 0.768788 1.007246 0.563182 0.316915 -0.077704 0.917805 0.226189
1542151689.41965 0.768276 1.005735 0.560261 0.320468 -0.076996 0.916145 0.228143
1542151689.424643 0.767884 1.003858 0.55758 0.326073 -0.075205 0.914709 0.226559
1542151689.429645 0.767675 1.002088 0.554888 0.330708 -0.075443 0.913001 0.226649
1542151689.434653 0.767559 0.999973 0.552501 0.334972 -0.07411 0.911299 0.227676
1542151689.439667 0.767677 0.997641 0.550272 0.340408 -0.071897 0.909813 0.226259
1542151689.444683 0.767905 0.995072 0.548199 0.345995 -0.0681 0.90847 0.224347
1542151689.449696 0.768341 0.99247 0.54621 0.350585 -0.067034 0.907015 0.223428
1542151689.45471 0.768907 0.989497 0.544496 0.355332 -0.06417 0.90585 0.221488
1542151689.459718 0.769678 0.986445 0.542854 0.360571 -0.062187 0.904742 0.218087
1542151689.464726 0.77067 0.983192 0.541259 0.365328 -0.059219 0.903699 0.215306
1542151689.469729 0.771797 0.97991 0.539728 0.370415 -0.058214 0.90276 0.210781
1542151689.474726 0.773106 0.976412 0.538259 0.374965 -0.057099 0.901879 0.206772
1542151689.479718 0.774491 0.972644 0.536883 0.380248 -0.055174 0.90142 0.199524
1542151689.484707 0.776116 0.968864 0.535549 0.384664 -0.055397 0.900657 0.194376
1542151689.489701 0.777826 0.964879 0.534215 0.389513 -0.054972 0.900039 0.187583
1542151689.494695 0.779732 0.960908 0.532924 0.39427 -0.056148 0.899078 0.181818
1542151689.499688 0.78173 0.956736 0.531711 0.398419 -0.055798 0.898504 0.17561
1542151689.504683 0.783854 0.952439 0.530522 0.402726 -0.056146 0.89809 0.167613
1542151689.509677 0.786062 0.948254 0.529444 0.408015 -0.056489 0.897004 0.160366
1542151689.514675 0.788541 0.943965 0.528428 0.412619 -0.055485 0.896046 0.154173
1542151689.519676 0.791028 0.939596 0.527595 0.41863 -0.054131 0.894466 0.147475
1542151689.524672 0.79358 0.935196 0.526842 0.425596 -0.053182 0.892517 0.139477
1542151689.52967 0.796271 0.930774 0.526137 0.432214 -0.051923 0.890625 0.131464
1542151689.53467 0.798933 0.926105 0.525452 0.438134 -0.04981 0.888905 0.124123
1542151689.539672 0.801819 0.921811 0.524913 0.446759 -0.048753 0.886273 0.112023
1542151689.544675 0.804713 0.91702 0.524365 0.452792 -0.04491 0.884414 0.103801
1542151689.549677 0.807676 0.912551 0.524039 0.458527 -0.043095 0.882694 0.093525
1542151689.554679 0.810822 0.908163 0.523581 0.463853 -0.042446 0.880672 0.086341
1542151689.559681 0.81396 0.903749 0.52321 0.46895 -0.041908 0.8788 0.077714
1542151689.564684 0.817252 0.899186 0.523029 0.473688 -0.038615 0.877125 0.069144
1542151689.569681 0.820536 0.894778 0.522826 0.478072 -0.035918 0.875466 0.060962
1542151689.574679 0.823808 0.890498 0.522613 0.481806 -0.036396 0.873945 0.05252
1542151689.579676 0.82718 0.886325 0.522461 0.486327 -0.034943 0.871964 0.044089
1542151689.584674 0.83054 0.88201 0.52241 0.489646 -0.033624 0.870534 0.035857
1542151689.589673 0.833937 0.878029 0.522225 0.493688 -0.03555 0.868501 0.026733
1542151689.594667 0.837455 0.873414 0.522399 0.497385 -0.02989 0.866828 0.017971
1542151689.599669 0.840766 0.869908 0.522084 0.501425 -0.035808 0.864384 0.011457
1542151689.604672 0.844098 0.865939 0.522099 0.504705 -0.037106 0.862483 0.004368
1542151689.609675 0.8474 0.861813 0.522223 0.50834 -0.037797 0.860317 -0.00395
1542151689.614678 0.850831 0.857582 0.522422 0.511449 -0.036218 0.858483 -0.010753
1542151689.619683 0.854186 0.853659 0.522563 0.514731 -0.036562 0.856408 -0.01674
1542151689.624687 0.857517 0.849685 0.522835 0.518133 -0.037643 0.854137 -0.023894
1542151689.629688 0.860811 0.845826 0.523194 0.521105 -0.037785 0.852184 -0.028355
1542151689.634689 0.863975 0.841957 0.523648 0.524536 -0.03871 0.849872 -0.032877
1542151689.639691 0.867351 0.838089 0.524087 0.527447 -0.037146 0.847923 -0.03804
1542151689.6447 0.870545 0.834202 0.524764 0.53035 -0.036013 0.845974 -0.04196
1542151689.649709 0.873811 0.830296 0.525495 0.531877 -0.037023 0.844892 -0.043507
1542151689.654717 0.877194 0.82644 0.526296 0.533692 -0.035784 0.843626 -0.046771
1542151689.659722 0.880592 0.822743 0.527106 0.533869 -0.035133 0.843434 -0.048682
1542151689.664726 0.883961 0.819064 0.528005 0.534034 -0.034693 0.843164 -0.051764
1542151689.669725 0.887495 0.815321 0.528846 0.533198 -0.031118 0.843571 -0.055852
1542151689.674725 0.890923 0.811798 0.529798 0.531765 -0.0331 0.844311 -0.057177
1542151689.679719 0.894462 0.808295 0.530651 0.52965 -0.034256 0.845457 -0.059162
1542151689.684709 0.898072 0.804891 0.531433 0.526977 -0.03135 0.847044 -0.061868
1542151689.689697 0.901584 0.801502 0.532247 0.524944 -0.03252 0.848033 -0.064925
1542151689.694684 0.905213 0.79815 0.533063 0.523241 -0.031265 0.848927 -0.06756
1542151689.699679 0.908854 0.795029 0.533772 0.521465 -0.031259 0.849816 -0.070069
1542151689.704676 0.912503 0.791931 0.53439 0.519871 -0.032531 0.850387 -0.074282
1542151689.709672 0.91624 0.789235 0.53485 0.518586 -0.034814 0.85086 -0.076775
1542151689.714675 0.919844 0.786709 0.53532 0.519214 -0.042589 0.849638 -0.081967
1542151689.719679 0.923524 0.78394 0.535691 0.519073 -0.042448 0.849504 -0.084289
1542151689.724678 0.927295 0.780843 0.536202 0.518329 -0.039188 0.849838 -0.087031
1542151689.729679 0.931044 0.778104 0.536611 0.51858 -0.03959 0.849221 -0.091277
1542151689.734684 0.934962 0.775586 0.536864 0.519065 -0.039337 0.84847 -0.09551
1542151689.739687 0.938777 0.773168 0.537163 0.520916 -0.039615 0.846882 -0.099332
1542151689.744696 0.942539 0.770752 0.537569 0.524356 -0.040221 0.844073 -0.104757
1542151689.749704 0.946308 0.768347 0.538038 0.52714 -0.039435 0.841808 -0.10921
1542151689.754714 0.95006 0.766142 0.538383 0.530208 -0.038063 0.83945 -0.112941
1542151689.759719 0.953817 0.763708 0.538817 0.533092 -0.035418 0.837103 -0.117545
1542151689.764723 0.957383 0.761489 0.539263 0.536068 -0.037759 0.83439 -0.122468
1542151689.76972 0.96107 0.759021 0.539661 0.537332 -0.032964 0.83329 -0.125757
1542151689.774715 0.96472 0.756558 0.540009 0.538827 -0.027996 0.832024 -0.12891
1542151689.779711 0.968136 0.754324 0.54046 0.54179 -0.030339 0.829165 -0.13427
1542151689.784702 0.971703 0.752273 0.540797 0.544182 -0.030647 0.826767 -0.139227
1542151689.789691 0.975246 0.74966 0.541367 0.543542 -0.028278 0.826582 -0.143265
1542151689.794683 0.978604 0.747314 0.541829 0.543759 -0.027832 0.825944 -0.146179
1542151689.799675 0.981922 0.745416 0.542083 0.543314 -0.028559 0.82548 -0.150255
1542151689.804677 0.985022 0.743281 0.542541 0.543001 -0.032134 0.82462 -0.1553
1542151689.809682 0.98834 0.74085 0.543005 0.539821 -0.027851 0.826965 -0.154746
1542151689.814686 0.991362 0.738481 0.543621 0.539149 -0.028177 0.8265 -0.159445
1542151689.819694 0.994511 0.736538 0.543968 0.537188 -0.029081 0.8271 -0.162756
1542151689.824698 0.997327 0.734363 0.544525 0.535429 -0.032474 0.827794 -0.164372
1542151689.829702 0.999997 0.732358 0.544996 0.533732 -0.037258 0.828035 -0.167632
1542151689.834702 1.002736 0.730369 0.545474 0.531198 -0.040147 0.829392 -0.168304
1542151689.839699 1.005303 0.728206 0.546165 0.526876 -0.045601 0.831445 -0.170353
1542151689.844695 1.007841 0.726129 0.54662 0.521348 -0.046055 0.834773 -0.170969
1542151689.849691 1.010275 0.723819 0.547395 0.51435 -0.048599 0.839187 -0.169846
1542151689.854684 1.012545 0.722001 0.54792 0.506122 -0.052495 0.844215 -0.168481
1542151689.859678 1.014519 0.719567 0.548839 0.496154 -0.059622 0.849628 -0.168546
1542151689.864675 1.016316 0.717644 0.549626 0.485758 -0.067303 0.855227 -0.167618
1542151689.869673 1.017915 0.71624 0.550299 0.475338 -0.081741 0.859655 -0.168421
1542151689.87467 1.019498 0.713852 0.551281 0.460379 -0.085562 0.867989 -0.165307
1542151689.879668 1.020797 0.711843 0.552137 0.445624 -0.094082 0.875342 -0.16231
1542151689.884674 1.021943 0.709856 0.553028 0.42982 -0.100123 0.883378 -0.157715
1542151689.889676 1.022914 0.707972 0.553856 0.41378 -0.10611 0.891392 -0.151484
1542151689.894679 1.023675 0.706267 0.554492 0.398103 -0.112878 0.898662 -0.145532
1542151689.899687 1.024215 0.704123 0.555293 0.380352 -0.116465 0.906974 -0.138444
1542151689.904695 1.024477 0.702491 0.555949 0.366201 -0.124234 0.912704 -0.132043
1542151689.909692 1.024845 0.700761 0.556352 0.350875 -0.125619 0.919956 -0.121605
1542151689.914696 1.02484 0.698736 0.556933 0.335293 -0.129238 0.92654 -0.111353
1542151689.919692 1.024722 0.696913 0.557339 0.322643 -0.130251 0.931815 -0.103232
1542151689.924688 1.024346 0.695243 0.557705 0.311144 -0.133082 0.93622 -0.094717
1542151689.929683 1.024013 0.693904 0.557803 0.298533 -0.137267 0.94079 -0.083364
1542151689.934678 1.023393 0.692184 0.557986 0.288772 -0.135817 0.944671 -0.075907
1542151689.939675 1.022739 0.690644 0.558041 0.276837 -0.138152 0.948644 -0.06595
1542151689.944669 1.021877 0.689149 0.558021 0.266599 -0.140829 0.951669 -0.058456
1542151689.949668 1.021007 0.687919 0.557854 0.256032 -0.142165 0.954868 -0.04964
1542151689.95466 1.019928 0.686357 0.557865 0.245461 -0.14272 0.957923 -0.041994
1542151689.959658 1.018739 0.684966 0.557783 0.234153 -0.14431 0.960834 -0.033852
1542151689.964659 1.017398 0.6835 0.557736 0.222563 -0.146885 0.963399 -0.027438
1542151689.969655 1.015991 0.682071 0.557707 0.207416 -0.149385 0.966641 -0.016361
1542151689.974647 1.014407 0.680597 0.557646 0.19444 -0.149573 0.969403 -0.008854
1542151689.979641 1.012634 0.679138 0.557601 0.181463 -0.151127 0.971715 -0.001238
1542151689.984642 1.010723 0.67753 0.557625 0.167046 -0.148993 0.974569 0.010592
1542151689.989647 1.008738 0.676339 0.557479 0.154892 -0.146065 0.97689 0.018936
1542151689.994656 1.006488 0.674927 0.557347 0.142801 -0.142779 0.978964 0.029179
1542151689.999662 1.004128 0.673878 0.55712 0.131591 -0.142509 0.980289 0.037519
1542151690.004662 1.001744 0.673004 0.556793 0.119879 -0.14399 0.981034 0.049678
1542151690.009666 0.999167 0.671979 0.556496 0.111303 -0.140877 0.982012 0.058469
1542151690.014674 0.996399 0.670891 0.556201 0.103094 -0.138286 0.982647 0.068222
1542151690.01968 0.993415 0.669988 0.555864 0.097692 -0.138094 0.982681 0.075664
1542151690.024678 0.990252 0.668748 0.555563 0.093689 -0.134574 0.982857 0.084288
1542151690.02967 0.987026 0.667738 0.555155 0.090964 -0.132799 0.982743 0.091138
1542151690.034672 0.983679 0.666726 0.554777 0.088657 -0.131768 0.982382 0.098506
1542151690.039667 0.980201 0.665435 0.554389 0.086821 -0.127627 0.982383 0.105347
1542151690.044671 0.976649 0.664433 0.553918 0.085402 -0.126606 0.981755 0.113288
1542151690.049674 0.972943 0.663469 0.553474 0.085233 -0.125606 0.981179 0.119361
1542151690.054677 0.969104 0.662679 0.552944 0.083556 -0.125285 0.980253 0.128162
1542151690.059672 0.965228 0.661634 0.552398 0.082804 -0.122352 0.979691 0.135568
1542151690.064668 0.961143 0.660839 0.551906 0.08223 -0.123379 0.978552 0.14301
1542151690.069659 0.957021 0.660186 0.551344 0.081615 -0.124482 0.977288 0.150836
1542151690.074644 0.952389 0.659028 0.551051 0.08182 -0.123574 0.976506 0.15643
1542151690.079633 0.948015 0.658511 0.550411 0.081526 -0.12661 0.97496 0.163633
1542151690.084634 0.943431 0.657864 0.549918 0.081286 -0.127304 0.973769 0.170177
1542151690.089641 0.938877 0.657251 0.549321 0.078606 -0.128305 0.97223 0.179243
1542151690.094655 0.934199 0.656696 0.548729 0.07637 -0.129027 0.970952 0.18647
1542151690.099666 0.929549 0.656244 0.548067 0.074277 -0.130043 0.969534 0.193845
1542151690.10468 0.924515 0.655569 0.547525 0.072357 -0.133227 0.968248 0.198774
1542151690.109692 0.919628 0.655173 0.546873 0.070109 -0.134489 0.966655 0.206339
1542151690.114693 0.914729 0.654762 0.546208 0.067341 -0.135584 0.965223 0.213137
1542151690.11969 0.90997 0.654652 0.545378 0.063761 -0.138334 0.963112 0.221841
1542151690.124678 0.90487 0.654235 0.544741 0.061956 -0.139943 0.961978 0.226221
1542151690.129668 0.899904 0.654038 0.543967 0.05942 -0.142179 0.960146 0.233185
1542151690.134659 0.894877 0.653776 0.543243 0.058596 -0.143614 0.958697 0.238414
1542151690.139652 0.88981 0.653589 0.54255 0.056276 -0.146185 0.956943 0.244381
1542151690.14465 0.884802 0.653501 0.541801 0.055275 -0.147868 0.955333 0.249836
1542151690.149643 0.879747 0.6535 0.541044 0.053975 -0.149965 0.953398 0.256182
1542151690.154644 0.874786 0.653591 0.540279 0.053321 -0.151141 0.951525 0.262513
1542151690.159651 0.869612 0.65379 0.539616 0.053238 -0.155208 0.949347 0.267986
1542151690.164661 0.86478 0.654141 0.538818 0.051023 -0.157068 0.94678 0.276287
1542151690.169664 0.8597 0.654435 0.538228 0.0531 -0.15809 0.945114 0.280976
1542151690.174674 0.854787 0.65491 0.537545 0.052758 -0.159343 0.942683 0.288401
1542151690.179681 0.84995 0.655489 0.536868 0.052385 -0.160852 0.939992 0.296308
1542151690.18468 0.845089 0.656139 0.536237 0.052407 -0.162703 0.937484 0.30316
1542151690.189679 0.840253 0.656869 0.535641 0.051937 -0.16381 0.935297 0.309336
1542151690.194678 0.835595 0.65794 0.534943 0.051176 -0.166417 0.932412 0.316694
1542151690.19967 0.830992 0.659076 0.534295 0.04937 -0.168882 0.929784 0.323332
1542151690.204662 0.826374 0.660262 0.533716 0.048627 -0.169754 0.92745 0.32963
1542151690.209661 0.821815 0.661592 0.533163 0.047874 -0.169774 0.924651 0.3375
1542151690.214658 0.817532 0.663264 0.532657 0.045217 -0.172179 0.921579 0.344968
1542151690.219661 0.813323 0.665049 0.532221 0.043202 -0.17352 0.918381 0.352988
1542151690.224668 0.809263 0.666998 0.531894 0.041042 -0.173062 0.915241 0.361522
1542151690.229677 0.80546 0.669017 0.531723 0.038728 -0.172023 0.912068 0.370189
1542151690.234693 0.801892 0.671336 0.53163 0.036845 -0.171907 0.908586 0.378896
1542151690.239698 0.798542 0.673739 0.531747 0.035817 -0.170204 0.905323 0.387477
1542151690.244703 0.795327 0.676094 0.532054 0.037248 -0.166477 0.902809 0.394758
1542151690.249706 0.792535 0.678746 0.53249 0.038739 -0.163229 0.89968 0.403029
1542151690.254709 0.790011 0.681509 0.533071 0.041393 -0.159217 0.896865 0.410573
1542151690.259714 0.787552 0.684302 0.533829 0.04565 -0.153625 0.895266 0.415709
1542151690.26471 0.785256 0.68726 0.534729 0.049989 -0.147779 0.893865 0.420319
1542151690.269703 0.783337 0.69019 0.53574 0.054441 -0.140007 0.892408 0.425491
1542151690.274696 0.781515 0.69349 0.536775 0.058958 -0.133319 0.890752 0.430478
1542151690.279685 0.779985 0.69677 0.537841 0.063681 -0.126309 0.889858 0.433755
1542151690.284674 0.778622 0.700234 0.538879 0.068289 -0.117339 0.888489 0.438356
1542151690.28967 0.777439 0.703759 0.539857 0.073236 -0.110515 0.887748 0.440824
1542151690.294672 0.77655 0.707246 0.540685 0.077367 -0.102082 0.886454 0.444739
1542151690.299677 0.775822 0.710816 0.541387 0.081221 -0.094378 0.884827 0.448974
1542151690.304683 0.775364 0.714548 0.541875 0.084313 -0.089068 0.883367 0.45235
1542151690.309686 0.775118 0.718263 0.542121 0.086789 -0.083339 0.881879 0.455864
1542151690.314681 0.775059 0.722025 0.542191 0.087524 -0.079062 0.880147 0.459816
1542151690.319675 0.775169 0.725785 0.542048 0.088528 -0.074931 0.878947 0.462602
1542151690.324671 0.775356 0.729618 0.541757 0.088645 -0.074738 0.878339 0.463765
1542151690.32967 0.77583 0.733273 0.541238 0.086606 -0.072193 0.877884 0.46541
1542151690.334671 0.776511 0.736974 0.540488 0.084514 -0.071824 0.878052 0.465536
1542151690.339664 0.7772 0.74056 0.539748 0.081633 -0.074149 0.879235 0.463449
1542151690.344659 0.778053 0.744072 0.53881 0.078785 -0.07648 0.880978 0.46024
1542151690.349659 0.779134 0.747615 0.537762 0.075195 -0.081283 0.883633 0.454897
1542151690.354661 0.780428 0.75098 0.536683 0.072054 -0.086885 0.886828 0.448101
1542151690.359666 0.781814 0.754471 0.535551 0.068908 -0.092887 0.890609 0.439817
1542151690.364664 0.783329 0.757747 0.534451 0.066362 -0.097166 0.894236 0.431852
1542151690.369667 0.785004 0.761177 0.533423 0.065735 -0.102162 0.898837 0.42111
1542151690.374671 0.786806 0.764626 0.532453 0.067794 -0.107796 0.903365 0.409531
1542151690.379676 0.788636 0.768121 0.5316 0.069327 -0.112052 0.906963 0.400069
1542151690.384674 0.790509 0.771755 0.530831 0.073233 -0.115373 0.911245 0.388533
1542151690.389673 0.792363 0.775401 0.530187 0.078467 -0.115594 0.915572 0.377106
1542151690.394675 0.794487 0.779263 0.529518 0.082666 -0.118312 0.919394 0.365901
1542151690.399681 0.796502 0.783049 0.528945 0.088555 -0.115115 0.923107 0.356062
1542151690.404685 0.798611 0.787155 0.528504 0.093467 -0.116586 0.925541 0.347916
1542151690.409687 0.80042 0.790953 0.528138 0.100024 -0.113719 0.929144 0.337275
1542151690.414689 0.802243 0.794899 0.527724 0.106085 -0.110238 0.931932 0.32878
1542151690.41969 0.804196 0.799058 0.52715 0.111279 -0.105899 0.93387 0.32294
1542151690.424697 0.805932 0.803055 0.526686 0.115657 -0.106779 0.935639 0.315912
1542151690.429702 0.807592 0.807013 0.526043 0.120071 -0.104378 0.937111 0.310663
1542151690.434707 0.809142 0.810953 0.525345 0.123515 -0.105732 0.938521 0.304537
1542151690.439708 0.810566 0.814818 0.52454 0.125747 -0.107903 0.940077 0.297992
1542151690.444706 0.811958 0.818482 0.523545 0.126082 -0.109963 0.941727 0.291824
1542151690.449706 0.813263 0.822098 0.522462 0.125915 -0.114867 0.943761 0.283314
1542151690.454703 0.814554 0.825555 0.521245 0.122863 -0.120237 0.945805 0.2755
1542151690.4597 0.815916 0.828967 0.519869 0.119515 -0.126589 0.947613 0.267808
1542151690.464696 0.816939 0.831918 0.518587 0.117919 -0.13172 0.950355 0.256067
1542151690.469691 0.818141 0.835062 0.517125 0.113842 -0.138496 0.952324 0.246857
1542151690.474686 0.819217 0.838015 0.515723 0.110707 -0.145554 0.954382 0.236037
1542151690.479686 0.820184 0.840874 0.514354 0.107806 -0.15419 0.955997 0.225108
1542151690.484689 0.821066 0.843703 0.513069 0.105653 -0.160414 0.957491 0.215213
1542151690.489694 0.821882 0.846321 0.511842 0.102932 -0.166167 0.958846 0.20593
1542151690.494696 0.82246 0.849042 0.510692 0.102554 -0.171846 0.959894 0.196356
1542151690.499695 0.823081 0.851628 0.509625 0.100937 -0.177268 0.960558 0.188986
1542151690.504687 0.823399 0.854143 0.508734 0.100445 -0.182091 0.96142 0.180072
1542151690.509681 0.823629 0.856556 0.507957 0.099585 -0.186176 0.961926 0.173548
1542151690.514676 0.823768 0.858957 0.507283 0.100115 -0.190215 0.962452 0.165778
1542151690.519673 0.823868 0.86113 0.506672 0.098849 -0.193781 0.962793 0.160336
1542151690.524669 0.823831 0.863242 0.506191 0.099032 -0.197071 0.96328 0.153126
1542151690.529665 0.823886 0.865219 0.505713 0.098622 -0.198541 0.963838 0.147893
1542151690.534665 0.823867 0.867157 0.505309 0.099388 -0.201544 0.964135 0.141226
1542151690.539666 0.823875 0.86911 0.504941 0.10156 -0.205195 0.964425 0.132154
1542151690.544667 0.823845 0.870848 0.504635 0.104137 -0.207802 0.964682 0.123944
1542151690.54967 0.824005 0.872411 0.504343 0.106166 -0.208755 0.965117 0.117045
1542151690.554672 0.824277 0.874143 0.503922 0.107797 -0.21067 0.965307 0.110363
1542151690.559674 0.824395 0.875618 0.503679 0.109825 -0.215053 0.965081 0.101533
1542151690.564674 0.824619 0.876851 0.503389 0.112161 -0.215707 0.965607 0.092164
1542151690.569671 0.824832 0.878216 0.503097 0.113376 -0.218283 0.965695 0.08326
1542151690.574669 0.824895 0.87934 0.502883 0.115405 -0.220539 0.965651 0.074576
1542151690.57967 0.824964 0.880357 0.502636 0.116318 -0.223633 0.965434 0.0663
1542151690.584672 0.824837 0.881314 0.502532 0.118405 -0.227063 0.964919 0.057919
1542151690.589676 0.824677 0.882157 0.502387 0.121735 -0.228401 0.964627 0.050079
1542151690.594682 0.824193 0.882826 0.50251 0.126367 -0.230736 0.963856 0.042119
1542151690.599692 0.82369 0.883401 0.50265 0.130329 -0.230846 0.963558 0.035788
1542151690.604699 0.822934 0.883997 0.502942 0.13623 -0.231434 0.962867 0.027704
1542151690.609703 0.822101 0.8847 0.503208 0.140761 -0.232399 0.962089 0.023683
1542151690.614714 0.821137 0.885098 0.503618 0.146778 -0.231121 0.961639 0.017051
1542151690.619723 0.820179 0.885716 0.50397 0.153526 -0.230425 0.960825 0.012207
1542151690.62473 0.819013 0.886048 0.504454 0.160811 -0.229636 0.959861 0.008655
1542151690.629732 0.817855 0.886411 0.504927 0.169931 -0.226817 0.95899 0.003843
1542151690.634727 0.816517 0.886666 0.505423 0.180366 -0.225361 0.957431 -0.002653
1542151690.639716 0.815143 0.887012 0.505856 0.190634 -0.224436 0.955641 -0.006199
1542151690.644702 0.81372 0.887352 0.506274 0.200552 -0.222294 0.954074 -0.010315
1542151690.649692 0.811981 0.88727 0.506811 0.212503 -0.21961 0.952021 -0.016461
1542151690.65468 0.810219 0.887474 0.507304 0.22288 -0.218436 0.949806 -0.021895
1542151690.659669 0.808196 0.887395 0.507893 0.233323 -0.216799 0.947562 -0.026167
1542151690.66466 0.806093 0.887375 0.508426 0.242489 -0.215296 0.945494 -0.029779
1542151690.669652 0.803819 0.887206 0.508996 0.251653 -0.213625 0.943384 -0.032586
1542151690.674646 0.801261 0.886846 0.509717 0.259655 -0.212356 0.941414 -0.034999
1542151690.679646 0.798805 0.886683 0.51037 0.266918 -0.21168 0.939551 -0.034498
1542151690.684651 0.796003 0.88623 0.511148 0.27361 -0.210509 0.937874 -0.034871
1542151690.689658 0.793248 0.885697 0.511999 0.280428 -0.209035 0.936126 -0.036518
1542151690.694668 0.7904 0.885311 0.512802 0.286471 -0.209019 0.934417 -0.03332
1542151690.69968 0.787415 0.884678 0.513689 0.29227 -0.208019 0.932842 -0.033354
1542151690.704693 0.784559 0.884141 0.514544 0.2986 -0.208233 0.930808 -0.032774
1542151690.709704 0.781427 0.883406 0.515467 0.304854 -0.208786 0.92874 -0.03023
1542151690.714717 0.778409 0.882539 0.51641 0.313525 -0.206359 0.926355 -0.031386
1542151690.719726 0.775379 0.881653 0.517365 0.321557 -0.203682 0.924232 -0.030162
1542151690.724739 0.77239 0.880787 0.518292 0.331003 -0.202024 0.921332 -0.027746
1542151690.729743 0.769401 0.880053 0.519058 0.341904 -0.199674 0.917856 -0.027799
1542151690.73474 0.766403 0.878964 0.519923 0.35296 -0.196544 0.914367 -0.026889
1542151690.739733 0.763553 0.878011 0.520642 0.364661 -0.194011 0.910371 -0.024636
1542151690.744721 0.760602 0.876868 0.521454 0.376847 -0.19172 0.905914 -0.023445
1542151690.749704 0.757688 0.875586 0.5222 0.388451 -0.189898 0.901414 -0.022298
1542151690.754683 0.754908 0.874668 0.522744 0.402019 -0.186785 0.896043 -0.024484
1542151690.759666 0.752198 0.873571 0.523212 0.415243 -0.183444 0.890702 -0.023906
1542151690.76466 0.749488 0.87174 0.523999 0.42643 -0.178773 0.886411 -0.02174
1542151690.769658 0.746745 0.869997 0.524585 0.439263 -0.173314 0.881202 -0.022207
1542151690.774659 0.744022 0.868695 0.52494 0.451691 -0.169989 0.875584 -0.02079
1542151690.77966 0.741383 0.867218 0.525253 0.464997 -0.164877 0.869594 -0.020011
1542151690.784662 0.738912 0.865469 0.525542 0.478163 -0.158664 0.863599 -0.019537
1542151690.789677 0.736403 0.863769 0.525703 0.49049 -0.153307 0.857658 -0.01841
1542151690.79469 0.733895 0.862011 0.52579 0.503305 -0.147988 0.851166 -0.017354
1542151690.799701 0.731446 0.860311 0.525636 0.51686 -0.141586 0.844095 -0.017669
1542151690.804712 0.729051 0.858591 0.525359 0.531735 -0.134213 0.836017 -0.017902
1542151690.809721 0.726579 0.856886 0.525062 0.546389 -0.12948 0.827278 -0.017457
1542151690.814723 0.724239 0.855239 0.524678 0.562025 -0.123198 0.81771 -0.017325
1542151690.819726 0.722048 0.853641 0.524178 0.578188 -0.116316 0.807375 -0.017739
1542151690.824731 0.719864 0.852292 0.523601 0.59411 -0.111215 0.796473 -0.017189
1542151690.829729 0.717779 0.850837 0.523013 0.610348 -0.104946 0.784966 -0.017044
1542151690.834724 0.715828 0.849528 0.522224 0.626815 -0.096856 0.772874 -0.019687
1542151690.839716 0.714199 0.84798 0.521488 0.644056 -0.083866 0.759966 -0.024696
1542151690.844707 0.712183 0.847444 0.520542 0.660556 -0.080115 0.745883 -0.030083
1542151690.8497 0.710675 0.846586 0.51953 0.675598 -0.074012 0.732684 -0.035537
1542151690.854688 0.709126 0.845553 0.51848 0.688835 -0.071149 0.720512 -0.036154
1542151690.859681 0.707888 0.844978 0.517237 0.700599 -0.067195 0.709233 -0.040426
1542151690.864678 0.706869 0.844098 0.515842 0.711591 -0.055278 0.698656 -0.049631
1542151690.869678 0.705702 0.84337 0.514367 0.720847 -0.049189 0.689005 -0.05686
1542151690.874681 0.70462 0.842333 0.512714 0.730765 -0.036126 0.67885 -0.061964
1542151690.879685 0.703731 0.841804 0.510929 0.737893 -0.034155 0.670786 -0.066276
1542151690.884687 0.70258 0.841384 0.509032 0.74658 -0.0283 0.660301 -0.076292
1542151690.889692 0.701616 0.841029 0.50702 0.754284 -0.021354 0.650964 -0.082744
1542151690.8947 0.700875 0.840695 0.504851 0.758777 -0.015586 0.645315 -0.087078
1542151690.899705 0.700037 0.840688 0.502577 0.765133 -0.013057 0.636888 -0.093673
1542151690.904709 0.69913 0.84074 0.500229 0.77104 -0.008476 0.628764 -0.100404
1542151690.909702 0.698063 0.841105 0.497851 0.776901 -0.004852 0.620008 -0.109507
1542151690.914693 0.697013 0.841851 0.495334 0.783719 -0.001046 0.610308 -0.115361
1542151690.919682 0.695671 0.842724 0.492788 0.790134 0.004153 0.600705 -0.121757
1542151690.92467 0.694354 0.843458 0.490406 0.797035 0.011728 0.588551 -0.134929
1542151690.929657 0.69238 0.844417 0.488212 0.803924 0.015763 0.577714 -0.140369
1542151690.934647 0.690866 0.846136 0.48546 0.808092 0.017432 0.571717 -0.140795
1542151690.939639 0.689226 0.848063 0.482825 0.810478 0.01585 0.567047 -0.146052
1542151690.944638 0.686986 0.849572 0.480575 0.813702 0.015747 0.560101 -0.154683
1542151690.949643 0.685331 0.852151 0.477853 0.816122 0.01148 0.555272 -0.159644
1542151690.954654 0.68323 0.854565 0.475356 0.817543 0.00752 0.552006 -0.163881
1542151690.959664 0.681196 0.857592 0.472654 0.817551 0.001067 0.550901 -0.167679
1542151690.964673 0.679226 0.860735 0.470242 0.818504 -0.002436 0.550542 -0.16416
1542151690.969683 0.67717 0.864122 0.467626 0.819934 -0.007164 0.546792 -0.169339
1542151690.974691 0.675321 0.86751 0.465295 0.816247 -0.016669 0.549881 -0.176336
1542151690.979705 0.673714 0.871316 0.462785 0.815509 -0.018906 0.549895 -0.179454
1542151690.984716 0.671905 0.875452 0.460215 0.817205 -0.019462 0.546471 -0.182118
1542151690.989731 0.670461 0.879617 0.457881 0.816603 -0.020875 0.546243 -0.185318
1542151690.994744 0.669216 0.884172 0.45548 0.815877 -0.020984 0.546523 -0.187664
1542151690.999751 0.668058 0.888689 0.453168 0.811605 -0.026459 0.55253 -0.187902
1542151691.004751 0.666629 0.893287 0.450927 0.811507 -0.024392 0.551805 -0.190715
1542151691.009744 0.665506 0.898256 0.448503 0.809168 -0.028533 0.554808 -0.191367
1542151691.014731 0.664659 0.903243 0.446068 0.804639 -0.03208 0.561326 -0.19089
1542151691.019712 0.663846 0.908555 0.443618 0.801522 -0.03605 0.566609 -0.187664
1542151691.024692 0.662964 0.914004 0.441212 0.797653 -0.040537 0.571416 -0.188656
1542151691.029679 0.662487 0.919567 0.438804 0.795299 -0.043226 0.575098 -0.186798
1542151691.034671 0.662193 0.924647 0.436742 0.792872 -0.040181 0.578934 -0.185944
1542151691.039667 0.661912 0.930126 0.434568 0.788183 -0.042163 0.58539 -0.185225
1542151691.044664 0.662015 0.935868 0.432423 0.785668 -0.041732 0.58974 -0.182185
1542151691.049663 0.662012 0.941367 0.430427 0.780523 -0.042705 0.596653 -0.181561
1542151691.054664 0.662243 0.946987 0.428513 0.778804 -0.039777 0.600024 -0.178472
1542151691.059663 0.662645 0.952512 0.426687 0.774217 -0.039928 0.606834 -0.175347
1542151691.064667 0.66295 0.957767 0.425072 0.768563 -0.040201 0.615787 -0.168824
1542151691.069671 0.663595 0.963297 0.423264 0.764299 -0.041923 0.623928 -0.157492
1542151691.074673 0.664284 0.968476 0.42163 0.756921 -0.045187 0.634549 -0.149585
1542151691.079677 0.66512 0.973793 0.419842 0.749891 -0.049701 0.646054 -0.133446
1542151691.084683 0.666035 0.978935 0.418114 0.742383 -0.054559 0.656561 -0.121729
1542151691.089689 0.667152 0.98404 0.416307 0.734651 -0.059414 0.666809 -0.110107
1542151691.094693 0.668205 0.988918 0.414672 0.725945 -0.064758 0.67646 -0.105887
1542151691.099698 0.669679 0.99397 0.412793 0.721296 -0.06727 0.682423 -0.097494
1542151691.104701 0.671162 0.998819 0.410905 0.713442 -0.071975 0.69124 -0.089477
1542151691.109704 0.673131 1.003766 0.408907 0.710107 -0.073734 0.695161 -0.084038
1542151691.114706 0.675141 1.008868 0.406681 0.705499 -0.077492 0.700032 -0.078872
1542151691.119705 0.677467 1.013852 0.404254 0.699744 -0.079055 0.706034 -0.074996
1542151691.124705 0.679926 1.018254 0.402093 0.693113 -0.083667 0.712472 -0.070551
1542151691.129705 0.682675 1.022916 0.399543 0.687014 -0.086594 0.718425 -0.066164
1542151691.134701 0.685437 1.027123 0.397112 0.679453 -0.091811 0.725152 -0.063779
1542151691.139698 0.688502 1.03128 0.394595 0.671768 -0.098149 0.731681 -0.061131
1542151691.144692 0.691664 1.035294 0.391963 0.663346 -0.106045 0.738619 -0.056296
1542151691.149683 0.694865 1.038882 0.389451 0.652482 -0.11334 0.747468 -0.052088
1542151691.154674 0.698395 1.042178 0.386889 0.640926 -0.119914 0.756801 -0.045685
1542151691.159663 0.70187 1.045256 0.384365 0.628611 -0.12657 0.766314 -0.039886
1542151691.164655 0.705604 1.047726 0.382097 0.614279 -0.132368 0.777179 -0.033658
1542151691.169653 0.709578 1.050163 0.379646 0.599424 -0.140976 0.787687 -0.019122
1542151691.174651 0.713245 1.051977 0.377606 0.585014 -0.1458 0.797696 -0.01349
1542151691.179651 0.717197 1.053792 0.375631 0.571319 -0.150698 0.806729 -0.008507
1542151691.184653 0.721148 1.055536 0.373786 0.560669 -0.154231 0.8135 -0.008974
1542151691.189658 0.724788 1.056963 0.37198 0.551687 -0.160704 0.81841 -0.004596
1542151691.194668 0.728796 1.058019 0.370196 0.541027 -0.169998 0.823642 -0.002095
1542151691.199678 0.732563 1.058219 0.36887 0.532859 -0.172417 0.828444 0.003763
1542151691.204687 0.73685 1.058492 0.367529 0.519259 -0.179523 0.835537 0.004431
1542151691.209696 0.739733 1.055481 0.368032 0.50993 -0.183892 0.840253 0.01139
1542151691.214704 0.743444 1.05617 0.366527 0.514533 -0.183701 0.837544 -0.00538
1542151691.219707 0.7473 1.055359 0.365842 0.506254 -0.191787 0.840753 -0.007705
1542151691.22471 0.751373 1.054329 0.36461 0.502574 -0.191725 0.842999 0.00358
1542151691.229708 0.755025 1.0519 0.363872 0.498118 -0.187772 0.846376 0.016325
1542151691.234708 0.75868 1.049832 0.36344 0.492364 -0.187526 0.849668 0.021843
1542151691.239705 0.762203 1.047164 0.363266 0.484454 -0.188058 0.853862 0.029294
1542151691.244702 0.765884 1.044369 0.363145 0.475264 -0.190384 0.858244 0.036002
1542151691.249697 0.769719 1.04166 0.362901 0.466111 -0.190333 0.863043 0.040872
1542151691.254689 0.773467 1.0386 0.362895 0.455052 -0.192314 0.868194 0.046711
1542151691.25968 0.777514 1.035698 0.362712 0.44382 -0.193246 0.873554 0.050819
1542151691.264672 0.78128 1.032213 0.363044 0.431654 -0.196967 0.87856 0.054881
1542151691.269662 0.785178 1.028586 0.363403 0.418135 -0.198737 0.884416 0.058947
1542151691.27465 0.789311 1.025212 0.36353 0.404802 -0.201791 0.889509 0.064727
1542151691.279643 0.793271 1.021217 0.364165 0.392422 -0.202618 0.894775 0.065792
1542151691.284643 0.797298 1.017242 0.364711 0.379372 -0.203134 0.899961 0.06988
1542151691.289645 0.801169 1.012976 0.365621 0.366516 -0.204816 0.904626 0.073273
1542151691.29465 0.805122 1.008388 0.366651 0.354672 -0.202322 0.909675 0.075932
1542151691.299658 0.809259 1.004454 0.367395 0.340802 -0.204431 0.913912 0.082624
1542151691.304669 0.813128 0.999476 0.368762 0.330198 -0.203108 0.918046 0.083116
1542151691.309683 0.817162 0.994802 0.369948 0.318714 -0.203781 0.921628 0.086586
1542151691.314698 0.821078 0.990208 0.371248 0.307679 -0.205729 0.924602 0.090114
1542151691.319706 0.825061 0.985261 0.37261 0.29763 -0.206088 0.927625 0.091956
1542151691.324712 0.828868 0.980127 0.374143 0.289549 -0.206456 0.930214 0.090765
1542151691.329717 0.832764 0.97493 0.375652 0.278845 -0.207318 0.933021 0.093467
1542151691.334715 0.836439 0.969427 0.377428 0.272101 -0.207073 0.935305 0.091035
1542151691.339709 0.840146 0.964041 0.379211 0.26261 -0.210075 0.937323 0.091271
1542151691.344704 0.843749 0.958536 0.381112 0.255128 -0.207357 0.940089 0.090254
1542151691.349696 0.847337 0.953209 0.383004 0.244498 -0.209407 0.942264 0.092241
1542151691.354688 0.850712 0.947866 0.385012 0.235321 -0.209398 0.944374 0.094518
1542151691.359672 0.854097 0.942564 0.387077 0.225209 -0.210037 0.946623 0.095234
1542151691.364664 0.857163 0.936954 0.389414 0.215793 -0.20948 0.948886 0.095746
1542151691.36966 0.860107 0.931368 0.391831 0.205042 -0.21036 0.950713 0.099253
1542151691.374653 0.863015 0.925678 0.394384 0.191197 -0.209697 0.95353 0.10125
1542151691.379656 0.865991 0.920214 0.396804 0.177538 -0.209178 0.956108 0.102877
1542151691.38466 0.868459 0.914627 0.399533 0.166378 -0.208721 0.957999 0.104844
1542151691.389667 0.870961 0.909027 0.402272 0.152392 -0.209462 0.959868 0.107503
1542151691.394674 0.87346 0.903505 0.404884 0.137924 -0.208203 0.962163 0.108954
1542151691.399683 0.875826 0.898206 0.407612 0.122175 -0.213245 0.962955 0.110985
1542151691.404692 0.878024 0.892534 0.410273 0.107789 -0.211634 0.964992 0.111283
1542151691.409702 0.880181 0.886979 0.412803 0.093419 -0.212551 0.966439 0.109953
1542151691.414707 0.882317 0.881614 0.415237 0.077809 -0.21726 0.967003 0.107928
1542151691.419711 0.884322 0.876052 0.417651 0.062231 -0.218905 0.96778 0.107746
1542151691.424704 0.886381 0.870644 0.42 0.046659 -0.220143 0.968419 0.107356
1542151691.429695 0.888256 0.865439 0.422275 0.0334 -0.223051 0.968529 0.105282
1542151691.434685 0.890099 0.860038 0.424541 0.016402 -0.225928 0.968201 0.106186
1542151691.439674 0.891712 0.8548 0.426691 0.003561 -0.22877 0.968035 0.102764
1542151691.444662 0.8932 0.849625 0.429028 -0.010796 -0.231449 0.967204 0.104071
1542151691.449654 0.894468 0.844232 0.431459 -0.025276 -0.231749 0.966668 0.105858
1542151691.454653 0.895808 0.839276 0.433777 -0.036846 -0.232616 0.966018 0.106497
1542151691.459656 0.897141 0.834342 0.436155 -0.048533 -0.233651 0.964889 0.109734
1542151691.46466 0.898156 0.829352 0.438709 -0.058831 -0.233361 0.963941 0.113576
1542151691.469667 0.899214 0.824403 0.441208 -0.06732 -0.231126 0.963705 0.11542
1542151691.474671 0.900256 0.819606 0.443737 -0.074681 -0.228735 0.963496 0.11738
1542151691.479675 0.901122 0.814837 0.446377 -0.08313 -0.227061 0.962748 0.121035
1542151691.48468 0.902028 0.81022 0.448938 -0.089069 -0.225778 0.962448 0.121597
1542151691.489684 0.902898 0.805479 0.451549 -0.095229 -0.222399 0.962444 0.12317
1542151691.494695 0.90359 0.800893 0.454113 -0.10094 -0.219862 0.962276 0.124483
1542151691.4997 0.904272 0.796299 0.456637 -0.107794 -0.216821 0.962071 0.125657
1542151691.504703 0.905025 0.791912 0.459085 -0.11459 -0.213904 0.961629 0.127998
1542151691.509701 0.905589 0.787343 0.461502 -0.12119 -0.209678 0.961703 0.128354
1542151691.514696 0.905969 0.782927 0.463928 -0.126911 -0.206642 0.96143 0.129791
1542151691.519686 0.906567 0.778615 0.46622 -0.133209 -0.202638 0.961137 0.131942
1542151691.524676 0.907114 0.774606 0.468517 -0.139616 -0.201663 0.960023 0.134891
1542151691.529664 0.907327 0.770328 0.470808 -0.144912 -0.198456 0.959777 0.135806
1542151691.534654 0.907774 0.766283 0.472963 -0.150443 -0.194567 0.959344 0.138457
1542151691.539647 0.907577 0.7621 0.475287 -0.15208 -0.192359 0.959421 0.139214
1542151691.544642 0.907909 0.758256 0.477322 -0.155121 -0.190713 0.958999 0.14102
1542151691.54964 0.908212 0.754491 0.479342 -0.157082 -0.19015 0.958381 0.143783
1542151691.554642 0.908451 0.750614 0.481281 -0.155835 -0.186682 0.959295 0.143592
1542151691.559646 0.908808 0.746875 0.483175 -0.155775 -0.184106 0.959393 0.146303
1542151691.564653 0.909167 0.743246 0.484939 -0.154919 -0.182636 0.959675 0.147205
1542151691.569659 0.909574 0.739676 0.486679 -0.15443 -0.181581 0.959786 0.148295
1542151691.574666 0.909991 0.736227 0.488281 -0.153594 -0.181584 0.959775 0.149226
1542151691.579673 0.910466 0.732704 0.489843 -0.153019 -0.180282 0.960093 0.14935
1542151691.584678 0.910968 0.729419 0.491291 -0.153584 -0.180555 0.959711 0.150883
1542151691.589682 0.911358 0.726077 0.492714 -0.154452 -0.17948 0.95967 0.151543
1542151691.594684 0.911773 0.722986 0.494024 -0.155852 -0.181038 0.959038 0.152255
1542151691.599684 0.912173 0.719822 0.495263 -0.158354 -0.181329 0.958813 0.150737
1542151691.604683 0.912585 0.716821 0.496486 -0.162332 -0.182165 0.957755 0.152218
1542151691.609677 0.912917 0.713944 0.497589 -0.166007 -0.18481 0.956705 0.151663
1542151691.614668 0.913203 0.711124 0.498703 -0.169756 -0.185545 0.955753 0.152618
1542151691.61966 0.913605 0.708384 0.499765 -0.174232 -0.186941 0.954508 0.153661
1542151691.624653 0.913935 0.705744 0.500726 -0.177873 -0.188624 0.953489 0.153758
1542151691.629646 0.914167 0.703244 0.501695 -0.180426 -0.189876 0.952715 0.154041
1542151691.634641 0.914387 0.700819 0.502721 -0.182144 -0.191947 0.952095 0.15328
1542151691.639639 0.914673 0.698517 0.503681 -0.183444 -0.193926 0.951368 0.153753
1542151691.64464 0.914975 0.696357 0.504592 -0.184054 -0.194929 0.951066 0.153624
1542151691.649642 0.915116 0.694333 0.505522 -0.182978 -0.195056 0.951015 0.155058
1542151691.654645 0.915279 0.692422 0.506456 -0.182353 -0.194982 0.950763 0.157413
1542151691.659647 0.915401 0.690683 0.507331 -0.18109 -0.196659 0.950531 0.158182
1542151691.664652 0.915553 0.689263 0.508182 -0.180318 -0.198304 0.949859 0.161024
1542151691.669657 0.915528 0.687849 0.509027 -0.177692 -0.199284 0.949994 0.161936
1542151691.674667 0.915537 0.686628 0.50989 -0.175924 -0.201026 0.949523 0.164455
1542151691.679673 0.915396 0.685556 0.510683 -0.172998 -0.201467 0.949586 0.166642
1542151691.684677 0.915286 0.684666 0.511424 -0.170536 -0.20222 0.949399 0.169309
1542151691.68968 0.915055 0.683894 0.512142 -0.166746 -0.204202 0.949426 0.170553
1542151691.694681 0.914877 0.683459 0.512765 -0.163832 -0.207691 0.948914 0.172002
1542151691.69968 0.914549 0.683063 0.513438 -0.158233 -0.209667 0.949251 0.172989
1542151691.704679 0.914146 0.682755 0.51399 -0.152459 -0.211732 0.949609 0.173689
1542151691.709675 0.91376 0.68274 0.514493 -0.145784 -0.214452 0.949794 0.175069
1542151691.71467 0.913297 0.682855 0.515019 -0.138268 -0.2182 0.950018 0.175321
1542151691.719664 0.912788 0.683143 0.515429 -0.130425 -0.222473 0.950178 0.17509
1542151691.724669 0.912166 0.683563 0.515834 -0.120443 -0.226049 0.950615 0.17529
1542151691.729674 0.911605 0.684178 0.516224 -0.110058 -0.229977 0.951008 0.174874
1542151691.734676 0.910942 0.684933 0.516575 -0.098447 -0.233872 0.951533 0.173776
1542151691.739675 0.91037 0.685983 0.516885 -0.087232 -0.23855 0.951589 0.173097
1542151691.744676 0.909508 0.687046 0.517288 -0.07347 -0.241789 0.952242 0.171395
1542151691.749672 0.908673 0.68833 0.51772 -0.06065 -0.246385 0.952313 0.16946
1542151691.754667 0.907693 0.68969 0.518198 -0.046508 -0.249274 0.952883 0.166474
1542151691.759662 0.906447 0.691162 0.518772 -0.03111 -0.251112 0.953359 0.164568
1542151691.76466 0.905167 0.692765 0.51945 -0.016376 -0.253362 0.953538 0.162189
1542151691.769656 0.903678 0.694445 0.520265 -0.00117 -0.253852 0.953929 0.159931
1542151691.774655 0.902135 0.696267 0.52113 0.011792 -0.254223 0.953783 0.159778
1542151691.779655 0.900337 0.698234 0.522209 0.028205 -0.254237 0.953817 0.157481
1542151691.784656 0.898509 0.700311 0.523368 0.041724 -0.253613 0.953597 0.156821
1542151691.789655 0.896482 0.702393 0.524651 0.056556 -0.253236 0.953273 0.154739
1542151691.794655 0.89435 0.704465 0.526066 0.070688 -0.251076 0.953312 0.152183
1542151691.799655 0.892251 0.70679 0.527496 0.08227 -0.249375 0.952703 0.152975
1542151691.804657 0.889874 0.708955 0.529192 0.095938 -0.248464 0.95219 0.14965
1542151691.809659 0.887479 0.71124 0.530907 0.110156 -0.245652 0.951863 0.146554
1542151691.81466 0.884955 0.713421 0.532878 0.126532 -0.241748 0.951665 0.140998
1542151691.819659 0.882535 0.715809 0.534879 0.139498 -0.239406 0.950672 0.139457
1542151691.82466 0.879761 0.717957 0.537126 0.157806 -0.235043 0.949432 0.135761
1542151691.82966 0.876895 0.71993 0.539672 0.173581 -0.230396 0.948377 0.131785
1542151691.834661 0.873973 0.721935 0.542283 0.190725 -0.225913 0.946691 0.127921
1542151691.83966 0.870955 0.723893 0.54513 0.208028 -0.221685 0.944448 0.124893
1542151691.844661 0.867755 0.725714 0.548073 0.226367 -0.214942 0.94223 0.121494
1542151691.849662 0.864327 0.727306 0.551315 0.243883 -0.207837 0.939877 0.118137
1542151691.854661 0.860999 0.729065 0.554686 0.261598 -0.201006 0.936468 0.119127
1542151691.859658 0.857421 0.730699 0.558189 0.27894 -0.194961 0.93275 0.119
1542151691.864657 0.853807 0.732097 0.561933 0.293962 -0.189064 0.9291 0.120888
1542151691.869654 0.85014 0.733669 0.565675 0.309211 -0.183011 0.925199 0.122077
1542151691.874653 0.846564 0.73485 0.569721 0.321097 -0.177494 0.921541 0.127101
1542151691.879654 0.842921 0.735889 0.574002 0.331541 -0.172954 0.918286 0.13007
1542151691.884656 0.839538 0.737019 0.578289 0.342714 -0.167102 0.914793 0.133335
1542151691.889657 0.836338 0.737901 0.582788 0.352396 -0.160206 0.911828 0.13682
1542151691.894657 0.833321 0.738455 0.587502 0.36152 -0.153627 0.909185 0.13815
1542151691.899657 0.830784 0.739134 0.592273 0.368463 -0.147695 0.906294 0.145093
1542151691.90466 0.828426 0.739333 0.597257 0.37573 -0.141641 0.903708 0.148582
1542151691.909659 0.826363 0.739298 0.602202 0.384306 -0.134026 0.901129 0.149372
1542151691.914658 0.824649 0.739039 0.607246 0.391481 -0.127624 0.898842 0.150129
1542151691.919658 0.823142 0.738802 0.612232 0.400945 -0.123161 0.895751 0.147326
1542151691.924659 0.821886 0.738138 0.617213 0.409979 -0.11656 0.893066 0.1441
1542151691.929661 0.820942 0.73721 0.622123 0.417475 -0.111256 0.890558 0.142281
1542151691.934673 0.820116 0.736052 0.62706 0.426183 -0.105687 0.887806 0.137835
1542151691.939754 0.819441 0.734627 0.631911 0.433614 -0.101025 0.88542 0.133429
1542151691.944814 0.818914 0.733246 0.636658 0.441128 -0.098529 0.88243 0.130443
1542151691.949848 0.818431 0.731587 0.641494 0.449246 -0.095017 0.87946 0.125298
1542151691.954857 0.818104 0.72964 0.646388 0.456963 -0.091171 0.876506 0.120872
1542151691.959841 0.817824 0.727511 0.651353 0.465838 -0.087082 0.872733 0.117255
1542151691.964806 0.817626 0.725249 0.656463 0.475548 -0.082385 0.86884 0.110384
1542151691.96976 0.817596 0.722882 0.661636 0.484499 -0.075831 0.864945 0.106683
1542151691.974707 0.817604 0.720194 0.666965 0.491792 -0.070162 0.861532 0.10479
1542151691.979644 0.81782 0.717607 0.672277 0.501929 -0.063283 0.856339 0.103664
1542151691.984592 0.818118 0.714718 0.67778 0.509617 -0.056354 0.852011 0.105793
1542151691.98955 0.818633 0.711699 0.683158 0.518943 -0.0478 0.846911 0.105621
1542151691.994519 0.819185 0.708541 0.688664 0.529783 -0.037133 0.840856 0.104468
1542151691.999504 0.819917 0.705328 0.694181 0.541862 -0.02797 0.833662 0.103008
1542151692.004503 0.820722 0.702276 0.699522 0.553238 -0.019271 0.826094 0.105474
1542151692.009519 0.821542 0.698389 0.705 0.566188 -0.003187 0.817827 0.102856
1542151692.014548 0.822489 0.695193 0.710069 0.579167 0.001462 0.808622 0.103412
1542151692.019586 0.823496 0.691919 0.715193 0.591115 0.010225 0.799872 0.103357
1542151692.024627 0.824496 0.688424 0.720081 0.602578 0.014857 0.790741 0.10681
1542151692.029666 0.825507 0.684979 0.724687 0.612626 0.019811 0.782725 0.107888
1542151692.034701 0.82651 0.681027 0.729329 0.624153 0.027751 0.774756 0.097042
1542151692.03973 0.827442 0.677493 0.733416 0.63353 0.029629 0.766769 0.099131
1542151692.044749 0.828236 0.673603 0.73778 0.641114 0.034986 0.760353 0.098039
1542151692.049756 0.829131 0.669738 0.741726 0.650705 0.038818 0.752002 0.097821
1542151692.054751 0.829898 0.665855 0.745552 0.661186 0.043952 0.743046 0.093719
1542151692.059739 0.830811 0.661928 0.749208 0.670265 0.04665 0.7346 0.094505
1542151692.064722 0.831815 0.657605 0.752914 0.679689 0.055666 0.725914 0.089293
1542151692.0697 0.832731 0.653397 0.756316 0.690711 0.067864 0.714123 0.091327
1542151692.074679 0.833798 0.649403 0.75976 0.703345 0.077627 0.701247 0.086783
1542151692.079659 0.834736 0.645463 0.762861 0.71539 0.081699 0.688414 0.08734
1542151692.084646 0.836088 0.641738 0.765896 0.727646 0.08841 0.675647 0.07885
1542151692.089638 0.83713 0.637879 0.769037 0.742583 0.094422 0.660037 0.063301
1542151692.094641 0.837961 0.634201 0.771876 0.756736 0.102398 0.643013 0.058299
1542151692.099649 0.838912 0.63068 0.774539 0.768734 0.107131 0.627645 0.060272
1542151692.104662 0.839804 0.627271 0.777092 0.779179 0.111441 0.614137 0.057417
1542151692.109674 0.840623 0.623909 0.779603 0.789197 0.116139 0.600881 0.051192
1542151692.114686 0.841511 0.62078 0.782043 0.79863 0.118695 0.587776 0.051189
1542151692.119696 0.842389 0.617679 0.784393 0.80525 0.121126 0.578405 0.048462
1542151692.124703 0.843191 0.614832 0.786585 0.811346 0.125057 0.569087 0.047104
1542151692.129709 0.844045 0.611949 0.788687 0.816931 0.129533 0.560307 0.043599
1542151692.134711 0.844998 0.609603 0.790753 0.821917 0.133301 0.551703 0.048029
1542151692.13971 0.845917 0.607162 0.792621 0.826239 0.136661 0.54443 0.047415
1542151692.144708 0.846868 0.604889 0.794349 0.82981 0.139381 0.538388 0.046109
1542151692.149703 0.847864 0.602887 0.795912 0.832697 0.142127 0.533104 0.047064
1542151692.154702 0.848897 0.600968 0.797368 0.8354 0.144555 0.528271 0.046261
1542151692.159696 0.850033 0.59929 0.798575 0.838145 0.147771 0.523025 0.046058
1542151692.164691 0.85123 0.597772 0.799662 0.840337 0.149527 0.519002 0.045969
1542151692.169685 0.852477 0.596386 0.800585 0.843408 0.151391 0.51391 0.040494
1542151692.174681 0.853768 0.595251 0.80131 0.84613 0.154504 0.508836 0.035744
1542151692.179678 0.854987 0.594281 0.801945 0.850321 0.159755 0.500858 0.023959
1542151692.184678 0.856309 0.593666 0.802263 0.852285 0.162049 0.496698 0.025324
1542151692.189677 0.857694 0.593184 0.802454 0.854598 0.164842 0.492086 0.018488
1542151692.194676 0.859079 0.592822 0.802492 0.856843 0.167234 0.487661 0.006377
1542151692.199676 0.860616 0.592631 0.802337 0.857757 0.168665 0.485596 0.001276
1542151692.204679 0.862142 0.592619 0.802026 0.858352 0.170908 0.483747 -0.003396
1542151692.209679 0.863782 0.592781 0.801541 0.858218 0.172022 0.483519 -0.008968
1542151692.214677 0.865436 0.593209 0.800782 0.857617 0.172063 0.484487 -0.012673
1542151692.219676 0.867128 0.593695 0.799969 0.856631 0.173561 0.485511 -0.018411
1542151692.224678 0.868911 0.594469 0.798941 0.854748 0.173329 0.488824 -0.020332
1542151692.229675 0.870643 0.595193 0.797869 0.85189 0.173095 0.493789 -0.022207
1542151692.234673 0.872434 0.596163 0.796542 0.849037 0.174438 0.498048 -0.02562
1542151692.239673 0.874332 0.597282 0.7951 0.844985 0.175032 0.504496 -0.029129
1542151692.244676 0.876459 0.598613 0.793411 0.84127 0.175311 0.510268 -0.034027
1542151692.24968 0.878374 0.599917 0.791762 0.835732 0.174169 0.519437 -0.03745
1542151692.254682 0.879959 0.601597 0.789895 0.830062 0.169828 0.530118 -0.033632
1542151692.259684 0.881984 0.603406 0.787858 0.822846 0.168014 0.541883 -0.032531
1542151692.264686 0.883967 0.605384 0.785624 0.814969 0.161057 0.556003 -0.027309
1542151692.26969 0.885626 0.607192 0.783485 0.810252 0.170615 0.559681 -0.033749
1542151692.2747 0.887614 0.609313 0.780777 0.800627 0.166314 0.574686 -0.032735
1542151692.279706 0.889636 0.611686 0.778058 0.790021 0.163895 0.589815 -0.033511
1542151692.284716 0.891263 0.614179 0.77551 0.780044 0.156174 0.605345 -0.026431
1542151692.289723 0.893453 0.616785 0.772304 0.767968 0.150965 0.621475 -0.034696
1542151692.294725 0.895328 0.619682 0.769277 0.75464 0.142084 0.639711 -0.033168
1542151692.29972 0.897821 0.623661 0.765318 0.739153 0.136716 0.658186 -0.041875
1542151692.304715 0.899869 0.626848 0.761732 0.722422 0.128797 0.677203 -0.053978
1542151692.309709 0.902077 0.630677 0.758027 0.705606 0.120129 0.695966 -0.05763
1542151692.314703 0.90427 0.634807 0.754108 0.687692 0.110793 0.71477 -0.062524
1542151692.319699 0.906322 0.638941 0.750214 0.671722 0.108062 0.729245 -0.072902
1542151692.324695 0.908474 0.643484 0.74619 0.6545 0.096562 0.746633 -0.069607
1542151692.329688 0.910547 0.648146 0.742044 0.639488 0.098987 0.757869 -0.083012
1542151692.334686 0.912803 0.653089 0.737583 0.619009 0.091492 0.774665 -0.091385
1542151692.339687 0.914859 0.658227 0.73306 0.599995 0.0839 0.789693 -0.096703
1542151692.344687 0.916864 0.663458 0.728373 0.580981 0.079311 0.803169 -0.105309
1542151692.349687 0.918765 0.66879 0.723593 0.561512 0.068585 0.817458 -0.108454
1542151692.354685 0.920473 0.674403 0.718455 0.543423 0.064003 0.828977 -0.115723
1542151692.359685 0.921886 0.680142 0.713021 0.525599 0.058552 0.840039 -0.121046
1542151692.364687 0.923174 0.686251 0.707366 0.511335 0.046753 0.848778 -0.1262
1542151692.369687 0.924336 0.691703 0.70153 0.494533 0.045184 0.858425 -0.128456
1542151692.374685 0.925064 0.697676 0.695522 0.482067 0.036576 0.865434 -0.131517
1542151692.379679 0.925689 0.703296 0.689545 0.473568 0.028788 0.869774 -0.135639
1542151692.384676 0.925913 0.709449 0.68306 0.467317 0.019771 0.872883 -0.138926
1542151692.389673 0.925725 0.715514 0.6766 0.464387 0.010882 0.87354 -0.145446
1542151692.394673 0.925517 0.721668 0.669936 0.465533 0.003448 0.871544 -0.153876
1542151692.399672 0.924913 0.727524 0.663183 0.466546 -0.000561 0.870034 -0.159295
1542151692.404671 0.924188 0.733824 0.655964 0.469042 -0.00163 0.868528 -0.160175
1542151692.409671 0.922869 0.739807 0.648861 0.47233 -0.005038 0.865729 -0.165506
1542151692.414671 0.921204 0.746045 0.64161 0.479005 -0.011959 0.861123 -0.169936
1542151692.419675 0.919166 0.752436 0.634076 0.484145 -0.01823 0.857103 -0.175058
1542151692.424678 0.916759 0.758875 0.626385 0.492099 -0.022794 0.85087 -0.182588
1542151692.429683 0.913171 0.766093 0.618606 0.505651 -0.04028 0.838053 -0.200901
1542151692.434691 0.910026 0.772511 0.610617 0.512114 -0.046369 0.833211 -0.203342
1542151692.439697 0.906086 0.778705 0.60282 0.520617 -0.053286 0.826144 -0.208817
1542151692.444704 0.901792 0.784973 0.594843 0.525646 -0.064315 0.820959 -0.213509
1542151692.44971 0.896962 0.791237 0.586798 0.531638 -0.074572 0.815436 -0.216483
1542151692.454719 0.891646 0.796791 0.579019 0.535971 -0.083292 0.809979 -0.223007
1542151692.459723 0.885911 0.802681 0.571031 0.541667 -0.096301 0.804316 -0.224497
1542151692.464725 0.879933 0.807278 0.563362 0.541579 -0.100787 0.803226 -0.226631
1542151692.469725 0.873568 0.812008 0.555615 0.546947 -0.108044 0.798914 -0.225638
1542151692.47472 0.866138 0.818137 0.547439 0.554488 -0.1306 0.789683 -0.227788
1542151692.479711 0.858842 0.822707 0.539722 0.562547 -0.138935 0.782502 -0.227876
1542151692.4847 0.851307 0.827011 0.532335 0.568634 -0.149454 0.776147 -0.227848
1542151692.48969 0.843545 0.831099 0.52527 0.57655 -0.158046 0.768937 -0.226599
1542151692.494683 0.835571 0.83484 0.518476 0.585753 -0.164544 0.761452 -0.223629
1542151692.499676 0.827479 0.838607 0.512035 0.596099 -0.167974 0.75278 -0.2231
1542151692.50467 0.819343 0.841786 0.506054 0.607923 -0.169368 0.743641 -0.220777
1542151692.509665 0.811341 0.844685 0.500557 0.618041 -0.169609 0.736373 -0.216825
1542151692.514665 0.803297 0.847773 0.495423 0.631207 -0.170994 0.725081 -0.215864
1542151692.519669 0.795406 0.850674 0.490666 0.644075 -0.170444 0.715031 -0.21177
1542151692.524677 0.787686 0.852999 0.486401 0.65426 -0.167276 0.706562 -0.211502
1542151692.529691 0.780075 0.855337 0.482484 0.665542 -0.165783 0.697038 -0.209065
1542151692.534704 0.77269 0.857313 0.478884 0.676582 -0.162783 0.6868 -0.209868
1542151692.539712 0.765522 0.858846 0.475713 0.68646 -0.158792 0.677833 -0.210002
1542151692.544716 0.758467 0.860179 0.472555 0.695958 -0.152626 0.669193 -0.211017
1542151692.549717 0.751604 0.861346 0.470031 0.705114 -0.149228 0.661282 -0.207969
1542151692.554707 0.744931 0.861909 0.467681 0.713606 -0.142521 0.653625 -0.207915
1542151692.559696 0.738431 0.862315 0.465638 0.721341 -0.13676 0.647267 -0.204963
1542151692.564686 0.732174 0.862326 0.46366 0.729665 -0.127707 0.639771 -0.204873
1542151692.569679 0.726241 0.862059 0.461559 0.734978 -0.111547 0.636689 -0.204917
1542151692.574672 0.720287 0.861935 0.460277 0.743578 -0.111202 0.627807 -0.201454
1542151692.579664 0.714639 0.861181 0.45903 0.749531 -0.102648 0.62304 -0.198716
1542151692.58466 0.709257 0.860238 0.458228 0.758631 -0.096802 0.613672 -0.196251
1542151692.589654 0.703982 0.85929 0.457491 0.765807 -0.091557 0.606698 -0.192547
1542151692.594657 0.698713 0.858642 0.456853 0.77311 -0.087688 0.599737 -0.186886
1542151692.599659 0.693876 0.85731 0.456504 0.779939 -0.079915 0.592622 -0.184683
1542151692.604664 0.688793 0.855866 0.456372 0.782112 -0.074315 0.591047 -0.182869
1542151692.609672 0.684443 0.85453 0.456244 0.796661 -0.063104 0.57393 -0.178756
1542151692.614681 0.680253 0.853516 0.456127 0.797632 -0.062814 0.573244 -0.17672
1542151692.619691 0.675947 0.852063 0.456201 0.804043 -0.055588 0.565925 -0.173646
1542151692.624698 0.671883 0.850597 0.456326 0.809315 -0.049148 0.558871 -0.173942
1542151692.629704 0.667998 0.849257 0.45617 0.816694 -0.041166 0.548506 -0.174522
1542151692.634708 0.66449 0.847975 0.456109 0.820721 -0.035474 0.54203 -0.177095
1542151692.639707 0.660769 0.846528 0.455925 0.823848 -0.031613 0.53641 -0.180387
1542151692.644706 0.657429 0.845149 0.455892 0.827497 -0.024526 0.529846 -0.184146
1542151692.649702 0.65408 0.843692 0.455882 0.834103 -0.015525 0.51924 -0.185527
1542151692.654698 0.651201 0.842588 0.455755 0.839795 -0.010027 0.507394 -0.19286
1542151692.659702 0.648332 0.84077 0.455827 0.84499 0.002814 0.496248 -0.199304
1542151692.664701 0.645787 0.839131 0.455759 0.84601 0.008423 0.489041 -0.212216
1542151692.669698 0.643352 0.838061 0.455378 0.850504 0.012522 0.484305 -0.204779
1542151692.674696 0.640996 0.836383 0.455571 0.852077 0.020984 0.477627 -0.213068
1542151692.679695 0.638797 0.834877 0.455627 0.855317 0.028005 0.46889 -0.21861
1542151692.684692 0.636457 0.833071 0.455975 0.860841 0.03886 0.453954 -0.226647
1542151692.689689 0.634676 0.831348 0.456146 0.864558 0.0475 0.440431 -0.237284
1542151692.694687 0.632787 0.829744 0.456249 0.866948 0.0505 0.436104 -0.235932
1542151692.699692 0.631473 0.82866 0.45589 0.863731 0.041922 0.450569 -0.221806
1542151692.704697 0.629933 0.827066 0.456154 0.862999 0.038576 0.454359 -0.217489
1542151692.709699 0.62837 0.825121 0.456621 0.865263 0.03942 0.449563 -0.218309
1542151692.714699 0.626877 0.823331 0.456965 0.868619 0.0436 0.442279 -0.219063
1542151692.719696 0.625615 0.821525 0.457373 0.868856 0.040511 0.442298 -0.21868
1542151692.724693 0.624 0.819571 0.457947 0.873433 0.052098 0.426713 -0.228731
1542151692.729691 0.623068 0.817881 0.458327 0.871694 0.046781 0.433901 -0.222915
1542151692.734688 0.622122 0.816198 0.458765 0.870042 0.046125 0.436661 -0.224115
1542151692.739686 0.621239 0.814551 0.459147 0.871035 0.050138 0.433142 -0.226214
1542151692.744687 0.620635 0.812939 0.45963 0.86876 0.04652 0.438559 -0.225295
1542151692.74969 0.620149 0.81141 0.459893 0.869014 0.046424 0.439193 -0.223089
1542151692.754692 0.61954 0.809727 0.4604 0.869008 0.047784 0.439435 -0.222348
1542151692.759692 0.618998 0.80833 0.460753 0.869133 0.050402 0.437474 -0.225131
1542151692.764691 0.618426 0.806512 0.461216 0.869997 0.049764 0.438779 -0.219322
1542151692.769691 0.617998 0.805028 0.46148 0.870348 0.059297 0.430293 -0.232006
1542151692.774691 0.617839 0.804048 0.461717 0.871433 0.062527 0.426596 -0.233902
1542151692.779692 0.617538 0.802621 0.462103 0.872244 0.06361 0.425076 -0.233356
1542151692.784693 0.617307 0.801356 0.462169 0.872685 0.062341 0.425898 -0.230534
1542151692.789688 0.617184 0.800341 0.462296 0.873963 0.063761 0.42412 -0.228572
1542151692.794674 0.617019 0.799011 0.462388 0.875361 0.061889 0.4234 -0.225046
1542151692.799673 0.61698 0.79794 0.462335 0.875567 0.060698 0.424523 -0.222436
1542151692.804677 0.616973 0.796906 0.462306 0.875487 0.059678 0.425407 -0.221336
1542151692.809681 0.61702 0.795865 0.462186 0.876286 0.059664 0.423657 -0.221534
1542151692.814684 0.616936 0.794724 0.462291 0.876394 0.059781 0.422741 -0.222822
1542151692.819687 0.616957 0.793688 0.462301 0.876401 0.062059 0.421542 -0.224439
1542151692.824692 0.616947 0.792618 0.462421 0.87625 0.0626 0.421802 -0.224388
1542151692.829693 0.616976 0.791665 0.462514 0.875413 0.06367 0.422304 -0.226402
1542151692.834698 0.617012 0.790678 0.462574 0.874253 0.061281 0.424913 -0.226663
1542151692.839701 0.616886 0.789571 0.46275 0.874586 0.063066 0.424942 -0.224825
1542151692.844702 0.616766 0.788492 0.46287 0.874111 0.059398 0.428693 -0.22051
1542151692.849703 0.616491 0.787319 0.463094 0.873375 0.057424 0.431904 -0.217665
1542151692.854704 0.616289 0.786412 0.463086 0.87309 0.054129 0.435091 -0.213259
1542151692.85971 0.615768 0.785459 0.463266 0.871931 0.053936 0.436579 -0.215003
1542151692.864711 0.615197 0.784376 0.463367 0.871094 0.050403 0.439616 -0.213054
1542151692.86971 0.614718 0.783223 0.463545 0.869498 0.043708 0.444515 -0.210878
1542151692.874707 0.614245 0.782402 0.463535 0.869308 0.037299 0.448135 -0.205151
1542151692.8797 0.613478 0.781357 0.463749 0.867882 0.036037 0.447979 -0.211655
1542151692.884691 0.612998 0.78082 0.463604 0.868482 0.02633 0.454606 -0.195908
1542151692.889683 0.612471 0.780329 0.46356 0.868027 0.023318 0.45551 -0.196202
1542151692.894678 0.612023 0.779894 0.463548 0.868138 0.022824 0.455445 -0.195925
1542151692.899679 0.611593 0.779397 0.463587 0.86871 0.023578 0.453752 -0.197222
1542151692.904681 0.611328 0.779181 0.463456 0.868914 0.022903 0.454052 -0.195707
1542151692.909684 0.611116 0.779003 0.463392 0.868992 0.024776 0.453644 -0.196078
1542151692.914688 0.610996 0.77887 0.463288 0.86876 0.026051 0.454076 -0.195939
1542151692.919686 0.610952 0.778734 0.463196 0.868237 0.027738 0.454668 -0.196651
1542151692.924684 0.610908 0.778698 0.463117 0.867901 0.02869 0.455893 -0.195155
1542151692.929681 0.611091 0.778808 0.462909 0.86787 0.030037 0.456887 -0.192753
1542151692.934678 0.611286 0.778978 0.462717 0.867412 0.032829 0.457716 -0.192393
1542151692.939674 0.611082 0.779065 0.462747 0.865462 0.033668 0.462194 -0.190313
1542151692.944667 0.611242 0.779249 0.462553 0.86495 0.033562 0.46385 -0.188623
1542151692.94966 0.611356 0.779488 0.462328 0.864072 0.032802 0.46624 -0.186877
1542151692.954657 0.611348 0.779851 0.462069 0.863191 0.033323 0.468595 -0.184957
1542151692.959655 0.611421 0.780421 0.461697 0.861633 0.03103 0.473587 -0.179836
1542151692.964657 0.611462 0.78102 0.461255 0.859423 0.027868 0.479197 -0.176028
1542151692.969662 0.611485 0.781628 0.460826 0.855499 0.021362 0.488045 -0.171688
1542151692.97467 0.61149 0.782405 0.46025 0.851734 0.015662 0.496615 -0.166366
1542151692.97968 0.611339 0.783235 0.459692 0.848271 0.0099 0.504001 -0.162239
1542151692.984696 0.611144 0.783931 0.459223 0.845594 0.006134 0.509619 -0.158814
1542151692.989708 0.611427 0.785348 0.45821 0.836324 -0.006269 0.527588 -0.148909
1542151692.994725 0.611656 0.786403 0.457493 0.828668 -0.014487 0.541816 -0.13977
1542151692.999731 0.61185 0.787396 0.456826 0.820696 -0.025166 0.555252 -0.132364
1542151693.004732 0.612163 0.7887 0.45589 0.811466 -0.033914 0.569756 -0.125506
1542151693.009726 0.612324 0.789863 0.455109 0.805657 -0.04019 0.578677 -0.120148
1542151693.014721 0.612797 0.791724 0.453848 0.795399 -0.050572 0.593962 -0.109508
1542151693.019713 0.613271 0.793186 0.452625 0.784715 -0.061486 0.607027 -0.109363
1542151693.024701 0.613856 0.795084 0.451295 0.775668 -0.066297 0.619389 -0.101492
1542151693.029688 0.614897 0.797067 0.449914 0.765496 -0.074217 0.631855 -0.096269
1542151693.034674 0.615997 0.798904 0.448537 0.752946 -0.081806 0.645914 -0.095787
1542151693.039667 0.617427 0.801209 0.446876 0.737333 -0.092629 0.663786 -0.084551
1542151693.044661 0.618903 0.803512 0.445289 0.720731 -0.101257 0.681221 -0.078942
1542151693.049656 0.620485 0.80571 0.443728 0.703009 -0.110673 0.698621 -0.073879
1542151693.054655 0.622073 0.807874 0.442289 0.684305 -0.118531 0.716093 -0.069907
1542151693.059656 0.623813 0.809858 0.440886 0.664203 -0.127293 0.733764 -0.064971
1542151693.064661 0.625521 0.812076 0.43942 0.642096 -0.135126 0.752313 -0.05899
1542151693.069669 0.627471 0.81426 0.437981 0.618289 -0.143969 0.771003 -0.05047
1542151693.074684 0.629355 0.816363 0.436594 0.592037 -0.152108 0.790252 -0.043103
1542151693.079696 0.631306 0.818592 0.435354 0.567141 -0.161659 0.806718 -0.037742
1542151693.084708 0.633016 0.821436 0.434205 0.54649 -0.17864 0.817392 -0.036154
1542151693.089719 0.635192 0.8236 0.432996 0.517349 -0.185324 0.83505 -0.026391
1542151693.094728 0.637302 0.825486 0.432054 0.49004 -0.192423 0.849949 -0.020517
1542151693.09973 0.639563 0.827312 0.430992 0.46033 -0.197238 0.865481 -0.011709
1542151693.104726 0.641911 0.829178 0.429986 0.430587 -0.204464 0.879075 -0.004136
1542151693.109718 0.644397 0.831112 0.428889 0.402001 -0.210742 0.891053 0.002924
1542151693.114705 0.646726 0.832577 0.428045 0.374053 -0.217181 0.901582 0.008169
1542151693.119692 0.648851 0.833498 0.427422 0.347558 -0.221604 0.911008 0.012657
1542151693.124678 0.651264 0.835051 0.426276 0.321798 -0.226004 0.919243 0.018968
1542151693.129668 0.653728 0.836514 0.425102 0.29666 -0.231371 0.926202 0.024705
1542151693.134662 0.656488 0.838019 0.423699 0.271047 -0.235463 0.932733 0.033178
1542151693.13966 0.65903 0.839556 0.422385 0.249307 -0.242562 0.936805 0.037502
1542151693.14466 0.661888 0.840909 0.42081 0.225053 -0.247187 0.941405 0.044799
1542151693.149664 0.664774 0.842168 0.419162 0.203361 -0.251486 0.944884 0.050924
1542151693.154662 0.667911 0.843515 0.417336 0.181847 -0.25643 0.947591 0.056971
1542151693.159661 0.671244 0.844755 0.415379 0.160972 -0.262584 0.949259 0.063599
1542151693.164661 0.674757 0.845962 0.413421 0.141837 -0.269626 0.950041 0.06787
1542151693.169666 0.678438 0.847162 0.411355 0.12382 -0.278776 0.949635 0.07174
1542151693.174674 0.682259 0.84818 0.409427 0.109078 -0.286581 0.948935 0.074129
1542151693.179683 0.686398 0.849191 0.407383 0.09507 -0.293566 0.948126 0.076412
1542151693.184691 0.690693 0.850052 0.405403 0.08319 -0.300261 0.947174 0.076055
1542151693.189696 0.695378 0.850634 0.403549 0.069836 -0.30499 0.946714 0.076396
1542151693.194696 0.700236 0.851298 0.401851 0.059034 -0.311376 0.94551 0.074642
1542151693.199694 0.705493 0.851799 0.400202 0.047818 -0.315734 0.944923 0.071731
1542151693.204693 0.710807 0.852059 0.398719 0.037705 -0.317833 0.944939 0.068201
1542151693.209691 0.716509 0.852272 0.397415 0.025999 -0.320753 0.944638 0.064039
1542151693.21469 0.722165 0.852467 0.396341 0.01641 -0.324591 0.943813 0.059907
1542151693.219687 0.728148 0.852458 0.395259 0.006815 -0.326345 0.943618 0.055112
1542151693.224682 0.73409 0.852338 0.394378 -0.003157 -0.329679 0.942643 0.052213
1542151693.229678 0.740211 0.852058 0.393613 -0.012423 -0.332494 0.941857 0.046883
1542151693.234675 0.746415 0.851588 0.392939 -0.021113 -0.333121 0.94168 0.042714
1542151693.239674 0.752656 0.851032 0.392378 -0.029694 -0.335137 0.940948 0.037647
1542151693.244677 0.758848 0.850271 0.391984 -0.037476 -0.338085 0.939853 0.031152
1542151693.249679 0.76518 0.849471 0.391661 -0.044809 -0.339711 0.939128 0.025041
1542151693.25468 0.771715 0.848665 0.391525 -0.054372 -0.342131 0.937778 0.023712
1542151693.259688 0.778028 0.847517 0.391532 -0.061398 -0.343986 0.936761 0.019571
1542151693.264694 0.784522 0.846465 0.391638 -0.068947 -0.345083 0.935888 0.016641
1542151693.269698 0.79072 0.844953 0.39196 -0.074613 -0.34521 0.935472 0.01245
1542151693.274702 0.797148 0.843602 0.392357 -0.080464 -0.345549 0.934901 0.009044
1542151693.279703 0.803416 0.842037 0.39298 -0.085583 -0.345496 0.934483 0.007053
1542151693.284708 0.809587 0.840275 0.39367 -0.090099 -0.343184 0.934925 0.004727
1542151693.289712 0.815675 0.838348 0.394516 -0.094535 -0.34098 0.935299 0.003302
1542151693.29471 0.821585 0.836209 0.395539 -0.097621 -0.338245 0.935981 0.001014
1542151693.299708 0.827412 0.834045 0.396727 -0.101635 -0.336406 0.936217 0.000132
1542151693.304704 0.833086 0.831657 0.398019 -0.104682 -0.332473 0.937284 -0.001542
1542151693.3097 0.838797 0.829362 0.399369 -0.110282 -0.330994 0.937164 -0.002032
1542151693.314694 0.844297 0.826943 0.400944 -0.114511 -0.327492 0.937886 -0.00244
1542151693.319688 0.849747 0.824417 0.402629 -0.119724 -0.325316 0.937991 -0.002993
1542151693.324683 0.855204 0.821941 0.40443 -0.127339 -0.324098 0.937413 -0.001253
1542151693.329677 0.860435 0.819307 0.406366 -0.133038 -0.322031 0.937332 -0.002436
1542151693.334672 0.865531 0.816618 0.408455 -0.140365 -0.320442 0.936808 -0.002429
1542151693.33967 0.870678 0.813956 0.410525 -0.147706 -0.317736 0.9366 -0.00248
1542151693.344671 0.875662 0.811303 0.412742 -0.156233 -0.316559 0.935617 -0.001874
1542151693.349672 0.880528 0.808614 0.415119 -0.164606 -0.317681 0.93379 -0.004353
1542151693.354675 0.885359 0.805764 0.417455 -0.174357 -0.314967 0.932948 -0.00162
1542151693.359678 0.889988 0.802943 0.419809 -0.182745 -0.314293 0.931569 -0.001855
1542151693.364683 0.894555 0.800087 0.422219 -0.191712 -0.313961 0.929877 -0.002124
1542151693.369687 0.898914 0.797152 0.424727 -0.199367 -0.311722 0.929022 -0.000397
1542151693.374691 0.903333 0.794366 0.427211 -0.208661 -0.31066 0.927327 0.003903
1542151693.379694 0.907357 0.791371 0.429817 -0.2144 -0.309652 0.926356 0.003638
1542151693.3847 0.911317 0.788438 0.432481 -0.220363 -0.307004 0.925813 0.007702
1542151693.389702 0.915173 0.785375 0.435178 -0.226761 -0.304404 0.925105 0.00995
1542151693.394705 0.918886 0.782444 0.437971 -0.232133 -0.302394 0.924386 0.013494
1542151693.399706 0.921988 0.779101 0.440887 -0.234015 -0.296647 0.925712 0.017197
1542151693.404706 0.925466 0.776103 0.443758 -0.238574 -0.29385 0.925374 0.020429
1542151693.409711 0.928802 0.773087 0.446708 -0.242087 -0.290422 0.925452 0.024252
1542151693.414712 0.932044 0.770153 0.449693 -0.246184 -0.286857 0.925379 0.027932
1542151693.419705 0.935066 0.767156 0.452698 -0.249556 -0.283053 0.925564 0.030562
1542151693.424699 0.938204 0.764425 0.455705 -0.255265 -0.280107 0.924733 0.035339
1542151693.429692 0.940954 0.761521 0.458756 -0.25956 -0.276377 0.924576 0.037458
1542151693.434687 0.943852 0.758829 0.461782 -0.266186 -0.273709 0.923384 0.039872
1542151693.439682 0.946497 0.756044 0.464769 -0.271901 -0.271402 0.922357 0.040841
1542151693.444676 0.949151 0.753422 0.467705 -0.279139 -0.269578 0.920645 0.042674
1542151693.449667 0.951788 0.750843 0.470559 -0.287258 -0.268266 0.918474 0.043826
1542151693.454662 0.953974 0.747983 0.473434 -0.292403 -0.26364 0.918119 0.045296
1542151693.459659 0.956542 0.745502 0.476079 -0.300358 -0.26428 0.91539 0.044758
1542151693.464655 0.958939 0.743119 0.478728 -0.30766 -0.265436 0.912592 0.045448
1542151693.469655 0.961242 0.740578 0.481324 -0.312334 -0.263564 0.911574 0.044879
1542151693.474659 0.96346 0.738176 0.48389 -0.317716 -0.263298 0.909716 0.046336
1542151693.479666 0.965515 0.735759 0.486378 -0.321551 -0.263313 0.908364 0.046327
1542151693.484676 0.967441 0.733297 0.488872 -0.32409 -0.261833 0.907839 0.047294
1542151693.489687 0.96928 0.730844 0.491374 -0.326387 -0.260032 0.90744 0.049078
1542151693.494694 0.971068 0.728577 0.493697 -0.325977 -0.259039 0.907859 0.049304
1542151693.499698 0.972732 0.726303 0.496006 -0.326564 -0.255827 0.908369 0.052672
1542151693.504698 0.974109 0.723979 0.498287 -0.326073 -0.254041 0.908945 0.054387
1542151693.509698 0.975371 0.721848 0.500421 -0.323963 -0.252958 0.909914 0.055828
1542151693.514696 0.976352 0.719647 0.502606 -0.322587 -0.251653 0.910565 0.058986
1542151693.519693 0.977321 0.717549 0.504658 -0.321453 -0.249011 0.911426 0.062958
1542151693.524689 0.978107 0.715619 0.506557 -0.31925 -0.248447 0.912135 0.066053
1542151693.529686 0.978834 0.713735 0.508362 -0.31806 -0.244601 0.913136 0.072048
1542151693.534684 0.979157 0.711893 0.51014 -0.31586 -0.243677 0.913872 0.075448
1542151693.539681 0.979431 0.710137 0.511788 -0.315147 -0.242575 0.914043 0.079776
1542151693.544681 0.979561 0.708554 0.513359 -0.313916 -0.241371 0.914312 0.085035
1542151693.549682 0.979444 0.707055 0.514822 -0.312744 -0.240432 0.914524 0.089606
1542151693.554684 0.979296 0.705833 0.516006 -0.31237 -0.238092 0.914587 0.09627
1542151693.559685 0.979056 0.704728 0.517152 -0.313662 -0.237976 0.9135 0.102472
1542151693.564688 0.978509 0.70367 0.518298 -0.313202 -0.238403 0.913022 0.107048
1542151693.569696 0.978013 0.70283 0.519249 -0.315644 -0.237729 0.911305 0.115661
1542151693.574701 0.97714 0.701982 0.520132 -0.315578 -0.236223 0.910789 0.12277
1542151693.579705 0.976178 0.701382 0.520918 -0.314971 -0.235406 0.910255 0.129666
1542151693.584705 0.975297 0.700955 0.521624 -0.316254 -0.235512 0.908479 0.138503
1542151693.589701 0.974167 0.700606 0.522263 -0.315046 -0.236826 0.907645 0.144358
1542151693.594696 0.973127 0.700357 0.522781 -0.315629 -0.236379 0.906176 0.152805
1542151693.599689 0.971858 0.700197 0.523304 -0.314034 -0.235962 0.905661 0.159635
1542151693.604681 0.970501 0.700081 0.523771 -0.311192 -0.236439 0.905601 0.164749
1542151693.609674 0.969159 0.700098 0.524218 -0.307953 -0.237078 0.905461 0.170585
1542151693.614667 0.967839 0.700245 0.524622 -0.304464 -0.236741 0.905503 0.176975
1542151693.619662 0.9665 0.7005 0.524989 -0.300633 -0.23751 0.905373 0.183052
1542151693.62466 0.96512 0.700836 0.525307 -0.29542 -0.236403 0.906052 0.1895
1542151693.629661 0.963591 0.701176 0.525654 -0.28965 -0.234404 0.907294 0.194872
1542151693.634666 0.961924 0.701629 0.526048 -0.282285 -0.234875 0.908412 0.199843
1542151693.63967 0.960369 0.702178 0.526341 -0.276467 -0.233793 0.909395 0.204715
1542151693.644674 0.958744 0.70278 0.526645 -0.270703 -0.232894 0.910003 0.210653
1542151693.64968 0.956977 0.703479 0.52691 -0.26415 -0.232385 0.911009 0.215138
1542151693.654691 0.95495 0.704164 0.527207 -0.255334 -0.2313 0.913126 0.21796
1542151693.659707 0.953275 0.704945 0.527365 -0.249447 -0.229695 0.913842 0.223405
1542151693.664721 0.951357 0.705847 0.527509 -0.241618 -0.23016 0.915202 0.225949
1542151693.669733 0.949392 0.706762 0.527533 -0.232556 -0.22821 0.917493 0.228135
1542151693.674736 0.947477 0.70778 0.527531 -0.223881 -0.229234 0.918906 0.230089
1542151693.679734 0.945518 0.708833 0.527347 -0.215842 -0.229515 0.92036 0.231674
1542151693.684728 0.943493 0.710073 0.527125 -0.207097 -0.230673 0.921535 0.233826
1542151693.689719 0.941444 0.711355 0.526766 -0.19865 -0.231573 0.922635 0.235918
1542151693.694703 0.939335 0.71269 0.526326 -0.189815 -0.232619 0.924149 0.236236
1542151693.699688 0.937087 0.714059 0.52588 -0.180767 -0.232782 0.925748 0.236912
1542151693.704679 0.93476 0.71557 0.525323 -0.17174 -0.232946 0.927153 0.237967
1542151693.709671 0.932574 0.717293 0.524605 -0.164605 -0.235347 0.927591 0.23894
1542151693.714663 0.930221 0.718903 0.523894 -0.156795 -0.236766 0.928399 0.239651
1542151693.719655 0.927816 0.720565 0.523092 -0.147341 -0.236602 0.929793 0.240407
1542151693.724651 0.9254 0.722413 0.522232 -0.136872 -0.238657 0.93089 0.240318
1542151693.72965 0.92304 0.724203 0.521212 -0.127378 -0.242531 0.931468 0.239418
1542151693.734652 0.920567 0.726028 0.520292 -0.115691 -0.244339 0.93298 0.23762
1542151693.739656 0.918044 0.727882 0.519312 -0.102886 -0.24609 0.934368 0.236243
1542151693.744662 0.915437 0.729815 0.518364 -0.089166 -0.247594 0.935779 0.234657
1542151693.74967 0.91277 0.731655 0.517494 -0.074655 -0.248228 0.937631 0.231641
1542151693.754677 0.910026 0.733482 0.51662 -0.059646 -0.246628 0.939712 0.229255
1542151693.759684 0.907236 0.73536 0.515823 -0.043412 -0.245187 0.941582 0.226765
1542151693.764692 0.904362 0.737318 0.515096 -0.02729 -0.242512 0.943549 0.223962
1542151693.769708 0.90144 0.739278 0.514454 -0.010974 -0.239903 0.945347 0.220556
1542151693.774721 0.898448 0.741202 0.513888 0.005678 -0.236073 0.947238 0.216742
1542151693.779729 0.895355 0.74317 0.513361 0.022332 -0.230805 0.949175 0.212831
1542151693.784735 0.892164 0.745153 0.512811 0.03829 -0.224972 0.950974 0.208733
1542151693.789736 0.888902 0.747213 0.512262 0.052885 -0.220171 0.952381 0.204203
1542151693.794733 0.885521 0.749407 0.511698 0.067633 -0.216139 0.953514 0.1988
1542151693.79973 0.881983 0.751609 0.51105 0.080644 -0.212065 0.954474 0.19366
1542151693.804722 0.878358 0.75385 0.510384 0.092756 -0.207365 0.955313 0.189137
1542151693.809715 0.874597 0.756121 0.509636 0.10342 -0.204177 0.955893 0.184076
1542151693.814707 0.870738 0.758613 0.508861 0.112361 -0.202255 0.956231 0.179138
1542151693.819699 0.866732 0.761162 0.508005 0.119193 -0.20178 0.956489 0.173799
1542151693.824693 0.862475 0.763701 0.507147 0.124411 -0.200817 0.956538 0.170965
1542151693.829685 0.858154 0.766286 0.506262 0.129066 -0.199432 0.956947 0.166795
1542151693.834678 0.853679 0.768906 0.505342 0.13355 -0.197389 0.957378 0.163182
1542151693.839671 0.849072 0.771719 0.504337 0.134129 -0.198333 0.957601 0.160229
1542151693.844665 0.844339 0.774382 0.503386 0.136256 -0.196039 0.958307 0.157004
1542151693.849662 0.839476 0.777165 0.502385 0.137834 -0.196053 0.95871 0.153103
1542151693.854662 0.834509 0.780029 0.501386 0.138014 -0.196579 0.95897 0.150618
1542151693.859666 0.829397 0.782873 0.500384 0.139348 -0.19601 0.959223 0.148505
1542151693.86467 0.824166 0.785744 0.499409 0.141278 -0.195049 0.959409 0.146731
1542151693.869671 0.818599 0.78846 0.498477 0.144714 -0.191358 0.95953 0.147453
1542151693.874674 0.813086 0.791352 0.497591 0.146065 -0.190154 0.959739 0.146314
1542151693.879669 0.807414 0.794146 0.496784 0.148355 -0.188137 0.959974 0.145073
1542151693.884669 0.801771 0.79718 0.49595 0.14981 -0.189114 0.959801 0.143441
1542151693.889677 0.795869 0.799981 0.495288 0.150622 -0.185716 0.960385 0.143121
1542151693.894684 0.78995 0.802978 0.494669 0.152026 -0.184532 0.960539 0.142131
1542151693.899689 0.783915 0.805899 0.494154 0.151468 -0.181018 0.961001 0.144105
1542151693.904697 0.777908 0.808959 0.493689 0.151085 -0.179902 0.961137 0.144995
1542151693.909704 0.771887 0.812038 0.493287 0.149445 -0.17762 0.961765 0.145346
1542151693.914711 0.765808 0.814804 0.493086 0.146963 -0.170788 0.96298 0.147997
1542151693.919787 0.759954 0.8179 0.492786 0.142281 -0.169355 0.963952 0.14789
1542151693.924838 0.754038 0.821005 0.49254 0.137157 -0.168048 0.96519 0.146135
1542151693.929866 0.747994 0.823867 0.492405 0.13292 -0.161971 0.966566 0.147807
1542151693.934873 0.742141 0.826875 0.492219 0.126307 -0.158329 0.968088 0.147593
1542151693.939857 0.736335 0.829868 0.49194 0.11867 -0.154887 0.969637 0.147414
1542151693.944821 0.730561 0.832964 0.491553 0.108989 -0.156255 0.970808 0.145729
1542151693.949776 0.724918 0.836007 0.491168 0.099824 -0.15458 0.972005 0.146104
1542151693.954726 0.719307 0.839003 0.490749 0.090089 -0.154183 0.973267 0.144439
1542151693.959681 0.71367 0.84197 0.490264 0.081171 -0.154578 0.974051 0.144022
