0 6
1 12
2 19
3 25
4 31
5 37
6 43
7 49
8 55
9 61
10 67
11 73
12 79
13 86
14 92
15 98
16 104
17 111
18 117
19 123
20 129
21 136
22 142
23 148
24 154
25 160
26 166
27 172
28 179
29 185
30 191
31 197
32 203
33 209
34 215
35 220
36 226
37 232
38 238
39 243
40 249
41 255
42 260
43 266
44 271
45 277
46 283
47 289
48 294
49 300
50 306
51 312
52 318
53 324
54 330
55 336
56 342
57 348
58 355
59 361
60 367
61 373
62 379
63 386
64 392
65 398
66 405
67 411
68 417
69 424
70 430
71 436
72 442
73 448
74 453
75 458
76 463
77 467
78 472
79 477
80 482
81 487
82 492
83 498
84 503
85 509
86 515
87 521
88 527
89 533
90 540
91 546
92 553
93 559
94 565
95 572
96 578
97 585
98 591
99 598
100 604
101 611
102 617
103 623
104 630
105 636
106 643
107 649
108 655
109 661
110 668
111 674
112 681
113 687
114 693
115 700
116 706
117 712
118 719
119 725
120 731
121 738
122 744
123 750
124 756
125 762
126 769
127 775
128 781
129 787
130 794
131 800
132 806
133 812
134 819
135 825
136 831
137 837
138 843
139 849
140 855
141 861
142 867
143 873
144 879
145 885
146 891
147 898
148 904
149 910
150 916
151 922
152 929
153 935
154 942
155 948
156 955
157 961
158 968
159 975
160 981
161 988
162 994
163 1001
164 1008
165 1014
166 1021
167 1027
