# timestamp[secs] tx ty tz qx qy qz qw
1541976466.263336 -0.0 -0.0 -0.0 -0.0 -0.0 -0.0 1.0
1541976466.289024 -0.009493771009147167 0.005170517135411501 -0.040142808109521866 0.011798087507486343 -0.005715532228350639 0.005360309965908527 0.9998997449874878
1541976466.314657 -0.023607606068253517 0.010342404246330261 -0.08446794748306274 0.01977994479238987 -0.00719540985301137 0.003993258345872164 0.9997705221176147
1541976466.3402 -0.023607606068253517 0.010342404246330261 -0.08446794748306274 0.01977994479238987 -0.00719540985301137 0.003993258345872164 0.9997705221176147
1541976466.365628 -0.06483194977045059 0.029164619743824005 -0.17416991293430328 0.020543277263641357 -0.0060844821855425835 -0.016184315085411072 0.9996394515037537
1541976466.390925 -0.06483194977045059 0.029164619743824005 -0.17416991293430328 0.020543277263641357 -0.0060844821855425835 -0.016184315085411072 0.9996394515037537
1541976466.416104 -0.10875343531370163 0.062099963426589966 -0.2602549195289612 0.02645128220319748 -0.008187404833734035 -0.023298194631934166 0.999345064163208
1541976466.441201 -0.13418987393379211 0.08860518038272858 -0.29394620656967163 0.020962538197636604 -0.00975346565246582 -0.026390299201011658 0.999384343624115
1541976466.466246 -0.1645548939704895 0.1147446483373642 -0.32249683141708374 0.01301687490195036 -0.015057962387800217 -0.030317973345518112 0.999342143535614
1541976466.491259 -0.19700413942337036 0.14120811223983765 -0.3483819365501404 0.007132422178983688 -0.01987210474908352 -0.03816217556595802 0.9990485310554504
1541976466.516265 -0.22875605523586273 0.16723482310771942 -0.3727635443210602 0.003193527227267623 -0.022582629695534706 -0.04508505389094353 0.9987228512763977
1541976466.541295 -0.2568928897380829 0.195386603474617 -0.3957476019859314 0.0015440457500517368 -0.025057539343833923 -0.04650798812508583 0.9986023902893066
1541976466.566363 -0.2800758481025696 0.22672094404697418 -0.42267900705337524 -0.0015948499785736203 -0.025297798216342926 -0.04410899803042412 0.9987050890922546
1541976466.591435 -0.30004405975341797 0.26230722665786743 -0.44812121987342834 -0.005223479121923447 -0.025316905230283737 -0.043072015047073364 0.9987375140190125
1541976466.616426 -0.3224222958087921 0.3000529706478119 -0.47531890869140625 -0.00915874820202589 -0.02447340078651905 -0.041302308440208435 0.9988049864768982
1541976466.641258 -0.339600145816803 0.3360058069229126 -0.5003806352615356 -0.011632061563432217 -0.024064380675554276 -0.038849636912345886 0.9988875389099121
1541976466.665897 -0.35504937171936035 0.3715076744556427 -0.5315033197402954 -0.012937122955918312 -0.022890230640769005 -0.035401973873376846 0.9990271925926208
1541976466.690378 -0.36967843770980835 0.40551841259002686 -0.5597901344299316 -0.013153585605323315 -0.02234884724020958 -0.03140822798013687 0.999170184135437
1541976466.714794 -0.3841659426689148 0.4405992031097412 -0.5889757871627808 -0.01489055622369051 -0.021595394238829613 -0.026823928579688072 0.9992959499359131
1541976466.739212 -0.40176770091056824 0.47420060634613037 -0.6175566911697388 -0.016353297978639603 -0.021126268431544304 -0.022682934999465942 0.9993857145309448
1541976466.76367 -0.42069220542907715 0.503216564655304 -0.6494895815849304 -0.0172132421284914 -0.020501069724559784 -0.019779188558459282 0.9994459748268127
1541976466.788212 -0.43888407945632935 0.5292906165122986 -0.6811720728874207 -0.016977906227111816 -0.019515251740813255 -0.01666111685335636 0.9995266199111938
1541976466.812906 -0.4588210880756378 0.5554869174957275 -0.715503454208374 -0.016929462552070618 -0.018801454454660416 -0.012530478648841381 0.9996013641357422
1541976466.837807 -0.4802386462688446 0.5770933032035828 -0.7478190064430237 -0.01744592934846878 -0.018719544634222984 -0.011129025369882584 0.9996106624603271
1541976466.862944 -0.5007479786872864 0.5963672399520874 -0.7843793630599976 -0.01607757993042469 -0.018499424681067467 -0.009342704899609089 0.9996560215950012
1541976466.888335 -0.5206863880157471 0.6133460998535156 -0.825280487537384 -0.015369302593171597 -0.01712723635137081 -0.00671004643663764 0.9997127056121826
1541976466.914018 -0.5401747822761536 0.627854585647583 -0.864426851272583 -0.014491665177047253 -0.014269142411649227 -0.005327106919139624 0.9997790455818176
1541976466.940043 -0.5587155818939209 0.6408339738845825 -0.9044745564460754 -0.015565789304673672 -0.010128287598490715 -0.005697410088032484 0.9998112916946411
1541976466.966421 -0.580121636390686 0.6521153450012207 -0.9494001269340515 -0.016264086589217186 -0.006388111971318722 -0.004719350021332502 0.9998362064361572
1541976466.993129 -0.6002304553985596 0.6597921252250671 -0.9892051219940186 -0.014278477057814598 -0.005918177310377359 -0.003635526867583394 0.9998739361763
1541976467.020132 -0.6230486035346985 0.6616657376289368 -1.0330690145492554 -0.014719901606440544 -0.003545160172507167 -0.009792855940759182 0.9998374581336975
1541976467.047402 -0.647320032119751 0.6624277234077454 -1.0733985900878906 -0.017004260793328285 0.0008942903950810432 -0.017611611634492874 0.9996999502182007
1541976467.074898 -0.6738865971565247 0.6632466316223145 -1.1137160062789917 -0.017710845917463303 0.001809541368857026 -0.022438734769821167 0.9995896816253662
1541976467.102555 -0.6966047883033752 0.665522038936615 -1.1556278467178345 -0.01901048608124256 0.0008139336132444441 -0.02829897031188011 0.9994184374809265
1541976467.130319 -0.7140494585037231 0.670563280582428 -1.1913435459136963 -0.021612202748656273 0.0014085653237998486 -0.03569947928190231 0.9991278648376465
1541976467.158163 -0.7372946739196777 0.6744391322135925 -1.2379006147384644 -0.02221645973622799 0.0015293215401470661 -0.03618554025888443 0.9990969896316528
1541976467.186087 -0.7622027397155762 0.6782281994819641 -1.2804564237594604 -0.02173648215830326 0.0004807625664398074 -0.03617740422487259 0.9991088509559631
1541976467.214091 -0.7887094616889954 0.6831040978431702 -1.326451301574707 -0.022770311683416367 0.0017416690243408084 -0.04016070067882538 0.9989322423934937
1541976467.242175 -0.8136491179466248 0.6914617419242859 -1.3676764965057373 -0.02331230416893959 0.002522584982216358 -0.04304340109229088 0.9987980127334595
1541976467.270328 -0.8420998454093933 0.7011399269104004 -1.4095815420150757 -0.02260931022465229 0.002527339616790414 -0.043569255620241165 0.9987913966178894
1541976467.298547 -0.8759973049163818 0.7128515243530273 -1.4514942169189453 -0.02124747261404991 0.002850293880328536 -0.0434015654027462 0.9988277554512024
1541976467.32683 -0.9089955687522888 0.7270036339759827 -1.4874062538146973 -0.02096845954656601 0.0020936254877597094 -0.045849498361349106 0.9987261295318604
1541976467.355177 -0.9563934206962585 0.737180769443512 -1.5266053676605225 -0.02386604994535446 0.002318692859262228 -0.051037270575761795 0.9984089136123657
1541976467.383593 -1.0070728063583374 0.7540855407714844 -1.5597233772277832 -0.024435564875602722 0.0021698330529034138 -0.05452096089720726 0.9982112050056458
1541976467.412095 -1.0552455186843872 0.7724303603172302 -1.5856940746307373 -0.02519594505429268 0.001345883239991963 -0.05795980617403984 0.9980000853538513
1541976467.440722 -1.1144869327545166 0.7898367047309875 -1.6193718910217285 -0.028545571491122246 0.002810786245390773 -0.06162416189908981 0.9976872205734253
1541976467.469521 -1.1593098640441895 0.8139264583587646 -1.6388452053070068 -0.02814740687608719 0.0025470713153481483 -0.06227243319153786 0.9976589679718018
1541976467.498541 -1.2212703227996826 0.8332256078720093 -1.662786602973938 -0.02880028635263443 0.0023143538273870945 -0.06061805784702301 0.997742772102356
1541976467.527817 -1.2876697778701782 0.8496637344360352 -1.6971266269683838 -0.030585845932364464 0.001602606032975018 -0.062259841710329056 0.9975900053977966
1541976467.557359 -1.3655740022659302 0.8601464033126831 -1.7261061668395996 -0.03390877693891525 0.001716985134407878 -0.06593611091375351 0.9972460865974426
1541976467.587153 -1.4445531368255615 0.8688532710075378 -1.7592008113861084 -0.03444020077586174 -0.001106880372390151 -0.06766615808010101 0.9971128106117249
1541976467.617184 -1.5252999067306519 0.8695641756057739 -1.782246470451355 -0.03420906886458397 -0.002558458596467972 -0.06849125027656555 0.9970617890357971
1541976467.647432 -1.601186752319336 0.8706856369972229 -1.8055870532989502 -0.034286126494407654 -0.0038423980586230755 -0.07132059335708618 0.9968566298484802
1541976467.677879 -1.6719976663589478 0.872616708278656 -1.8295261859893799 -0.03540198132395744 -0.004236625973135233 -0.07561339437961578 0.9964995384216309
1541976467.708515 -1.730407953262329 0.8740774393081665 -1.8533600568771362 -0.03569277003407478 -0.003776277881115675 -0.07597266882658005 0.9964637756347656
1541976467.739321 -1.7795121669769287 0.8732947707176208 -1.870341181755066 -0.03678516671061516 -0.0018647327087819576 -0.07276120781898499 0.9966691136360168
1541976467.770269 -1.8215558528900146 0.8813114762306213 -1.8963977098464966 -0.039254624396562576 0.0011878237128257751 -0.06933403015136719 0.9968201518058777
1541976467.801332 -1.863096833229065 0.8864708542823792 -1.9217002391815186 -0.04203788563609123 0.0038443775847554207 -0.06543511897325516 0.9969635605812073
1541976467.832481 -1.8904633522033691 0.8938174843788147 -1.948641300201416 -0.045035943388938904 0.00711590563878417 -0.06313662230968475 0.99696284532547
1541976467.863695 -1.921942949295044 0.8950752019882202 -1.9733226299285889 -0.046038467437028885 0.00955037772655487 -0.059113070368766785 0.9971433877944946
1541976467.894965 -1.95036780834198 0.8948938846588135 -1.9956806898117065 -0.047486547380685806 0.01071140356361866 -0.056429874151945114 0.9972191452980042
1541976467.926275 -1.9869489669799805 0.9002532958984375 -2.01863431930542 -0.049806855618953705 0.012925519607961178 -0.05613965168595314 0.9970961213111877
1541976467.957604 -2.0158333778381348 0.9062483906745911 -2.0538837909698486 -0.05326951667666435 0.015407416969537735 -0.05730175971984863 0.9968156814575195
1541976467.988942 -2.029811143875122 0.9094458222389221 -2.0626134872436523 -0.05318007990717888 0.01750865764915943 -0.0540592186152935 0.9969668984413147
1541976468.020294 -2.0537407398223877 0.9178845286369324 -2.0935709476470947 -0.05550336465239525 0.019704466685652733 -0.05132986232638359 0.9969435334205627
1541976468.051663 -2.0698130130767822 0.9302207231521606 -2.122171640396118 -0.057103727012872696 0.021668558940291405 -0.048370204865932465 0.9969604015350342
1541976468.083039 -2.081960678100586 0.9334585070610046 -2.1550676822662354 -0.05882558599114418 0.024910997599363327 -0.04191121459007263 0.9970769882202148
1541976468.114415 -2.1085405349731445 0.9369116425514221 -2.179469108581543 -0.06172708794474602 0.030120624229311943 -0.03479314222931862 0.997031569480896
1541976468.14578 -2.125159502029419 0.944376528263092 -2.207386016845703 -0.06327696889638901 0.03355848044157028 -0.02475580945611 0.997124433517456
1541976468.177124 -2.1438450813293457 0.953274130821228 -2.2269463539123535 -0.06471757590770721 0.035284075886011124 -0.008250631392002106 0.9972455501556396
1541976468.208433 -2.1667211055755615 0.9665523767471313 -2.2572269439697266 -0.06787934899330139 0.03812886029481888 0.009702123701572418 0.9969175457954407
1541976468.239696 -2.1816012859344482 0.9745208621025085 -2.2721948623657227 -0.06907229125499725 0.03994787111878395 0.024176092818379402 0.9965183734893799
1541976468.270913 -2.202223300933838 0.9735092520713806 -2.2910938262939453 -0.0691678375005722 0.041564978659152985 0.0343477725982666 0.9961468577384949
1541976468.302089 -2.222487688064575 0.9615584015846252 -2.3231139183044434 -0.06835655868053436 0.043333619832992554 0.04047384858131409 0.9958973526954651
1541976468.333235 -2.245725393295288 0.9450023174285889 -2.342672824859619 -0.0669301375746727 0.04438134282827377 0.04432597756385803 0.9957840442657471
1541976468.364363 -2.2715115547180176 0.9286928772926331 -2.367072820663452 -0.06601590663194656 0.046305928379297256 0.04743656516075134 0.9956141114234924
1541976468.395486 -2.2928390502929688 0.9198588132858276 -2.3813974857330322 -0.06246929243206978 0.046510860323905945 0.0527222566306591 0.9955675005912781
1541976468.4266 -2.310359001159668 0.9272347092628479 -2.4316420555114746 -0.06244887411594391 0.046789903193712234 0.05665862187743187 0.9953395128250122
1541976468.457687 -2.329559564590454 0.9310994148254395 -2.464174509048462 -0.06659384816884995 0.047657985240221024 0.0560816153883934 0.9950622916221619
1541976468.488732 -2.343297243118286 0.9453784823417664 -2.4930272102355957 -0.06750090420246124 0.04708972945809364 0.05914314091205597 0.9948508739471436
1541976468.519719 -2.34932804107666 0.9640852212905884 -2.5245962142944336 -0.06944791972637177 0.04749400541186333 0.06179872900247574 0.9945362210273743
1541976468.550651 -2.3467941284179688 0.990436851978302 -2.542081594467163 -0.07117263227701187 0.04819054156541824 0.06309448927640915 0.9942993521690369
1541976468.581549 -2.334087371826172 1.0289138555526733 -2.5657312870025635 -0.07100196927785873 0.04719335958361626 0.06243386119604111 0.9944010972976685
1541976468.612431 -2.299748182296753 1.030267596244812 -2.5439417362213135 -0.07105035334825516 0.050498731434345245 0.06016562506556511 0.9943751692771912
1541976468.643318 -2.2461206912994385 1.039979338645935 -2.5379550457000732 -0.07201691716909409 0.055681344121694565 0.05845918506383896 0.9941306114196777
1541976468.67423 -2.188981294631958 1.0571765899658203 -2.5184237957000732 -0.07179024815559387 0.06198100000619888 0.05799395591020584 0.9938014149665833
1541976468.705169 -2.13085675239563 1.0680503845214844 -2.495445489883423 -0.07035770267248154 0.06744827330112457 0.060120098292827606 0.9934214353561401
1541976468.736101 -2.069087266921997 1.0781738758087158 -2.4592621326446533 -0.0682457908987999 0.07461751997470856 0.05828837677836418 0.9931652545928955
1541976468.767007 -1.9946218729019165 1.0647348165512085 -2.417778253555298 -0.06701939553022385 0.07980433851480484 0.05472005158662796 0.9930485486984253
1541976468.797877 -1.9423853158950806 1.0661287307739258 -2.3711674213409424 -0.060055412352085114 0.08458903431892395 0.055562034249305725 0.993051290512085
1541976468.8287 -1.8838512897491455 1.0663130283355713 -2.338169813156128 -0.056454844772815704 0.08781017363071442 0.053579181432724 0.9930919408798218
1541976468.859448 -1.843334436416626 1.0398352146148682 -2.2656965255737305 -0.05629303306341171 0.09618768095970154 0.05020969733595848 0.992500901222229
1541976468.890095 -1.79475736618042 1.0415741205215454 -2.238182306289673 -0.054848335683345795 0.10042539238929749 0.04752662405371666 0.992294192314148
1541976468.920642 -1.7316806316375732 1.0505708456039429 -2.2268502712249756 -0.05306564271450043 0.09986454993486404 0.047942955046892166 0.9924276471138
1541976468.95108 -1.6963036060333252 1.051213026046753 -2.2032737731933594 -0.051856447011232376 0.10195080935955048 0.04765615239739418 0.9922932982444763
1541976468.981398 -1.6570056676864624 1.0430773496627808 -2.1729111671447754 -0.05092925578355789 0.10670623928308487 0.046083297580480576 0.9919154644012451
1541976469.011616 -1.6446895599365234 1.0322538614273071 -2.1592447757720947 -0.051289644092321396 0.11203023046255112 0.04498269408941269 0.9913603067398071
1541976469.041748 -1.618254542350769 1.0255694389343262 -2.1377105712890625 -0.051785439252853394 0.11503619700670242 0.045039717108011246 0.9909875988960266
1541976469.071786 -1.6013410091400146 1.0204713344573975 -2.1233620643615723 -0.05362715572118759 0.11545994132757187 0.045799631625413895 0.9908055067062378
1541976469.101714 -1.5756112337112427 1.0103821754455566 -2.0858287811279297 -0.050936970859766006 0.11680691689252853 0.04725194349884987 0.9907214045524597
1541976469.131532 -1.5654189586639404 0.9962552189826965 -2.0555076599121094 -0.049598515033721924 0.11922061443328857 0.047051720321178436 0.9905112981796265
1541976469.161277 -1.5628005266189575 0.9857279062271118 -2.0446906089782715 -0.04782819375395775 0.1146041601896286 0.04807264730334282 0.9910940527915955
1541976469.19098 -1.541885256767273 0.9596320390701294 -1.9865537881851196 -0.04672077298164368 0.11245211958885193 0.049286894500255585 0.9913337230682373
1541976469.220641 -1.5212931632995605 0.9390690326690674 -1.9621169567108154 -0.044821225106716156 0.10850899666547775 0.04409196972846985 0.99210524559021
1541976469.250264 -1.4806489944458008 0.9082995057106018 -1.915663242340088 -0.04324886575341225 0.10481303930282593 0.040217023342847824 0.99273681640625
1541976469.279872 -1.409399390220642 0.8847670555114746 -1.8682684898376465 -0.04168180003762245 0.09678909182548523 0.03563164547085762 0.993793249130249
1541976469.309473 -1.3510633707046509 0.8533800840377808 -1.8272864818572998 -0.03768070414662361 0.092435322701931 0.034165557473897934 0.994418740272522
1541976469.339044 -1.3740253448486328 0.8524447679519653 -1.8783507347106934 -0.031823914498090744 0.0811660885810852 0.036780945956707 0.9955131411552429
1541976469.368554 -1.3418020009994507 0.8307808637619019 -1.8498879671096802 -0.02666740119457245 0.07847846299409866 0.032641079276800156 0.9960243701934814
1541976469.397944 -1.331047773361206 0.8209380507469177 -1.8349469900131226 -0.0243030097335577 0.07528132945299149 0.027045859023928642 0.9964991807937622
1541976469.427102 -1.3177624940872192 0.8065351247787476 -1.8193764686584473 -0.025611059740185738 0.072604238986969 0.02046995609998703 0.9968218207359314
1541976469.455927 -1.3158843517303467 0.8063251972198486 -1.8220269680023193 -0.02519887313246727 0.06851723045110703 0.0193664338439703 0.9971436858177185
1541976469.484393 -1.3125181198120117 0.8076164722442627 -1.831104040145874 -0.025775719434022903 0.06516966968774796 0.019652383401989937 0.9973476529121399
1541976469.512578 -1.3109996318817139 0.813841700553894 -1.843437910079956 -0.022269198670983315 0.05539849400520325 0.025707870721817017 0.9978849291801453
1541976469.540609 -1.336154818534851 0.8303809762001038 -1.9002054929733276 -0.025097325444221497 0.05040996894240379 0.023556498810648918 0.9981353282928467
1541976469.568602 -1.3504549264907837 0.8381484150886536 -1.903323769569397 -0.023630531504750252 0.047732092440128326 0.024961624294519424 0.9982686638832092
1541976469.596644 -1.3500069379806519 0.8204784393310547 -1.8281335830688477 -0.024892201647162437 0.04385210946202278 0.015225549228489399 0.9986118674278259
1541976469.624815 -1.4836890697479248 0.8342674970626831 -1.936841607093811 -0.02980027347803116 0.05987315997481346 0.02772567607462406 0.9973757863044739
1541976469.653179 -1.507299542427063 0.8354678153991699 -1.941798448562622 -0.02873540297150612 0.05466552823781967 0.024090295657515526 0.9978004097938538
1541976469.681775 -1.5331579446792603 0.8345698118209839 -1.9550020694732666 -0.02750900201499462 0.05166097730398178 0.02400953695178032 0.997996985912323
1541976469.710626 -1.5737792253494263 0.8328758478164673 -1.9778367280960083 -0.0268655214458704 0.052244316786527634 0.023453334346413612 0.9979974031448364
1541976469.739752 -1.572142481803894 0.8254082202911377 -2.015906572341919 -0.02635587379336357 0.04453599452972412 0.014746513217687607 0.9985511898994446
1541976469.769153 -1.6061996221542358 0.8206765651702881 -2.0398247241973877 -0.024794060736894608 0.043036479502916336 0.013369027525186539 0.9986763596534729
1541976469.798779 -1.6118019819259644 0.8166816830635071 -2.04646635055542 -0.024762237444519997 0.04237764701247215 0.010288657620549202 0.9987418055534363
1541976469.828553 -1.6268103122711182 0.8183398246765137 -2.07252836227417 -0.021202070638537407 0.0400703139603138 0.011566915549337864 0.9989049434661865
1541976469.858405 -1.6361809968948364 0.8141408562660217 -2.087825059890747 -0.021493081003427505 0.042168524116277695 0.014711270108819008 0.9987710118293762
1541976469.888265 -1.6358542442321777 0.8147104382514954 -2.1104421615600586 -0.022911081090569496 0.0421084389090538 0.022917836904525757 0.998587429523468
1541976469.91806 -1.6714507341384888 0.8426011204719543 -2.2238821983337402 -0.022149253636598587 0.0370442159473896 0.036532092839479446 0.9983999729156494
1541976469.947741 -1.6865606307983398 0.8446299433708191 -2.251648187637329 -0.02247777208685875 0.03902345150709152 0.04464966431260109 0.9979871511459351
1541976469.977303 -1.70698082447052 0.8460317850112915 -2.277507781982422 -0.02448553778231144 0.04177923500537872 0.04890993982553482 0.9976286292076111
1541976470.006748 -1.734133005142212 0.8489417433738708 -2.325193166732788 -0.027553968131542206 0.041874080896377563 0.0515158586204052 0.9974134564399719
1541976470.036059 -1.7695879936218262 0.852164626121521 -2.384202480316162 -0.0298348106443882 0.04183485358953476 0.05792427435517311 0.9969977736473083
1541976470.065241 -1.7748405933380127 0.8540794849395752 -2.4624032974243164 -0.026406513527035713 0.029549790546298027 0.06616462767124176 0.9970214366912842
1541976470.094312 -1.8157469034194946 0.8494449257850647 -2.4969749450683594 -0.027432255446910858 0.024899635463953018 0.06530936807394028 0.9971771240234375
1541976470.123302 -1.951783299446106 0.8423947691917419 -2.533768892288208 -0.02985430508852005 0.028466390445828438 0.06278985738754272 0.9971739649772644
1541976470.15225 -2.0330331325531006 0.8390875458717346 -2.576046943664551 -0.03108980692923069 0.022862564772367477 0.05580867826938629 0.9976954460144043
1541976470.181197 -2.110881805419922 0.82586270570755 -2.580566167831421 -0.03204973414540291 0.02042178064584732 0.05277742072939873 0.9978829622268677
1541976470.210209 -2.1797752380371094 0.8299028277397156 -2.6138651371002197 -0.03368394821882248 0.016626225784420967 0.04736752063035965 0.9981710314750671
1541976470.239351 -2.244661808013916 0.8506479263305664 -2.6711459159851074 -0.035134997218847275 0.010857874527573586 0.04228914529085159 0.998428463935852
1541976470.268663 -2.3268580436706543 0.8589734435081482 -2.686817169189453 -0.03634365648031235 0.007227208930999041 0.037564367055892944 0.9986069202423096
1541976470.298161 -2.429023027420044 0.8650993704795837 -2.680236577987671 -0.035602450370788574 0.003581215627491474 0.03450250253081322 0.998763918876648
1541976470.327837 -2.5056402683258057 0.8645028471946716 -2.6938068866729736 -0.036320287734270096 0.002528870478272438 0.02923647314310074 0.9989092350006104
1541976470.357677 -2.5164742469787598 0.8676419854164124 -2.7071266174316406 -0.03589469566941261 -0.0007449386757798493 0.025380631908774376 0.9990329742431641
1541976470.387662 -2.67462420463562 0.8480815887451172 -2.7189605236053467 -0.03650025650858879 0.007606616243720055 0.03130399435758591 0.9988142848014832
1541976470.417767 -2.7306771278381348 0.8426563143730164 -2.73165225982666 -0.03717057779431343 0.010067102499306202 0.031533483415842056 0.9987605810165405
1541976470.447956 -2.7805190086364746 0.8299633860588074 -2.7357678413391113 -0.03839133679866791 0.012272050604224205 0.03062540665268898 0.9987179636955261
1541976470.478195 -2.8460443019866943 0.8295083045959473 -2.767591953277588 -0.039351556450128555 0.015794046223163605 0.03020884096622467 0.9986438155174255
1541976470.508455 -2.796922206878662 0.8320773243904114 -2.8061959743499756 -0.04356376454234123 0.009167646057903767 0.027464281767606735 0.9986310601234436
1541976470.538713 -2.8324360847473145 0.8279681205749512 -2.820586681365967 -0.046394992619752884 0.012616046704351902 0.030170442536473274 0.9983877539634705
1541976470.568944 -2.8631107807159424 0.8233373165130615 -2.826129674911499 -0.04876347631216049 0.01590988226234913 0.03145808354020119 0.9981881380081177
1541976470.599126 -2.8771159648895264 0.8183406591415405 -2.8275511264801025 -0.05028237774968147 0.019522974267601967 0.03555909916758537 0.9979108572006226
1541976470.629238 -2.917534589767456 0.8021297454833984 -2.841129779815674 -0.0556306317448616 0.027021728456020355 0.03872230276465416 0.997334361076355
1541976470.659266 -2.964930534362793 0.8153550624847412 -2.839409828186035 -0.05623326450586319 0.030729522928595543 0.044683363288640976 0.9969438314437866
1541976470.689205 -2.9891531467437744 0.8122432827949524 -2.8598408699035645 -0.057096246629953384 0.03162162005901337 0.04969049617648125 0.9966298341751099
1541976470.719049 -3.014444589614868 0.8058767914772034 -2.870584011077881 -0.05899651348590851 0.033384039998054504 0.05161122977733612 0.9963640570640564
1541976470.748794 -3.041167736053467 0.7998188138008118 -2.8890419006347656 -0.06046496704220772 0.034681860357522964 0.05242656543850899 0.9961890578269958
1541976470.778445 -3.058002471923828 0.8015025854110718 -2.9033331871032715 -0.06078476831316948 0.035929735749959946 0.05521714314818382 0.9959745407104492
1541976470.808005 -3.060547113418579 0.7974051237106323 -2.9024710655212402 -0.06247111037373543 0.03683929890394211 0.05844923108816147 0.9956525564193726
1541976470.837484 -3.0611412525177 0.803135335445404 -2.9030683040618896 -0.06162640079855919 0.03573986887931824 0.06313439458608627 0.9954591989517212
1541976470.866894 -3.0493886470794678 0.8123859763145447 -2.9077231884002686 -0.0582483671605587 0.035940058529376984 0.06564724445343018 0.9954928159713745
1541976470.896244 -3.025491237640381 0.8235899209976196 -2.9108388423919678 -0.055154621601104736 0.03794173523783684 0.07059241831302643 0.9952563643455505
1541976470.92555 -2.99373197555542 0.8398574590682983 -2.9212071895599365 -0.0550074428319931 0.0395406149327755 0.07502251863479614 0.9948780536651611
1541976470.95483 -2.9603159427642822 0.8601861000061035 -2.9145350456237793 -0.0534987710416317 0.04121100530028343 0.08031884580850601 0.9944790005683899
1541976470.984088 -2.9053499698638916 0.8864107131958008 -2.939887762069702 -0.051214564591646194 0.041105274111032486 0.0878901556134224 0.9939631819725037
1541976471.013344 -2.8531687259674072 0.9043242931365967 -2.928978681564331 -0.04985586926341057 0.04316851496696472 0.08879083395004272 0.9938647747039795
1541976471.042633 -2.694192409515381 0.9235972166061401 -2.917048215866089 -0.04781198129057884 0.03485873341560364 0.08640869706869125 0.9945011138916016
1541976471.071987 -2.6533896923065186 0.9364363551139832 -2.907008409500122 -0.04767691344022751 0.039582595229148865 0.08498578518629074 0.9944534301757812
1541976471.10143 -2.592146396636963 0.9272940754890442 -2.8250906467437744 -0.04558982700109482 0.04464121535420418 0.08658056706190109 0.9941994547843933
1541976471.130961 -2.538003921508789 0.9378738403320312 -2.7975590229034424 -0.04623015969991684 0.04930590093135834 0.08606570214033127 0.9939941763877869
1541976471.160558 -2.4522411823272705 0.9672458171844482 -2.8062551021575928 -0.045586783438920975 0.0523054301738739 0.0865756943821907 0.9938262701034546
1541976471.190208 -2.362778663635254 0.978274405002594 -2.7794106006622314 -0.0442175567150116 0.05414210632443428 0.082265704870224 0.9941558837890625
1541976471.219891 -2.350405693054199 0.9667506217956543 -2.7291126251220703 -0.04612584412097931 0.06251726299524307 0.07809672504663467 0.9939139485359192
1541976471.249587 -2.2642457485198975 0.9613950252532959 -2.6870458126068115 -0.04267403110861778 0.0671350508928299 0.07733989506959915 0.993826150894165
1541976471.279275 -2.244668960571289 0.9507398009300232 -2.6630897521972656 -0.039581794291734695 0.07285849004983902 0.07705482840538025 0.9935730695724487
1541976471.308943 -2.192554235458374 0.9410614371299744 -2.6312482357025146 -0.039893556386232376 0.07985932379961014 0.07007038593292236 0.9935396909713745
1541976471.338556 -2.154022693634033 0.9436020255088806 -2.645850896835327 -0.04037879779934883 0.07944396138191223 0.06645635515451431 0.9938016533851624
1541976471.368054 -2.081307888031006 0.9443333148956299 -2.6158080101013184 -0.03908431902527809 0.08157272636890411 0.06345589458942413 0.993877112865448
1541976471.397366 -2.029944896697998 0.9447437524795532 -2.582225799560547 -0.03595259040594101 0.08578386902809143 0.06286907941102982 0.993678092956543
1541976471.426458 -1.9464943408966064 0.9394915103912354 -2.5521581172943115 -0.03689659759402275 0.09001781791448593 0.060612209141254425 0.9934090971946716
1541976471.455306 -1.9195334911346436 0.9379526376724243 -2.52801775932312 -0.03560493513941765 0.09859047830104828 0.061846841126680374 0.9925659894943237
1541976471.483887 -1.9246211051940918 0.9362468719482422 -2.5298891067504883 -0.03624305874109268 0.09937682002782822 0.06550519913434982 0.9922297596931458
1541976471.512172 -1.8824970722198486 0.9387056827545166 -2.556360960006714 -0.038480233401060104 0.09421651810407639 0.06314852833747864 0.9928014874458313
1541976471.540148 -1.864083170890808 0.9326106309890747 -2.550325632095337 -0.03608602285385132 0.09096652269363403 0.06245984509587288 0.9932379722595215
1541976471.567845 -1.8714860677719116 0.9229808449745178 -2.5479559898376465 -0.03587852418422699 0.085838682949543 0.06173963472247124 0.993746817111969
1541976471.595312 -1.8830108642578125 0.9257488250732422 -2.551119565963745 -0.032493796199560165 0.07844716310501099 0.06157844886183739 0.994484007358551
1541976471.6226 -1.8881491422653198 0.9190534949302673 -2.5456480979919434 -0.03175356611609459 0.06941653043031693 0.05735047534108162 0.9954315423965454
1541976471.649766 -1.966870665550232 0.8988260626792908 -2.510160207748413 -0.029272958636283875 0.07088901847600937 0.05897592380642891 0.9953088760375977
1541976471.676875 -1.9975665807724 0.8870021104812622 -2.51701021194458 -0.026592768728733063 0.06309797614812851 0.058442313224077225 0.9959397912025452
1541976471.703989 -2.0389750003814697 0.8689842820167542 -2.5357813835144043 -0.025729946792125702 0.05413816124200821 0.05844355747103691 0.9964895844459534
1541976471.731162 -2.0379412174224854 0.8695051074028015 -2.5769424438476562 -0.026840122416615486 0.04197070747613907 0.05407772958278656 0.9972931742668152
1541976471.758431 -2.054481267929077 0.866007924079895 -2.589465379714966 -0.023432765156030655 0.03258790075778961 0.052232056856155396 0.9978280663490295
1541976471.785828 -2.0793192386627197 0.8601129651069641 -2.607769727706909 -0.02017294056713581 0.022774415090680122 0.0513148307800293 0.9982190728187561
1541976471.813371 -2.163874626159668 0.8370049595832825 -2.6602773666381836 -0.022132303565740585 0.02330862730741501 0.04790563881397247 0.9983345866203308
1541976471.84107 -2.1849634647369385 0.8347473740577698 -2.6701431274414062 -0.018427347764372826 0.017307691276073456 0.047344107180833817 0.9985587000846863
1541976471.868916 -2.2088944911956787 0.8307111263275146 -2.6888608932495117 -0.0167450699955225 0.01071329414844513 0.04734956845641136 0.998680591583252
1541976471.896887 -2.25818133354187 0.8310575485229492 -2.697728157043457 -0.012913324870169163 0.006073613651096821 0.046195413917303085 0.9988304972648621
1541976471.924951 -2.2955267429351807 0.8274732232093811 -2.7196805477142334 -0.012085288763046265 0.00296875461935997 0.04653949663043022 0.9988389611244202
1541976471.95308 -2.3286545276641846 0.8250622749328613 -2.7395708560943604 -0.01201039832085371 0.00125883799046278 0.04638645425438881 0.9988506436347961
1541976471.981269 -2.3155391216278076 0.8306814432144165 -2.736082077026367 -0.009245585650205612 -0.0039457338862121105 0.04787081852555275 0.9988029599189758
1541976472.009523 -2.350987195968628 0.8252491354942322 -2.766815185546875 -0.007498224265873432 -0.009302958846092224 0.05081140622496605 0.9986368417739868
1541976472.03783 -2.4626479148864746 0.8058452606201172 -2.8340301513671875 -0.013661765493452549 -0.0005984771414659917 0.05331665277481079 0.9984840154647827
1541976472.066186 -2.4925382137298584 0.8001032471656799 -2.8575189113616943 -0.01225097943097353 -0.002006763592362404 0.056646883487701416 0.9983170628547668
1541976472.094585 -2.5083680152893066 0.8010669946670532 -2.8703181743621826 -0.008672469295561314 -0.004118051379919052 0.05913810431957245 0.998203694820404
1541976472.123013 -2.529475212097168 0.8007068037986755 -2.895270824432373 -0.00582946976646781 -0.008382217027246952 0.05855017527937889 0.9982323050498962
1541976472.151444 -2.5715508460998535 0.7923365235328674 -2.9277100563049316 -0.005167685449123383 -0.010246156714856625 0.060090646147727966 0.9981269836425781
1541976472.179846 -2.6177587509155273 0.7877532243728638 -2.9635324478149414 -0.003952293191105127 -0.010944118723273277 0.060765624046325684 0.9980842471122742
1541976472.208163 -2.6384527683258057 0.7861901521682739 -2.991596221923828 -0.0014390054857358336 -0.012936870567500591 0.06249123811721802 0.9979606866836548
1541976472.236334 -2.6474990844726562 0.7898445725440979 -3.0088706016540527 0.001683084643445909 -0.015576109290122986 0.06367073953151703 0.9978479743003845
1541976472.264326 -2.6675422191619873 0.7956118583679199 -3.0476901531219482 0.0038868992123752832 -0.01811590977013111 0.06394495815038681 0.9977814555168152
1541976472.292122 -2.6921651363372803 0.8001585006713867 -3.087973117828369 0.00607304647564888 -0.0197738166898489 0.06523637473583221 0.9976555109024048
1541976472.319722 -2.70526385307312 0.8022845983505249 -3.122243642807007 0.008034885860979557 -0.021798109635710716 0.0675993412733078 0.9974420666694641
1541976472.347143 -2.708483934402466 0.8118095397949219 -3.1281332969665527 0.012562342919409275 -0.02335110865533352 0.07266567647457123 0.9970038533210754
1541976472.37441 -2.7464089393615723 0.8255241513252258 -3.194385528564453 0.014719408005475998 -0.025809673592448235 0.07733457535505295 0.9965624809265137
1541976472.401542 -2.7635834217071533 0.8327028155326843 -3.2202980518341064 0.017142975702881813 -0.029934216290712357 0.07957065850496292 0.9962322115898132
1541976472.428547 -2.7997124195098877 0.8402893543243408 -3.263306140899658 0.020076831802725792 -0.03422749415040016 0.08152434229850769 0.9958811402320862
1541976472.455436 -2.834338903427124 0.8419018983840942 -3.299901247024536 0.022809071466326714 -0.037437498569488525 0.08156168460845947 0.9957037568092346
1541976472.482216 -2.8409430980682373 0.8453130125999451 -3.3246161937713623 0.026714738458395004 -0.042879678308963776 0.08126315474510193 0.9954114556312561
1541976472.508901 -2.879901170730591 0.8449259996414185 -3.3770601749420166 0.028744516894221306 -0.04671794921159744 0.0806855857372284 0.9952291250228882
1541976472.535485 -2.9070017337799072 0.8468329906463623 -3.408512592315674 0.03073398768901825 -0.04959416389465332 0.08126200735569 0.9949836134910583
1541976472.561966 -2.933833360671997 0.8517627716064453 -3.4504127502441406 0.0329788401722908 -0.05179794505238533 0.08304063230752945 0.994652509689331
1541976472.588339 -2.95847487449646 0.8575887680053711 -3.4852099418640137 0.03598949685692787 -0.051749005913734436 0.08495880663394928 0.9943886995315552
1541976472.614618 -2.976994276046753 0.867950975894928 -3.5171260833740234 0.03862493112683296 -0.05308206379413605 0.08782760053873062 0.9939702749252319
1541976472.640824 -2.9837563037872314 0.8762049078941345 -3.5262067317962646 0.03930218517780304 -0.05564216896891594 0.08813031017780304 0.993776798248291
1541976472.66697 -3.0248301029205322 0.8918301463127136 -3.5922296047210693 0.03972407057881355 -0.05658870190382004 0.08864142000675201 0.993661105632782
1541976472.693066 -3.0709002017974854 0.8958272933959961 -3.6568233966827393 0.039029087871313095 -0.05471678823232651 0.08812254667282104 0.9938396215438843
1541976472.719133 -3.0934269428253174 0.9053168296813965 -3.7032222747802734 0.03838053718209267 -0.0556224025785923 0.0882667824625969 0.9938018321990967
1541976472.745202 -3.1146204471588135 0.9166967868804932 -3.7426817417144775 0.03681688755750656 -0.05594763159751892 0.08719877153635025 0.9939370155334473
1541976472.771291 -3.145951747894287 0.9316866397857666 -3.78570556640625 0.034683361649513245 -0.05623544380068779 0.08533051609992981 0.9941596388816833
1541976472.797406 -3.1872823238372803 0.9489312171936035 -3.8217718601226807 0.03257271647453308 -0.056216608732938766 0.08499713987112045 0.9942606687545776
1541976472.823559 -3.2232651710510254 0.9682036638259888 -3.8542566299438477 0.030612535774707794 -0.05561001971364021 0.08509031683206558 0.9943490624427795
1541976472.849771 -3.2374391555786133 0.9916835427284241 -3.893526792526245 0.029271533712744713 -0.05644127354025841 0.0864243134856224 0.9942275285720825
1541976472.876067 -3.2518491744995117 0.99695885181427 -3.9040706157684326 0.026095213368535042 -0.05507323890924454 0.08595874160528183 0.9944330453872681
1541976472.902459 -3.2946560382843018 1.0295324325561523 -3.983610153198242 0.02282792329788208 -0.055157411843538284 0.08346419036388397 0.9947212338447571
1541976472.928966 -3.326350450515747 1.0408756732940674 -4.017991542816162 0.0206020325422287 -0.05496984347701073 0.08032409101724625 0.9950386881828308
1541976472.955606 -3.3575844764709473 1.0538859367370605 -4.047041893005371 0.020285366103053093 -0.05443092808127403 0.07690823823213577 0.9953446388244629
1541976472.982396 -3.3883211612701416 1.068195104598999 -4.087277889251709 0.017802482470870018 -0.05490117892622948 0.07111059129238129 0.995797336101532
1541976473.009346 -3.436495065689087 1.0855542421340942 -4.118842124938965 0.014877592213451862 -0.055068954825401306 0.06497174501419067 0.9962553977966309
1541976473.03644 -3.494154214859009 1.1051255464553833 -4.149735450744629 0.012645178474485874 -0.056976068764925 0.0595865324139595 0.9965155720710754
1541976473.063663 -3.5552146434783936 1.1200242042541504 -4.1810479164123535 0.008691961877048016 -0.05871627852320671 0.05199670046567917 0.9968817234039307
1541976473.091019 -3.621021270751953 1.1391819715499878 -4.214154243469238 0.002793976804241538 -0.05902797728776932 0.04463982582092285 0.9972538948059082
1541976473.118525 -3.6653897762298584 1.1662864685058594 -4.224802017211914 0.00024220185878220946 -0.05930330604314804 0.044091492891311646 0.9972658157348633
1541976473.146206 -3.6926991939544678 1.1764978170394897 -4.241696357727051 -0.0014401820953935385 -0.06068173423409462 0.050586435943841934 0.9968734979629517
1541976473.174097 -3.7399628162384033 1.1707184314727783 -4.269064426422119 -0.002766891149803996 -0.058989062905311584 0.05194152519106865 0.996902585029602
1541976473.20222 -3.798632860183716 1.1625118255615234 -4.290121078491211 -0.00225231540389359 -0.05990799143910408 0.04863106459379196 0.9970160722732544
1541976473.230559 -3.846245288848877 1.1474978923797607 -4.306347846984863 -0.0012761155376210809 -0.06410828232765198 0.04142432659864426 0.9970820546150208
1541976473.259064 -3.8808882236480713 1.1310997009277344 -4.311029434204102 0.0008263093186542392 -0.07034259289503098 0.03616784140467644 0.9968667030334473
1541976473.287657 -3.9204330444335938 1.1169402599334717 -4.302705764770508 0.0032305079512298107 -0.0744640976190567 0.03023921512067318 0.9967598915100098
1541976473.316263 -3.9560229778289795 1.0972026586532593 -4.286978244781494 0.005903641227632761 -0.07891890406608582 0.024435386061668396 0.9965640902519226
1541976473.344818 -3.9724597930908203 1.0769076347351074 -4.2675580978393555 0.008695393800735474 -0.08264494687318802 0.017009643837809563 0.9963959455490112
1541976473.37329 -3.975982666015625 1.057114839553833 -4.240236282348633 0.01205635815858841 -0.08597516268491745 0.011301830410957336 0.9961602687835693
1541976473.401676 -3.9673616886138916 1.0418903827667236 -4.216708660125732 0.014868459664285183 -0.08952890336513519 0.007041978184133768 0.9958483576774597
1541976473.429985 -3.9551358222961426 1.030500054359436 -4.193164825439453 0.015801554545760155 -0.09283971041440964 0.0019738299306482077 0.9955537915229797
1541976473.458223 -3.9356818199157715 1.0172569751739502 -4.182350158691406 0.01630965992808342 -0.09523868560791016 -0.0020977926906198263 0.9953186511993408
1541976473.486406 -3.9147346019744873 1.010833501815796 -4.160406589508057 0.017923172563314438 -0.09666386991739273 -0.00599575275555253 0.995137631893158
1541976473.514569 -3.8920953273773193 1.013836145401001 -4.126437187194824 0.017828963696956635 -0.09842044860124588 -0.010143304243683815 0.9949334859848022
1541976473.542745 -3.8716931343078613 1.010932207107544 -4.076218605041504 0.015813330188393593 -0.09903586655855179 -0.014884540811181068 0.9948468804359436
1541976473.57095 -3.842337131500244 1.0217403173446655 -4.048712730407715 0.014266282320022583 -0.0987728163599968 -0.01932891644537449 0.9948199987411499
1541976473.5992 -3.7979319095611572 1.0192546844482422 -3.995527982711792 0.012769143097102642 -0.09895295649766922 -0.020153163000941277 0.9948060512542725
1541976473.627527 -3.7619686126708984 1.0261927843093872 -3.955793857574463 0.009411705657839775 -0.09684010595083237 -0.020509731024503708 0.9950441122055054
1541976473.655955 -3.7253777980804443 1.0382342338562012 -3.916994094848633 0.0059650917537510395 -0.0950443223118782 -0.01915789395570755 0.995270848274231
1541976473.684489 -3.683353900909424 1.047865390777588 -3.872802495956421 0.003000897355377674 -0.09287410974502563 -0.0177380982786417 0.9955153465270996
1541976473.71312 -3.6508705615997314 1.054259181022644 -3.830536127090454 0.0008631894015707076 -0.0904247835278511 -0.014827700331807137 0.9957925081253052
1541976473.74184 -3.6152191162109375 1.0643240213394165 -3.794163465499878 -0.0013947536936029792 -0.08796393126249313 -0.011705626733601093 0.9960539937019348
1541976473.770642 -3.5832600593566895 1.0761027336120605 -3.7592766284942627 -0.004411614499986172 -0.08513516932725906 -0.008121541701257229 0.9963265657424927
1541976473.799509 -3.5467679500579834 1.0824320316314697 -3.719144582748413 -0.006056859623640776 -0.08382869511842728 -0.0033009315375238657 0.9964563250541687
1541976473.82842 -3.5187313556671143 1.0910499095916748 -3.677516222000122 -0.0077721718698740005 -0.08227435499429703 -0.0022862697951495647 0.9965767860412598
1541976473.857363 -3.4886040687561035 1.100555419921875 -3.64489483833313 -0.010191007517278194 -0.08202452212572098 -0.002656138502061367 0.9965746998786926
1541976473.88633 -3.464264154434204 1.1012705564498901 -3.5979883670806885 -0.011684056371450424 -0.0809551328420639 -0.0038542011752724648 0.9966418147087097
1541976473.915317 -3.4300754070281982 1.1053948402404785 -3.5621466636657715 -0.012790520675480366 -0.08060523867607117 -0.002605918562039733 0.9966607093811035
1541976473.94433 -3.3987936973571777 1.109238624572754 -3.5195517539978027 -0.013375121168792248 -0.07936907559633255 -0.0009048331412486732 0.9967551827430725
1541976473.97338 -3.360356330871582 1.1159121990203857 -3.4888577461242676 -0.013421090319752693 -0.07864051312208176 0.002407896099612117 0.9968097805976868
1541976474.002468 -3.325333595275879 1.1120680570602417 -3.4532129764556885 -0.012765415944159031 -0.07719803601503372 0.005440661683678627 0.9969192743301392
1541976474.031574 -3.283740758895874 1.1129437685012817 -3.420199155807495 -0.012983584776520729 -0.07570841908454895 0.006204312201589346 0.9970262050628662
1541976474.060687 -3.2358522415161133 1.1101388931274414 -3.382517099380493 -0.014044537208974361 -0.07493234425783157 0.00543895922601223 0.9970749020576477
1541976474.089806 -3.1939992904663086 1.1105754375457764 -3.3527276515960693 -0.014574788510799408 -0.07517136633396149 0.00511806458234787 0.9970510005950928
1541976474.118925 -3.150111675262451 1.1152143478393555 -3.318446397781372 -0.012870741076767445 -0.07528556138277054 0.004557608626782894 0.9970685839653015
1541976474.148048 -3.1073179244995117 1.1210031509399414 -3.2905304431915283 -0.011569450609385967 -0.07478205114603043 0.004388649482280016 0.997123122215271
1541976474.177174 -3.0699729919433594 1.1269004344940186 -3.2709524631500244 -0.009999562054872513 -0.07707323133945465 0.006215155590325594 0.996955931186676
1541976474.206297 -3.0409762859344482 1.132155418395996 -3.2542476654052734 -0.009547234512865543 -0.0780739113688469 0.00468331016600132 0.9968909025192261
1541976474.235415 -3.0091373920440674 1.1402298212051392 -3.234872817993164 -0.00683860806748271 -0.08260318636894226 0.0015050664078444242 0.9965579509735107
1541976474.264522 -2.988328456878662 1.153944969177246 -3.209157705307007 -0.0029488559812307358 -0.08856487274169922 -0.0008807642152532935 0.9960656762123108
1541976474.293617 -2.964434862136841 1.1616113185882568 -3.1964375972747803 -0.000842484412714839 -0.0927450954914093 -0.007449560798704624 0.995661735534668
1541976474.322703 -2.9397740364074707 1.170803427696228 -3.188141107559204 0.0009405723540112376 -0.09742625802755356 -0.011594611220061779 0.995174765586853
1541976474.351779 -2.9180078506469727 1.183698058128357 -3.171684741973877 0.003143858863040805 -0.1010417565703392 -0.015107872895896435 0.9947625994682312
1541976474.380847 -2.8913207054138184 1.193530797958374 -3.158356189727783 0.003417272586375475 -0.1039535403251648 -0.020505361258983612 0.9943649172782898
1541976474.409904 -2.8657498359680176 1.1988052129745483 -3.1401596069335938 0.003069417318329215 -0.10605783015489578 -0.02606518566608429 0.9940135478973389
1541976474.438963 -2.8231754302978516 1.2191901206970215 -3.1346747875213623 0.005766554735600948 -0.1111694872379303 -0.030631300061941147 0.9933125376701355
1541976474.468049 -2.787259101867676 1.2202330827713013 -3.1138830184936523 0.008148622699081898 -0.1142449751496315 -0.03322407975792885 0.9928634762763977
1541976474.497181 -2.7469935417175293 1.2155669927597046 -3.0859875679016113 0.01053248904645443 -0.1168411523103714 -0.036631688475608826 0.9924189448356628
1541976474.526367 -2.684309244155884 1.234724998474121 -3.0878474712371826 0.01327752135694027 -0.12221230566501617 -0.04140870273113251 0.991550862789154
1541976474.555599 -2.643920660018921 1.23622465133667 -3.0711708068847656 0.013730568811297417 -0.12398973107337952 -0.04731375351548195 0.9910597801208496
1541976474.584846 -2.588336229324341 1.2353824377059937 -3.0616679191589355 0.014734289608895779 -0.12465937435626984 -0.05292419344186783 0.990677535533905
1541976474.614091 -2.5360825061798096 1.2315479516983032 -3.0527141094207764 0.016843190416693687 -0.12499676644802094 -0.05659982189536095 0.9903982281684875
1541976474.643332 -2.4872045516967773 1.2347782850265503 -3.034184694290161 0.01909845881164074 -0.12538692355155945 -0.06050140783190727 0.9900773167610168
1541976474.672569 -2.4401936531066895 1.2392879724502563 -3.022401809692383 0.01852433569729328 -0.12558723986148834 -0.06564415991306305 0.9897351264953613
1541976474.701783 -2.3983404636383057 1.2474125623703003 -3.000105857849121 0.02023131214082241 -0.1235678493976593 -0.0686211958527565 0.9897539019584656
1541976474.730961 -2.345991611480713 1.2526657581329346 -2.9883408546447754 0.019717415794730186 -0.12022201716899872 -0.07292190194129944 0.9898688793182373
1541976474.760121 -2.293255090713501 1.2601573467254639 -2.9749581813812256 0.0190935917198658 -0.11642900109291077 -0.07890842109918594 0.989875316619873
1541976474.789299 -2.2423059940338135 1.272339940071106 -2.9710772037506104 0.016780704259872437 -0.11243043839931488 -0.08064048737287521 0.9902399182319641
1541976474.818514 -2.1821537017822266 1.2837358713150024 -2.9651498794555664 0.015460429713129997 -0.10800056159496307 -0.08169281482696533 0.9906681180000305
1541976474.847788 -2.1425817012786865 1.2929421663284302 -2.958966016769409 0.013314981013536453 -0.10158153623342514 -0.08176557719707489 0.9913719892501831
1541976474.877149 -2.088817596435547 1.3017677068710327 -2.957301378250122 0.012475338764488697 -0.09802107512950897 -0.08222956210374832 0.9917028546333313
1541976474.906619 -2.0511274337768555 1.310117483139038 -2.9603965282440186 0.010841673240065575 -0.09428773820400238 -0.08317306637763977 0.9920053482055664
1541976474.936211 -2.0108957290649414 1.3135724067687988 -2.952324390411377 0.009022547863423824 -0.08992873877286911 -0.08761904388666153 0.9920455813407898
1541976474.965923 -1.971618890762329 1.318780541419983 -2.9604623317718506 0.006370780989527702 -0.08553782850503922 -0.09096239507198334 0.992153525352478
1541976474.995759 -1.9427335262298584 1.3237078189849854 -2.938793420791626 0.005114274565130472 -0.07817687839269638 -0.09784253686666489 0.992113471031189
1541976475.025729 -1.9177885055541992 1.3184852600097656 -2.9519808292388916 -0.001361469505354762 -0.0726693719625473 -0.10329480469226837 0.9919917583465576
1541976475.055833 -1.8837332725524902 1.3038736581802368 -2.9604103565216064 -0.010263499803841114 -0.06406679004430771 -0.11479553580284119 0.99126797914505
1541976475.086059 -1.8487554788589478 1.3454716205596924 -2.942120313644409 0.004093868657946587 -0.08020539581775665 -0.09435051679611206 0.9922945499420166
1541976475.116406 -1.8316667079925537 1.3558437824249268 -2.9308769702911377 0.012111720629036427 -0.08755774796009064 -0.08753444254398346 0.9922322034835815
1541976475.146869 -1.8159160614013672 1.3293811082839966 -2.9142749309539795 0.012863733805716038 -0.08916609734296799 -0.09588354080915451 0.9913073778152466
1541976475.177421 -1.824652910232544 1.3148058652877808 -2.911109447479248 0.01460298616439104 -0.09306575357913971 -0.10162657499313354 0.9903522729873657
1541976475.208003 -1.8415493965148926 1.2985312938690186 -2.895930290222168 0.019030751660466194 -0.09877233952283859 -0.10521642863750458 0.9893490076065063
