1541976466263336.0 -0.0 -0.0 -0.0 -0.0 -0.0 1.0 -0.0
1541976466289024.0 -0.009493771 0.005170517 -0.040142808 -0.005715532 0.00536031 0.99989974 0.0117980875
1541976466314657.0 -0.023607606 0.010342404 -0.08446795 -0.00719541 0.0039932583 0.9997705 0.019779945
1541976466340200.0 -0.023607606 0.010342404 -0.08446795 -0.00719541 0.0039932583 0.9997705 0.019779945
1541976466365628.0 -0.06483195 0.02916462 -0.17416991 -0.006084482 -0.016184315 0.99963945 0.020543277
1541976466390925.0 -0.06483195 0.02916462 -0.17416991 -0.006084482 -0.016184315 0.99963945 0.020543277
1541976466416104.0 -0.108753435 0.062099963 -0.26025492 -0.008187405 -0.023298195 0.99934506 0.026451282
1541976466441201.0 -0.13418987 0.08860518 -0.2939462 -0.009753466 -0.0263903 0.99938434 0.020962538
1541976466466246.0 -0.1645549 0.11474465 -0.32249683 -0.015057962 -0.030317973 0.99934214 0.013016875
1541976466491259.0 -0.19700414 0.14120811 -0.34838194 -0.019872105 -0.038162176 0.99904853 0.007132422
1541976466516265.0 -0.22875606 0.16723482 -0.37276354 -0.02258263 -0.045085054 0.99872285 0.0031935272
1541976466541295.0 -0.2568929 0.1953866 -0.3957476 -0.02505754 -0.046507988 0.9986024 0.0015440458
1541976466566363.0 -0.28007585 0.22672094 -0.422679 -0.025297798 -0.044108998 0.9987051 -0.00159485
1541976466591435.0 -0.30004406 0.26230723 -0.44812122 -0.025316905 -0.043072015 0.9987375 -0.005223479
1541976466616426.0 -0.3224223 0.30005297 -0.4753189 -0.0244734 -0.04130231 0.998805 -0.009158748
1541976466641258.0 -0.33960015 0.3360058 -0.50038064 -0.02406438 -0.038849637 0.99888754 -0.011632062
1541976466665897.0 -0.35504937 0.37150767 -0.5315033 -0.02289023 -0.035401974 0.9990272 -0.012937123
1541976466690378.0 -0.36967844 0.4055184 -0.55979013 -0.022348847 -0.031408228 0.9991702 -0.013153586
1541976466714794.0 -0.38416594 0.4405992 -0.5889758 -0.021595394 -0.026823929 0.99929595 -0.014890556
1541976466739212.0 -0.4017677 0.4742006 -0.6175567 -0.021126268 -0.022682935 0.9993857 -0.016353298
1541976466763670.0 -0.4206922 0.50321656 -0.6494896 -0.02050107 -0.019779189 0.999446 -0.017213242
1541976466788212.0 -0.43888408 0.5292906 -0.6811721 -0.019515252 -0.016661117 0.9995266 -0.016977906
1541976466812906.0 -0.4588211 0.5554869 -0.71550345 -0.018801454 -0.012530479 0.99960136 -0.016929463
1541976466837807.0 -0.48023865 0.5770933 -0.747819 -0.018719545 -0.011129025 0.99961066 -0.01744593
1541976466862944.0 -0.500748 0.59636724 -0.78437936 -0.018499425 -0.009342705 0.999656 -0.01607758
1541976466888335.0 -0.5206864 0.6133461 -0.8252805 -0.017127236 -0.0067100464 0.9997127 -0.015369303
1541976466914018.0 -0.5401748 0.6278546 -0.86442685 -0.014269142 -0.005327107 0.99977905 -0.014491665
1541976466940043.0 -0.5587156 0.640834 -0.90447456 -0.010128288 -0.00569741 0.9998113 -0.015565789
1541976466966421.0 -0.58012164 0.65211535 -0.9494001 -0.006388112 -0.00471935 0.9998362 -0.016264087
1541976466993129.0 -0.60023046 0.6597921 -0.9892051 -0.0059181773 -0.0036355269 0.99987394 -0.014278477
1541976467020132.0 -0.6230486 0.66166574 -1.033069 -0.0035451602 -0.009792856 0.99983746 -0.014719902
1541976467047402.0 -0.64732003 0.6624277 -1.0733986 0.0008942904 -0.017611612 0.99969995 -0.01700426
1541976467074898.0 -0.6738866 0.66324663 -1.113716 0.0018095414 -0.022438735 0.9995897 -0.017710846
1541976467102555.0 -0.6966048 0.66552204 -1.1556278 0.0008139336 -0.02829897 0.99941844 -0.019010486
1541976467130319.0 -0.71404946 0.6705633 -1.1913435 0.0014085653 -0.03569948 0.99912786 -0.021612203
1541976467158163.0 -0.7372947 0.67443913 -1.2379006 0.0015293215 -0.03618554 0.999097 -0.02221646
1541976467186087.0 -0.76220274 0.6782282 -1.2804564 0.00048076257 -0.036177404 0.99910885 -0.021736482
1541976467214091.0 -0.78870946 0.6831041 -1.3264513 0.001741669 -0.0401607 0.99893224 -0.022770312
1541976467242175.0 -0.8136491 0.69146174 -1.3676765 0.002522585 -0.0430434 0.998798 -0.023312304
1541976467270328.0 -0.84209985 0.7011399 -1.4095815 0.0025273396 -0.043569256 0.9987914 -0.02260931
1541976467298547.0 -0.8759973 0.7128515 -1.4514942 0.0028502939 -0.043401565 0.99882776 -0.021247473
1541976467326830.0 -0.90899557 0.72700363 -1.4874063 0.0020936255 -0.0458495 0.9987261 -0.02096846
1541976467355177.0 -0.9563934 0.73718077 -1.5266054 0.0023186929 -0.05103727 0.9984089 -0.02386605
1541976467383593.0 -1.0070728 0.75408554 -1.5597234 0.002169833 -0.05452096 0.9982112 -0.024435565
1541976467412095.0 -1.0552455 0.77243036 -1.5856941 0.0013458832 -0.057959806 0.9980001 -0.025195945
1541976467440722.0 -1.1144869 0.7898367 -1.6193719 0.0028107862 -0.061624162 0.9976872 -0.028545571
1541976467469521.0 -1.1593099 0.81392646 -1.6388452 0.0025470713 -0.062272433 0.99765897 -0.028147407
1541976467498541.0 -1.2212703 0.8332256 -1.6627866 0.0023143538 -0.060618058 0.9977428 -0.028800286
1541976467527817.0 -1.2876698 0.84966373 -1.6971266 0.001602606 -0.06225984 0.99759 -0.030585846
1541976467557359.0 -1.365574 0.8601464 -1.7261062 0.0017169851 -0.06593611 0.9972461 -0.033908777
1541976467587153.0 -1.4445531 0.8688533 -1.7592008 -0.0011068804 -0.06766616 0.9971128 -0.0344402
1541976467617184.0 -1.5252999 0.8695642 -1.7822465 -0.0025584586 -0.06849125 0.9970618 -0.03420907
1541976467647432.0 -1.6011868 0.87068564 -1.805587 -0.003842398 -0.07132059 0.99685663 -0.034286126
1541976467677879.0 -1.6719977 0.8726167 -1.8295262 -0.004236626 -0.075613394 0.99649954 -0.03540198
1541976467708515.0 -1.730408 0.87407744 -1.85336 -0.0037762779 -0.07597267 0.9964638 -0.03569277
1541976467739321.0 -1.7795122 0.8732948 -1.8703412 -0.0018647327 -0.07276121 0.9966691 -0.036785167
1541976467770269.0 -1.8215559 0.8813115 -1.8963977 0.0011878237 -0.06933403 0.99682015 -0.039254624
1541976467801332.0 -1.8630968 0.88647085 -1.9217002 0.0038443776 -0.06543512 0.99696356 -0.042037886
1541976467832481.0 -1.8904634 0.8938175 -1.9486413 0.0071159056 -0.06313662 0.99696285 -0.045035943
1541976467863695.0 -1.921943 0.8950752 -1.9733226 0.009550378 -0.05911307 0.9971434 -0.046038467
1541976467894965.0 -1.9503678 0.8948939 -1.9956807 0.010711404 -0.056429874 0.99721915 -0.047486547
1541976467926275.0 -1.986949 0.9002533 -2.0186343 0.01292552 -0.05613965 0.9970961 -0.049806856
1541976467957604.0 -2.0158334 0.9062484 -2.0538838 0.015407417 -0.05730176 0.9968157 -0.053269517
1541976467988942.0 -2.0298111 0.9094458 -2.0626135 0.017508658 -0.05405922 0.9969669 -0.05318008
1541976468020294.0 -2.0537407 0.9178845 -2.093571 0.019704467 -0.051329862 0.99694353 -0.055503365
1541976468051663.0 -2.069813 0.9302207 -2.1221716 0.021668559 -0.048370205 0.9969604 -0.057103727
1541976468083039.0 -2.0819607 0.9334585 -2.1550677 0.024910998 -0.041911215 0.997077 -0.058825586
1541976468114415.0 -2.1085405 0.93691164 -2.179469 0.030120624 -0.034793142 0.99703157 -0.061727088
1541976468145780.0 -2.1251595 0.9443765 -2.207386 0.03355848 -0.02475581 0.99712443 -0.06327697
1541976468177124.0 -2.143845 0.95327413 -2.2269464 0.035284076 -0.008250631 0.99724555 -0.064717576
1541976468208433.0 -2.166721 0.9665524 -2.257227 0.03812886 0.009702124 0.99691755 -0.06787935
1541976468239696.0 -2.1816013 0.97452086 -2.2721949 0.03994787 0.024176093 0.9965184 -0.06907229
1541976468270913.0 -2.2022233 0.97350925 -2.2910938 0.04156498 0.034347773 0.99614686 -0.06916784
1541976468302089.0 -2.2224877 0.9615584 -2.323114 0.04333362 0.04047385 0.99589735 -0.06835656
1541976468333235.0 -2.2457254 0.9450023 -2.3426728 0.044381343 0.044325978 0.99578404 -0.06693014
1541976468364363.0 -2.2715116 0.9286929 -2.3670728 0.04630593 0.047436565 0.9956141 -0.06601591
1541976468395486.0 -2.292839 0.9198588 -2.3813975 0.04651086 0.052722257 0.9955675 -0.062469292
1541976468426600.0 -2.310359 0.9272347 -2.431642 0.046789903 0.056658622 0.9953395 -0.062448874
1541976468457687.0 -2.3295596 0.9310994 -2.4641745 0.047657985 0.056081615 0.9950623 -0.06659385
1541976468488732.0 -2.3432972 0.9453785 -2.4930272 0.04708973 0.05914314 0.9948509 -0.067500904
1541976468519719.0 -2.349328 0.9640852 -2.5245962 0.047494005 0.06179873 0.9945362 -0.06944792
1541976468550651.0 -2.3467941 0.99043685 -2.5420816 0.04819054 0.06309449 0.99429935 -0.07117263
1541976468581549.0 -2.3340874 1.0289139 -2.5657313 0.04719336 0.06243386 0.9944011 -0.07100197
1541976468612431.0 -2.2997482 1.0302676 -2.5439417 0.05049873 0.060165625 0.99437517 -0.07105035
1541976468643318.0 -2.2461207 1.0399793 -2.537955 0.055681344 0.058459185 0.9941306 -0.07201692
1541976468674230.0 -2.1889813 1.0571766 -2.5184238 0.061981 0.057993956 0.9938014 -0.07179025
1541976468705169.0 -2.1308568 1.0680504 -2.4954455 0.06744827 0.0601201 0.99342144 -0.0703577
1541976468736101.0 -2.0690873 1.0781739 -2.4592621 0.07461752 0.058288377 0.99316525 -0.06824579
1541976468767007.0 -1.9946219 1.0647348 -2.4177783 0.07980434 0.05472005 0.99304855 -0.067019396
1541976468797877.0 -1.9423853 1.0661287 -2.3711674 0.084589034 0.055562034 0.9930513 -0.060055412
1541976468828700.0 -1.8838513 1.066313 -2.3381698 0.08781017 0.05357918 0.99309194 -0.056454845
1541976468859448.0 -1.8433344 1.0398352 -2.2656965 0.09618768 0.050209697 0.9925009 -0.056293033
1541976468890095.0 -1.7947574 1.0415741 -2.2381823 0.10042539 0.047526624 0.9922942 -0.054848336
1541976468920642.0 -1.7316806 1.0505708 -2.2268503 0.09986455 0.047942955 0.99242765 -0.053065643
1541976468951080.0 -1.6963036 1.051213 -2.2032738 0.10195081 0.047656152 0.9922933 -0.051856447
1541976468981398.0 -1.6570057 1.0430773 -2.1729112 0.10670624 0.046083298 0.99191546 -0.050929256
1541976469011616.0 -1.6446896 1.0322539 -2.1592448 0.11203023 0.044982694 0.9913603 -0.051289644
1541976469041748.0 -1.6182545 1.0255694 -2.1377106 0.1150362 0.045039717 0.9909876 -0.05178544
1541976469071786.0 -1.601341 1.0204713 -2.123362 0.11545994 0.04579963 0.9908055 -0.053627156
1541976469101714.0 -1.5756112 1.0103822 -2.0858288 0.11680692 0.047251943 0.9907214 -0.05093697
1541976469131532.0 -1.565419 0.9962552 -2.0555077 0.119220614 0.04705172 0.9905113 -0.049598515
1541976469161277.0 -1.5628005 0.9857279 -2.0446906 0.11460416 0.048072647 0.99109405 -0.047828194
1541976469190980.0 -1.5418853 0.95963204 -1.9865538 0.11245212 0.049286895 0.9913337 -0.046720773
1541976469220641.0 -1.5212932 0.93906903 -1.962117 0.108509 0.04409197 0.99210525 -0.044821225
1541976469250264.0 -1.480649 0.9082995 -1.9156632 0.10481304 0.040217023 0.9927368 -0.043248866
1541976469279872.0 -1.4093994 0.88476706 -1.8682685 0.09678909 0.035631645 0.99379325 -0.0416818
1541976469309473.0 -1.3510634 0.8533801 -1.8272865 0.09243532 0.034165557 0.99441874 -0.037680704
1541976469339044.0 -1.3740253 0.85244477 -1.8783507 0.08116609 0.036780946 0.99551314 -0.031823914
1541976469368554.0 -1.341802 0.83078086 -1.849888 0.07847846 0.03264108 0.99602437 -0.026667401
1541976469397944.0 -1.3310478 0.82093805 -1.834947 0.07528133 0.027045859 0.9964992 -0.02430301
1541976469427102.0 -1.3177625 0.8065351 -1.8193765 0.07260424 0.020469956 0.9968218 -0.02561106
1541976469455927.0 -1.3158844 0.8063252 -1.822027 0.06851723 0.019366434 0.9971437 -0.025198873
1541976469484393.0 -1.3125181 0.8076165 -1.831104 0.06516967 0.019652383 0.99734765 -0.02577572
1541976469512578.0 -1.3109996 0.8138417 -1.8434379 0.055398494 0.02570787 0.9978849 -0.022269199
1541976469540609.0 -1.3361548 0.830381 -1.9002055 0.05040997 0.023556499 0.9981353 -0.025097325
1541976469568602.0 -1.3504549 0.8381484 -1.9033238 0.047732092 0.024961624 0.99826866 -0.023630532
1541976469596644.0 -1.3500069 0.82047844 -1.8281336 0.04385211 0.015225549 0.99861187 -0.024892202
1541976469624815.0 -1.4836891 0.8342675 -1.9368416 0.05987316 0.027725676 0.9973758 -0.029800273
1541976469653179.0 -1.5072995 0.8354678 -1.9417984 0.05466553 0.024090296 0.9978004 -0.028735403
1541976469681775.0 -1.533158 0.8345698 -1.9550021 0.051660977 0.024009537 0.997997 -0.027509002
1541976469710626.0 -1.5737792 0.83287585 -1.9778367 0.052244317 0.023453334 0.9979974 -0.026865521
1541976469739752.0 -1.5721425 0.8254082 -2.0159066 0.044535995 0.014746513 0.9985512 -0.026355874
1541976469769153.0 -1.6061996 0.82067657 -2.0398247 0.04303648 0.0133690275 0.99867636 -0.02479406
1541976469798779.0 -1.611802 0.8166817 -2.0464664 0.042377647 0.010288658 0.9987418 -0.024762237
1541976469828553.0 -1.6268103 0.8183398 -2.0725284 0.040070314 0.011566916 0.99890494 -0.02120207
1541976469858405.0 -1.636181 0.81414086 -2.087825 0.042168524 0.01471127 0.998771 -0.021493081
1541976469888265.0 -1.6358542 0.81471044 -2.1104422 0.04210844 0.022917837 0.9985874 -0.022911081
1541976469918060.0 -1.6714507 0.8426011 -2.2238822 0.037044216 0.036532093 0.9984 -0.022149254
1541976469947741.0 -1.6865606 0.84462994 -2.2516482 0.03902345 0.044649664 0.99798715 -0.022477772
1541976469977303.0 -1.7069808 0.8460318 -2.2775078 0.041779235 0.04890994 0.9976286 -0.024485538
1541976470006748.0 -1.734133 0.84894174 -2.3251932 0.04187408 0.05151586 0.99741346 -0.027553968
1541976470036059.0 -1.769588 0.8521646 -2.3842025 0.041834854 0.057924274 0.9969978 -0.02983481
1541976470065241.0 -1.7748406 0.8540795 -2.4624033 0.02954979 0.06616463 0.99702144 -0.026406514
1541976470094312.0 -1.8157469 0.8494449 -2.496975 0.024899635 0.06530937 0.9971771 -0.027432255
1541976470123302.0 -1.9517833 0.84239477 -2.533769 0.02846639 0.06278986 0.99717396 -0.029854305
1541976470152250.0 -2.0330331 0.83908755 -2.576047 0.022862565 0.05580868 0.99769545 -0.031089807
1541976470181197.0 -2.1108818 0.8258627 -2.5805662 0.02042178 0.05277742 0.99788296 -0.032049734
1541976470210209.0 -2.1797752 0.8299028 -2.6138651 0.016626226 0.04736752 0.99817103 -0.03368395
1541976470239351.0 -2.2446618 0.8506479 -2.671146 0.0108578745 0.042289145 0.99842846 -0.035134997
1541976470268663.0 -2.326858 0.85897344 -2.6868172 0.007227209 0.037564367 0.9986069 -0.036343656
1541976470298161.0 -2.429023 0.8650994 -2.6802366 0.0035812156 0.034502503 0.9987639 -0.03560245
1541976470327837.0 -2.5056403 0.86450285 -2.693807 0.0025288705 0.029236473 0.99890924 -0.036320288
1541976470357677.0 -2.5164742 0.867642 -2.7071266 -0.0007449387 0.025380632 0.999033 -0.035894696
1541976470387662.0 -2.6746242 0.8480816 -2.7189605 0.0076066162 0.031303994 0.9988143 -0.036500257
1541976470417767.0 -2.7306771 0.8426563 -2.7316523 0.0100671025 0.031533483 0.9987606 -0.037170578
1541976470447956.0 -2.780519 0.8299634 -2.7357678 0.012272051 0.030625407 0.99871796 -0.038391337
1541976470478195.0 -2.8460443 0.8295083 -2.767592 0.015794046 0.030208841 0.9986438 -0.039351556
1541976470508455.0 -2.7969222 0.8320773 -2.806196 0.009167646 0.027464282 0.99863106 -0.043563765
1541976470538713.0 -2.832436 0.8279681 -2.8205867 0.012616047 0.030170443 0.99838775 -0.046394993
1541976470568944.0 -2.8631108 0.8233373 -2.8261297 0.015909882 0.031458084 0.99818814 -0.048763476
1541976470599126.0 -2.877116 0.81834066 -2.8275511 0.019522974 0.0355591 0.99791086 -0.050282378
1541976470629238.0 -2.9175346 0.80212975 -2.8411298 0.027021728 0.038722303 0.99733436 -0.05563063
1541976470659266.0 -2.9649305 0.81535506 -2.8394098 0.030729523 0.044683363 0.99694383 -0.056233265
1541976470689205.0 -2.9891531 0.8122433 -2.8598409 0.03162162 0.049690496 0.99662983 -0.057096247
1541976470719049.0 -3.0144446 0.8058768 -2.870584 0.03338404 0.05161123 0.99636406 -0.058996513
1541976470748794.0 -3.0411677 0.7998188 -2.889042 0.03468186 0.052426565 0.99618906 -0.060464967
1541976470778445.0 -3.0580025 0.8015026 -2.9033332 0.035929736 0.055217143 0.99597454 -0.06078477
1541976470808005.0 -3.060547 0.7974051 -2.902471 0.0368393 0.05844923 0.99565256 -0.06247111
1541976470837484.0 -3.0611413 0.80313534 -2.9030683 0.03573987 0.063134395 0.9954592 -0.0616264
1541976470866894.0 -3.0493886 0.812386 -2.9077232 0.03594006 0.065647244 0.9954928 -0.058248367
1541976470896244.0 -3.0254912 0.8235899 -2.9108388 0.037941735 0.07059242 0.99525636 -0.05515462
1541976470925550.0 -2.993732 0.83985746 -2.9212072 0.039540615 0.07502252 0.99487805 -0.055007443
1541976470954830.0 -2.960316 0.8601861 -2.914535 0.041211005 0.080318846 0.994479 -0.05349877
1541976470984088.0 -2.90535 0.8864107 -2.9398878 0.041105274 0.087890156 0.9939632 -0.051214565
1541976471013344.0 -2.8531687 0.9043243 -2.9289787 0.043168515 0.088790834 0.9938648 -0.04985587
1541976471042633.0 -2.6941924 0.9235972 -2.9170482 0.034858733 0.0864087 0.9945011 -0.04781198
1541976471071987.0 -2.6533897 0.93643636 -2.9070084 0.039582595 0.084985785 0.99445343 -0.047676913
1541976471101430.0 -2.5921464 0.9272941 -2.8250906 0.044641215 0.08658057 0.99419945 -0.045589827
1541976471130961.0 -2.538004 0.93787384 -2.797559 0.0493059 0.0860657 0.9939942 -0.04623016
1541976471160558.0 -2.4522412 0.9672458 -2.806255 0.05230543 0.086575694 0.99382627 -0.045586783
1541976471190208.0 -2.3627787 0.9782744 -2.7794106 0.054142106 0.082265705 0.9941559 -0.044217557
1541976471219891.0 -2.3504057 0.9667506 -2.7291126 0.06251726 0.078096725 0.99391395 -0.046125844
1541976471249587.0 -2.2642457 0.961395 -2.6870458 0.06713505 0.077339895 0.99382615 -0.04267403
1541976471279275.0 -2.244669 0.9507398 -2.6630898 0.07285849 0.07705483 0.99357307 -0.039581794
1541976471308943.0 -2.1925542 0.94106144 -2.6312482 0.079859324 0.070070386 0.9935397 -0.039893556
1541976471338556.0 -2.1540227 0.943602 -2.645851 0.07944396 0.066456355 0.99380165 -0.040378798
1541976471368054.0 -2.081308 0.9443333 -2.615808 0.08157273 0.063455895 0.9938771 -0.03908432
1541976471397366.0 -2.029945 0.94474375 -2.5822258 0.08578387 0.06286908 0.9936781 -0.03595259
1541976471426458.0 -1.9464943 0.9394915 -2.552158 0.09001782 0.06061221 0.9934091 -0.036896598
1541976471455306.0 -1.9195335 0.93795264 -2.5280178 0.09859048 0.06184684 0.992566 -0.035604935
1541976471483887.0 -1.9246211 0.9362469 -2.529889 0.09937682 0.0655052 0.99222976 -0.03624306
1541976471512172.0 -1.8824971 0.9387057 -2.556361 0.09421652 0.06314853 0.9928015 -0.038480233
1541976471540148.0 -1.8640832 0.93261063 -2.5503256 0.09096652 0.062459845 0.993238 -0.036086023
1541976471567845.0 -1.8714861 0.92298084 -2.547956 0.08583868 0.061739635 0.9937468 -0.035878524
1541976471595312.0 -1.8830109 0.9257488 -2.5511196 0.07844716 0.06157845 0.994484 -0.032493796
1541976471622600.0 -1.8881491 0.9190535 -2.545648 0.06941653 0.057350475 0.99543154 -0.031753566
1541976471649766.0 -1.9668707 0.89882606 -2.5101602 0.07088902 0.058975924 0.9953089 -0.029272959
1541976471676875.0 -1.9975666 0.8870021 -2.5170102 0.063097976 0.058442313 0.9959398 -0.026592769
1541976471703989.0 -2.038975 0.8689843 -2.5357814 0.05413816 0.058443557 0.9964896 -0.025729947
1541976471731162.0 -2.0379412 0.8695051 -2.5769424 0.041970707 0.05407773 0.9972932 -0.026840122
1541976471758431.0 -2.0544813 0.8660079 -2.5894654 0.0325879 0.052232057 0.99782807 -0.023432765
1541976471785828.0 -2.0793192 0.86011297 -2.6077697 0.022774415 0.05131483 0.9982191 -0.02017294
1541976471813371.0 -2.1638746 0.83700496 -2.6602774 0.023308627 0.04790564 0.9983346 -0.022132304
1541976471841070.0 -2.1849635 0.8347474 -2.6701431 0.017307691 0.047344107 0.9985587 -0.018427348
1541976471868916.0 -2.2088945 0.8307111 -2.688861 0.010713294 0.04734957 0.9986806 -0.01674507
1541976471896887.0 -2.2581813 0.83105755 -2.6977282 0.0060736137 0.046195414 0.9988305 -0.012913325
1541976471924951.0 -2.2955267 0.8274732 -2.7196805 0.0029687546 0.046539497 0.99883896 -0.012085289
1541976471953080.0 -2.3286545 0.8250623 -2.7395709 0.001258838 0.046386454 0.99885064 -0.012010398
1541976471981269.0 -2.3155391 0.83068144 -2.736082 -0.003945734 0.04787082 0.99880296 -0.009245586
1541976472009523.0 -2.3509872 0.82524914 -2.7668152 -0.009302959 0.050811406 0.99863684 -0.0074982243
1541976472037830.0 -2.462648 0.80584526 -2.8340302 -0.00059847714 0.053316653 0.998484 -0.0136617655
1541976472066186.0 -2.4925382 0.80010325 -2.857519 -0.0020067636 0.056646883 0.99831706 -0.012250979
1541976472094585.0 -2.508368 0.801067 -2.8703182 -0.0041180514 0.059138104 0.9982037 -0.008672469
1541976472123013.0 -2.5294752 0.8007068 -2.8952708 -0.008382217 0.058550175 0.9982323 -0.0058294698
1541976472151444.0 -2.5715508 0.7923365 -2.92771 -0.010246157 0.060090646 0.998127 -0.0051676854
1541976472179846.0 -2.6177588 0.7877532 -2.9635324 -0.010944119 0.060765624 0.99808425 -0.003952293
1541976472208163.0 -2.6384528 0.78619015 -2.9915962 -0.012936871 0.062491238 0.9979607 -0.0014390055
1541976472236334.0 -2.647499 0.7898446 -3.0088706 -0.015576109 0.06367074 0.997848 0.0016830846
1541976472264326.0 -2.6675422 0.79561186 -3.0476902 -0.01811591 0.06394496 0.99778146 0.0038868992
1541976472292122.0 -2.6921651 0.8001585 -3.087973 -0.019773817 0.065236375 0.9976555 0.0060730465
1541976472319722.0 -2.7052639 0.8022846 -3.1222436 -0.02179811 0.06759934 0.99744207 0.008034886
1541976472347143.0 -2.708484 0.81180954 -3.1281333 -0.023351109 0.07266568 0.99700385 0.012562343
1541976472374410.0 -2.746409 0.82552415 -3.1943855 -0.025809674 0.077334575 0.9965625 0.014719408
1541976472401542.0 -2.7635834 0.8327028 -3.220298 -0.029934216 0.07957066 0.9962322 0.017142976
1541976472428547.0 -2.7997124 0.84028935 -3.2633061 -0.034227494 0.08152434 0.99588114 0.020076832
1541976472455436.0 -2.834339 0.8419019 -3.2999012 -0.0374375 0.081561685 0.99570376 0.022809071
1541976472482216.0 -2.840943 0.845313 -3.3246162 -0.04287968 0.081263155 0.99541146 0.026714738
1541976472508901.0 -2.8799012 0.844926 -3.3770602 -0.04671795 0.080685586 0.9952291 0.028744517
1541976472535485.0 -2.9070017 0.846833 -3.4085126 -0.049594164 0.08126201 0.9949836 0.030733988
1541976472561966.0 -2.9338334 0.8517628 -3.4504128 -0.051797945 0.08304063 0.9946525 0.03297884
1541976472588339.0 -2.9584749 0.85758877 -3.48521 -0.051749006 0.08495881 0.9943887 0.035989497
1541976472614618.0 -2.9769943 0.867951 -3.517126 -0.053082064 0.0878276 0.9939703 0.03862493
1541976472640824.0 -2.9837563 0.8762049 -3.5262067 -0.05564217 0.08813031 0.9937768 0.039302185
1541976472666970.0 -3.02483 0.89183015 -3.5922296 -0.056588702 0.08864142 0.9936611 0.03972407
1541976472693066.0 -3.0709002 0.8958273 -3.6568234 -0.05471679 0.08812255 0.9938396 0.039029088
1541976472719133.0 -3.093427 0.9053168 -3.7032223 -0.055622403 0.08826678 0.99380183 0.038380537
1541976472745202.0 -3.1146204 0.9166968 -3.7426817 -0.05594763 0.08719877 0.993937 0.036816888
1541976472771291.0 -3.1459517 0.93168664 -3.7857056 -0.056235444 0.085330516 0.99415964 0.03468336
1541976472797406.0 -3.1872823 0.9489312 -3.8217719 -0.05621661 0.08499714 0.99426067 0.032572716
1541976472823559.0 -3.2232652 0.96820366 -3.8542566 -0.05561002 0.08509032 0.99434906 0.030612536
1541976472849771.0 -3.2374392 0.99168354 -3.8935268 -0.056441274 0.08642431 0.9942275 0.029271534
1541976472876067.0 -3.2518492 0.99695885 -3.9040706 -0.05507324 0.08595874 0.99443305 0.026095213
1541976472902459.0 -3.294656 1.0295324 -3.9836102 -0.05515741 0.08346419 0.99472123 0.022827923
1541976472928966.0 -3.3263505 1.0408757 -4.0179915 -0.054969843 0.08032409 0.9950387 0.020602033
1541976472955606.0 -3.3575845 1.0538859 -4.047042 -0.054430928 0.07690824 0.99534464 0.020285366
1541976472982396.0 -3.3883212 1.0681951 -4.087278 -0.05490118 0.07111059 0.99579734 0.017802482
1541976473009346.0 -3.436495 1.0855542 -4.118842 -0.055068955 0.064971745 0.9962554 0.014877592
1541976473036440.0 -3.4941542 1.1051255 -4.1497355 -0.05697607 0.059586532 0.9965156 0.0126451785
1541976473063663.0 -3.5552146 1.1200242 -4.181048 -0.05871628 0.0519967 0.9968817 0.008691962
1541976473091019.0 -3.6210213 1.139182 -4.2141542 -0.059027977 0.044639826 0.9972539 0.0027939768
1541976473118525.0 -3.6653898 1.1662865 -4.224802 -0.059303306 0.044091493 0.9972658 0.00024220186
1541976473146206.0 -3.6926992 1.1764978 -4.2416964 -0.060681734 0.050586436 0.9968735 -0.0014401821
1541976473174097.0 -3.7399628 1.1707184 -4.2690644 -0.058989063 0.051941525 0.9969026 -0.0027668911
1541976473202220.0 -3.7986329 1.1625118 -4.290121 -0.05990799 0.048631065 0.9970161 -0.0022523154
1541976473230559.0 -3.8462453 1.1474979 -4.306348 -0.06410828 0.041424327 0.99708205 -0.0012761155
1541976473259064.0 -3.8808882 1.1310997 -4.3110294 -0.07034259 0.03616784 0.9968667 0.0008263093
1541976473287657.0 -3.920433 1.1169403 -4.302706 -0.0744641 0.030239215 0.9967599 0.003230508
1541976473316263.0 -3.956023 1.0972027 -4.2869782 -0.078918904 0.024435386 0.9965641 0.005903641
1541976473344818.0 -3.9724598 1.0769076 -4.267558 -0.08264495 0.017009644 0.99639595 0.008695394
1541976473373290.0 -3.9759827 1.0571148 -4.2402363 -0.08597516 0.01130183 0.99616027 0.012056358
1541976473401676.0 -3.9673617 1.0418904 -4.2167087 -0.0895289 0.007041978 0.99584836 0.01486846
1541976473429985.0 -3.9551358 1.0305 -4.193165 -0.09283971 0.00197383 0.9955538 0.015801555
1541976473458223.0 -3.9356818 1.017257 -4.18235 -0.095238686 -0.0020977927 0.99531865 0.01630966
1541976473486406.0 -3.9147346 1.0108335 -4.1604066 -0.09666387 -0.0059957528 0.99513763 0.017923173
1541976473514569.0 -3.8920953 1.0138361 -4.126437 -0.09842045 -0.010143304 0.9949335 0.017828964
1541976473542745.0 -3.8716931 1.0109322 -4.0762186 -0.09903587 -0.014884541 0.9948469 0.01581333
1541976473570950.0 -3.8423371 1.0217403 -4.0487127 -0.09877282 -0.019328916 0.99482 0.014266282
1541976473599200.0 -3.797932 1.0192547 -3.995528 -0.09895296 -0.020153163 0.99480605 0.012769143
1541976473627527.0 -3.7619686 1.0261928 -3.9557939 -0.096840106 -0.020509731 0.9950441 0.009411706
1541976473655955.0 -3.7253778 1.0382342 -3.916994 -0.09504432 -0.019157894 0.99527085 0.0059650918
1541976473684489.0 -3.683354 1.0478654 -3.8728025 -0.09287411 -0.017738098 0.99551535 0.0030008974
1541976473713120.0 -3.6508706 1.0542592 -3.8305361 -0.09042478 -0.0148277 0.9957925 0.0008631894
1541976473741840.0 -3.615219 1.064324 -3.7941635 -0.08796393 -0.011705627 0.996054 -0.0013947537
1541976473770642.0 -3.58326 1.0761027 -3.7592766 -0.08513517 -0.008121542 0.99632657 -0.0044116145
1541976473799509.0 -3.546768 1.082432 -3.7191446 -0.083828695 -0.0033009315 0.9964563 -0.0060568596
1541976473828420.0 -3.5187314 1.0910499 -3.6775162 -0.082274355 -0.0022862698 0.9965768 -0.007772172
1541976473857363.0 -3.488604 1.1005554 -3.6448948 -0.08202452 -0.0026561385 0.9965747 -0.0101910075
1541976473886330.0 -3.4642642 1.1012706 -3.5979884 -0.08095513 -0.0038542012 0.9966418 -0.011684056
1541976473915317.0 -3.4300754 1.1053948 -3.5621467 -0.08060524 -0.0026059186 0.9966607 -0.012790521
1541976473944330.0 -3.3987937 1.1092386 -3.5195518 -0.079369076 -0.00090483314 0.9967552 -0.013375121
1541976473973380.0 -3.3603563 1.1159122 -3.4888577 -0.07864051 0.002407896 0.9968098 -0.01342109
1541976474002468.0 -3.3253336 1.112068 -3.453213 -0.077198036 0.0054406617 0.9969193 -0.012765416
1541976474031574.0 -3.2837408 1.1129438 -3.4201992 -0.07570842 0.006204312 0.9970262 -0.012983585
1541976474060687.0 -3.2358522 1.1101389 -3.382517 -0.074932344 0.005438959 0.9970749 -0.014044537
1541976474089806.0 -3.1939993 1.1105754 -3.3527277 -0.07517137 0.0051180646 0.997051 -0.0145747885
1541976474118925.0 -3.1501117 1.1152143 -3.3184464 -0.07528556 0.0045576086 0.9970686 -0.012870741
1541976474148048.0 -3.107318 1.1210032 -3.2905304 -0.07478205 0.0043886495 0.9971231 -0.011569451
1541976474177174.0 -3.069973 1.1269004 -3.2709525 -0.07707323 0.0062151556 0.99695593 -0.009999562
1541976474206297.0 -3.0409763 1.1321554 -3.2542477 -0.07807391 0.00468331 0.9968909 -0.0095472345
1541976474235415.0 -3.0091374 1.1402298 -3.2348728 -0.08260319 0.0015050664 0.99655795 -0.006838608
1541976474264522.0 -2.9883285 1.153945 -3.2091577 -0.08856487 -0.0008807642 0.9960657 -0.002948856
1541976474293617.0 -2.9644349 1.1616113 -3.1964376 -0.092745095 -0.007449561 0.99566174 -0.0008424844
1541976474322703.0 -2.939774 1.1708034 -3.188141 -0.09742626 -0.011594611 0.99517477 0.00094057235
1541976474351779.0 -2.9180079 1.183698 -3.1716847 -0.10104176 -0.015107873 0.9947626 0.0031438589
1541976474380847.0 -2.8913207 1.1935308 -3.1583562 -0.10395354 -0.020505361 0.9943649 0.0034172726
1541976474409904.0 -2.8657498 1.1988052 -3.1401596 -0.10605783 -0.026065186 0.99401355 0.0030694173
1541976474438963.0 -2.8231754 1.2191901 -3.1346748 -0.11116949 -0.0306313 0.99331254 0.0057665547
1541976474468049.0 -2.787259 1.2202331 -3.113883 -0.114244975 -0.03322408 0.9928635 0.008148623
1541976474497181.0 -2.7469935 1.215567 -3.0859876 -0.11684115 -0.03663169 0.99241894 0.010532489
1541976474526367.0 -2.6843092 1.234725 -3.0878475 -0.122212306 -0.041408703 0.99155086 0.013277521
1541976474555599.0 -2.6439207 1.2362247 -3.0711708 -0.12398973 -0.047313754 0.9910598 0.013730569
1541976474584846.0 -2.5883362 1.2353824 -3.061668 -0.124659374 -0.052924193 0.99067754 0.01473429
1541976474614091.0 -2.5360825 1.231548 -3.052714 -0.12499677 -0.056599822 0.9903982 0.01684319
1541976474643332.0 -2.4872046 1.2347783 -3.0341847 -0.12538692 -0.060501408 0.9900773 0.019098459
1541976474672569.0 -2.4401937 1.239288 -3.0224018 -0.12558724 -0.06564416 0.9897351 0.018524336
1541976474701783.0 -2.3983405 1.2474126 -3.0001059 -0.12356785 -0.068621196 0.9897539 0.020231312
1541976474730961.0 -2.3459916 1.2526658 -2.9883409 -0.12022202 -0.0729219 0.9898689 0.019717416
1541976474760121.0 -2.293255 1.2601573 -2.9749582 -0.116429 -0.07890842 0.9898753 0.019093592
1541976474789299.0 -2.242306 1.2723399 -2.9710772 -0.11243044 -0.08064049 0.9902399 0.016780704
1541976474818514.0 -2.1821537 1.2837359 -2.9651499 -0.10800056 -0.081692815 0.9906681 0.01546043
1541976474847788.0 -2.1425817 1.2929422 -2.958966 -0.101581536 -0.08176558 0.991372 0.013314981
1541976474877149.0 -2.0888176 1.3017677 -2.9573014 -0.098021075 -0.08222956 0.99170285 0.012475339
1541976474906619.0 -2.0511274 1.3101175 -2.9603965 -0.09428774 -0.08317307 0.99200535 0.010841673
1541976474936211.0 -2.0108957 1.3135724 -2.9523244 -0.08992874 -0.087619044 0.9920456 0.009022548
1541976474965923.0 -1.9716189 1.3187805 -2.9604623 -0.08553783 -0.090962395 0.9921535 0.006370781
1541976474995759.0 -1.9427335 1.3237078 -2.9387934 -0.07817688 -0.09784254 0.9921135 0.0051142746
1541976475025729.0 -1.9177885 1.3184853 -2.9519808 -0.07266937 -0.103294805 0.99199176 -0.0013614695
1541976475055833.0 -1.8837333 1.3038737 -2.9604104 -0.06406679 -0.114795536 0.991268 -0.0102635
1541976475086059.0 -1.8487555 1.3454716 -2.9421203 -0.080205396 -0.09435052 0.99229455 0.0040938687
1541976475116406.0 -1.8316667 1.3558438 -2.930877 -0.08755775 -0.08753444 0.9922322 0.012111721
1541976475146869.0 -1.8159161 1.3293811 -2.914275 -0.0891661 -0.09588354 0.9913074 0.012863734
1541976475177421.0 -1.8246529 1.3148059 -2.9111094 -0.09306575 -0.101626575 0.9903523 0.014602986
1541976475208003.0 -1.8415494 1.2985313 -2.8959303 -0.09877234 -0.10521643 0.989349 0.019030752
