1541978787176984.5 -0.0 -0.0 -0.0 -0.0 -0.0 1.0 -0.0
1541978787208418.5 0.011960983 0.010245094 -0.025696443 0.028504541 0.02685164 0.99918246 0.010046986
1541978787239633.5 0.028884556 0.023032278 -0.056283366 0.05839998 0.070423216 0.9957671 0.008824977
1541978787270634.5 0.047430396 0.03413815 -0.078420445 0.070068754 0.12478445 0.9895156 0.019445714
1541978787301386.5 0.06345829 0.04436564 -0.09924423 0.07562924 0.16329907 0.98335624 0.024983808
1541978787331893.5 0.08580801 0.05190285 -0.12100149 0.08504946 0.18991874 0.9777417 0.026808549
1541978787362208.5 0.11056325 0.05624767 -0.14357884 0.10737159 0.21124896 0.9712412 0.023147533
1541978787392380.5 0.13691504 0.063611284 -0.16124587 0.12527815 0.23677677 0.9630501 0.027869975
1541978787422472.5 0.16003284 0.06563633 -0.17849056 0.13765027 0.25956845 0.95474213 0.0463043
1541978787452571.5 0.1789139 0.0639389 -0.19567616 0.15135707 0.26368707 0.9509087 0.05773119
1541978787482793.5 0.19579852 0.059622638 -0.21212263 0.16733249 0.25393718 0.9506929 0.06081743
1541978787513231.5 0.21820195 0.05656975 -0.22734712 0.18451858 0.24005339 0.9509148 0.06393995
1541978787543901.5 0.23825979 0.051949088 -0.2420275 0.20278782 0.23639487 0.9470778 0.077706486
1541978787574779.5 0.25615013 0.051518608 -0.2535848 0.2175117 0.240951 0.94034016 0.10194005
1541978787605839.5 0.27301532 0.05141284 -0.26488084 0.225179 0.25248864 0.9338133 0.11634718
1541978787637064.5 0.29447988 0.052580148 -0.27883232 0.22936696 0.26477137 0.9292538 0.11736434
1541978787668416.5 0.31368974 0.055658944 -0.2921257 0.23938082 0.27251303 0.9246145 0.116282314
1541978787699817.5 0.3319463 0.05920501 -0.30353865 0.24704264 0.28169608 0.91971874 0.11719516
1541978787731171.5 0.34885216 0.06319525 -0.314953 0.25502264 0.2852693 0.9170244 0.11247769
1541978787762416.5 0.36431342 0.06711013 -0.32506064 0.26677424 0.28178495 0.91613257 0.100647494
1541978787793542.5 0.3825246 0.07101723 -0.3363244 0.27639848 0.28295493 0.9135903 0.09430369
1541978787824546.5 0.3967849 0.07400036 -0.34643403 0.2874738 0.2920022 0.9072561 0.094762355
1541978787855427.5 0.4119259 0.077092126 -0.35591486 0.29581168 0.30387658 0.90046465 0.09652972
1541978787886188.5 0.42533553 0.08269046 -0.3628678 0.30591157 0.31443322 0.8932711 0.09806511
1541978787916857.5 0.4379807 0.087713845 -0.3689534 0.31392968 0.32251215 0.8875528 0.0984085
1541978787947473.5 0.4481799 0.08873694 -0.374493 0.32396314 0.32794622 0.8819137 0.09862739
1541978787978075.5 0.45778924 0.08888286 -0.37988856 0.3360367 0.32717916 0.8777419 0.09799156
1541978788008697.5 0.46884832 0.08778362 -0.38570505 0.34819657 0.33277106 0.8704127 0.10200181
1541978788039347.5 0.47656968 0.08599423 -0.39096928 0.3606886 0.3430834 0.8600965 0.11149697
1541978788069964.5 0.48604327 0.08424613 -0.3964154 0.37105498 0.35647798 0.8485528 0.12328785
1541978788100453.5 0.4917977 0.079869956 -0.40154153 0.38760835 0.36432138 0.83739114 0.12572119
1541978788130732.5 0.49304497 0.07759324 -0.40232068 0.40820122 0.37152803 0.8239054 0.12852468
1541978788160733.5 0.49242646 0.07194178 -0.40350932 0.42482948 0.3875038 0.80758405 0.13102992
1541978788190410.5 0.49282923 0.07510921 -0.4018312 0.4318574 0.40483576 0.79087484 0.15531994
1541978788219768.5 0.4899804 0.07027751 -0.3969009 0.44381368 0.42008126 0.77313185 0.1697894
1541978788248835.5 0.48380572 0.06463516 -0.38991535 0.45522422 0.42898458 0.7616431 0.1692424
1541978788277628.5 0.48235407 0.07043412 -0.377934 0.45161533 0.43742204 0.7559038 0.1825242
1541978788306160.5 0.47312382 0.06178844 -0.366687 0.451617 0.45247117 0.745066 0.19023325
1541978788334479.5 0.46828157 0.058811426 -0.3574518 0.44341397 0.46566653 0.73851466 0.20281737
1541978788362667.5 0.4601791 0.051505834 -0.3447376 0.44216564 0.47704455 0.7290304 0.21314973
1541978788390813.5 0.4531561 0.05266568 -0.3320005 0.43203583 0.48399422 0.72645617 0.22661892
1541978788418972.5 0.44444072 0.04696089 -0.31610674 0.4232475 0.49287271 0.7230396 0.23484433
1541978788447162.5 0.43456954 0.039566964 -0.3005914 0.41787675 0.5008577 0.719587 0.23814937
1541978788475402.5 0.42366317 0.032896668 -0.28441334 0.41207767 0.5096485 0.7162214 0.23974438
1541978788503730.5 0.4109735 0.0242742 -0.26665497 0.40600967 0.5185682 0.7117704 0.24418478
1541978788532178.5 0.39794987 0.015971512 -0.24724613 0.40078238 0.523717 0.710973 0.24415448
1541978788560772.5 0.3858091 0.008684814 -0.22918595 0.39599937 0.526051 0.7122329 0.24326761
1541978788589513.5 0.37365642 0.0003504157 -0.21193631 0.39199418 0.5302764 0.71000814 0.24705476
1541978788618406.5 0.36120647 -0.00837332 -0.19303156 0.38678238 0.5356729 0.70687884 0.25253978
1541978788647471.5 0.34812587 -0.018535405 -0.17416 0.37792227 0.541944 0.7047513 0.25845128
1541978788676720.5 0.33597344 -0.027528614 -0.15224297 0.37079322 0.54209507 0.70688885 0.2625901
1541978788706159.5 0.3238157 -0.038155735 -0.13185982 0.36278522 0.5415278 0.7088853 0.26947376
1541978788735818.5 0.31107482 -0.049263388 -0.11117763 0.35516182 0.5397057 0.71097386 0.27765828
1541978788765732.5 0.29745468 -0.059399813 -0.09102842 0.346231 0.5381437 0.714019 0.28408167
1541978788795934.5 0.2819502 -0.07135433 -0.072081275 0.33282614 0.54178256 0.7135323 0.29422817
1541978788826427.5 0.26395133 -0.083875895 -0.050022148 0.31581542 0.5474148 0.7132517 0.30310017
1541978788857178.5 0.24482629 -0.09620994 -0.02795659 0.29970446 0.55307204 0.7130672 0.30955443
1541978788888115.5 0.22326404 -0.109046906 -0.006099269 0.28401837 0.5615642 0.7087136 0.31891125
1541978788919154.5 0.19902003 -0.11902486 0.018380195 0.26666906 0.57113904 0.7036775 0.32791126
1541978788950247.5 0.1724906 -0.12872674 0.04508681 0.24509907 0.5815767 0.7016819 0.33066222
1541978788981384.5 0.14468646 -0.13919887 0.07190259 0.22762713 0.590412 0.7020327 0.3267258
1541978789012560.5 0.119486466 -0.1467645 0.10102524 0.2103224 0.5974297 0.7023738 0.32482824
1541978789043776.5 0.090625465 -0.15692669 0.13088569 0.1928291 0.6010193 0.7029411 0.32782084
1541978789075049.5 0.06288538 -0.16498649 0.15718532 0.16890194 0.5938338 0.7199318 0.31706768
1541978789106397.5 0.034218103 -0.17330658 0.1881043 0.14462502 0.58054835 0.73903304 0.30964085
1541978789137833.5 0.0043598264 -0.17917183 0.21125323 0.12098558 0.56413835 0.75888777 0.3019931
1541978789169417.5 -0.02133599 -0.18356928 0.23622036 0.10137721 0.5486802 0.7775746 0.28991455
1541978789201236.5 -0.04864259 -0.18772456 0.25893402 0.08064471 0.54211855 0.78624934 0.285335
1541978789233302.5 -0.07459693 -0.18862814 0.27723256 0.07145345 0.5287001 0.801652 0.26967508
1541978789265486.5 -0.095412716 -0.18912886 0.2976848 0.06314955 0.5116642 0.8213031 0.24428041
1541978789297502.5 -0.12855789 -0.18342668 0.30391648 0.046971716 0.48481977 0.84908193 0.20445861
1541978789328797.5 -0.16309902 -0.18358505 0.3139153 0.025530094 0.4482222 0.8777802 0.16717404
1541978789358526.5 -0.18544213 -0.1798726 0.339414 0.0040567615 0.38540983 0.9144301 0.123533145
1541978789386024.5 -0.21607818 -0.1691046 0.35500246 -0.010114884 0.30553558 0.94894385 0.07778981
1541978789411391.5 -0.22659925 -0.16642343 0.38867003 -0.024168963 0.22035731 0.9743557 0.038595077
1541978789435519.5 -0.20606862 -0.152746 0.40824068 -0.046405558 0.13191618 0.9901614 0.0050063273
1541978789459328.5 -0.18181142 -0.14677359 0.42180073 -0.06477998 0.035567995 0.99683154 -0.029419381
1541978789483260.5 -0.16518942 -0.14909522 0.41951665 -0.07560311 -0.056433707 0.9933996 -0.06524333
1541978789507488.5 -0.15508886 -0.14573465 0.41907346 -0.091948666 -0.122548334 0.983453 -0.09668285
1541978789532067.5 -0.14488156 -0.14069232 0.42723188 -0.111858174 -0.17326495 0.96959585 -0.1317232
1541978789557052.5 -0.1368094 -0.13471827 0.4233543 -0.118917964 -0.23393999 0.9487983 -0.17581934
1541978789582572.5 -0.13208713 -0.12733579 0.41424555 -0.11755421 -0.3019502 0.92087615 -0.21678188
1541978789608766.5 -0.12430587 -0.11613007 0.40314004 -0.12239162 -0.35572204 0.8914841 -0.25246453
1541978789635713.5 -0.10722978 -0.12092337 0.3795588 -0.12839061 -0.39439642 0.8642159 -0.28477746
1541978789663432.5 -0.08387268 -0.119251624 0.35742572 -0.12518632 -0.42592043 0.8422434 -0.30585358
1541978789691916.5 -0.053390186 -0.12192029 0.32868782 -0.11418366 -0.45458928 0.8219846 -0.32349977
1541978789721168.5 -0.017780755 -0.11921373 0.29776952 -0.10454654 -0.47668236 0.8049989 -0.3373735
1541978789751168.5 0.0102523565 -0.11734904 0.27298638 -0.09784146 -0.49336907 0.79087883 -0.34860387
1541978789781867.5 0.04397311 -0.1138074 0.23505831 -0.092319526 -0.49873286 0.7858281 -0.35386002
1541978789813160.5 0.0776697 -0.108537 0.20014453 -0.08630092 -0.5059808 0.77643234 -0.36563438
1541978789844897.5 0.11441718 -0.09922348 0.15588878 -0.08096328 -0.51189923 0.76798046 -0.37631124
1541978789876934.5 0.15119499 -0.08657102 0.108971156 -0.07654262 -0.5120431 0.76441675 -0.38421372
1541978789909152.5 0.18940493 -0.07914259 0.063273 -0.07245673 -0.5139827 0.760398 -0.39034197
1541978789941474.5 0.23264396 -0.06566495 0.010572873 -0.065753646 -0.5173311 0.7556927 -0.39619893
1541978789973856.5 0.27204794 -0.056117907 -0.039229915 -0.06010381 -0.5211914 0.7515221 -0.39995202
1541978790006264.5 0.3203386 -0.05070232 -0.1008886 -0.055869687 -0.5268733 0.74897814 -0.39788815
1541978790038670.5 0.36311388 -0.02868718 -0.16346413 -0.049071096 -0.52839446 0.749734 -0.39533558
1541978790071047.5 0.41588932 -0.016735822 -0.23216985 -0.04736998 -0.5260892 0.7536485 -0.39115238
1541978790103369.5 0.4674402 0.0034011304 -0.30184206 -0.04809963 -0.51783234 0.763718 -0.38245392
1541978790135615.5 0.48682666 0.0028340518 -0.3658835 -0.0440618 -0.51320827 0.7683333 -0.3799209
1541978790167783.5 0.5277957 0.03714001 -0.45402685 -0.038876712 -0.50569636 0.78006667 -0.36640942
1541978790199869.5 0.5596852 0.051670253 -0.53264076 -0.03158275 -0.49547544 0.7891043 -0.36169213
1541978790231862.5 0.5743128 0.048117936 -0.6027486 -0.026014138 -0.48571622 0.795198 -0.36202642
1541978790263760.5 0.59996563 0.0463655 -0.684803 -0.021645311 -0.47076517 0.8053533 -0.35960785
1541978790295569.5 0.63068396 0.057151973 -0.7738581 -0.017031398 -0.45292214 0.8166673 -0.35724783
1541978790327304.5 0.65595037 0.058356524 -0.8624446 -0.012651328 -0.4329305 0.8279334 -0.35628295
1541978790358981.5 0.68114114 0.060831904 -0.951401 -0.006927997 -0.40812978 0.8434351 -0.34928408
1541978790390616.5 0.6974984 0.038291693 -1.0370356 -0.0011368478 -0.37481785 0.8613601 -0.34288377
1541978790422235.5 0.7094118 0.027742475 -1.1286134 0.0035189954 -0.34317875 0.87948966 -0.32971793
1541978790453879.5 0.71716404 -0.003940344 -1.2155154 0.0009434389 -0.3144738 0.895623 -0.3145867
1541978790485568.5 0.728917 -0.010678679 -1.3190147 -0.0058880495 -0.28035057 0.91409636 -0.29291108
1541978790517310.5 0.730962 -0.024754822 -1.4182073 -0.008345259 -0.24511872 0.93030894 -0.2727133
1541978790549104.5 0.72191906 -0.04011932 -1.5241029 -0.0040033716 -0.21875572 0.9418628 -0.254999
1541978790580940.5 0.70831984 -0.056863353 -1.6276135 0.0016682722 -0.19457945 0.9509775 -0.24037041
1541978790612812.5 0.69221735 -0.0773536 -1.7366045 0.008214993 -0.16730903 0.9597086 -0.22560965
1541978790644719.5 0.6806107 -0.09760552 -1.8478681 0.016037798 -0.13164379 0.968706 -0.20981264
1541978790676641.5 0.632359 -0.11863503 -1.942883 0.032011107 -0.09521844 0.9756514 -0.19496971
1541978790708519.5 0.6067308 -0.14399126 -2.0500937 0.05031425 -0.073635586 0.9790472 -0.18306556
1541978790740266.5 0.55582905 -0.19141702 -2.1541088 0.076800525 -0.05303962 0.980229 -0.1744695
1541978790771825.5 0.51660943 -0.21286249 -2.256692 0.10064001 -0.024956845 0.98263586 -0.15386844
1541978790803187.5 0.46757913 -0.24285443 -2.3259404 0.12220038 -0.003159613 0.9823344 -0.14169084
1541978790834376.5 0.43122783 -0.27180374 -2.4060624 0.14027686 0.004342952 0.98016244 -0.1399474
1541978790865435.5 0.39052 -0.28763658 -2.473599 0.15636422 0.012238571 0.97846895 -0.13416013
1541978790896414.5 0.42047277 -0.26376718 -2.4622092 0.16690421 0.022287354 0.97759914 -0.12627827
1541978790927379.5 0.39309677 -0.2714403 -2.4958491 0.17854424 0.033554006 0.97590065 -0.12088847
1541978790958406.5 0.36554006 -0.27535045 -2.504804 0.18501128 0.04180328 0.9740789 -0.12326267
1541978790989533.5 0.34826994 -0.2796333 -2.5039158 0.18676975 0.04631262 0.9724256 -0.13176034
1541978791020754.5 0.32894 -0.2816498 -2.4850388 0.18362941 0.059592728 0.9718949 -0.13471939
1541978791052039.5 0.30759808 -0.2852623 -2.4677198 0.17141286 0.077596754 0.97346574 -0.13023409
1541978791083363.5 0.2896297 -0.18216732 -2.3980806 0.16530469 0.08519747 0.9757842 -0.115156874
1541978791114715.5 0.26964802 -0.18605117 -2.3647804 0.15412405 0.10313167 0.9768612 -0.10654579
1541978791146047.5 0.23586805 -0.19205946 -2.3401306 0.14338303 0.12301434 0.9770495 -0.09840268
1541978791177311.5 0.16578278 -0.10950547 -2.2141683 0.13891742 0.13931431 0.97741306 -0.07718398
1541978791208482.5 0.12991019 -0.11389164 -2.174985 0.1232806 0.15428033 0.97773945 -0.07088821
1541978791239539.5 0.018555714 -0.113624066 -2.1121883 0.11414293 0.16922747 0.97693145 -0.06275736
1541978791270454.5 -0.018818364 -0.11967738 -2.0699928 0.09912658 0.18378861 0.97607064 -0.060677502
1541978791301207.5 -0.058125213 -0.1046285 -1.9863032 0.0822224 0.18377885 0.9773358 -0.06541856
1541978791331794.5 -0.08423682 -0.11402923 -1.9394118 0.06411403 0.17529462 0.9796923 -0.07324154
1541978791362225.5 -0.13429695 -0.14470729 -1.8844125 0.04733657 0.16553403 0.9819497 -0.078310646
1541978791392526.5 -0.15696958 -0.16158259 -1.8397905 0.032419853 0.149472 0.9841353 -0.08991541
1541978791422735.5 -0.16182911 -0.21492513 -1.826524 0.020700715 0.13753334 0.9843089 -0.10859196
1541978791452874.5 -0.16456735 -0.24744295 -1.8142556 0.010573759 0.12179224 0.98434573 -0.12695822
1541978791482962.5 -0.15326916 -0.31205565 -1.8182105 -0.00069599546 0.10267068 0.98311263 -0.1514852
1541978791513057.5 -0.14744732 -0.35380462 -1.814024 -0.011915197 0.07580658 0.9811874 -0.1771518
1541978791543224.5 -0.11619998 -0.40711713 -1.8200372 -0.022799734 0.06064163 0.9773706 -0.2013691
1541978791573506.5 -0.10091276 -0.44553503 -1.8241922 -0.030332144 0.043248452 0.97277915 -0.2256331
1541978791603933.5 -0.06674157 -0.49574617 -1.8265703 -0.03938883 0.025373856 0.9662146 -0.2534445
1541978791634533.5 -0.051383644 -0.5328082 -1.8370304 -0.042243898 0.002942655 0.96018517 -0.2761363
1541978791665312.5 -0.035704546 -0.568075 -1.847464 -0.040918518 -0.00896726 0.95642394 -0.28896105
1541978791696283.5 0.0073090103 -0.61756057 -1.8536469 -0.040606033 -0.015152605 0.9519073 -0.30330533
1541978791727472.5 0.015325133 -0.6414016 -1.8671373 -0.038434066 -0.0418527 0.943643 -0.32605088
1541978791758908.5 0.0144786015 -0.6678801 -1.8681166 -0.032120567 -0.058216758 0.9368953 -0.3432293
1541978791790588.5 0.061976768 -0.69024134 -1.8809144 -0.028004473 -0.06425977 0.9332437 -0.35233885
1541978791822523.5 0.07429002 -0.7069269 -1.8782753 -0.019696688 -0.07718829 0.9276398 -0.36488155
1541978791854743.5 0.097499095 -0.7268961 -1.875011 -0.01202685 -0.09309939 0.9210191 -0.37803683
1541978791887247.5 0.13103873 -0.74318826 -1.8559418 -0.006096285 -0.10486416 0.9162207 -0.38665998
1541978791919995.5 0.21289715 -0.76603806 -1.8207108 -0.0071610045 -0.11047275 0.91195315 -0.39507714
1541978791952925.5 0.23348741 -0.7808981 -1.7932174 -0.00065020524 -0.12632418 0.9061134 -0.40373304
1541978791985976.5 0.27993786 -0.81055623 -1.7499087 -5.164546e-05 -0.13413787 0.9022974 -0.40971518
1541978792019077.5 0.29723585 -0.8197906 -1.7088726 0.00463377 -0.14299256 0.89843816 -0.4151393
1541978792052170.5 0.3195882 -0.8551355 -1.6332306 0.013021806 -0.15208103 0.8917889 -0.42592776
1541978792085237.5 0.3324421 -0.86499953 -1.5742004 0.023622861 -0.16276358 0.8866684 -0.4321681
1541978792118268.5 0.33993396 -0.8660325 -1.5054002 0.031924866 -0.18443625 0.8779181 -0.4407085
1541978792151248.5 0.35505676 -0.89018095 -1.4150193 0.030678775 -0.1951911 0.8731944 -0.44552308
1541978792184150.5 0.35776243 -0.88976574 -1.3532746 0.03644082 -0.20336823 0.86964333 -0.448368
1541978792216960.5 0.36730242 -0.89799446 -1.2739884 0.042594753 -0.21066862 0.86688465 -0.44979495
1541978792249701.5 0.38717577 -0.89314103 -1.2105069 0.038921315 -0.21349737 0.8688359 -0.44500363
1541978792282379.5 0.37335637 -0.89249885 -1.141489 0.032954182 -0.21348089 0.8715542 -0.44015133
