# timestamp[secs] tx ty tz qx qy qz qw
1541978787.1769845 -0.0 -0.0 -0.0 -0.0 -0.0 -0.0 1.0
1541978787.2084186 0.011960983276367188 0.010245094075798988 -0.025696443393826485 0.010046985931694508 0.028504541143774986 0.02685163915157318 0.9991824626922607
1541978787.2396336 0.028884556144475937 0.023032277822494507 -0.056283365935087204 0.008824977092444897 0.058399979025125504 0.07042321562767029 0.9957671165466309
1541978787.2706344 0.04743039608001709 0.03413815051317215 -0.07842044532299042 0.019445713609457016 0.07006875425577164 0.1247844472527504 0.9895156025886536
1541978787.3013866 0.06345829367637634 0.044365640729665756 -0.09924422949552536 0.024983808398246765 0.07562924176454544 0.1632990688085556 0.983356237411499
1541978787.3318934 0.08580800890922546 0.05190284922719002 -0.12100148946046829 0.026808548718690872 0.08504945784807205 0.18991874158382416 0.9777417182922363
1541978787.3622086 0.1105632483959198 0.05624767020344734 -0.14357884228229523 0.02314753271639347 0.10737159103155136 0.2112489640712738 0.9712411761283875
1541978787.3923805 0.13691504299640656 0.06361128389835358 -0.16124586760997772 0.027869975194334984 0.12527814507484436 0.23677676916122437 0.963050127029419
1541978787.4224725 0.16003283858299255 0.06563632935285568 -0.1784905642271042 0.04630430042743683 0.137650266289711 0.259568452835083 0.9547421336174011
1541978787.4525714 0.1789139062166214 0.06393890082836151 -0.19567616283893585 0.05773118883371353 0.15135706961154938 0.2636870741844177 0.9509087204933167
1541978787.4827936 0.19579851627349854 0.059622637927532196 -0.21212263405323029 0.06081743165850639 0.1673324853181839 0.2539371848106384 0.950692892074585
1541978787.5132315 0.21820195019245148 0.05656975135207176 -0.22734712064266205 0.06393995136022568 0.18451857566833496 0.24005338549613953 0.9509148001670837
1541978787.5439014 0.23825979232788086 0.05194908753037453 -0.24202750623226166 0.0777064859867096 0.20278781652450562 0.23639486730098724 0.9470778107643127
1541978787.5747795 0.25615012645721436 0.05151860788464546 -0.2535848021507263 0.10194005072116852 0.21751169860363007 0.24095100164413452 0.9403401613235474
1541978787.6058395 0.2730153203010559 0.05141283944249153 -0.26488083600997925 0.11634717881679535 0.22517900168895721 0.2524886429309845 0.9338132739067078
1541978787.6370645 0.2944798767566681 0.05258014798164368 -0.2788323163986206 0.11736433953046799 0.2293669581413269 0.26477137207984924 0.9292538166046143
1541978787.6684165 0.3136897385120392 0.05565894395112991 -0.2921257019042969 0.11628231406211853 0.2393808215856552 0.2725130319595337 0.9246144890785217
1541978787.6998174 0.33194631338119507 0.059205010533332825 -0.30353865027427673 0.11719515919685364 0.24704264104366302 0.281696081161499 0.9197187423706055
1541978787.7311716 0.34885215759277344 0.06319525092840195 -0.3149529993534088 0.11247768998146057 0.25502264499664307 0.28526929020881653 0.9170243740081787
1541978787.7624166 0.36431342363357544 0.06711012870073318 -0.32506063580513 0.10064749419689178 0.2667742371559143 0.28178495168685913 0.9161325693130493
1541978787.7935424 0.38252460956573486 0.07101722806692123 -0.33632439374923706 0.0943036898970604 0.2763984799385071 0.2829549312591553 0.9135903120040894
1541978787.8245466 0.3967849016189575 0.07400035858154297 -0.3464340269565582 0.09476235508918762 0.28747379779815674 0.29200220108032227 0.9072561264038086
1541978787.8554275 0.41192591190338135 0.07709212601184845 -0.3559148609638214 0.09652972221374512 0.2958116829395294 0.3038765788078308 0.900464653968811
1541978787.8861885 0.42533552646636963 0.08269046247005463 -0.3628678023815155 0.09806510806083679 0.3059115707874298 0.314433217048645 0.8932710886001587
1541978787.9168575 0.4379807114601135 0.08771384507417679 -0.3689534068107605 0.09840849786996841 0.3139296770095825 0.322512149810791 0.887552797794342
1541978787.9474735 0.4481799006462097 0.08873693645000458 -0.3744930028915405 0.09862738847732544 0.32396313548088074 0.3279462158679962 0.8819137215614319
1541978787.9780755 0.45778924226760864 0.08888286352157593 -0.3798885643482208 0.09799156337976456 0.33603671193122864 0.3271791636943817 0.8777418732643127
1541978788.0086975 0.468848317861557 0.08778361976146698 -0.38570505380630493 0.10200180858373642 0.3481965661048889 0.33277106285095215 0.8704127073287964
1541978788.0393474 0.47656968235969543 0.08599422872066498 -0.39096927642822266 0.11149697005748749 0.36068859696388245 0.3430834114551544 0.8600965142250061
1541978788.0699644 0.4860432744026184 0.08424612879753113 -0.3964154124259949 0.12328784912824631 0.3710549771785736 0.3564779758453369 0.8485528230667114
1541978788.1004536 0.49179768562316895 0.07986995577812195 -0.401541531085968 0.12572118639945984 0.3876083493232727 0.36432138085365295 0.8373911380767822
1541978788.1307325 0.49304497241973877 0.07759323716163635 -0.4023206830024719 0.12852467596530914 0.4082012176513672 0.3715280294418335 0.8239054083824158
1541978788.1607335 0.49242645502090454 0.07194177806377411 -0.40350931882858276 0.1310299187898636 0.42482948303222656 0.38750380277633667 0.8075840473175049
1541978788.1904106 0.49282923340797424 0.07510921359062195 -0.4018312096595764 0.155319944024086 0.4318574070930481 0.4048357605934143 0.7908748388290405
1541978788.2197685 0.48998039960861206 0.07027751207351685 -0.39690089225769043 0.1697894036769867 0.443813681602478 0.4200812578201294 0.7731318473815918
1541978788.2488356 0.48380571603775024 0.06463515758514404 -0.3899153470993042 0.16924239695072174 0.4552242159843445 0.4289845824241638 0.76164311170578
1541978788.2776284 0.482354074716568 0.07043412327766418 -0.3779340088367462 0.1825242042541504 0.4516153335571289 0.4374220371246338 0.7559037804603577
1541978788.3061604 0.47312381863594055 0.06178843975067139 -0.36668699979782104 0.1902332454919815 0.4516170024871826 0.45247116684913635 0.7450659871101379
1541978788.3344796 0.4682815670967102 0.05881142616271973 -0.35745179653167725 0.20281736552715302 0.44341397285461426 0.4656665325164795 0.7385146617889404
1541978788.3626676 0.46017909049987793 0.051505833864212036 -0.34473758935928345 0.21314972639083862 0.44216564297676086 0.47704455256462097 0.7290303707122803
1541978788.3908136 0.45315611362457275 0.05266568064689636 -0.3320004940032959 0.2266189157962799 0.4320358335971832 0.4839942157268524 0.7264561653137207
1541978788.4189725 0.44444072246551514 0.04696089029312134 -0.31610673666000366 0.23484432697296143 0.42324748635292053 0.4928727149963379 0.7230396270751953
1541978788.4471624 0.4345695376396179 0.03956696391105652 -0.3005914092063904 0.23814937472343445 0.4178767502307892 0.5008577108383179 0.7195870280265808
1541978788.4754026 0.4236631691455841 0.03289666771888733 -0.28441333770751953 0.2397443801164627 0.4120776653289795 0.5096485018730164 0.7162213921546936
1541978788.5037305 0.4109734892845154 0.024274200201034546 -0.26665496826171875 0.24418477714061737 0.4060096740722656 0.518568217754364 0.7117704153060913
1541978788.5321784 0.39794987440109253 0.015971511602401733 -0.2472461313009262 0.24415448307991028 0.40078237652778625 0.5237169861793518 0.7109730243682861
1541978788.5607724 0.3858090937137604 0.008684813976287842 -0.22918595373630524 0.24326761066913605 0.39599937200546265 0.5260509848594666 0.7122328877449036
1541978788.5895135 0.37365642189979553 0.0003504157066345215 -0.21193630993366241 0.24705475568771362 0.3919941782951355 0.5302764177322388 0.7100081443786621
1541978788.6184065 0.3612064719200134 -0.00837332010269165 -0.19303156435489655 0.2525397837162018 0.38678237795829773 0.5356729030609131 0.7068788409233093
1541978788.6474714 0.3481258749961853 -0.01853540539741516 -0.17416000366210938 0.25845128297805786 0.37792226672172546 0.5419440269470215 0.7047513127326965
1541978788.6767206 0.33597344160079956 -0.027528613805770874 -0.152242973446846 0.26259011030197144 0.3707932233810425 0.5420950651168823 0.7068888545036316
1541978788.7061596 0.3238157033920288 -0.03815573453903198 -0.13185982406139374 0.26947376132011414 0.3627852201461792 0.5415278077125549 0.7088853120803833
1541978788.7358184 0.311074823141098 -0.04926338791847229 -0.11117763072252274 0.27765828371047974 0.3551618158817291 0.5397056937217712 0.710973858833313
1541978788.7657325 0.29745468497276306 -0.059399813413619995 -0.09102842211723328 0.28408166766166687 0.34623101353645325 0.5381436944007874 0.7140190005302429
1541978788.7959344 0.2819502055644989 -0.07135432958602905 -0.07208127528429031 0.2942281663417816 0.3328261375427246 0.541782557964325 0.7135323286056519
1541978788.8264275 0.2639513313770294 -0.08387589454650879 -0.050022147595882416 0.3031001687049866 0.31581541895866394 0.5474147796630859 0.7132517099380493
1541978788.8571784 0.2448262870311737 -0.09620994329452515 -0.027956590056419373 0.30955442786216736 0.2997044622898102 0.5530720353126526 0.7130671739578247
1541978788.8881154 0.22326403856277466 -0.10904690623283386 -0.006099268794059753 0.31891125440597534 0.2840183675289154 0.5615642070770264 0.7087135910987854
1541978788.9191544 0.19902002811431885 -0.119024857878685 0.018380194902420044 0.32791125774383545 0.26666906476020813 0.5711390376091003 0.7036774754524231
1541978788.9502475 0.17249059677124023 -0.12872673571109772 0.0450868085026741 0.33066222071647644 0.24509906768798828 0.5815767049789429 0.701681911945343
1541978788.9813845 0.14468646049499512 -0.13919886946678162 0.07190258800983429 0.3267258107662201 0.22762712836265564 0.5904120206832886 0.7020326852798462
1541978789.0125606 0.11948646605014801 -0.14676450192928314 0.10102523863315582 0.32482823729515076 0.21032239496707916 0.5974296927452087 0.7023738026618958
1541978789.0437765 0.09062546491622925 -0.156926691532135 0.13088569045066833 0.3278208374977112 0.19282910227775574 0.6010193228721619 0.7029411196708679
1541978789.0750494 0.06288538128137589 -0.1649864912033081 0.15718531608581543 0.3170676827430725 0.1689019352197647 0.5938338041305542 0.7199317812919617
1541978789.1063974 0.03421810269355774 -0.17330658435821533 0.1881043016910553 0.3096408545970917 0.14462502300739288 0.5805483460426331 0.739033043384552
1541978789.1378336 0.004359826445579529 -0.1791718304157257 0.21125322580337524 0.30199310183525085 0.12098558247089386 0.5641383528709412 0.758887767791748
1541978789.1694174 -0.021335989236831665 -0.1835692822933197 0.2362203598022461 0.2899145483970642 0.1013772115111351 0.5486801862716675 0.7775745987892151
1541978789.2012365 -0.0486425906419754 -0.18772456049919128 0.25893402099609375 0.2853350043296814 0.08064471185207367 0.5421185493469238 0.7862493395805359
1541978789.2333026 -0.07459692656993866 -0.18862813711166382 0.2772325575351715 0.269675076007843 0.07145345211029053 0.5287001132965088 0.8016520142555237
1541978789.2654865 -0.0954127162694931 -0.18912886083126068 0.29768478870391846 0.24428041279315948 0.06314954906702042 0.5116642117500305 0.821303129196167
1541978789.2975025 -0.12855789065361023 -0.18342667818069458 0.30391648411750793 0.20445860922336578 0.04697171598672867 0.48481976985931396 0.8490819334983826
1541978789.3287976 -0.1630990207195282 -0.1835850477218628 0.31391531229019165 0.16717404127120972 0.025530094280838966 0.44822219014167786 0.8777801990509033
1541978789.3585265 -0.18544213473796844 -0.17987260222434998 0.33941400051116943 0.12353314459323883 0.004056761506944895 0.3854098320007324 0.9144300818443298
1541978789.3860245 -0.21607817709445953 -0.16910460591316223 0.3550024628639221 0.07778981328010559 -0.010114884003996849 0.30553558468818665 0.9489438533782959
1541978789.4113915 -0.22659924626350403 -0.16642342507839203 0.38867002725601196 0.03859507665038109 -0.024168962612748146 0.22035731375217438 0.9743556976318359
1541978789.4355195 -0.20606862008571625 -0.15274600684642792 0.4082406759262085 0.005006327293813229 -0.04640555754303932 0.13191618025302887 0.9901614189147949
1541978789.4593284 -0.18181142210960388 -0.1467735916376114 0.42180073261260986 -0.02941938117146492 -0.06477998197078705 0.0355679951608181 0.9968315362930298
1541978789.4832604 -0.16518941521644592 -0.14909522235393524 0.4195166528224945 -0.06524333357810974 -0.07560311257839203 -0.05643370747566223 0.9933996200561523
1541978789.5074885 -0.1550888568162918 -0.14573465287685394 0.4190734624862671 -0.0966828465461731 -0.09194866567850113 -0.12254833430051804 0.9834529757499695
1541978789.5320675 -0.14488156139850616 -0.1406923234462738 0.42723187804222107 -0.13172319531440735 -0.11185817420482635 -0.17326495051383972 0.9695958495140076
1541978789.5570526 -0.13680939376354218 -0.13471826910972595 0.42335429787635803 -0.17581933736801147 -0.11891796439886093 -0.233939990401268 0.9487982988357544
1541978789.5825725 -0.1320871263742447 -0.127335786819458 0.4142455458641052 -0.216781884431839 -0.1175542101264 -0.3019501864910126 0.920876145362854
1541978789.6087666 -0.12430586665868759 -0.11613006889820099 0.40314003825187683 -0.25246453285217285 -0.12239161878824234 -0.355722039937973 0.8914840817451477
1541978789.6357136 -0.10722977668046951 -0.12092337012290955 0.379558801651001 -0.2847774624824524 -0.1283906102180481 -0.39439642429351807 0.8642159104347229
1541978789.6634326 -0.08387268334627151 -0.11925162374973297 0.357425719499588 -0.30585357546806335 -0.12518632411956787 -0.42592042684555054 0.8422433733940125
1541978789.6919165 -0.05339018628001213 -0.12192028760910034 0.3286878168582916 -0.32349976897239685 -0.11418365687131882 -0.45458927750587463 0.821984589099884
1541978789.7211685 -0.01778075471520424 -0.11921373009681702 0.2977695167064667 -0.3373734951019287 -0.10454653948545456 -0.4766823649406433 0.8049988746643066
1541978789.7511685 0.01025235652923584 -0.1173490434885025 0.27298638224601746 -0.34860387444496155 -0.09784145653247833 -0.49336907267570496 0.7908788323402405
1541978789.7818675 0.04397311061620712 -0.11380740255117416 0.23505830764770508 -0.3538600206375122 -0.09231952577829361 -0.49873286485671997 0.7858281135559082
1541978789.8131604 0.07766970247030258 -0.10853700339794159 0.20014452934265137 -0.36563438177108765 -0.08630091696977615 -0.5059807896614075 0.7764323353767395
1541978789.8448975 0.1144171804189682 -0.09922347962856293 0.15588878095149994 -0.3763112425804138 -0.08096327632665634 -0.5118992328643799 0.7679804563522339
1541978789.8769345 0.1511949896812439 -0.08657102286815643 0.10897115617990494 -0.38421371579170227 -0.07654262334108353 -0.5120431184768677 0.7644167542457581
1541978789.9091525 0.1894049346446991 -0.07914259284734726 0.06327299773693085 -0.39034196734428406 -0.0724567323923111 -0.5139827132225037 0.7603979706764221
1541978789.9414744 0.2326439619064331 -0.06566494703292847 0.010572873055934906 -0.39619892835617065 -0.06575364619493484 -0.5173311233520508 0.755692720413208
1541978789.9738564 0.2720479369163513 -0.05611790716648102 -0.03922991454601288 -0.3999520242214203 -0.06010381132364273 -0.521191418170929 0.7515221238136292
1541978790.0062644 0.3203386068344116 -0.05070231854915619 -0.10088860243558884 -0.3978881537914276 -0.0558696873486042 -0.5268732905387878 0.7489781379699707
1541978790.0386705 0.3631138801574707 -0.02868717908859253 -0.16346412897109985 -0.3953355848789215 -0.04907109588384628 -0.5283944606781006 0.7497339844703674
1541978790.0710475 0.41588932275772095 -0.016735821962356567 -0.23216985166072845 -0.39115238189697266 -0.047369979321956635 -0.5260891914367676 0.7536485195159912
1541978790.1033695 0.4674401879310608 0.003401130437850952 -0.30184206366539 -0.38245391845703125 -0.04809962958097458 -0.517832338809967 0.7637180089950562
1541978790.1356156 0.48682665824890137 0.0028340518474578857 -0.3658834993839264 -0.3799208998680115 -0.044061798602342606 -0.513208270072937 0.7683333158493042
1541978790.1677835 0.527795672416687 0.03714001178741455 -0.45402684807777405 -0.36640942096710205 -0.03887671232223511 -0.5056963562965393 0.7800666689872742
1541978790.1998694 0.5596851706504822 0.05167025327682495 -0.5326407551765442 -0.3616921305656433 -0.031582750380039215 -0.4954754412174225 0.7891042828559875
1541978790.2318625 0.5743128061294556 0.04811793565750122 -0.6027485728263855 -0.3620264232158661 -0.026014138013124466 -0.48571622371673584 0.7951980233192444
1541978790.2637606 0.5999656319618225 0.04636549949645996 -0.6848030090332031 -0.35960784554481506 -0.021645311266183853 -0.4707651734352112 0.8053532838821411
1541978790.2955694 0.630683958530426 0.057151973247528076 -0.7738580703735352 -0.35724782943725586 -0.01703139767050743 -0.45292213559150696 0.8166673183441162
1541978790.3273046 0.6559503674507141 0.058356523513793945 -0.8624445796012878 -0.35628294944763184 -0.01265132799744606 -0.43293049931526184 0.8279333710670471
1541978790.3589816 0.6811411380767822 0.06083190441131592 -0.9514009952545166 -0.3492840826511383 -0.006927996873855591 -0.4081297814846039 0.8434351086616516
1541978790.3906164 0.6974983811378479 0.03829169273376465 -1.037035584449768 -0.34288376569747925 -0.001136847771704197 -0.3748178482055664 0.8613600730895996
1541978790.4222355 0.7094117999076843 0.027742475271224976 -1.1286133527755737 -0.3297179341316223 0.003518995363265276 -0.34317874908447266 0.8794896602630615
1541978790.4538796 0.7171640396118164 -0.0039403438568115234 -1.215515375137329 -0.31458669900894165 0.0009434389066882432 -0.31447380781173706 0.8956230282783508
1541978790.4855685 0.7289170026779175 -0.010678678750991821 -1.3190146684646606 -0.2929110825061798 -0.005888049490749836 -0.28035056591033936 0.9140963554382324
1541978790.5173104 0.7309619784355164 -0.024754822254180908 -1.4182072877883911 -0.272713303565979 -0.008345259353518486 -0.24511872231960297 0.9303089380264282
1541978790.5491045 0.721919059753418 -0.040119320154190063 -1.5241029262542725 -0.2549990117549896 -0.004003371577709913 -0.21875572204589844 0.9418628215789795
1541978790.5809405 0.7083198428153992 -0.05686335265636444 -1.6276135444641113 -0.24037040770053864 0.0016682721907272935 -0.19457945227622986 0.9509775042533875
1541978790.6128125 0.6922173500061035 -0.0773535966873169 -1.7366044521331787 -0.2256096452474594 0.00821499340236187 -0.16730903089046478 0.959708571434021
1541978790.6447196 0.680610716342926 -0.09760551899671555 -1.8478680849075317 -0.20981264114379883 0.016037797555327415 -0.13164378702640533 0.9687060117721558
1541978790.6766415 0.6323590278625488 -0.11863502860069275 -1.942883014678955 -0.19496971368789673 0.03201110661029816 -0.09521844238042831 0.9756513833999634
1541978790.7085195 0.6067308187484741 -0.14399126172065735 -2.050093650817871 -0.18306556344032288 0.05031425133347511 -0.07363558560609818 0.9790471792221069
1541978790.7402666 0.5558290481567383 -0.19141702353954315 -2.154108762741089 -0.1744695007801056 0.07680052518844604 -0.05303962156176567 0.9802290201187134
1541978790.7718256 0.5166094303131104 -0.21286249160766602 -2.2566919326782227 -0.1538684368133545 0.10064000636339188 -0.024956844747066498 0.9826358556747437
1541978790.8031876 0.4675791263580322 -0.24285443127155304 -2.3259403705596924 -0.14169083535671234 0.1222003772854805 -0.0031596131157130003 0.9823343753814697
1541978790.8343766 0.43122783303260803 -0.27180373668670654 -2.406062364578247 -0.13994739949703217 0.14027686417102814 0.004342951811850071 0.9801624417304993
1541978790.8654356 0.39052000641822815 -0.28763657808303833 -2.4735989570617676 -0.1341601312160492 0.15636421740055084 0.012238571420311928 0.9784689545631409
1541978790.8964145 0.42047277092933655 -0.26376718282699585 -2.4622092247009277 -0.12627826631069183 0.16690421104431152 0.02228735387325287 0.9775991439819336
1541978790.9273796 0.39309677481651306 -0.2714402973651886 -2.495849132537842 -0.12088847160339355 0.17854423820972443 0.03355400636792183 0.9759006500244141
1541978790.9584064 0.3655400574207306 -0.2753504514694214 -2.5048038959503174 -0.1232626736164093 0.18501128256320953 0.041803281754255295 0.974078893661499
1541978790.9895334 0.3482699394226074 -0.2796333134174347 -2.503915786743164 -0.1317603439092636 0.1867697536945343 0.046312619000673294 0.9724255800247192
1541978791.0207546 0.3289400041103363 -0.28164979815483093 -2.4850387573242188 -0.1347193866968155 0.18362940847873688 0.059592727571725845 0.9718949198722839
1541978791.0520394 0.3075980842113495 -0.2852622866630554 -2.467719793319702 -0.13023409247398376 0.171412855386734 0.0775967538356781 0.9734657406806946
1541978791.0833635 0.2896296977996826 -0.18216732144355774 -2.398080587387085 -0.1151568740606308 0.16530469059944153 0.08519747108221054 0.975784182548523
1541978791.1147156 0.269648015499115 -0.1860511749982834 -2.3647804260253906 -0.10654579102993011 0.15412405133247375 0.10313166677951813 0.9768611788749695
1541978791.1460476 0.23586805164813995 -0.1920594573020935 -2.340130567550659 -0.09840267896652222 0.14338302612304688 0.12301433831453323 0.9770495295524597
1541978791.1773114 0.16578277945518494 -0.10950546711683273 -2.2141683101654053 -0.07718397676944733 0.13891741633415222 0.13931430876255035 0.9774130582809448
1541978791.2084825 0.1299101859331131 -0.11389163881540298 -2.174984931945801 -0.0708882063627243 0.1232805997133255 0.15428033471107483 0.9777394533157349
1541978791.2395394 0.018555713817477226 -0.11362406611442566 -2.1121883392333984 -0.06275735795497894 0.11414293199777603 0.1692274659872055 0.9769314527511597
1541978791.2704544 -0.018818363547325134 -0.11967737972736359 -2.069992780685425 -0.06067750230431557 0.09912657737731934 0.18378861248493195 0.9760706424713135
1541978791.3012075 -0.05812521278858185 -0.10462850332260132 -1.9863032102584839 -0.0654185563325882 0.08222240209579468 0.18377885222434998 0.9773358106613159
1541978791.3317945 -0.08423682302236557 -0.11402922868728638 -1.9394117593765259 -0.07324153929948807 0.0641140267252922 0.17529462277889252 0.979692280292511
1541978791.3622255 -0.1342969536781311 -0.14470729231834412 -1.8844125270843506 -0.07831064611673355 0.04733657091856003 0.16553403437137604 0.9819496870040894
1541978791.3925264 -0.1569695770740509 -0.1615825891494751 -1.8397904634475708 -0.08991540968418121 0.032419852912425995 0.14947199821472168 0.9841353297233582
1541978791.4227355 -0.1618291139602661 -0.2149251252412796 -1.826524019241333 -0.1085919588804245 0.020700715482234955 0.13753333687782288 0.9843088984489441
1541978791.4528744 -0.16456735134124756 -0.24744294583797455 -1.8142555952072144 -0.1269582211971283 0.010573758743703365 0.12179224193096161 0.9843457341194153
1541978791.4829626 -0.15326915681362152 -0.31205564737319946 -1.818210482597351 -0.15148520469665527 -0.0006959954625926912 0.10267067700624466 0.983112633228302
1541978791.5130575 -0.14744731783866882 -0.3538046181201935 -1.8140239715576172 -0.17715179920196533 -0.011915196664631367 0.07580658048391342 0.9811874032020569
1541978791.5432246 -0.11619997769594193 -0.4071171283721924 -1.8200372457504272 -0.20136910676956177 -0.02279973402619362 0.06064163148403168 0.9773706197738647
1541978791.5735066 -0.10091275721788406 -0.4455350339412689 -1.8241921663284302 -0.22563309967517853 -0.03033214434981346 0.04324845224618912 0.9727791547775269
1541978791.6039336 -0.06674157083034515 -0.4957461655139923 -1.8265702724456787 -0.25344449281692505 -0.039388831704854965 0.025373855605721474 0.9662145972251892
1541978791.6345334 -0.051383644342422485 -0.5328081846237183 -1.8370304107666016 -0.2761363089084625 -0.042243897914886475 0.0029426550026983023 0.960185170173645
1541978791.6653125 -0.03570454567670822 -0.5680750012397766 -1.8474639654159546 -0.2889610528945923 -0.04091851785778999 -0.008967259898781776 0.9564239382743835
1541978791.6962836 0.007309010252356529 -0.6175605654716492 -1.8536468744277954 -0.30330532789230347 -0.04060603305697441 -0.01515260525047779 0.9519072771072388
1541978791.7274725 0.015325132757425308 -0.6414015889167786 -1.8671373128890991 -0.32605087757110596 -0.038434065878391266 -0.04185270145535469 0.9436429738998413
1541978791.7589085 0.014478601515293121 -0.667880117893219 -1.8681166172027588 -0.3432292938232422 -0.03212056681513786 -0.05821675807237625 0.9368953108787537
1541978791.7905886 0.06197676807641983 -0.6902413368225098 -1.8809144496917725 -0.35233885049819946 -0.028004473075270653 -0.06425976753234863 0.9332436919212341
1541978791.8225236 0.07429002225399017 -0.7069268822669983 -1.8782752752304077 -0.3648815453052521 -0.019696688279509544 -0.07718829065561295 0.9276397824287415
1541978791.8547435 0.09749909490346909 -0.7268961071968079 -1.8750109672546387 -0.37803682684898376 -0.012026850134134293 -0.09309939295053482 0.9210190773010254
1541978791.8872476 0.13103872537612915 -0.7431882619857788 -1.8559417724609375 -0.38665997982025146 -0.006096284836530685 -0.10486415773630142 0.9162207245826721
1541978791.9199955 0.2128971517086029 -0.7660380601882935 -1.8207107782363892 -0.3950771391391754 -0.007161004468798637 -0.11047275364398956 0.9119531512260437
1541978791.9529254 0.23348741233348846 -0.7808980941772461 -1.793217420578003 -0.4037330448627472 -0.0006502052419818938 -0.12632417678833008 0.9061133861541748
1541978791.9859765 0.27993786334991455 -0.8105562329292297 -1.749908685684204 -0.4097151756286621 -5.164546018932015e-05 -0.13413786888122559 0.9022973775863647
1541978792.0190775 0.2972358465194702 -0.8197906017303467 -1.7088725566864014 -0.4151392877101898 0.004633769858628511 -0.1429925560951233 0.8984381556510925
1541978792.0521705 0.31958821415901184 -0.8551355004310608 -1.6332305669784546 -0.4259277582168579 0.013021806254982948 -0.15208102762699127 0.891788899898529
1541978792.0852375 0.33244210481643677 -0.864999532699585 -1.5742003917694092 -0.4321680963039398 0.02362286113202572 -0.1627635806798935 0.8866683840751648
1541978792.1182685 0.33993396162986755 -0.8660324811935425 -1.5054001808166504 -0.4407084882259369 0.03192486613988876 -0.18443624675273895 0.8779181241989136
1541978792.1512485 0.3550567626953125 -0.8901809453964233 -1.4150192737579346 -0.44552308320999146 0.030678775161504745 -0.19519110023975372 0.8731943964958191
1541978792.1841505 0.3577624261379242 -0.889765739440918 -1.3532745838165283 -0.44836801290512085 0.03644081950187683 -0.20336823165416718 0.8696433305740356
1541978792.2169604 0.36730241775512695 -0.8979944586753845 -1.2739883661270142 -0.4497949481010437 0.042594753205776215 -0.2106686234474182 0.8668846487998962
1541978792.2497015 0.3871757686138153 -0.8931410312652588 -1.2105069160461426 -0.4450036287307739 0.03892131522297859 -0.2134973704814911 0.8688359260559082
1541978792.2823794 0.3733563721179962 -0.8924988508224487 -1.141489028930664 -0.4401513338088989 0.03295418247580528 -0.2134808897972107 0.8715541958808899
