1541978787176984.5 -0.0 -0.0 -0.0 -0.0 -0.0 1.0 -0.0
1541978787208418.5 0.0123943975 0.0071462607 -0.02754137 0.028366068 0.025730709 0.99923074 0.008437679
1541978787239633.5 0.027607096 0.01671319 -0.057506558 0.059310406 0.06870841 0.99585205 0.0063306387
1541978787270634.5 0.04947284 0.027497318 -0.080449164 0.06887802 0.123265624 0.98984253 0.016530987
1541978787301386.5 0.067461796 0.03697063 -0.1006492 0.0736507 0.16123338 0.9839316 0.021399323
1541978787331893.5 0.0908653 0.043571293 -0.123439796 0.082277335 0.18828851 0.97840124 0.02256187
1541978787362208.5 0.11736941 0.04745654 -0.14696307 0.10333544 0.20980638 0.9720953 0.0182717
1541978787392380.5 0.14227657 0.052649938 -0.16678624 0.12170117 0.23579337 0.96391153 0.021561893
1541978787422472.5 0.16581711 0.054634593 -0.1841831 0.13394342 0.2587679 0.955762 0.040215895
1541978787452571.5 0.18847795 0.050801277 -0.20351093 0.14507751 0.26396844 0.95228034 0.049348846
1541978787482793.5 0.206975 0.045697987 -0.22020465 0.16055416 0.25425133 0.952321 0.051609337
1541978787513231.5 0.23193525 0.039159764 -0.23847847 0.17570248 0.24167472 0.9528766 0.052422862
1541978787543901.5 0.2542858 0.033646822 -0.25428668 0.19273418 0.23782213 0.9497504 0.06533147
1541978787574779.5 0.27397037 0.032924455 -0.2660929 0.2068851 0.24280007 0.9435529 0.08918901
1541978787605839.5 0.29250896 0.032684233 -0.27975112 0.2134073 0.25401425 0.9377675 0.10259784
1541978787637064.5 0.31549245 0.03184583 -0.29678065 0.21667013 0.26699564 0.93344843 0.102183424
1541978787668416.5 0.33673838 0.036011774 -0.3093874 0.22653082 0.27501053 0.9288268 0.10165556
1541978787699817.5 0.35669434 0.04052888 -0.32038316 0.23434493 0.28244132 0.9244995 0.10300516
1541978787731171.5 0.3737288 0.043334328 -0.3336689 0.24234776 0.28589806 0.92197335 0.09744272
1541978787762416.5 0.39299953 0.04658855 -0.34531614 0.2520634 0.2839669 0.9211865 0.085102275
1541978787793542.5 0.41219765 0.05038478 -0.35725808 0.26199502 0.28442886 0.9188681 0.078359984
1541978787824546.5 0.42865568 0.054338887 -0.36724156 0.27249545 0.2930007 0.91305834 0.07887536
1541978787855427.5 0.4461304 0.057809304 -0.37743068 0.2802974 0.3045921 0.9067462 0.080426954
1541978787886188.5 0.46101087 0.062963046 -0.3853609 0.2898565 0.31593385 0.89977527 0.08107703
1541978787916857.5 0.4756511 0.06661615 -0.39287063 0.29722652 0.3253767 0.89412063 0.07959143
1541978787947473.5 0.48859656 0.07003543 -0.39882603 0.30548003 0.33001134 0.88949466 0.08107898
1541978787978075.5 0.50042576 0.07005088 -0.40573767 0.31592357 0.32984054 0.8860164 0.07982764
1541978788008697.5 0.513946 0.07154031 -0.41110358 0.32662427 0.3340469 0.8800156 0.08545037
1541978788039347.5 0.5222783 0.06999911 -0.41617304 0.33966416 0.3439485 0.8702303 0.09501012
1541978788069964.5 0.53464025 0.067299575 -0.4238625 0.34743884 0.35991484 0.8594833 0.10505295
1541978788100453.5 0.53965205 0.062279135 -0.42789233 0.36607116 0.3666054 0.8485774 0.107278876
1541978788130732.5 0.54308414 0.0556695 -0.4281699 0.38743514 0.37700665 0.8345497 0.106239654
1541978788160733.5 0.5422209 0.05090049 -0.42738155 0.40636152 0.39025176 0.8188644 0.10970452
1541978788190410.5 0.539387 0.047956124 -0.4237334 0.41978145 0.41064793 0.799016 0.12932657
1541978788219768.5 0.53651977 0.044318616 -0.4198346 0.43111908 0.4256562 0.78239083 0.14428374
1541978788248835.5 0.5304382 0.038515806 -0.4117611 0.44285083 0.43476823 0.7708134 0.14389756
1541978788277628.5 0.5231004 0.035134375 -0.40456152 0.4419089 0.44877422 0.7617774 0.15170193
1541978788306160.5 0.51327205 0.027014107 -0.39290118 0.44177553 0.46364272 0.7512268 0.15977544
1541978788334479.5 0.50883836 0.03200233 -0.381739 0.4316305 0.47599566 0.7449813 0.17923771
1541978788362667.5 0.49924755 0.022478044 -0.36857337 0.43152925 0.48797762 0.73501617 0.18817987
1541978788390813.5 0.49164435 0.02415067 -0.3548022 0.42139572 0.49541453 0.7321464 0.2023654
1541978788418972.5 0.4806443 0.0141373575 -0.3379713 0.41486517 0.5053755 0.7274948 0.20792773
1541978788447162.5 0.46963793 0.0067546964 -0.32019874 0.41072023 0.5129228 0.7234961 0.2115953
1541978788475402.5 0.45704466 -0.0017681122 -0.30241576 0.4064628 0.5215389 0.71957284 0.21213232
1541978788503730.5 0.4429838 -0.011559755 -0.28224263 0.40226063 0.53027606 0.71427894 0.21633157
1541978788532178.5 0.428689 -0.020659864 -0.26120362 0.39785054 0.53538954 0.7130708 0.21587744
1541978788560772.5 0.41444498 -0.02869758 -0.24219786 0.3937668 0.5376883 0.7139056 0.2148903
1541978788589513.5 0.4013377 -0.038214743 -0.22381346 0.39012247 0.54245555 0.71126974 0.21827018
1541978788618406.5 0.38740206 -0.047497958 -0.20291719 0.3857668 0.5476357 0.7079294 0.22386444
1541978788647471.5 0.37340537 -0.05733505 -0.18165846 0.37784907 0.5529962 0.70592177 0.23043376
1541978788676720.5 0.36050722 -0.06517267 -0.15899257 0.3697578 0.5530644 0.7086706 0.23491472
1541978788706159.5 0.34789902 -0.07441923 -0.13649407 0.36189416 0.5519156 0.71095586 0.24282417
1541978788735818.5 0.3335221 -0.08605659 -0.115834 0.35371262 0.5508258 0.7131492 0.25079197
1541978788765732.5 0.31827366 -0.096862525 -0.094576985 0.34478495 0.5496297 0.7159887 0.257664
1541978788795934.5 0.30210218 -0.108703375 -0.07395458 0.33174834 0.55319875 0.7154727 0.26835266
1541978788826427.5 0.28239402 -0.12284212 -0.051095292 0.31530648 0.5596762 0.7144038 0.27743772
1541978788857178.5 0.2612975 -0.13692364 -0.028185427 0.29961824 0.5658519 0.7137895 0.28380477
1541978788888115.5 0.23819974 -0.15054311 -0.004531339 0.28453448 0.5745677 0.70900536 0.29363847
1541978788919154.5 0.21146134 -0.16149096 0.021885782 0.26786575 0.5840357 0.7037984 0.30301496
1541978788950247.5 0.18417148 -0.17185101 0.04882276 0.24581759 0.59552914 0.7008386 0.30617633
1541978788981384.5 0.15344761 -0.18230885 0.07803224 0.22859007 0.6043652 0.7001815 0.30370253
1541978789012560.5 0.12562096 -0.19154812 0.107984096 0.21141684 0.61229515 0.6994124 0.30202636
1541978789043776.5 0.094608314 -0.20239908 0.13905197 0.1944911 0.6157471 0.6999773 0.30505842
1541978789075049.5 0.06270617 -0.21219212 0.1666376 0.17135887 0.60880184 0.7164824 0.2943629
1541978789106397.5 0.03157124 -0.22071053 0.19680375 0.14600988 0.59637284 0.73525035 0.28710198
1541978789137833.5 9.9658966e-05 -0.22889882 0.22415885 0.12266026 0.58031803 0.7546222 0.28059015
1541978789169417.5 -0.02774316 -0.23362917 0.25144115 0.10275788 0.5651584 0.77291065 0.26952928
1541978789201236.5 -0.056399763 -0.23869984 0.27527714 0.08182163 0.5592493 0.78108686 0.2654222
1541978789233302.5 -0.08299935 -0.24019516 0.2958091 0.07215548 0.5457132 0.7964365 0.2503593
1541978789265486.5 -0.10664226 -0.2410032 0.3159271 0.062798515 0.5292558 0.8155757 0.22534643
1541978789297502.5 -0.1380949 -0.233439 0.32368118 0.04504343 0.5020007 0.84332234 0.18647757
1541978789328797.5 -0.17233847 -0.22812638 0.34027198 0.022331363 0.4649689 0.87202686 0.15124303
1541978789358526.5 -0.19087353 -0.22908688 0.36443335 -0.0020352725 0.40360674 0.90861595 0.10730569
1541978789386024.5 -0.22396746 -0.21696196 0.37780958 -0.019849284 0.32609287 0.9430413 0.0627904
1541978789411391.5 -0.24830282 -0.19866312 0.37803423 -0.03495107 0.23833966 0.970252 0.024160778
1541978789435519.5 -0.25019172 -0.20487538 0.4125064 -0.051507168 0.14485492 0.98806524 -0.009547508
1541978789459328.5 -0.2684052 -0.20437102 0.42067152 -0.06232143 0.044241764 0.99617106 -0.042449843
1541978789483260.5 -0.320306 -0.17260545 0.46826905 -0.06827252 -0.049631473 0.993576 -0.07538184
1541978789507488.5 -0.32461756 -0.15839855 0.49354684 -0.08259836 -0.116828166 0.983938 -0.10674704
1541978789532067.5 -0.33077204 -0.15964496 0.4852275 -0.09782199 -0.17019564 0.97007704 -0.14288087
1541978789557052.5 -0.3489439 -0.16599524 0.45691583 -0.1031201 -0.23067558 0.9485633 -0.19074255
1541978789582572.5 -0.29981768 -0.20962141 0.4180689 -0.1060126 -0.2987499 0.9183478 -0.23695396
1541978789608766.5 -0.25411132 -0.25248724 0.25256473 -0.110631146 -0.35502526 0.8856123 -0.2782243
1541978789635713.5 -0.13209422 -0.3853429 0.037516817 -0.11725641 -0.39578146 0.85491264 -0.314217
1541978789663432.5 0.10759756 -0.5460473 -0.23346256 -0.1166808 -0.4269711 0.8298064 -0.33985692
1541978789691916.5 0.41001034 -0.6760899 -0.54493326 -0.10736977 -0.4571179 0.80630296 -0.35970902
1541978789721168.5 0.7186559 -0.7537038 -0.87415534 -0.097073905 -0.47905794 0.7863003 -0.37790483
1541978789751168.5 0.9343389 -0.976961 -1.1934655 -0.089539476 -0.49810043 0.7666333 -0.39516085
1541978789781867.5 1.2730037 -0.7916802 -1.5812013 -0.08284655 -0.50074375 0.76453346 -0.39734218
1541978789813160.5 1.5720158 -0.8084749 -1.9838591 -0.07531945 -0.5069727 0.7537307 -0.41133413
1541978789844897.5 1.884316 -0.7423979 -2.4890084 -0.068022646 -0.5124094 0.74363583 -0.4240464
1541978789876934.5 2.1888545 -0.730299 -3.0099373 -0.062358465 -0.512474 0.73773116 -0.43501112
1541978789909152.5 2.573075 -0.74797535 -3.5674086 -0.058322076 -0.51476884 0.7323345 -0.44192508
1541978789941474.5 2.9155781 -0.7717972 -4.1923056 -0.049736332 -0.51838374 0.72408193 -0.4522279
1541978789973856.5 3.2707021 -0.6444645 -4.786003 -0.04225109 -0.52263296 0.72019035 -0.45430776
1541978790006264.5 3.6549845 -0.7616706 -5.5286484 -0.036438614 -0.52859575 0.71524936 -0.45571613
1541978790038670.5 4.1359305 -0.5714421 -6.2841053 -0.030891234 -0.5305292 0.7163481 -0.45213923
1541978790071047.5 4.4552507 -0.52073145 -7.129575 -0.02410735 -0.5282079 0.71889853 -0.4512207
1541978790103369.5 5.191763 -0.5733075 -8.017942 -0.029183002 -0.52060515 0.7297244 -0.44229066
1541978790135615.5 5.4654837 -0.64259624 -8.805132 -0.026882162 -0.51521385 0.7356613 -0.43890154
1541978790167783.5 5.8714905 -0.46935558 -9.914126 -0.021191655 -0.50799775 0.7477287 -0.4270726
1541978790199869.5 6.0406017 -0.5577183 -10.840639 -0.012195203 -0.49923706 0.7547098 -0.42547256
1541978790231862.5 6.2701316 -0.6165495 -11.79569 -0.006473379 -0.4888456 0.7632386 -0.42243928
1541978790263760.5 6.52994 -0.76374817 -12.806121 -0.0017246677 -0.47414848 0.77408504 -0.41949093
1541978790295569.5 6.8103313 -0.73442936 -13.933413 0.0050760065 -0.45589975 0.78630364 -0.41696084
1541978790327304.5 7.0877304 -0.8766041 -15.064318 0.009709498 -0.43606985 0.7984708 -0.41496164
1541978790358981.5 7.24953 -0.9696398 -16.133928 0.017763052 -0.41238824 0.8141543 -0.4083787
1541978790390616.5 7.36191 -1.325038 -17.167545 0.025684148 -0.3799531 0.83319145 -0.4009588
1541978790422235.5 7.4475126 -1.5685573 -18.297907 0.032322023 -0.34922448 0.8527939 -0.38696283
1541978790453879.5 7.440128 -1.9855757 -19.296059 0.03156989 -0.3213229 0.87078834 -0.3707866
1541978790485568.5 7.440039 -2.2315545 -20.53814 0.026977738 -0.2888688 0.8908634 -0.34955618
1541978790517310.5 7.3201437 -2.550018 -21.73981 0.02681567 -0.25463864 0.90889573 -0.32916358
1541978790549104.5 7.112318 -2.8028262 -23.050346 0.03201438 -0.22925623 0.9220942 -0.31009486
1541978790580940.5 6.836875 -3.1421568 -24.354801 0.038907837 -0.20668496 0.9322463 -0.29442206
1541978790612812.5 6.522309 -3.5516195 -25.602749 0.046673022 -0.1800631 0.94195044 -0.2795143
1541978790644719.5 5.9771566 -3.9092345 -26.897741 0.058868527 -0.14742152 0.95157206 -0.26327187
1541978790676641.5 5.621865 -4.318225 -28.171036 0.07279796 -0.111229606 0.9602914 -0.24529374
1541978790708519.5 5.070073 -4.7682705 -29.387249 0.09309161 -0.09203468 0.9635992 -0.23310992
1541978790740266.5 4.468751 -5.2997017 -30.65938 0.11793074 -0.07237223 0.9654883 -0.220651
1541978790771825.5 3.9570718 -5.657467 -31.76753 0.14203233 -0.04377113 0.9688554 -0.1980662
1541978790803187.5 3.3151197 -6.0537114 -32.836926 0.1631195 -0.024971593 0.9692007 -0.18280762
1541978790834376.5 3.1828148 -6.8807163 -33.980957 0.17619465 -0.017414404 0.96704066 -0.18298815
1541978790865435.5 2.6413076 -7.0711246 -34.78178 0.19223122 -0.010671397 0.9653624 -0.17609277
1541978790896414.5 2.2651582 -7.1641083 -35.308197 0.20668855 -0.0024715702 0.9637134 -0.16890912
1541978790927379.5 2.0792465 -7.143919 -35.691864 0.21706508 0.008040961 0.9625841 -0.16201866
1541978790958406.5 1.7773347 -7.069988 -35.49136 0.22623484 0.015793493 0.9602179 -0.1629416
1541978790989533.5 1.4925321 -7.1340127 -35.60385 0.22829466 0.020423848 0.9582331 -0.17103729
1541978791020754.5 1.2939464 -7.1618023 -35.45884 0.22482431 0.033382915 0.95822394 -0.17362773
1541978791052039.5 1.0847602 -7.1522427 -35.031307 0.21416076 0.052320633 0.9605062 -0.16978112
1541978791083363.5 1.1492428 -5.6125956 -33.76642 0.20555717 0.061959106 0.9643098 -0.15496406
1541978791114715.5 0.84280246 -5.6269436 -33.34033 0.19621116 0.079611816 0.9663598 -0.14598644
1541978791146047.5 0.5443718 -5.6440673 -32.994545 0.18470156 0.10149928 0.96792734 -0.13674793
1541978791177311.5 -0.58951247 -4.591305 -31.39739 0.17973831 0.11791724 0.9696642 -0.11636612
1541978791208482.5 -1.0138087 -4.583117 -30.877583 0.16476409 0.13391675 0.97106004 -0.10936918
1541978791239539.5 -2.2395153 -4.5375576 -29.635572 0.15348805 0.14943449 0.9713193 -0.10319693
1541978791270454.5 -2.9317553 -4.552432 -28.949394 0.14029203 0.16357008 0.97128767 -0.10081347
1541978791301207.5 -3.5121887 -4.5219717 -27.938026 0.12229816 0.16540085 0.97256327 -0.10865784
1541978791331794.5 -4.1232386 -4.6636634 -27.145706 0.10521436 0.15741228 0.9749302 -0.11688668
1541978791362225.5 -4.369676 -4.7939563 -26.231236 0.0861114 0.14856617 0.9774187 -0.123148955
1541978791392526.5 -4.561807 -4.9017434 -25.567991 0.06927779 0.13307303 0.9793132 -0.13578631
1541978791422735.5 -4.914646 -5.745975 -25.476875 0.058306325 0.1212752 0.978789 -0.15448277
1541978791452874.5 -5.029319 -6.0254436 -25.211702 0.048283856 0.10499732 0.9781743 -0.17268266
1541978791482962.5 -4.8046784 -6.916945 -25.085756 0.035588715 0.08650887 0.975766 -0.19781417
1541978791513057.5 -4.914735 -7.253233 -24.899933 0.024981616 0.05890394 0.9727205 -0.22298229
1541978791543224.5 -4.4761333 -8.179835 -25.05167 0.014087555 0.043854877 0.9677634 -0.24761325
1541978791573506.5 -4.5074325 -8.55787 -24.970924 0.007971403 0.025522698 0.9620293 -0.27163357
1541978791603933.5 -4.5939717 -8.976512 -24.919935 0.0031692057 0.002244925 0.95396507 -0.2998927
1541978791634533.5 -3.9496891 -10.066295 -25.349667 -0.002229625 -0.00917043 0.94689995 -0.32138982
1541978791665312.5 -3.9076774 -10.420856 -25.392408 0.00044215535 -0.021767473 0.94241136 -0.33374676
1541978791696283.5 -3.9559393 -10.739089 -25.452436 0.0044317194 -0.035310067 0.9367307 -0.34823734
1541978791727472.5 -3.2414317 -11.28025 -25.685167 0.0006044344 -0.054123208 0.927579 -0.36968586
1541978791758908.5 -3.1699276 -11.546719 -25.747204 0.0056609795 -0.07043991 0.9199642 -0.38558018
1541978791790588.5 -3.096339 -11.875948 -25.691278 0.015060511 -0.07968651 0.91409826 -0.39730042
1541978791822523.5 -1.7293601 -12.382928 -25.739342 0.012288307 -0.085862055 0.9080696 -0.4097393
1541978791854743.5 -1.4324756 -12.592621 -25.671268 0.019613355 -0.101276405 0.90054315 -0.42235118
1541978791887247.5 -1.0419822 -12.8717165 -25.521315 0.025716254 -0.113004394 0.8951203 -0.43049777
1541978791919995.5 -0.7226906 -13.01641 -25.242653 0.0314143 -0.122488864 0.8903879 -0.437286
1541978791952925.5 0.3695619 -13.727697 -24.32751 0.030634012 -0.13253404 0.8810793 -0.45298517
1541978791985976.5 0.649909 -14.047759 -23.688093 0.034633543 -0.14084043 0.87647927 -0.45907375
1541978792019077.5 1.0248444 -14.127377 -23.150154 0.03780685 -0.14902276 0.87218064 -0.4643963
1541978792052170.5 1.1133528 -14.314028 -22.348228 0.047718115 -0.1601739 0.8650659 -0.47299942
1541978792085237.5 1.9954457 -14.57831 -21.18124 0.052439675 -0.16721898 0.8586388 -0.48169208
1541978792118268.5 2.0645819 -14.678076 -20.263222 0.060550477 -0.18858583 0.84790057 -0.49176598
1541978792151248.5 1.7718134 -14.745602 -18.941116 0.06515709 -0.19981924 0.8418129 -0.49716985
1541978792184150.5 2.540444 -14.542673 -18.2598 0.06453716 -0.20655298 0.84044695 -0.49680966
1541978792216960.5 2.5205212 -14.665468 -16.903664 0.07256119 -0.21386623 0.83523244 -0.5013811
1541978792249701.5 2.7321186 -14.663784 -16.041374 0.070138685 -0.21604995 0.8369546 -0.49790558
1541978792282379.5 2.6397471 -14.583997 -15.080909 0.06379831 -0.21503408 0.8406007 -0.49303192
