# timestamp[secs] tx ty tz qx qy qz qw
1541978787.1769845 -0.0 -0.0 -0.0 -0.0 -0.0 -0.0 1.0
1541978787.2084186 0.012394397519528866 0.0071462607011199 -0.027541369199752808 0.008437679149210453 0.02836606837809086 0.025730708613991737 0.9992307424545288
1541978787.2396336 0.02760709635913372 0.01671319082379341 -0.05750655755400658 0.006330638658255339 0.05931040644645691 0.06870841234922409 0.9958520531654358
1541978787.2706344 0.04947283864021301 0.027497317641973495 -0.0804491639137268 0.01653098687529564 0.06887801736593246 0.12326562404632568 0.9898425340652466
1541978787.3013866 0.06746179610490799 0.036970630288124084 -0.10064920037984848 0.021399322897195816 0.07365070283412933 0.16123338043689728 0.9839316010475159
1541978787.3318934 0.09086529910564423 0.043571293354034424 -0.12343979626893997 0.022561870515346527 0.0822773352265358 0.18828850984573364 0.978401243686676
1541978787.3622086 0.11736941337585449 0.047456540167331696 -0.14696307480335236 0.01827169954776764 0.103335440158844 0.2098063826560974 0.9720953106880188
1541978787.3923805 0.1422765702009201 0.05264993757009506 -0.16678623855113983 0.021561892703175545 0.12170117348432541 0.2357933670282364 0.9639115333557129
1541978787.4224725 0.16581711173057556 0.054634593427181244 -0.18418310582637787 0.04021589457988739 0.13394342362880707 0.25876790285110474 0.9557620286941528
1541978787.4525714 0.18847794830799103 0.05080127716064453 -0.20351092517375946 0.049348846077919006 0.14507751166820526 0.26396843791007996 0.9522803425788879
1541978787.4827936 0.20697499811649323 0.04569798707962036 -0.2202046513557434 0.0516093373298645 0.16055415570735931 0.2542513310909271 0.9523209929466248
1541978787.5132315 0.23193524777889252 0.03915976360440254 -0.23847846686840057 0.052422862499952316 0.17570248246192932 0.24167472124099731 0.952876627445221
1541978787.5439014 0.2542858123779297 0.03364682197570801 -0.25428667664527893 0.06533146649599075 0.19273418188095093 0.23782213032245636 0.9497504234313965
1541978787.5747795 0.273970365524292 0.032924454659223557 -0.2660928964614868 0.08918900787830353 0.20688509941101074 0.24280007183551788 0.9435529112815857
1541978787.6058395 0.29250895977020264 0.03268423303961754 -0.27975112199783325 0.10259784013032913 0.21340729296207428 0.254014253616333 0.937767505645752
1541978787.6370645 0.3154924511909485 0.031845830380916595 -0.29678064584732056 0.10218342393636703 0.21667012572288513 0.2669956386089325 0.9334484338760376
1541978787.6684165 0.33673837780952454 0.036011774092912674 -0.3093873858451843 0.10165555775165558 0.22653082013130188 0.27501052618026733 0.9288268089294434
1541978787.6998174 0.3566943407058716 0.040528878569602966 -0.3203831613063812 0.10300516337156296 0.23434492945671082 0.28244131803512573 0.92449951171875
1541978787.7311716 0.37372881174087524 0.04333432763814926 -0.33366888761520386 0.09744271636009216 0.24234776198863983 0.2858980596065521 0.9219733476638794
1541978787.7624166 0.392999529838562 0.04658855125308037 -0.3453161418437958 0.08510227501392365 0.2520633935928345 0.28396689891815186 0.9211865067481995
1541978787.7935424 0.41219764947891235 0.050384778529405594 -0.3572580814361572 0.07835998386144638 0.26199501752853394 0.2844288647174835 0.9188681244850159
1541978787.8245466 0.4286556839942932 0.054338887333869934 -0.3672415614128113 0.07887536287307739 0.27249544858932495 0.2930006980895996 0.913058340549469
1541978787.8554275 0.4461303949356079 0.05780930444598198 -0.37743067741394043 0.08042695373296738 0.2802973985671997 0.304592102766037 0.9067462086677551
1541978787.8861885 0.4610108733177185 0.06296304613351822 -0.3853608965873718 0.08107703179121017 0.289856493473053 0.31593385338783264 0.8997752666473389
1541978787.9168575 0.4756510853767395 0.06661614775657654 -0.39287063479423523 0.07959143072366714 0.29722651839256287 0.3253766894340515 0.8941206336021423
1541978787.9474735 0.4885965585708618 0.0700354278087616 -0.3988260328769684 0.08107897639274597 0.305480033159256 0.3300113379955292 0.8894946575164795
1541978787.9780755 0.5004257559776306 0.07005088031291962 -0.40573766827583313 0.07982763648033142 0.3159235715866089 0.3298405408859253 0.8860164284706116
1541978788.0086975 0.513945996761322 0.07154031097888947 -0.41110357642173767 0.08545037358999252 0.3266242742538452 0.3340469002723694 0.8800156116485596
1541978788.0393474 0.5222783088684082 0.06999911367893219 -0.4161730408668518 0.09501011669635773 0.33966416120529175 0.34394851326942444 0.8702303171157837
1541978788.0699644 0.5346402525901794 0.06729957461357117 -0.423862487077713 0.10505294799804688 0.34743884205818176 0.3599148392677307 0.8594833016395569
1541978788.1004536 0.5396520495414734 0.06227913498878479 -0.4278923273086548 0.10727887600660324 0.3660711646080017 0.36660540103912354 0.8485773801803589
1541978788.1307325 0.5430841445922852 0.055669501423835754 -0.4281699061393738 0.10623965412378311 0.3874351382255554 0.3770066499710083 0.8345497250556946
1541978788.1607335 0.5422208905220032 0.05090048909187317 -0.4273815453052521 0.10970451682806015 0.40636152029037476 0.3902517557144165 0.8188644051551819
1541978788.1904106 0.5393869876861572 0.04795612394809723 -0.4237334132194519 0.12932656705379486 0.4197814464569092 0.4106479287147522 0.799015998840332
1541978788.2197685 0.5365197658538818 0.04431861639022827 -0.41983461380004883 0.1442837417125702 0.43111908435821533 0.42565619945526123 0.782390832901001
1541978788.2488356 0.5304381847381592 0.03851580619812012 -0.4117611050605774 0.14389756321907043 0.44285082817077637 0.4347682297229767 0.7708134055137634
1541978788.2776284 0.5231003761291504 0.03513437509536743 -0.40456151962280273 0.1517019271850586 0.44190889596939087 0.44877421855926514 0.761777400970459
1541978788.3061604 0.5132720470428467 0.027014106512069702 -0.3929011821746826 0.15977543592453003 0.44177553057670593 0.4636427164077759 0.7512267827987671
1541978788.3344796 0.5088383555412292 0.03200232982635498 -0.3817389905452728 0.1792377084493637 0.4316304922103882 0.47599565982818604 0.7449812889099121
1541978788.3626676 0.49924755096435547 0.022478044033050537 -0.3685733675956726 0.1881798654794693 0.4315292537212372 0.48797762393951416 0.7350161671638489
1541978788.3908136 0.49164435267448425 0.02415066957473755 -0.3548021912574768 0.20236539840698242 0.4213957190513611 0.49541452527046204 0.7321463823318481
1541978788.4189725 0.4806442856788635 0.014137357473373413 -0.3379712998867035 0.20792773365974426 0.4148651659488678 0.5053755044937134 0.7274947762489319
1541978788.4471624 0.469637930393219 0.006754696369171143 -0.32019874453544617 0.2115952968597412 0.41072022914886475 0.5129228234291077 0.7234960794448853
1541978788.4754026 0.45704466104507446 -0.0017681121826171875 -0.30241575837135315 0.2121323198080063 0.40646278858184814 0.5215389132499695 0.7195728421211243
1541978788.5037305 0.44298380613327026 -0.011559754610061646 -0.28224262595176697 0.2163315713405609 0.4022606313228607 0.5302760601043701 0.7142789363861084
1541978788.5321784 0.42868900299072266 -0.02065986394882202 -0.2612036168575287 0.2158774435520172 0.39785054326057434 0.5353895425796509 0.713070809841156
1541978788.5607724 0.4144449830055237 -0.028697580099105835 -0.24219785630702972 0.21489030122756958 0.3937667906284332 0.5376883149147034 0.7139055728912354
1541978788.5895135 0.40133771300315857 -0.03821474313735962 -0.22381345927715302 0.2182701826095581 0.3901224732398987 0.5424555540084839 0.711269736289978
1541978788.6184065 0.3874020576477051 -0.047497957944869995 -0.2029171884059906 0.22386443614959717 0.38576680421829224 0.5476356744766235 0.7079293727874756
1541978788.6474714 0.3734053671360016 -0.05733504891395569 -0.18165846168994904 0.23043376207351685 0.3778490722179413 0.5529962182044983 0.7059217691421509
1541978788.6767206 0.36050722002983093 -0.06517267227172852 -0.15899257361888885 0.23491472005844116 0.3697578012943268 0.5530644059181213 0.7086706161499023
1541978788.7061596 0.34789901971817017 -0.07441923022270203 -0.13649407029151917 0.24282416701316833 0.3618941605091095 0.5519155859947205 0.7109558582305908
1541978788.7358184 0.33352211117744446 -0.08605659008026123 -0.11583399772644043 0.2507919669151306 0.35371261835098267 0.5508257746696472 0.7131491899490356
1541978788.7657325 0.318273663520813 -0.09686252474784851 -0.09457698464393616 0.2576639950275421 0.3447849452495575 0.5496296882629395 0.7159886956214905
1541978788.7959344 0.3021021783351898 -0.1087033748626709 -0.07395458221435547 0.2683526575565338 0.3317483365535736 0.5531987547874451 0.7154726982116699
1541978788.8264275 0.28239402174949646 -0.12284211814403534 -0.05109529197216034 0.2774377167224884 0.31530648469924927 0.5596761703491211 0.7144038081169128
1541978788.8571784 0.2612974941730499 -0.1369236409664154 -0.02818542718887329 0.2838047742843628 0.2996182441711426 0.5658519268035889 0.7137895226478577
1541978788.8881154 0.23819974064826965 -0.15054310858249664 -0.004531338810920715 0.2936384677886963 0.2845344841480255 0.5745676755905151 0.7090053558349609
1541978788.9191544 0.21146133542060852 -0.16149096190929413 0.021885782480239868 0.30301496386528015 0.26786574721336365 0.5840356945991516 0.7037984132766724
1541978788.9502475 0.18417148292064667 -0.1718510091304779 0.048822760581970215 0.3061763346195221 0.24581758677959442 0.5955291390419006 0.7008386254310608
1541978788.9813845 0.15344761312007904 -0.1823088526725769 0.0780322402715683 0.30370253324508667 0.22859007120132446 0.6043652296066284 0.7001814842224121
1541978789.0125606 0.12562096118927002 -0.19154812395572662 0.10798409581184387 0.3020263612270355 0.2114168405532837 0.6122951507568359 0.6994124054908752
1541978789.0437765 0.09460831433534622 -0.20239907503128052 0.13905197381973267 0.30505841970443726 0.19449110329151154 0.6157470941543579 0.6999772787094116
1541978789.0750494 0.06270617246627808 -0.2121921181678772 0.1666375994682312 0.2943629026412964 0.1713588684797287 0.6088018417358398 0.716482400894165
1541978789.1063974 0.03157123923301697 -0.22071053087711334 0.1968037486076355 0.28710198402404785 0.1460098773241043 0.5963728427886963 0.7352503538131714
1541978789.1378336 9.965896606445312e-05 -0.228898823261261 0.2241588532924652 0.28059014678001404 0.12266025692224503 0.580318033695221 0.754622220993042
1541978789.1694174 -0.027743160724639893 -0.23362916707992554 0.2514411509037018 0.2695292830467224 0.10275787860155106 0.5651584267616272 0.7729106545448303
1541978789.2012365 -0.056399762630462646 -0.23869983851909637 0.27527713775634766 0.26542219519615173 0.08182162791490555 0.5592492818832397 0.7810868620872498
1541978789.2333026 -0.0829993486404419 -0.2401951551437378 0.2958090901374817 0.25035929679870605 0.07215548306703568 0.5457131862640381 0.7964364886283875
1541978789.2654865 -0.10664226114749908 -0.24100320041179657 0.31592708826065063 0.2253464311361313 0.06279851496219635 0.5292558073997498 0.8155757188796997
1541978789.2975025 -0.13809490203857422 -0.23343899846076965 0.32368117570877075 0.18647757172584534 0.04504343122243881 0.5020006895065308 0.8433223366737366
1541978789.3287976 -0.17233847081661224 -0.2281263768672943 0.3402719795703888 0.15124303102493286 0.02233136259019375 0.46496888995170593 0.8720268607139587
1541978789.3585265 -0.19087353348731995 -0.22908687591552734 0.3644333481788635 0.10730569064617157 -0.002035272540524602 0.40360674262046814 0.9086159467697144
1541978789.3860245 -0.22396746277809143 -0.21696196496486664 0.3778095841407776 0.0627904012799263 -0.01984928362071514 0.3260928690433502 0.9430413246154785
1541978789.4113915 -0.24830281734466553 -0.1986631155014038 0.37803423404693604 0.024160778149962425 -0.034951068460941315 0.23833966255187988 0.9702519774436951
1541978789.4355195 -0.25019171833992004 -0.2048753798007965 0.4125064015388489 -0.00954750832170248 -0.051507167518138885 0.14485491812229156 0.988065242767334
1541978789.4593284 -0.2684051990509033 -0.20437102019786835 0.4206715226173401 -0.042449843138456345 -0.06232142820954323 0.044241763651371 0.9961710572242737
1541978789.4832604 -0.3203060030937195 -0.1726054549217224 0.4682690501213074 -0.07538183778524399 -0.06827252358198166 -0.049631472676992416 0.9935759902000427
1541978789.5074885 -0.32461756467819214 -0.1583985537290573 0.49354684352874756 -0.10674703866243362 -0.08259835839271545 -0.11682816594839096 0.9839379787445068
1541978789.5320675 -0.3307720422744751 -0.1596449613571167 0.4852274954319 -0.1428808718919754 -0.09782198816537857 -0.17019563913345337 0.9700770378112793
1541978789.5570526 -0.34894388914108276 -0.16599524021148682 0.45691582560539246 -0.19074255228042603 -0.1031201034784317 -0.2306755781173706 0.948563277721405
1541978789.5825725 -0.29981768131256104 -0.20962141454219818 0.41806888580322266 -0.2369539588689804 -0.10601259768009186 -0.2987498939037323 0.9183477759361267
1541978789.6087666 -0.25411131978034973 -0.2524872422218323 0.2525647282600403 -0.27822428941726685 -0.11063114553689957 -0.3550252616405487 0.8856123089790344
1541978789.6357136 -0.13209421932697296 -0.38534289598464966 0.037516817450523376 -0.3142170011997223 -0.11725641041994095 -0.3957814574241638 0.8549126386642456
1541978789.6634326 0.10759755969047546 -0.5460472702980042 -0.23346255719661713 -0.33985692262649536 -0.1166808009147644 -0.42697110772132874 0.829806387424469
1541978789.6919165 0.41001033782958984 -0.676089882850647 -0.5449332594871521 -0.3597090244293213 -0.10736977308988571 -0.45711788535118103 0.8063029646873474
1541978789.7211685 0.7186558842658997 -0.753703773021698 -0.8741553425788879 -0.37790483236312866 -0.09707390516996384 -0.4790579378604889 0.7863003015518188
1541978789.7511685 0.9343389272689819 -0.9769610166549683 -1.1934654712677002 -0.39516085386276245 -0.08953947573900223 -0.4981004297733307 0.7666332721710205
1541978789.7818675 1.2730036973953247 -0.7916802167892456 -1.5812013149261475 -0.39734217524528503 -0.08284655213356018 -0.5007437467575073 0.7645334601402283
1541978789.8131604 1.5720157623291016 -0.8084748983383179 -1.9838590621948242 -0.4113341271877289 -0.07531944662332535 -0.5069726705551147 0.7537307143211365
1541978789.8448975 1.8843159675598145 -0.7423979043960571 -2.4890084266662598 -0.4240463972091675 -0.06802264600992203 -0.5124093890190125 0.7436358332633972
1541978789.8769345 2.188854455947876 -0.7302989959716797 -3.009937286376953 -0.4350111186504364 -0.062358465045690536 -0.512474000453949 0.7377311587333679
1541978789.9091525 2.57307505607605 -0.7479753494262695 -3.567408561706543 -0.4419250786304474 -0.05832207575440407 -0.5147688388824463 0.7323344945907593
1541978789.9414744 2.9155781269073486 -0.7717971801757812 -4.192305564880371 -0.4522278904914856 -0.04973633214831352 -0.5183837413787842 0.7240819334983826
1541978789.9738564 3.2707021236419678 -0.6444644927978516 -4.786003112792969 -0.45430776476860046 -0.042251091450452805 -0.5226329565048218 0.7201903462409973
1541978790.0062644 3.654984474182129 -0.7616705894470215 -5.528648376464844 -0.4557161331176758 -0.03643861413002014 -0.5285957455635071 0.7152493596076965
1541978790.0386705 4.13593053817749 -0.5714421272277832 -6.28410530090332 -0.4521392285823822 -0.030891234055161476 -0.5305292010307312 0.7163481116294861
1541978790.0710475 4.4552507400512695 -0.5207314491271973 -7.129574775695801 -0.45122069120407104 -0.024107350036501884 -0.5282078981399536 0.7188985347747803
1541978790.1033695 5.191762924194336 -0.5733075141906738 -8.017942428588867 -0.44229066371917725 -0.029183002188801765 -0.5206051468849182 0.7297244071960449
1541978790.1356156 5.465483665466309 -0.6425962448120117 -8.805131912231445 -0.43890154361724854 -0.02688216231763363 -0.5152138471603394 0.7356613278388977
1541978790.1677835 5.871490478515625 -0.46935558319091797 -9.9141263961792 -0.4270726144313812 -0.021191654726862907 -0.5079977512359619 0.747728705406189
1541978790.1998694 6.04060173034668 -0.5577182769775391 -10.840639114379883 -0.42547255754470825 -0.012195203453302383 -0.499237060546875 0.754709780216217
1541978790.2318625 6.270131587982178 -0.6165494918823242 -11.795689582824707 -0.4224392771720886 -0.006473379209637642 -0.4888455867767334 0.7632386088371277
1541978790.2637606 6.529940128326416 -0.7637481689453125 -12.806120872497559 -0.4194909334182739 -0.0017246677307412028 -0.4741484820842743 0.7740850448608398
1541978790.2955694 6.810331344604492 -0.7344293594360352 -13.933412551879883 -0.41696083545684814 0.005076006520539522 -0.45589974522590637 0.7863036394119263
1541978790.3273046 7.087730407714844 -0.8766040802001953 -15.06431770324707 -0.41496163606643677 0.009709497913718224 -0.4360698461532593 0.7984707951545715
1541978790.3589816 7.249529838562012 -0.969639778137207 -16.133928298950195 -0.4083786904811859 0.017763052135705948 -0.41238823533058167 0.814154326915741
1541978790.3906164 7.361909866333008 -1.325037956237793 -17.167545318603516 -0.4009588062763214 0.02568414807319641 -0.3799530863761902 0.833191454410553
1541978790.4222355 7.447512626647949 -1.5685572624206543 -18.29790687561035 -0.3869628310203552 0.03232202306389809 -0.3492244780063629 0.8527938723564148
1541978790.4538796 7.440127849578857 -1.9855756759643555 -19.296058654785156 -0.3707866072654724 0.031569890677928925 -0.32132288813591003 0.8707883358001709
1541978790.4855685 7.440039157867432 -2.2315545082092285 -20.53813934326172 -0.34955617785453796 0.026977738365530968 -0.28886881470680237 0.8908634185791016
1541978790.5173104 7.320143699645996 -2.550018072128296 -21.739810943603516 -0.3291635811328888 0.026815669611096382 -0.2546386420726776 0.90889573097229
1541978790.5491045 7.11231803894043 -2.802826166152954 -23.05034637451172 -0.3100948631763458 0.032014381140470505 -0.22925622761249542 0.9220942258834839
1541978790.5809405 6.836874961853027 -3.1421568393707275 -24.354801177978516 -0.29442206025123596 0.03890783712267876 -0.20668496191501617 0.9322463274002075
1541978790.6128125 6.522308826446533 -3.551619529724121 -25.60274887084961 -0.2795143127441406 0.04667302221059799 -0.18006309866905212 0.9419504404067993
1541978790.6447196 5.977156639099121 -3.9092345237731934 -26.897741317749023 -0.26327186822891235 0.05886852741241455 -0.14742152392864227 0.951572060585022
1541978790.6766415 5.6218647956848145 -4.318224906921387 -28.171035766601562 -0.2452937364578247 0.07279796153306961 -0.11122960597276688 0.9602913856506348
1541978790.7085195 5.070073127746582 -4.768270492553711 -29.387248992919922 -0.23310992121696472 0.09309160709381104 -0.09203468263149261 0.9635992050170898
1541978790.7402666 4.468750953674316 -5.299701690673828 -30.659379959106445 -0.22065100073814392 0.11793074011802673 -0.07237222790718079 0.9654883146286011
1541978790.7718256 3.9570717811584473 -5.657466888427734 -31.76753044128418 -0.19806620478630066 0.14203232526779175 -0.043771129101514816 0.9688553810119629
1541978790.8031876 3.315119743347168 -6.053711414337158 -32.8369255065918 -0.18280762434005737 0.16311949491500854 -0.02497159317135811 0.9692006707191467
1541978790.8343766 3.182814836502075 -6.880716323852539 -33.98095703125 -0.18298815190792084 0.17619465291500092 -0.017414404079318047 0.9670406579971313
1541978790.8654356 2.6413075923919678 -7.07112455368042 -34.78178024291992 -0.17609277367591858 0.192231222987175 -0.010671396739780903 0.9653624296188354
1541978790.8964145 2.265158176422119 -7.1641082763671875 -35.308197021484375 -0.16890911757946014 0.2066885530948639 -0.0024715701583772898 0.9637134075164795
1541978790.9273796 2.0792465209960938 -7.143918991088867 -35.691864013671875 -0.16201865673065186 0.21706508100032806 0.008040960878133774 0.9625840783119202
1541978790.9584064 1.7773346900939941 -7.069987773895264 -35.49135971069336 -0.1629416048526764 0.22623483836650848 0.015793493017554283 0.9602178931236267
1541978790.9895334 1.4925321340560913 -7.134012699127197 -35.603851318359375 -0.17103728652000427 0.22829465568065643 0.020423848181962967 0.958233118057251
1541978791.0207546 1.293946385383606 -7.161802291870117 -35.458839416503906 -0.17362773418426514 0.22482430934906006 0.03338291496038437 0.9582239389419556
1541978791.0520394 1.0847601890563965 -7.152242660522461 -35.031307220458984 -0.16978111863136292 0.21416075527668 0.052320633083581924 0.9605062007904053
1541978791.0833635 1.1492427587509155 -5.612595558166504 -33.76641845703125 -0.15496405959129333 0.20555716753005981 0.06195910647511482 0.964309811592102
1541978791.1147156 0.8428024649620056 -5.626943588256836 -33.340328216552734 -0.1459864377975464 0.19621115922927856 0.07961181551218033 0.9663597941398621
1541978791.1460476 0.5443717837333679 -5.644067287445068 -32.994544982910156 -0.13674792647361755 0.1847015619277954 0.1014992818236351 0.9679273366928101
1541978791.1773114 -0.5895124673843384 -4.591304779052734 -31.397390365600586 -0.11636611819267273 0.17973831295967102 0.11791723966598511 0.9696642160415649
1541978791.2084825 -1.0138087272644043 -4.5831170082092285 -30.877582550048828 -0.1093691810965538 0.16476409137248993 0.13391675055027008 0.971060037612915
1541978791.2395394 -2.2395153045654297 -4.537557601928711 -29.63557243347168 -0.10319692641496658 0.15348805487155914 0.14943449199199677 0.971319317817688
1541978791.2704544 -2.931755304336548 -4.552432060241699 -28.94939422607422 -0.10081347078084946 0.14029203355312347 0.1635700762271881 0.9712876677513123
1541978791.3012075 -3.512188673019409 -4.521971702575684 -27.938026428222656 -0.1086578369140625 0.12229815870523453 0.16540084779262543 0.9725632667541504
1541978791.3317945 -4.123238563537598 -4.663663387298584 -27.145706176757812 -0.1168866828083992 0.10521435737609863 0.15741227567195892 0.9749302268028259
1541978791.3622255 -4.369676113128662 -4.793956279754639 -26.23123550415039 -0.12314895540475845 0.0861113965511322 0.14856617152690887 0.9774187207221985
1541978791.3925264 -4.561807155609131 -4.901743412017822 -25.567991256713867 -0.13578630983829498 0.0692777931690216 0.13307303190231323 0.9793131947517395
1541978791.4227355 -4.914646148681641 -5.745975017547607 -25.47687530517578 -0.15448276698589325 0.05830632522702217 0.12127520143985748 0.9787889719009399
1541978791.4528744 -5.029318809509277 -6.0254435539245605 -25.211702346801758 -0.17268265783786774 0.048283856362104416 0.10499732196331024 0.9781743288040161
1541978791.4829626 -4.804678440093994 -6.916944980621338 -25.085756301879883 -0.19781416654586792 0.035588715225458145 0.0865088701248169 0.9757660031318665
1541978791.5130575 -4.914734840393066 -7.253232955932617 -24.899932861328125 -0.2229822874069214 0.02498161606490612 0.05890394002199173 0.9727205038070679
1541978791.5432246 -4.476133346557617 -8.179835319519043 -25.05167007446289 -0.24761325120925903 0.01408755499869585 0.04385487735271454 0.9677634239196777
1541978791.5735066 -4.507432460784912 -8.557869911193848 -24.970924377441406 -0.2716335654258728 0.007971403189003468 0.02552269771695137 0.9620292782783508
1541978791.6039336 -4.5939717292785645 -8.97651195526123 -24.91993522644043 -0.29989269375801086 0.0031692057382315397 0.002244924893602729 0.9539650678634644
1541978791.6345334 -3.9496891498565674 -10.06629467010498 -25.349666595458984 -0.3213898241519928 -0.002229624893516302 -0.009170429781079292 0.946899950504303
1541978791.6653125 -3.907677412033081 -10.420856475830078 -25.39240837097168 -0.3337467610836029 0.00044215534580871463 -0.021767472848296165 0.9424113631248474
1541978791.6962836 -3.955939292907715 -10.739089012145996 -25.452436447143555 -0.3482373356819153 0.004431719426065683 -0.03531006723642349 0.936730682849884
1541978791.7274725 -3.241431713104248 -11.28024959564209 -25.68516731262207 -0.3696858584880829 0.0006044344045221806 -0.05412320792675018 0.9275789856910706
1541978791.7589085 -3.1699275970458984 -11.54671859741211 -25.747203826904297 -0.3855801820755005 0.00566097954288125 -0.070439912378788 0.9199641942977905
1541978791.7905886 -3.096338987350464 -11.875947952270508 -25.6912784576416 -0.3973004221916199 0.01506051141768694 -0.07968650758266449 0.9140982627868652
1541978791.8225236 -1.7293601036071777 -12.382927894592285 -25.739341735839844 -0.40973928570747375 0.012288306839764118 -0.08586205542087555 0.9080696105957031
1541978791.8547435 -1.4324755668640137 -12.592620849609375 -25.671268463134766 -0.4223511815071106 0.0196133553981781 -0.10127640515565872 0.9005431532859802
1541978791.8872476 -1.0419821739196777 -12.871716499328613 -25.52131462097168 -0.43049776554107666 0.025716254487633705 -0.11300439387559891 0.8951203227043152
1541978791.9199955 -0.7226905822753906 -13.016409873962402 -25.242652893066406 -0.43728598952293396 0.031414300203323364 -0.12248886376619339 0.8903878927230835
1541978791.9529254 0.36956191062927246 -13.727697372436523 -24.327510833740234 -0.45298516750335693 0.030634012073278427 -0.13253404200077057 0.8810793161392212
1541978791.9859765 0.6499090194702148 -14.047759056091309 -23.688093185424805 -0.4590737521648407 0.03463354334235191 -0.14084042608737946 0.8764792680740356
1541978792.0190775 1.0248444080352783 -14.127376556396484 -23.15015411376953 -0.46439629793167114 0.03780684992671013 -0.14902275800704956 0.8721806406974792
1541978792.0521705 1.1133527755737305 -14.314027786254883 -22.348228454589844 -0.4729994237422943 0.0477181151509285 -0.16017389297485352 0.86506587266922
1541978792.0852375 1.995445728302002 -14.578310012817383 -21.18124008178711 -0.4816920757293701 0.052439674735069275 -0.16721898317337036 0.8586388230323792
1541978792.1182685 2.064581871032715 -14.678075790405273 -20.263221740722656 -0.49176597595214844 0.06055047735571861 -0.18858583271503448 0.8479005694389343
1541978792.1512485 1.7718133926391602 -14.745601654052734 -18.941116333007812 -0.4971698522567749 0.06515709310770035 -0.19981923699378967 0.8418129086494446
1541978792.1841505 2.5404438972473145 -14.542673110961914 -18.25979995727539 -0.4968096613883972 0.0645371600985527 -0.20655298233032227 0.840446949005127
1541978792.2169604 2.5205211639404297 -14.665468215942383 -16.903663635253906 -0.5013810992240906 0.07256118953227997 -0.2138662338256836 0.8352324366569519
1541978792.2497015 2.732118606567383 -14.66378402709961 -16.04137420654297 -0.49790558218955994 0.07013868540525436 -0.2160499542951584 0.8369545936584473
1541978792.2823794 2.639747142791748 -14.583996772766113 -15.08090877532959 -0.49303191900253296 0.06379830837249756 -0.21503408253192902 0.8406007289886475
