1541978787176984.5 -0.0 -0.0 -0.0 -0.0 -0.0 1.0 -0.0
1541978787208418.5 0.011438325 0.0056187385 -0.026783647 0.028908316 0.02646803 0.99919957 0.008006059
1541978787239633.5 0.026179641 0.019066116 -0.05542957 0.05998885 0.06974914 0.9957287 0.007800697
1541978787270634.5 0.046618696 0.029877074 -0.07873099 0.07074833 0.124320574 0.98955345 0.017972857
1541978787301386.5 0.06538579 0.039634474 -0.10089708 0.07509674 0.16277848 0.98354 0.022644928
1541978787331893.5 0.089227 0.046226945 -0.1250555 0.08381863 0.1899136 0.97793657 0.023397045
1541978787362208.5 0.11793263 0.051184468 -0.14878921 0.103817284 0.21156749 0.97163564 0.019633116
1541978787392380.5 0.14337918 0.05812647 -0.16766365 0.12301176 0.23663014 0.9634904 0.023676528
1541978787422472.5 0.16603018 0.059024494 -0.18705511 0.13586965 0.2595082 0.955235 0.04148613
1541978787452571.5 0.18700309 0.055881634 -0.2062752 0.14868966 0.26384932 0.9516517 0.05132227
1541978787482793.5 0.20821133 0.052032433 -0.22255132 0.16284539 0.2539174 0.95186937 0.054334175
1541978787513231.5 0.2317673 0.046034824 -0.2407094 0.17944323 0.2411335 0.9521325 0.055664964
1541978787543901.5 0.25192454 0.0390338 -0.25694445 0.19828434 0.23734559 0.9485372 0.068027556
1541978787574779.5 0.27097723 0.038237587 -0.26993516 0.21269031 0.24210182 0.9421872 0.0918309
1541978787605839.5 0.29029492 0.03911522 -0.28196436 0.21951456 0.25329196 0.9361373 0.1063177
1541978787637064.5 0.3140056 0.040123448 -0.29782477 0.22256042 0.26593295 0.93181056 0.10712439
1541978787668416.5 0.33562815 0.04435993 -0.31183743 0.23156807 0.27407923 0.92731947 0.10646831
1541978787699817.5 0.35474002 0.046739146 -0.324489 0.23957211 0.28209442 0.92286915 0.106492296
1541978787731171.5 0.3728758 0.049542587 -0.33853608 0.24702817 0.28710774 0.91997015 0.101001136
1541978787762416.5 0.39151543 0.05410986 -0.34966308 0.2570367 0.2835007 0.9195383 0.089491695
1541978787793542.5 0.4092043 0.057244137 -0.36118698 0.26855144 0.28443724 0.9166107 0.08246425
1541978787824546.5 0.42837375 0.061476387 -0.3722433 0.27667773 0.2936843 0.91122127 0.08291509
1541978787855427.5 0.4453349 0.06481821 -0.3825771 0.28474125 0.30537507 0.9047137 0.08462685
1541978787886188.5 0.45942622 0.07011232 -0.39039877 0.2951718 0.3160041 0.89762217 0.085378624
1541978787916857.5 0.47296977 0.07446651 -0.39741924 0.30307218 0.3247699 0.89189756 0.08479703
1541978787947473.5 0.48502225 0.07585734 -0.4037368 0.3125597 0.33003846 0.88666177 0.08492403
1541978787978075.5 0.49591503 0.07590793 -0.40941378 0.32430825 0.3292257 0.8828178 0.0840682
1541978788008697.5 0.50812566 0.07319538 -0.41763985 0.33592764 0.33496606 0.876078 0.086242594
1541978788039347.5 0.5174719 0.0710853 -0.42371625 0.34787887 0.34537137 0.86641806 0.09496732
1541978788069964.5 0.527182 0.066835165 -0.4291744 0.3595401 0.35790616 0.85541815 0.10437418
1541978788100453.5 0.5309398 0.06096466 -0.43318558 0.37921447 0.36424696 0.84392554 0.10634993
1541978788130732.5 0.53920686 0.064881265 -0.43485397 0.39290076 0.3724101 0.83315694 0.11308954
1541978788160733.5 0.54001737 0.06280345 -0.4347858 0.40926692 0.38531113 0.8185534 0.1183484
1541978788190410.5 0.53691655 0.05648558 -0.43420693 0.42047924 0.40684667 0.7995131 0.13583755
1541978788219768.5 0.5348678 0.054632127 -0.42924142 0.43082425 0.4212918 0.7834901 0.15181236
1541978788248835.5 0.5300846 0.049507707 -0.4221503 0.44088387 0.42978072 0.773421 0.15076452
1541978788277628.5 0.5218747 0.04823014 -0.4125781 0.44081268 0.44376874 0.7635657 0.1603776
1541978788306160.5 0.51281095 0.041645974 -0.40045553 0.4393417 0.45803675 0.7540236 0.16920313
1541978788334479.5 0.5086297 0.046022475 -0.38892227 0.4296202 0.47057778 0.7474894 0.1877308
1541978788362667.5 0.49934343 0.03890428 -0.37575355 0.4276591 0.4817264 0.7388572 0.19783191
1541978788390813.5 0.49207366 0.03816235 -0.36183643 0.41848704 0.49044463 0.7350092 0.2099861
1541978788418972.5 0.48169 0.030718118 -0.345086 0.4099849 0.5002806 0.73091817 0.21769357
1541978788447162.5 0.47079715 0.023315102 -0.3284351 0.40470096 0.50821483 0.72742116 0.22089201
1541978788475402.5 0.4585883 0.016647488 -0.31080642 0.39905778 0.51672137 0.72411007 0.22229822
1541978788503730.5 0.4449918 0.008748442 -0.29199168 0.39240044 0.5255085 0.7198433 0.22735064
1541978788532178.5 0.43112874 0.0015258789 -0.27368405 0.38443524 0.5314542 0.71963364 0.22780134
1541978788560772.5 0.41714507 -0.0056982636 -0.25496823 0.3796851 0.5331986 0.7211797 0.22680028
1541978788589513.5 0.40347883 -0.014586061 -0.23697686 0.3757128 0.53729403 0.7191645 0.23012513
1541978788618406.5 0.3896628 -0.023201615 -0.21731332 0.37003657 0.54252607 0.7164634 0.23541191
1541978788647471.5 0.3762199 -0.031499207 -0.19744058 0.36027977 0.54785883 0.71523815 0.24183401
1541978788676720.5 0.36192566 -0.041214675 -0.1770699 0.35156146 0.5488683 0.7177313 0.24496938
1541978788706159.5 0.34852657 -0.051491976 -0.15602385 0.34292385 0.54796964 0.72024167 0.2517627
1541978788735818.5 0.33369344 -0.062748194 -0.13688886 0.33305985 0.54736197 0.72231275 0.26025063
1541978788765732.5 0.31714645 -0.07524517 -0.11735205 0.32390818 0.54668415 0.7249554 0.265819
1541978788795934.5 0.29875037 -0.08834812 -0.09697169 0.31129667 0.5501176 0.72414297 0.27582988
1541978788826427.5 0.27677548 -0.103920475 -0.07644108 0.29398367 0.55759585 0.7225315 0.2839169
1541978788857178.5 0.25345078 -0.11909658 -0.05549659 0.2778489 0.56407106 0.72186077 0.2890346
1541978788888115.5 0.22641075 -0.1368413 -0.033738494 0.26435474 0.5737929 0.7162807 0.29634497
1541978788919154.5 0.1949465 -0.15042354 -0.0076953396 0.24874954 0.583787 0.71024084 0.30475292
1541978788950247.5 0.16386853 -0.16119526 0.021870561 0.22867338 0.5937893 0.7075732 0.30734816
1541978788981384.5 0.13113618 -0.17147556 0.048162267 0.21109806 0.60184896 0.7078591 0.30356386
1541978789012560.5 0.100768626 -0.18034098 0.07939289 0.1938672 0.60950387 0.70689166 0.3020345
1541978789043776.5 0.06762613 -0.19116327 0.109145425 0.17607258 0.61317354 0.70743406 0.3042265
1541978789075049.5 0.033496797 -0.20147339 0.13986903 0.1536401 0.60521686 0.72359097 0.2941488
1541978789106397.5 -0.00087946653 -0.21135624 0.17113128 0.12874527 0.5925206 0.74160665 0.2869906
1541978789137833.5 -0.034903124 -0.2181595 0.1999141 0.1055731 0.5752377 0.76091737 0.28099945
1541978789169417.5 -0.06655359 -0.22422515 0.22854352 0.086611435 0.5596301 0.7787536 0.26991782
1541978789201236.5 -0.0982205 -0.2289859 0.25313967 0.06588224 0.55352 0.7864137 0.2661366
1541978789233302.5 -0.12697646 -0.23038203 0.27440947 0.056585576 0.5395328 0.80167943 0.25102308
1541978789265486.5 -0.15471865 -0.23038357 0.29742685 0.048616942 0.52150416 0.8210779 0.22693823
1541978789297502.5 -0.18656236 -0.22494459 0.30844373 0.031209884 0.493519 0.84858 0.18808776
1541978789328797.5 -0.2239668 -0.2194995 0.3259391 0.009054426 0.4555085 0.8768013 0.15378423
1541978789358526.5 -0.25394544 -0.21402381 0.3477267 -0.012793321 0.39217263 0.91305476 0.111211576
1541978789386024.5 -0.284274 -0.20528178 0.35985717 -0.030092947 0.31362998 0.94675833 0.06617752
1541978789411391.5 -0.29937613 -0.20170727 0.38603735 -0.045026816 0.2278041 0.9722512 0.028383423
1541978789435519.5 -0.3076501 -0.198312 0.41118538 -0.061532266 0.13519777 0.9889003 -0.0034215336
1541978789459328.5 -0.3062483 -0.19862397 0.4356091 -0.07606272 0.037083704 0.9957765 -0.03561736
1541978789483260.5 -0.31568792 -0.20194282 0.4470121 -0.08217955 -0.056781307 0.99262995 -0.068616144
1541978789507488.5 -0.3218183 -0.20929971 0.45897633 -0.095223375 -0.12509246 0.9823267 -0.101580985
1541978789532067.5 -0.33288935 -0.2129159 0.4585049 -0.10886785 -0.17723946 0.9682219 -0.13885395
1541978789557052.5 -0.3369416 -0.21908866 0.44645345 -0.11338092 -0.23816183 0.94622076 -0.18732326
1541978789582572.5 -0.32688203 -0.22914298 0.4314142 -0.11441898 -0.30747384 0.9157024 -0.2320718
1541978789608766.5 -0.3174191 -0.2517857 0.3887895 -0.11930264 -0.3633326 0.88217676 -0.27480996
1541978789635713.5 -0.28241768 -0.2958966 0.32523307 -0.12555555 -0.40263456 0.85160106 -0.31128263
1541978789663432.5 -0.23224454 -0.31539622 0.26507175 -0.12164974 -0.43407476 0.82721287 -0.33540934
1541978789691916.5 -0.16755384 -0.32245326 0.19644411 -0.10833639 -0.46176717 0.80573547 -0.35471776
1541978789721168.5 -0.09662413 -0.3351426 0.11594379 -0.09648021 -0.48316666 0.78647554 -0.37242165
1541978789751168.5 -0.017609894 -0.3785065 0.017504841 -0.08949982 -0.49867463 0.7711512 -0.38553765
1541978789781867.5 0.04264337 -0.3599657 -0.057951137 -0.08211178 -0.5030218 0.7653424 -0.39303643
1541978789813160.5 0.10761744 -0.36084318 -0.15094899 -0.07388085 -0.5099419 0.7541967 -0.40704823
1541978789844897.5 0.17831546 -0.35363322 -0.2728631 -0.065566994 -0.5138104 0.7443909 -0.42140502
1541978789876934.5 0.25024018 -0.36745346 -0.39835122 -0.0606469 -0.5148658 0.73643935 -0.43461752
1541978789909152.5 0.32863373 -0.35724115 -0.5240674 -0.054422505 -0.51561433 0.732251 -0.44157523
1541978789941474.5 0.42206404 -0.36375514 -0.67777693 -0.046975296 -0.5179236 0.72513634 -0.45135996
1541978789973856.5 0.4891448 -0.34475237 -0.805849 -0.038859878 -0.5229019 0.71915275 -0.45594186
1541978790006264.5 0.5803611 -0.37603867 -0.9908227 -0.032734446 -0.5283857 0.71430963 -0.4577104
1541978790038670.5 0.7198133 -0.33856314 -1.1801231 -0.029262137 -0.53022057 0.71602833 -0.45311514
1541978790071047.5 0.8199601 -0.33385897 -1.3870614 -0.024695136 -0.5283443 0.7186917 -0.45135882
1541978790103369.5 1.0288721 -0.29470325 -1.6340953 -0.029295227 -0.5191668 0.733471 -0.43775332
1541978790135615.5 1.0858663 -0.31812274 -1.8190217 -0.02666984 -0.51390547 0.73878694 -0.43518263
1541978790167783.5 1.186724 -0.27866483 -2.0816026 -0.021506151 -0.5065892 0.7504257 -0.42398858
1541978790199869.5 1.2452645 -0.28884745 -2.314408 -0.013474662 -0.49701616 0.7584062 -0.42144212
1541978790231862.5 1.2684178 -0.32125533 -2.5338027 -0.0063093984 -0.48771185 0.7645424 -0.4213933
1541978790263760.5 1.362611 -0.35366428 -2.794755 -0.0031377254 -0.47148517 0.7776382 -0.41589743
1541978790295569.5 1.4232526 -0.365031 -3.0578055 0.0029611762 -0.4542363 0.7885598 -0.41452882
1541978790327304.5 1.4741032 -0.37490118 -3.3401794 0.010069207 -0.43397516 0.8010421 -0.41218415
1541978790358981.5 1.4999337 -0.43119025 -3.583355 0.017697318 -0.4102164 0.8152864 -0.40831047
1541978790390616.5 1.5288085 -0.48276746 -3.848063 0.026682088 -0.37723926 0.8355658 -0.3985078
1541978790422235.5 1.5075742 -0.59591246 -4.0852046 0.033941872 -0.34754983 0.8522848 -0.38944548
1541978790453879.5 1.5207769 -0.6739347 -4.363635 0.033444095 -0.31995788 0.8712998 -0.37060097
1541978790485568.5 1.5135894 -0.7574293 -4.6427693 0.028745702 -0.287115 0.8906391 -0.3514267
1541978790517310.5 1.4938385 -0.82056636 -4.960843 0.027879028 -0.25323787 0.90921533 -0.32927322
1541978790549104.5 1.4425596 -0.90339303 -5.2499194 0.03265397 -0.2277227 0.9218832 -0.31178117
1541978790580940.5 1.3738348 -1.0087421 -5.579056 0.03960148 -0.20461094 0.9318751 -0.29694256
1541978790612812.5 1.2867892 -1.1133099 -5.8823314 0.047678325 -0.17822307 0.9414091 -0.28233355
1541978790644719.5 1.1780919 -1.2223057 -6.2001038 0.058960058 -0.14504476 0.9509339 -0.2668531
1541978790676641.5 1.0992078 -1.3301568 -6.516608 0.07250624 -0.10881866 0.9595975 -0.24914657
1541978790708519.5 0.94782305 -1.4195116 -6.789239 0.09398125 -0.089875095 0.9627788 -0.23695344
1541978790740266.5 0.8208744 -1.5846403 -7.1017103 0.117686234 -0.07039581 0.96452785 -0.22556706
1541978790771825.5 0.67227066 -1.7086112 -7.408853 0.14219864 -0.04388519 0.9675718 -0.20410414
1541978790803187.5 0.507029 -1.7783686 -7.610135 0.16471897 -0.025587168 0.96768475 -0.18920667
1541978790834376.5 0.35084438 -1.9101121 -7.8535 0.18309776 -0.019236749 0.9649168 -0.187192
1541978790865435.5 0.21262258 -1.9612782 -8.03561 0.19928648 -0.012153011 0.9631361 -0.18029469
1541978790896414.5 0.17717698 -1.9946479 -8.107957 0.2122972 -0.003581763 0.961514 -0.17437872
1541978790927379.5 0.08697194 -2.0250301 -8.202861 0.22387749 0.007359837 0.95999485 -0.16803189
1541978790958406.5 0.011430889 -2.041523 -8.232826 0.2307939 0.015034069 0.9579307 -0.16993263
1541978790989533.5 -0.03932807 -2.0484915 -8.210529 0.23298629 0.01992066 0.9558107 -0.17817561
1541978791020754.5 -0.084061086 -2.0589051 -8.172346 0.22977027 0.033281345 0.9557134 -0.18085891
1541978791052039.5 -0.13515447 -2.0507593 -8.100835 0.21859694 0.0517181 0.9583861 -0.17617266
1541978791083363.5 -0.14458562 -1.6803439 -7.820028 0.21115085 0.061443225 0.9622186 -0.16054723
1541978791114715.5 -0.19196767 -1.6776953 -7.714309 0.20117702 0.07962349 0.9645003 -0.15141702
1541978791146047.5 -0.27190337 -1.6800045 -7.656617 0.19065046 0.099711575 0.966223 -0.14185625
1541978791177311.5 -0.48106945 -1.4092401 -7.2905984 0.18463145 0.1166703 0.9683225 -0.12104033
1541978791208482.5 -0.71496665 -1.4342513 -7.14489 0.1742072 0.13150463 0.96913886 -0.11457867
1541978791239539.5 -0.86444634 -1.3784966 -6.8760524 0.15945381 0.14843053 0.97010016 -0.10699834
1541978791270454.5 -1.09261 -1.3651044 -6.6793222 0.14769115 0.16245915 0.97008264 -0.103605025
1541978791301207.5 -1.2021091 -1.3763291 -6.4172974 0.1333287 0.16719167 0.97062397 -0.11027072
1541978791331794.5 -1.3764641 -1.3936776 -6.2060466 0.11928031 0.15974563 0.9728396 -0.11762976
1541978791362225.5 -1.5036407 -1.4282889 -6.020111 0.10129684 0.14917822 0.9757566 -0.1240319
1541978791392526.5 -1.6814078 -1.5393492 -5.865681 0.09152742 0.1372928 0.97663295 -0.13770053
1541978791422735.5 -1.7412505 -1.6111556 -5.749048 0.08044856 0.12210951 0.9771423 -0.15430593
1541978791452874.5 -1.6974701 -1.821835 -5.7485766 0.06901121 0.11395661 0.97555643 -0.17475997
1541978791482962.5 -1.7002048 -1.940552 -5.7150817 0.057626024 0.09153525 0.9738754 -0.1996681
1541978791513057.5 -1.6946329 -2.0704417 -5.66502 0.04701164 0.07110313 0.97105116 -0.22314547
1541978791543224.5 -1.6927018 -2.1817732 -5.652098 0.03818031 0.05079812 0.96649486 -0.24869561
1541978791573506.5 -1.5505651 -2.381606 -5.7019644 0.0282405 0.042151537 0.9610257 -0.27176335
1541978791603933.5 -1.5411057 -2.4973962 -5.7172356 0.020777076 0.020709116 0.9533723 -0.30036783
1541978791634533.5 -1.5053709 -2.6348345 -5.743057 0.017377261 -0.00064130855 0.9456449 -0.3247359
1541978791665312.5 -1.3066357 -2.8445125 -5.7687254 0.0151198115 -0.0025568185 0.94146156 -0.33677146
1541978791696283.5 -1.2946873 -2.9316657 -5.788436 0.017390722 -0.015503351 0.9358039 -0.35175046
1541978791727472.5 -1.2915925 -3.0039337 -5.8152957 0.019115036 -0.04195355 0.92564005 -0.37558618
1541978791758908.5 -1.0882487 -3.1330655 -5.8573513 0.017125562 -0.05068362 0.91873205 -0.39124072
1541978791790588.5 -1.0537477 -3.2184834 -5.8506107 0.024522994 -0.060705762 0.9125377 -0.40371832
1541978791822523.5 -1.0410559 -3.257501 -5.850643 0.0334605 -0.07267864 0.9060276 -0.4155866
1541978791854743.5 -0.6864304 -3.3295708 -5.838089 0.029856278 -0.082660325 0.8993681 -0.4282673
1541978791887247.5 -0.6317144 -3.396503 -5.7674046 0.03730035 -0.09455084 0.89299756 -0.4384338
1541978791919995.5 -0.55927396 -3.4688897 -5.673461 0.04307808 -0.103483215 0.88744915 -0.44706777
1541978791952925.5 -0.47964215 -3.5063753 -5.57028 0.04863309 -0.11811279 0.8804467 -0.45661575
1541978791985976.5 -0.120796025 -3.544694 -5.4492865 0.042204373 -0.12187528 0.87859696 -0.45981804
1541978792019077.5 -0.07812536 -3.5749116 -5.3020105 0.047263402 -0.13115682 0.87366915 -0.46611837
1541978792052170.5 -0.0020572543 -3.6048045 -5.1303763 0.055203512 -0.14154807 0.86748344 -0.47369742
1541978792085237.5 0.10775566 -3.6363156 -4.9154663 0.0636782 -0.15121628 0.8609258 -0.481545
1541978792118268.5 0.18433821 -3.703576 -4.684392 0.06973884 -0.16939826 0.84994936 -0.49399072
1541978792151248.5 0.24761498 -3.6940804 -4.4689713 0.069323674 -0.17930374 0.84737635 -0.4949725
1541978792184150.5 0.28465152 -3.6576924 -4.2530003 0.07402123 -0.18866043 0.84313893 -0.4980411
1541978792216960.5 0.3496549 -3.7063458 -3.9508288 0.080176875 -0.19257092 0.83912635 -0.5023497
1541978792249701.5 0.38541782 -3.6730957 -3.74078 0.07958751 -0.19543552 0.8408346 -0.49846563
1541978792282379.5 0.30231953 -3.6777983 -3.4621432 0.076971896 -0.19446439 0.842522 -0.49640265
