41197.616216216215 -0.0 -0.0 -0.0 -0.0 -0.0 1.0 -0.0
91214.6162162162 0.0050535277 0.00093063735 0.005324927 -0.0018130633 0.003857272 0.9999909 -0.00047827815
141231.6162162162 0.0050535277 0.00093063735 0.005324927 -0.0018130633 0.003857272 0.9999909 -0.00047827815
191248.6162162162 0.0050535277 0.00093063735 0.005324927 -0.0018130633 0.003857272 0.9999909 -0.00047827815
241265.6162162162 -0.005632147 -0.00035724838 -0.008272425 0.0032124897 0.0012540637 0.9999933 -0.0012317119
291283.61621621624 -0.005632147 -0.00035724838 -0.008272425 0.0032124897 0.0012540637 0.9999933 -0.0012317119
341300.61621621624 -0.0012738693 -0.0007856572 -0.0011723676 -0.0013841145 0.004087036 0.99999076 -2.2920518e-05
391317.61621621624 -0.0012738693 -0.0007856572 -0.0011723676 -0.0013841145 0.004087036 0.99999076 -2.2920518e-05
441334.61621621624 -0.0012738693 -0.0007856572 -0.0011723676 -0.0013841145 0.004087036 0.99999076 -2.2920518e-05
491352.61621621624 -0.0012738693 -0.0007856572 -0.0011723676 -0.0013841145 0.004087036 0.99999076 -2.2920518e-05
541369.6162162162 -0.042490926 -0.018875718 0.021301154 -0.005517644 0.0019379613 0.9999744 -0.0041326513
591386.6162162162 -0.042490926 -0.018875718 0.021301154 -0.005517644 0.0019379613 0.9999744 -0.0041326513
641403.6162162162 -0.042490926 -0.018875718 0.021301154 -0.005517644 0.0019379613 0.9999744 -0.0041326513
691421.6162162162 -0.042490926 -0.018875718 0.021301154 -0.005517644 0.0019379613 0.9999744 -0.0041326513
741438.6162162162 -0.07153502 -0.035425548 0.030138109 -0.016191384 -0.00278987 0.9998645 0.0010181034
791455.6162162162 -0.07153502 -0.035425548 0.030138109 -0.016191384 -0.00278987 0.9998645 0.0010181034
841472.6162162162 -0.07153502 -0.035425548 0.030138109 -0.016191384 -0.00278987 0.9998645 0.0010181034
891489.6162162162 -0.07227191 -0.06433961 0.030722985 -0.020776061 -0.0010994204 0.9997484 0.008393369
941507.6162162162 -0.07227191 -0.06433961 0.030722985 -0.020776061 -0.0010994204 0.9997484 0.008393369
991524.6162162162 -0.07227191 -0.06433961 0.030722985 -0.020776061 -0.0010994204 0.9997484 0.008393369
1041541.6162162162 -0.03866282 -0.089896604 0.015182329 -0.013132238 0.0021411101 0.9998242 0.01321204
1091558.6162162162 -0.020120593 -0.0937526 0.021808662 -0.00702419 0.00407373 0.99989426 0.012068449
1141576.6162162162 -0.0035688062 -0.09510929 0.023776283 -0.0020519618 0.0041959714 0.9999192 0.011825785
1191593.6162162162 0.0015395641 -0.10121854 0.031514622 0.0076682447 0.0025235435 0.9999063 0.0110584535
1241610.6162162162 0.0156211965 -0.101330034 0.030300038 0.013053598 0.002986947 0.9998695 0.009043775
1291627.6162162162 0.07015127 -0.1170545 0.012104822 0.023258314 0.0013626668 0.9995901 0.016637532
1341645.6162162162 0.08530947 -0.11466989 0.009374348 0.030577816 0.0015996785 0.99941695 0.015108599
1391662.6162162162 0.0994077 -0.111594774 0.002456318 0.03687647 0.0018101451 0.99922776 0.01344242
1441679.6162162162 0.10902527 -0.106572665 -0.0015615881 0.04312342 0.0022124094 0.99899614 0.011925644
1491696.6162162162 0.12358276 -0.09758924 -0.0031537523 0.047834605 0.0028021531 0.9987983 0.010292553
1541714.6162162162 0.13166447 -0.093729995 -0.01248473 0.05047609 0.0025442382 0.9986924 0.007696294
1591731.6162162162 0.14169018 -0.08352804 -0.006906592 0.0527115 0.0032321296 0.99858904 0.005571191
1641748.6162162162 0.15320776 -0.07456889 -0.013282605 0.04934563 0.004210524 0.9987654 0.0038761161
1691765.6162162162 0.15557605 -0.056234818 -0.014744606 0.048090912 0.0035715958 0.9988334 0.0025205526
1741782.6162162162 0.1518505 -0.043526452 -0.016981423 0.046425123 0.0042441324 0.9989119 0.0012999469
1791800.6162162162 0.14362276 -0.020144913 -0.018047828 0.046970565 0.007079854 0.9988711 0.0005808045
1841817.6162162162 0.12725331 -0.0007470691 -0.013446849 0.04583679 0.00921778 0.9989061 -0.0008835156
1891834.6162162162 0.11891375 0.015643934 -0.00736573 0.04254419 0.011132951 0.9990295 -0.0024767234
1941851.6162162162 0.101598 0.02992885 -0.002307511 0.03955907 0.010041505 0.9991632 -0.0026719703
1991869.6162162162 0.09120475 0.04867841 0.0023511553 0.0338289 0.008835596 0.99938846 0.0005239196
2041886.6162162162 0.07224803 0.059736542 -0.003774832 0.028389921 0.0054331003 0.9995726 0.004384606
2091903.6162162162 0.04380083 0.05879135 0.0039284513 0.025081338 0.002978237 0.9996786 0.0021803712
2141920.6162162162 0.013587111 0.04698074 0.012576019 0.024144692 -0.0011334581 0.9996958 0.0049151024
2191938.6162162162 -0.010418752 0.0365312 0.017154288 0.020946058 -0.004090397 0.9997578 0.0053797644
2241955.6162162162 -0.03488227 0.024673698 0.023790246 0.016042536 -0.006057735 0.99984795 0.0031734568
2291972.6162162162 -0.07610639 0.0147961425 0.044770107 0.0085733095 -0.00973482 0.9998951 -0.006451749
2341989.6162162162 -0.097200185 0.0060729333 0.05237617 0.0027922909 -0.012655393 0.999878 -0.008731169
2392007.6162162162 -0.12173964 -0.008032806 0.057047248 -0.0025095192 -0.013862949 0.9998305 -0.011857702
2442024.6162162162 -0.13999526 -0.02212483 0.0666805 -0.008335444 -0.013907826 0.99977374 -0.013771911
2492041.6162162162 -0.15315032 -0.034994427 0.0688051 -0.013023232 -0.012771479 0.99973714 -0.01389275
2542058.6162162162 -0.16180733 -0.05168464 0.06713334 -0.01750638 -0.011496459 0.9996914 -0.013359428
2592075.6162162162 -0.1647614 -0.06614913 0.07421947 -0.02312983 -0.009385841 0.9996094 -0.01256913
2642093.6162162162 -0.1693031 -0.08121334 0.073921636 -0.026055573 -0.009644761 0.9995398 -0.012182506
2692110.6162162162 -0.17351386 -0.10222235 0.07332307 -0.028633697 -0.010241965 0.9994639 -0.012129342
2742127.6162162162 -0.16999376 -0.11963612 0.070615955 -0.030055366 -0.00882147 0.9994666 -0.009245368
2792144.6162162162 -0.15662289 -0.13932963 0.06680986 -0.03058628 -0.008042207 0.99946547 -0.008282421
2842162.6162162162 -0.13851655 -0.16168123 0.055953693 -0.03007474 -0.0057749674 0.999508 -0.0067706336
2892179.6162162162 -0.124787465 -0.17269862 0.0474959 -0.026396558 -0.0036553633 0.9996249 -0.0063205482
2942196.6162162162 -0.10773648 -0.18155731 0.049639147 -0.020996742 -0.0020642418 0.9997309 -0.009652351
2992213.6162162162 -0.09063603 -0.19246054 0.048993196 -0.014231987 -0.002644563 0.99977607 -0.015436466
3042231.6162162162 -0.06872467 -0.1969344 0.047683794 -0.0073963697 -0.0023489702 0.999841 -0.01605812
3092248.6162162162 -0.05334461 -0.20088013 0.042016402 -0.0002624763 -0.003071734 0.9998509 -0.016989144
3142265.6162162162 -0.03680298 -0.19667368 0.033967264 0.0061511514 -0.005227419 0.99982333 -0.01697928
3192282.6162162162 -0.020650031 -0.19472758 0.028821994 0.012264413 -0.006980975 0.99975145 -0.017259195
3242299.6162162162 -0.010760697 -0.18755743 0.023940945 0.0181501 -0.0072914828 0.9996626 -0.017093778
3292317.6162162162 0.0063214726 -0.17604613 0.021184396 0.0218621 -0.0059729824 0.99956816 -0.018708333
3342334.6162162162 0.01776361 -0.16259629 0.017790249 0.025490915 -0.0045759277 0.9993932 -0.023292553
3392351.6162162162 0.032418255 -0.15130988 0.019365197 0.028944895 -0.0008938511 0.99917257 -0.028560089
3442368.6162162162 0.0387734 -0.13568524 0.021056235 0.032302614 0.002131555 0.9989717 -0.031744037
3492386.6162162162 0.03923871 -0.11687731 0.020342153 0.035042122 0.004042721 0.9988112 -0.03364373
3542403.6162162162 0.042284884 -0.09734909 0.026544094 0.034131337 0.0065313852 0.9987434 -0.036111023
3592420.6162162162 0.03704053 -0.078024715 0.034293007 0.034140006 0.008508828 0.9987536 -0.03540247
3642437.6162162162 0.035000827 -0.06453338 0.039104167 0.035389956 0.009931885 0.99873865 -0.034205284
3692455.6162162162 0.03235933 -0.039076217 0.05188885 0.034011394 0.009986481 0.99887073 -0.031636517
3742472.6162162162 0.022158798 -0.024325328 0.058044676 0.0328219 0.008111347 0.9989706 -0.030241832
3792489.6162162162 0.012406946 -0.0055967923 0.056746542 0.028582478 0.007498758 0.99922603 -0.025966158
3842506.6162162162 -0.013218758 -0.0056171506 0.069068454 0.026909715 0.002986871 0.99931234 -0.025335394
3892523.6162162162 -0.03368084 -0.0021081797 0.07287338 0.023188736 0.0003868664 0.9994828 -0.02227784
3942541.6162162162 -0.05214845 -0.000613347 0.079414934 0.020742932 -0.0012855608 0.9995997 -0.019198863
3992558.6162162162 -0.0745866 -0.0068723573 0.08275625 0.01900203 -0.0033295746 0.999685 -0.016057827
4042575.6162162162 -0.09690186 -0.021464286 0.08357515 0.015130774 -0.0056181247 0.99975246 -0.015313056
4092592.6162162162 -0.11697339 -0.037282746 0.086591154 0.008871973 -0.006436004 0.9998284 -0.014934481
4142610.6162162162 -0.13579048 -0.05300011 0.09265208 0.0026714567 -0.006919669 0.9998733 -0.014088357
4192627.6162162162 -0.15657292 -0.068260886 0.09426872 -0.0037221853 -0.008478487 0.9998717 -0.013075236
4242644.616216216 -0.17338179 -0.087616764 0.10252857 -0.012091689 -0.009224415 0.9998052 -0.012580989
4292661.616216216 -0.19795354 -0.1269648 0.11566288 -0.023071073 -0.008712306 0.99964464 -0.010121748
4342679.616216216 -0.2027987 -0.14896876 0.11766024 -0.034105696 -0.0070662308 0.999347 -0.0096193785
4392696.616216216 -0.21138956 -0.16652724 0.12097501 -0.04141283 -0.0050858334 0.9991022 -0.007346652
4442713.616216216 -0.2147263 -0.18761255 0.12369563 -0.04612907 -0.004653258 0.99890894 -0.0056101396
4492730.616216216 -0.22063336 -0.2018386 0.12159003 -0.047709327 -0.0060945973 0.9988415 -0.0015540397
4542748.616216216 -0.21804295 -0.22214636 0.123040944 -0.04754559 -0.0066027157 0.99884605 0.0015693076
4592765.616216216 -0.20957619 -0.23453623 0.11811068 -0.04777939 -0.0069761705 0.9988247 0.0042132116
4642782.616216216 -0.19531089 -0.2512601 0.1274249 -0.047461722 -0.01040331 0.9988078 0.004717407
4692799.616216216 -0.17197244 -0.25125858 0.122164726 -0.047223277 -0.013177611 0.9987783 0.0062011764
4742816.616216216 -0.14805007 -0.25777894 0.1225069 -0.045278687 -0.016734805 0.9988171 0.0058583226
4792834.616216216 -0.13621537 -0.2546548 0.12337272 -0.040608518 -0.01958976 0.9989628 0.006367665
4842851.616216216 -0.11896395 -0.25465515 0.11789119 -0.038104072 -0.021771874 0.99902487 0.0048342147
4892868.616216216 -0.09711108 -0.25097734 0.115396716 -0.03639806 -0.023292545 0.999053 0.0050908327
4942885.616216216 -0.07604756 -0.24362883 0.112493075 -0.03271676 -0.024426948 0.9991463 0.006301413
4992903.616216216 -0.0691165 -0.22681755 0.10530732 -0.030156793 -0.024638517 0.999225 0.00573751
5042920.616216216 -0.044867158 -0.21178727 0.09779661 -0.028449396 -0.022843102 0.9993229 0.0047602113
5092937.616216216 -0.037541505 -0.18826044 0.09984271 -0.02653767 -0.021002777 0.9994226 0.0030303674
5142954.616216216 -0.028848886 -0.16856946 0.08908469 -0.02625573 -0.019403266 0.999467 1.9714576e-05
5192972.616216216 -0.02268009 -0.15106305 0.0890093 -0.025845991 -0.016998284 0.9995145 -0.0037142881
5242989.616216216 -0.0040174187 -0.13330247 0.079435036 -0.02516425 -0.01559462 0.9995353 -0.0072571714
5293006.616216216 -0.0109734405 -0.108897686 0.08060401 -0.022605568 -0.016545387 0.9995552 -0.010235978
5343023.616216216 -0.013981996 -0.08476451 0.084208 -0.020068225 -0.01693505 0.9995723 -0.012876637
5393040.616216216 -0.027317781 -0.06790771 0.0825742 -0.019186227 -0.01873699 0.99949706 -0.016926527
5443058.616216216 -0.03342673 -0.042952493 0.08965502 -0.021363093 -0.020574868 0.9993651 -0.019742435
5493075.616216216 -0.05331005 -0.028120685 0.09328674 -0.026662767 -0.020823225 0.999181 -0.022201905
5543092.616216216 -0.065713435 -0.0110135935 0.09496801 -0.028931405 -0.022339517 0.9990001 -0.025744988
5593109.616216216 -0.09352879 -0.012978135 0.10080405 -0.031246288 -0.023683073 0.99880075 -0.029324854
5643127.616216216 -0.107313156 -0.0029918703 0.09874568 -0.03403594 -0.023422975 0.9985843 -0.033502474
5693144.616216216 -0.12642205 -0.0021240485 0.09960143 -0.04112642 -0.02559265 0.99813414 -0.03717396
5743161.616216216 -0.15197586 -0.007373353 0.100507215 -0.05093024 -0.02596483 0.99748594 -0.041878153
5793178.616216216 -0.17369223 -0.02038819 0.10419403 -0.06329543 -0.027840652 0.9965975 -0.044855736
5843196.616216216 -0.205804 -0.0027201744 0.10291667 -0.07241409 -0.030836701 0.99564457 -0.04997289
5893213.616216216 -0.23244567 -0.017361749 0.10500515 -0.08106315 -0.033553213 0.9947098 -0.0534353
5943230.616216216 -0.2552583 -0.034601033 0.10459547 -0.08949794 -0.03535992 0.9938521 -0.05475232
5993247.616216216 -0.2789557 -0.057101153 0.10002452 -0.096555226 -0.035823744 0.99324703 -0.0534249
6043265.616216216 -0.2881951 -0.083650485 0.10300185 -0.10350724 -0.034005735 0.9927308 -0.05114224
6093282.616216216 -0.31042066 -0.12018095 0.09840702 -0.10562003 -0.03267845 0.99292004 -0.043432217
6143299.616216216 -0.3129451 -0.15183353 0.09850177 -0.106980436 -0.029037155 0.9931209 -0.037721723
6193316.616216216 -0.31343997 -0.17946231 0.098785736 -0.10760221 -0.025445102 0.99339753 -0.030588988
6243333.616216216 -0.29852012 -0.20798832 0.10733962 -0.106827684 -0.019459257 0.9938046 -0.023699498
6293351.616216216 -0.28634492 -0.23619525 0.10266357 -0.102647245 -0.015426781 0.9944306 -0.018259406
6343368.616216216 -0.26445237 -0.26178572 0.09646437 -0.09447995 -0.012966806 0.99535626 -0.013086915
6393385.616216216 -0.24004641 -0.2664418 0.10574707 -0.08458757 -0.011500741 0.99632037 -0.007643256
6443402.616216216 -0.22171398 -0.2761718 0.101361066 -0.07320362 -0.011827132 0.997234 -0.005080232
6493420.616216216 -0.20002228 -0.28294444 0.098039 -0.06357318 -0.012640512 0.9978859 -0.0047382656
6543437.616216216 -0.17999502 -0.2804472 0.10912707 -0.053647473 -0.013891088 0.9984458 -0.0059109544
6593454.616216216 -0.15490018 -0.26971152 0.10810503 -0.046462256 -0.014789256 0.99878085 -0.0077094194
6643471.616216216 -0.13465565 -0.25905067 0.10888263 -0.038345587 -0.015019548 0.9991023 -0.009932909
6693489.616216216 -0.10891323 -0.23464258 0.11817306 -0.032673698 -0.013714006 0.9992972 -0.012227335
6743506.616216216 -0.09600894 -0.21272944 0.11310385 -0.026572661 -0.01402001 0.9994319 -0.015271353
6793523.616216216 -0.07961233 -0.18420064 0.1145272 -0.021580165 -0.013334951 0.9994929 -0.019249754
6843540.616216216 -0.07218399 -0.1522011 0.113726 -0.016494978 -0.01261383 0.9994903 -0.024248503
6893557.616216216 -0.0663215 -0.11708238 0.12101821 -0.01484634 -0.012350634 0.99931824 -0.03146722
6943575.616216216 -0.06080666 -0.0807496 0.12633945 -0.013916202 -0.011378974 0.99906784 -0.039248407
6993592.616216216 -0.06698513 -0.047170624 0.13292289 -0.011392974 -0.011918889 0.9987639 -0.04689107
7043609.616216216 -0.0754589 -0.01778929 0.14229813 -0.011068607 -0.012327664 0.99837166 -0.05458592
7093626.616216216 -0.08684775 0.015733382 0.14870796 -0.013090349 -0.012476069 0.9980141 -0.06033988
7143644.616216216 -0.103023 0.040694345 0.15876745 -0.017848017 -0.012846825 0.9975143 -0.06694553
7193661.616216216 -0.12525746 0.062195804 0.16924602 -0.024213465 -0.013359711 0.9969457 -0.07303896
7243678.616216216 -0.14547765 0.07674413 0.1719982 -0.032838594 -0.013917366 0.99625295 -0.07879082
7293695.616216216 -0.17059864 0.08441032 0.17657217 -0.04199867 -0.014099168 0.99548393 -0.083958805
7343713.616216216 -0.19832732 0.08489961 0.17951043 -0.05182568 -0.013873636 0.994638 -0.08841311
7393730.616216216 -0.2215703 0.080087975 0.18671931 -0.062539555 -0.01327215 0.9936849 -0.0922127
7443747.616216216 -0.24674001 0.067431405 0.1906503 -0.07185318 -0.013347813 0.9927832 -0.09508171
7493764.616216216 -0.27139825 0.046741724 0.19333644 -0.079219885 -0.012904952 0.99203205 -0.09710902
7543782.616216216 -0.292492 0.023347236 0.19681701 -0.08547077 -0.012698677 0.99150217 -0.097247474
7593799.616216216 -0.30911297 -0.0006781104 0.2023746 -0.09034076 -0.011780417 0.99138993 -0.0940523
7643816.616216216 -0.3208098 -0.03347212 0.20471007 -0.095560886 -0.010978262 0.9912106 -0.09082533
7693833.616216216 -0.32693174 -0.06925191 0.21031496 -0.0996364 -0.009940888 0.99116856 -0.086940594
7743850.616216216 -0.33567122 -0.09924505 0.20986317 -0.10246068 -0.009675375 0.99141306 -0.08067425
7793868.616216216 -0.3344762 -0.13536157 0.21329953 -0.10484116 -0.00813352 0.99164265 -0.07474646
7843885.616216216 -0.3275941 -0.16534688 0.21928543 -0.10738839 -0.008291453 0.9919178 -0.06706777
7893902.616216216 -0.31588376 -0.19100559 0.2144957 -0.108346954 -0.008814875 0.9923187 -0.059049834
7943919.616216216 -0.2958631 -0.21717088 0.21640296 -0.10597508 -0.010192105 0.99294585 -0.05219249
7993937.616216216 -0.2769326 -0.23688462 0.21784449 -0.10070705 -0.012703624 0.9937629 -0.046173654
8043954.616216216 -0.2605216 -0.24738353 0.2144545 -0.091864705 -0.014788887 0.9948178 -0.040984195
8093971.616216216 -0.23549764 -0.25249374 0.21904834 -0.08304561 -0.015762925 0.99569964 -0.03791111
8143988.616216216 -0.20971425 -0.2536171 0.22185445 -0.07293341 -0.018200181 0.99646264 -0.037572663
8194006.616216216 -0.1796318 -0.2450187 0.22486758 -0.06373373 -0.018660912 0.9970771 -0.037777603
8244023.616216216 -0.15990886 -0.23201585 0.22874738 -0.05371935 -0.01987167 0.9975629 -0.039846532
8294040.616216216 -0.13905421 -0.2178261 0.22681697 -0.045153227 -0.02109732 0.99781704 -0.043328457
8344057.616216216 -0.11685776 -0.19832905 0.22533834 -0.039623212 -0.020823503 0.99785614 -0.04774405
8394074.616216216 -0.10150022 -0.17116377 0.22602819 -0.034600686 -0.020913359 0.9978247 -0.052070472
8444092.616216216 -0.08832579 -0.14330749 0.22510956 -0.031137098 -0.020640593 0.9976475 -0.05748035
8494109.616216216 -0.07947293 -0.114262246 0.22518218 -0.027450116 -0.020085938 0.99743825 -0.06292955
8544126.616216216 -0.07444981 -0.08146664 0.2271946 -0.024623638 -0.019770388 0.9971563 -0.068426
8594143.616216216 -0.07485074 -0.053435203 0.2252785 -0.024055751 -0.01958284 0.9967484 -0.074368425
8644161.616216216 -0.08061433 -0.0205798 0.23225361 -0.026655413 -0.018429795 0.9963533 -0.07892979
8694178.616216216 -0.094520204 0.003042732 0.232099 -0.030564664 -0.01886135 0.99576527 -0.08462634
8744195.616216216 -0.10778567 0.028763397 0.23288208 -0.035103597 -0.019255029 0.9951952 -0.08935134
8794212.616216216 -0.13059086 0.046280734 0.23147485 -0.04061847 -0.02076125 0.9944227 -0.09509299
8844230.616216216 -0.15186664 0.055627167 0.23161623 -0.04964265 -0.022190062 0.99332786 -0.101701245
8894247.616216216 -0.17576276 0.058120348 0.23420797 -0.060755916 -0.022677477 0.99201626 -0.10815835
8944264.616216216 -0.20512265 0.053348877 0.23006107 -0.073046245 -0.023675973 0.9905203 -0.11390035
8994281.616216216 -0.23491707 0.042509347 0.23172697 -0.08221405 -0.02387655 0.98921907 -0.118812785
9044299.616216216 -0.26222822 0.029761363 0.23170078 -0.09036107 -0.025319207 0.98822385 -0.12086114
9094316.616216216 -0.28102326 0.0071123727 0.22885825 -0.09836302 -0.024602769 0.98729664 -0.1223307
9144333.616216216 -0.30441126 -0.023828413 0.22989246 -0.103208065 -0.023962082 0.98682106 -0.12230377
9194350.616216216 -0.31911784 -0.052807346 0.2260246 -0.107095726 -0.0238385 0.9868112 -0.11902066
9244367.616216216 -0.33661082 -0.08624468 0.2261934 -0.108598895 -0.022041844 0.98698616 -0.116528384
9294385.616216216 -0.3446904 -0.11805883 0.22864792 -0.109712325 -0.021303274 0.98729265 -0.11297233
9344402.616216216 -0.34996262 -0.15381703 0.22871225 -0.10899397 -0.020496372 0.98761904 -0.11094508
9394419.616216216 -0.35593566 -0.18447876 0.23056118 -0.10677569 -0.021827497 0.988067 -0.10884087
9444436.616216216 -0.36091715 -0.2175779 0.23718128 -0.10518091 -0.021737337 0.9883359 -0.10796614
9494454.616216216 -0.36729825 -0.24403793 0.24208464 -0.10312628 -0.023557765 0.9887129 -0.1060983
9544471.616216216 -0.3631485 -0.26881763 0.2436497 -0.10162531 -0.023332456 0.98911375 -0.103836134
9594488.616216216 -0.35498095 -0.2946082 0.25108275 -0.09960974 -0.022322781 0.98948073 -0.10250671
9644505.616216216 -0.3490484 -0.31779712 0.25770018 -0.096923485 -0.021503769 0.9899291 -0.10091517
9694523.616216216 -0.33873925 -0.3368718 0.25793996 -0.09525472 -0.018549575 0.99035686 -0.09887293
9744540.616216216 -0.3267555 -0.36011413 0.260446 -0.0955774 -0.016065294 0.99037766 -0.09878763
9794557.616216216 -0.31596148 -0.37796018 0.26331323 -0.09618943 -0.013233039 0.9904478 -0.097906314
9844574.616216216 -0.3014286 -0.39149573 0.26291043 -0.09669163 -0.011984691 0.9905996 -0.0960189
9894591.616216216 -0.27762273 -0.41173318 0.2623594 -0.09744298 -0.009363227 0.99050397 -0.09653568
9944609.616216216 -0.26498553 -0.4148129 0.26601547 -0.09643299 -0.010643463 0.990698 -0.09541995
9994626.616216216 -0.2401563 -0.42251867 0.2721299 -0.09566002 -0.012044576 0.99053985 -0.097647354
10044643.616216216 -0.22216488 -0.42814204 0.27678937 -0.09173071 -0.01348677 0.99075085 -0.09907755
10094660.616216216 -0.20391531 -0.4296113 0.27869132 -0.086626925 -0.01606162 0.99104506 -0.10033729
10144678.616216216 -0.19384313 -0.42666644 0.2777324 -0.081096634 -0.020586697 0.9913016 -0.101591334
10194695.616216216 -0.18655787 -0.4226154 0.28985426 -0.07863123 -0.025056396 0.9909924 -0.10546762
10244712.616216216 -0.18762895 -0.41656485 0.2879135 -0.07889996 -0.02849009 0.9904256 -0.10963681
10294729.616216216 -0.18833649 -0.4103459 0.30032218 -0.081088774 -0.029973738 0.9894941 -0.11587781
10344747.616216216 -0.19677392 -0.4048135 0.30905142 -0.08364948 -0.028220203 0.9886405 -0.121640235
10394764.616216216 -0.20774207 -0.40652218 0.31635055 -0.08589546 -0.028159998 0.9876487 -0.12798053
10444781.616216216 -0.2205201 -0.40874264 0.31744334 -0.08804787 -0.027990844 0.98685557 -0.13259032
10494798.616216216 -0.23700587 -0.4191371 0.32449296 -0.09022958 -0.026276428 0.9860642 -0.13727953
10544816.616216216 -0.24680348 -0.42395592 0.33372658 -0.09419751 -0.025713399 0.98543197 -0.13924608
10594833.616216216 -0.26162955 -0.43259743 0.34187537 -0.098519824 -0.023254566 0.9849604 -0.14002226
10644850.616216216 -0.26700857 -0.44797128 0.34860274 -0.10278616 -0.019728085 0.9845352 -0.14048606
10694867.616216216 -0.28016242 -0.45817417 0.35149112 -0.10587803 -0.017194204 0.9845167 -0.13864042
10744884.616216216 -0.28065926 -0.46737647 0.3611154 -0.10982564 -0.014954387 0.9844782 -0.13607897
10794902.616216216 -0.28819567 -0.4853599 0.3625117 -0.10854062 -0.011643659 0.98498446 -0.13374978
10844919.616216216 -0.28743997 -0.49610007 0.37058055 -0.10765625 -0.009299669 0.9854142 -0.13146307
10894936.616216216 -0.27317065 -0.511665 0.38196734 -0.107804365 -0.005058706 0.98532885 -0.13221094
10944953.616216216 -0.26565775 -0.5259262 0.3831772 -0.10482576 -0.0027623605 0.9856769 -0.13208006
10994971.616216216 -0.24815446 -0.53221685 0.3972054 -0.101887524 -0.0018140884 0.9858955 -0.13276213
11044988.616216216 -0.23832361 -0.5440325 0.40486166 -0.09662971 -0.0009224239 0.9861861 -0.13453229
11095005.616216216 -0.21957931 -0.5484907 0.41507396 -0.092457876 0.0003816914 0.9864717 -0.13537002
11145022.616216216 -0.20191102 -0.55881673 0.4184991 -0.086083375 -3.4664663e-05 0.9867447 -0.13756664
11195040.616216216 -0.18217573 -0.5626693 0.42568883 -0.07823113 0.0010517546 0.98709697 -0.13970816
11245057.616216216 -0.16080008 -0.56398135 0.43085718 -0.07204397 0.002017357 0.987383 -0.14099804
11295074.616216216 -0.13667674 -0.5655796 0.4294935 -0.06550087 0.0042510065 0.9877385 -0.14164887
11345091.616216216 -0.115674905 -0.56367296 0.4274945 -0.058354102 0.0068694935 0.98819 -0.14152128
11395108.616216216 -0.096893884 -0.56051624 0.42233208 -0.05038965 0.010536068 0.9886968 -0.14081375
11445126.616216216 -0.07900052 -0.5574432 0.41582173 -0.0437539 0.013802098 0.98893166 -0.14110059
11495143.616216216 -0.063965544 -0.55648595 0.40608978 -0.036513053 0.017533878 0.9889721 -0.1424555
11545160.616216216 -0.050273627 -0.5480211 0.40221384 -0.029776346 0.021607323 0.98897547 -0.14343673
11595177.616216216 -0.04796678 -0.53947514 0.3941008 -0.022852182 0.023658358 0.9889699 -0.1444181
11645195.616216216 -0.050992467 -0.5335131 0.3905957 -0.019568192 0.02566549 0.98881733 -0.14559758
11695212.616216216 -0.056872822 -0.51923347 0.38802332 -0.017503986 0.026784223 0.98901045 -0.14434205
11745229.616216216 -0.062020555 -0.5208759 0.38037956 -0.023144905 0.027131114 0.98889047 -0.14430505
11795246.616216216 -0.0779109 -0.5189873 0.3671574 -0.027970184 0.025702536 0.9890559 -0.1425679
11845264.616216216 -0.09890923 -0.5176473 0.36164877 -0.033428553 0.022949114 0.9890394 -0.14197534
11895281.616216216 -0.11637916 -0.52026916 0.35657376 -0.042218126 0.020389732 0.9886334 -0.14284916
11945298.616216216 -0.1435986 -0.5249572 0.35983628 -0.051829897 0.01789034 0.98784333 -0.14546211
11995315.616216216 -0.16340798 -0.53357923 0.363113 -0.061359856 0.01693955 0.9868178 -0.14879113
12045333.616216216 -0.18770021 -0.54195434 0.37069768 -0.069039434 0.015477793 0.9857762 -0.15244468
12095350.616216216 -0.20175883 -0.55186796 0.3787356 -0.0760385 0.015398448 0.9847437 -0.15575953
12145367.616216216 -0.21248093 -0.56696683 0.3961825 -0.08054235 0.015101575 0.9837971 -0.15946242
12195384.616216216 -0.22419578 -0.575782 0.40490246 -0.0831737 0.015570053 0.98343205 -0.16031612
12245401.616216216 -0.2335894 -0.5885147 0.4140335 -0.085986726 0.014492254 0.98313904 -0.16072936
12295419.616216216 -0.23218168 -0.60388464 0.42954347 -0.08912508 0.015021609 0.9827559 -0.16131333
12345436.616216216 -0.23166543 -0.61212754 0.43624336 -0.0894388 0.014092987 0.9831065 -0.15907165
12395453.616216216 -0.22446966 -0.6263291 0.44733983 -0.09144628 0.012465664 0.9829202 -0.15921725
12445470.616216216 -0.21629588 -0.6304456 0.4640674 -0.09123394 0.010861209 0.9831708 -0.15790403
12495488.616216216 -0.20499852 -0.6373768 0.4716231 -0.09086361 0.009935732 0.98332477 -0.15721838
12545505.616216216 -0.19049174 -0.64291817 0.48691455 -0.08931629 0.0076768077 0.98342997 -0.15757318
12595522.616216216 -0.17672858 -0.6531029 0.49221882 -0.086639166 0.0064863246 0.98354834 -0.15838017
12645539.616216216 -0.15910706 -0.6598319 0.50681734 -0.08422721 0.005677932 0.98348165 -0.16011666
12695557.616216216 -0.14320743 -0.66142255 0.51584846 -0.081557445 0.0043731323 0.9835908 -0.16086797
12745574.616216216 -0.12926047 -0.66561455 0.52242243 -0.07796249 0.0035116703 0.9836694 -0.16218545
12795591.616216216 -0.11181462 -0.66944 0.532643 -0.073417686 0.004273749 0.9835825 -0.16479398
12845608.616216216 -0.10038823 -0.6696948 0.53831583 -0.0684023 0.0045585353 0.983659 -0.16647892
12895626.616216216 -0.08622855 -0.67090523 0.53969204 -0.06510973 0.004580204 0.983624 -0.16799904
12945643.616216216 -0.074520685 -0.6672172 0.53849816 -0.061172027 0.0062456275 0.9837583 -0.16863787
12995660.616216216 -0.06430641 -0.6633916 0.5283367 -0.057150852 0.007743446 0.98407984 -0.16810939
13045677.616216216 -0.057676233 -0.6586513 0.5150907 -0.054347917 0.00890938 0.9843802 -0.1672203
13095694.616216216 -0.040907554 -0.6458728 0.50385934 -0.054405194 0.010161031 0.9846795 -0.16535763
13145712.616216216 -0.04757563 -0.6384748 0.49140438 -0.05194759 0.009081349 0.9849044 -0.16487049
13195729.616216216 -0.043542083 -0.6255711 0.4816909 -0.049731664 0.010069315 0.98518646 -0.16380803
13245746.616216216 -0.04055474 -0.6191631 0.4583768 -0.04725639 0.0097932415 0.98561764 -0.16195348
13295763.616216216 -0.04511445 -0.6091116 0.43955946 -0.042626742 0.011201736 0.98612416 -0.16005234
13345781.616216216 -0.04763917 -0.59966844 0.42588907 -0.04074908 0.009751619 0.9864361 -0.1587079
13395798.616216216 -0.048807174 -0.5959097 0.4134656 -0.03612393 0.011165076 0.9866886 -0.15816486
13445815.616216216 -0.060176745 -0.58166075 0.39022174 -0.032910254 0.011249761 0.9873968 -0.15439549
13495832.616216216 -0.06495833 -0.57780015 0.3744112 -0.032673914 0.010563394 0.9875031 -0.1538132
13545850.616216216 -0.08221772 -0.5725731 0.37011057 -0.030661432 0.012385988 0.9877359 -0.1525918
13595867.616216216 -0.10621513 -0.5740103 0.36020252 -0.028258514 0.012990153 0.9877974 -0.15260799
13645884.616216216 -0.10892526 -0.5756436 0.35726562 -0.02991949 0.014184395 0.98743635 -0.15450959
13695901.616216216 -0.12369116 -0.5806966 0.35230836 -0.032437366 0.0124186175 0.9871201 -0.1561653
13745918.616216216 -0.1449569 -0.59143466 0.35000452 -0.03272539 0.012394549 0.986691 -0.1587964
13795936.616216216 -0.1613976 -0.5997346 0.34850156 -0.03747004 0.011565604 0.9861459 -0.16117847
13845953.616216216 -0.17367706 -0.6068667 0.36075604 -0.04635357 0.01044505 0.9853274 -0.16392747
13895970.616216216 -0.18070988 -0.61474997 0.37317806 -0.05551831 0.008865471 0.984645 -0.1652673
13945987.616216216 -0.18934387 -0.6214742 0.3824752 -0.0629696 0.005326196 0.9843099 -0.16474411
13996005.616216216 -0.19916233 -0.6314105 0.3977712 -0.06764831 0.00139078 0.98398566 -0.1649061
14046022.616216216 -0.2001766 -0.6431259 0.4142773 -0.06975979 -0.002040897 0.9840674 -0.16352624
14096039.616216216 -0.19693778 -0.65592504 0.4324339 -0.07029568 -0.0043469584 0.9843022 -0.16182937
14146056.616216216 -0.18979272 -0.66967326 0.4470448 -0.07083623 -0.005157488 0.984757 -0.15877433
14196074.616216216 -0.18044344 -0.68651056 0.46048063 -0.07049593 -0.005578808 0.985255 -0.15579414
14246091.616216216 -0.16600221 -0.6987768 0.4682968 -0.07034748 -0.0053134887 0.9858052 -0.15235177
14296108.616216216 -0.15075499 -0.7094662 0.4754781 -0.06805932 -0.005828024 0.9864702 -0.14903225
14346125.616216216 -0.13179967 -0.7190114 0.4820418 -0.06405956 -0.0063914745 0.98722064 -0.14577702
14396142.616216216 -0.10711671 -0.71883494 0.48710078 -0.05837189 -0.007157732 0.98826885 -0.14094727
14446160.616216216 -0.083330154 -0.7243697 0.4940159 -0.05083228 -0.006766943 0.98902726 -0.13854799
14496177.616216216 -0.057778295 -0.72732633 0.49719518 -0.044981986 -0.0066906717 0.98959273 -0.13652164
14546194.616216216 -0.032786995 -0.73347116 0.4965078 -0.039764725 -0.004914869 0.98991615 -0.13587023
14596211.616216216 -0.0088806525 -0.7325136 0.4973656 -0.03505546 -0.0031099578 0.9901243 -0.13570352
14646229.616216216 0.013958989 -0.73403573 0.4926424 -0.029765796 -0.0010702478 0.99024475 -0.13611868
14696246.616216216 0.03735413 -0.73360515 0.48091814 -0.023225088 0.0014951176 0.9904034 -0.13623323
14746263.616216216 0.057080798 -0.7279329 0.46917832 -0.016910529 0.004173236 0.990609 -0.13561174
14796280.616216216 0.074182436 -0.7194813 0.4581104 -0.011499246 0.0069460827 0.99072033 -0.1352508
14846298.616216216 0.08393175 -0.7074029 0.44145954 -0.0055983434 0.011185193 0.9909393 -0.13372701
14896315.616216216 0.09487599 -0.68474513 0.4279034 -0.0015011845 0.013458041 0.99129754 -0.13094231
14946332.616216216 0.097713046 -0.67211294 0.41273373 0.0027652767 0.014649349 0.99146795 -0.12949556
14996349.616216216 0.09885154 -0.66877854 0.38960716 0.0013471497 0.015852261 0.9912513 -0.13102584
15046367.616216216 0.07903759 -0.6475797 0.37449372 0.0015257301 0.014997824 0.99162686 -0.128254
15096384.616216216 0.068129875 -0.6326707 0.3701348 -0.0012843187 0.01543585 0.99172527 -0.12744102
15146401.616216216 0.043901194 -0.6268764 0.35799217 -0.004624907 0.012336907 0.9917989 -0.12712789
15196418.616216216 0.021677986 -0.6235937 0.35369447 -0.008864027 0.011297383 0.99180996 -0.12691303
15246435.616216216 -0.0025745872 -0.6178611 0.3448649 -0.014324019 0.007911482 0.99188656 -0.12606889
15296453.616216216 -0.032391444 -0.6199912 0.34775603 -0.018768623 0.0047370107 0.99166167 -0.12740687
15346470.616216216 -0.061280586 -0.62611914 0.35173872 -0.025760189 0.0017230219 0.99118716 -0.12992865
15396487.616216216 -0.08528023 -0.6332512 0.35486946 -0.033426255 -0.00082189444 0.9907263 -0.13169472
15446504.616216216 -0.11106818 -0.64281064 0.3601581 -0.040727127 -0.0030844128 0.9901724 -0.13375545
15496522.616216216 -0.13288073 -0.65606755 0.3730712 -0.04905193 -0.004109199 0.9894997 -0.13589525
15546539.616216216 -0.14975798 -0.67224956 0.38753298 -0.05696364 -0.0053004366 0.98879766 -0.13786341
15596556.616216216 -0.16272114 -0.68926054 0.40256116 -0.06505605 -0.005481267 0.9882865 -0.1379404
15646573.616216216 -0.16572377 -0.70643413 0.42056292 -0.07307148 -0.0044063022 0.98783803 -0.1371758
15696591.616216216 -0.16914919 -0.71658134 0.43730468 -0.07670961 -0.00253414 0.988049 -0.13367297
15746608.616216216 -0.17303348 -0.7359607 0.45178434 -0.07885938 -0.0001287144 0.98825204 -0.13091664
15796625.616216216 -0.16352305 -0.7484558 0.46356913 -0.08135045 0.0021261687 0.98873657 -0.1256095
15846642.616216216 -0.15461615 -0.7594429 0.46456072 -0.08115185 0.003954105 0.9896493 -0.11829264
15896659.616216216 -0.1414564 -0.7701797 0.46491644 -0.081046976 0.005783686 0.9905738 -0.11027923
15946677.616216216 -0.11804722 -0.7747874 0.4648216 -0.08032666 0.007455389 0.9915924 -0.10117593
15996694.616216216 -0.095157675 -0.77888274 0.45859888 -0.0795913 0.008554152 0.99250144 -0.092373855
16046711.616216216 -0.07836056 -0.7782037 0.44737172 -0.07865181 0.010268116 0.9933805 -0.08308828
16096728.616216216 -0.06111276 -0.76946783 0.43525738 -0.07925151 0.012031941 0.9940875 -0.07324293
16146746.616216216 -0.04325892 -0.754623 0.43106166 -0.08066898 0.013556318 0.99446386 -0.065957755
16196763.616216216 -0.03326582 -0.7397754 0.4155627 -0.08026801 0.012468638 0.9948775 -0.06016933
16246780.616216216 -0.015005799 -0.7226754 0.4033465 -0.08165444 0.01319737 0.99491763 -0.05742227
16296797.616216216 -0.0045404383 -0.70641685 0.40269214 -0.08069003 0.012407643 0.9949958 -0.057607226
16346815.616216216 0.0072037764 -0.68242097 0.39416066 -0.08339736 0.012658924 0.99474496 -0.058027316
16396832.616216216 0.01410695 -0.65634865 0.39162347 -0.087503135 0.012387127 0.9943124 -0.059436217
16446849.616216216 0.021748124 -0.6359859 0.36683726 -0.09416459 0.0116855595 0.9935817 -0.06157818
16496866.616216216 0.023418533 -0.6057038 0.35830548 -0.09981705 0.009026376 0.99308336 -0.061160743
16546884.616216216 0.032286745 -0.57783735 0.35105762 -0.10873097 0.005767404 0.9922792 -0.059384618
16596901.616216216 0.036294542 -0.55308473 0.33698767 -0.11875604 -0.0004530345 0.9913276 -0.056272045
16646918.616216216 0.036506794 -0.5223064 0.32252902 -0.12636146 -0.008489209 0.9906323 -0.0510739
16696935.616216216 0.037759114 -0.49434784 0.30284634 -0.1352126 -0.017771611 0.9896403 -0.04487493
16746952.616216216 0.03876014 -0.46816522 0.28116503 -0.14664356 -0.028276814 0.98802525 -0.038758222
16796970.616216216 0.037715215 -0.4408492 0.25790808 -0.16067277 -0.039158158 0.9857117 -0.03199009
16846987.616216216 0.037662692 -0.40697476 0.24093284 -0.17821246 -0.050991405 0.982349 -0.025113493
16897004.616216216 0.036650702 -0.3813104 0.22217704 -0.1953634 -0.06182974 0.9785581 -0.020839144
16947021.616216216 0.035730638 -0.3555453 0.20566824 -0.21144377 -0.071543895 0.97461265 -0.017411232
16997039.616216216 0.032136325 -0.33421248 0.18662857 -0.22688851 -0.078977585 0.97059023 -0.015454006
17047056.616216216 0.034206185 -0.31956312 0.17821093 -0.24255018 -0.08468518 0.9663145 -0.01530514
17097073.616216216 0.037838973 -0.31071496 0.1701212 -0.254347 -0.086814016 0.9630723 -0.016211025
17147090.616216216 0.03976086 -0.31178302 0.17139208 -0.26093286 -0.08546526 0.96137565 -0.019149752
17197108.616216216 0.045979522 -0.3206207 0.15832226 -0.25964913 -0.08073991 0.9620642 -0.022267345
17247125.616216216 0.05453939 -0.32072866 0.14979838 -0.25346154 -0.08116858 0.96373415 -0.01963463
17297142.616216216 0.063431494 -0.334167 0.14544962 -0.24483061 -0.07907563 0.96616733 -0.01804842
17347159.616216216 0.07987787 -0.34381372 0.1531721 -0.23671718 -0.0784994 0.96830064 -0.014029603
17397176.616216216 0.09126824 -0.35059625 0.15504712 -0.22920163 -0.080727704 0.9699896 -0.008365394
17447194.616216216 0.1029184 -0.3574451 0.15563402 -0.22374621 -0.08405468 0.9710071 -0.0042087445
17497211.616216216 0.1149445 -0.36985722 0.15600154 -0.21786399 -0.08468606 0.9722954 -0.002279921
17547228.616216216 0.12535349 -0.37451386 0.1642819 -0.21086201 -0.08741848 0.973599 0.0005127086
17597245.616216216 0.14121068 -0.37837124 0.16899039 -0.20155013 -0.08792572 0.97551435 0.0042840987
17647263.616216216 0.17055003 -0.3722798 0.17828444 -0.19384682 -0.08591958 0.97721094 0.01000177
17697280.616216216 0.19474553 -0.3628488 0.18845402 -0.18982872 -0.08309504 0.97819394 0.014033677
17747297.616216216 0.21947469 -0.3592154 0.19636348 -0.18903667 -0.078292996 0.97873336 0.014711501
17797314.616216216 0.24043196 -0.3325637 0.20841137 -0.18576218 -0.07598022 0.97949123 0.017785799
17847332.616216216 0.26148093 -0.3053164 0.21884377 -0.18063033 -0.07373503 0.9806164 0.018093985
17897349.616216216 0.27415258 -0.27029273 0.22443396 -0.177451 -0.07404484 0.98119503 0.016878083
17947366.616216216 0.29591587 -0.23661454 0.2409329 -0.18055767 -0.07403745 0.98068947 0.012872663
17997383.616216216 0.30407402 -0.21113546 0.24912712 -0.1839192 -0.076431565 0.979938 0.0073220143
18047401.616216216 0.31051236 -0.17196363 0.26646778 -0.18892992 -0.07817941 0.9788687 0.003077721
18097418.616216216 0.3115622 -0.1426619 0.27035978 -0.19354445 -0.07895428 0.97790897 -0.000928863
18147435.616216216 0.31826642 -0.11689747 0.27901796 -0.19985944 -0.078903906 0.97663486 -0.0038502296
18197452.616216216 0.3179512 -0.096976124 0.28057495 -0.20427844 -0.07844873 0.97574675 -0.005870518
18247469.616216216 0.313899 -0.08666729 0.27782935 -0.20592178 -0.07679282 0.9755193 -0.007822078
18297487.616216216 0.3080211 -0.08453525 0.27616438 -0.20938149 -0.07556148 0.97487825 -0.007890153
18347504.616216216 0.31308407 -0.09372618 0.2827708 -0.21716206 -0.07304355 0.97335327 -0.009424921
18397521.616216216 0.3048071 -0.10273849 0.259059 -0.22142285 -0.07288596 0.97242373 -0.007187117
18447538.616216216 0.29683208 -0.12601994 0.25413337 -0.22347409 -0.072863884 0.9719596 -0.006687143
18497556.616216216 0.29235566 -0.1524982 0.23476316 -0.22258879 -0.07288116 0.9721767 -0.0038931929
18547573.616216216 0.2943685 -0.17530131 0.23872705 -0.22617133 -0.07310782 0.97134024 8.441657e-05
18597590.616216216 0.29744095 -0.19624957 0.22581951 -0.22982581 -0.0720415 0.9705387 0.0066996557
18647607.616216216 0.30543157 -0.22530016 0.21033786 -0.2341442 -0.07231474 0.9694242 0.012800516
18697625.616216216 0.311847 -0.24421301 0.19871624 -0.23694366 -0.07297335 0.9685852 0.019373005
18747642.616216216 0.32415238 -0.2657217 0.18431468 -0.23656866 -0.072536886 0.9685401 0.02653055
18797659.616216216 0.353376 -0.27869117 0.17913985 -0.23645122 -0.07315338 0.9683055 0.033524282
18847676.616216216 0.38062382 -0.27935824 0.18380128 -0.23087393 -0.07412809 0.9692793 0.041230693
18897693.616216216 0.4058665 -0.277791 0.18377368 -0.22050364 -0.07479032 0.97138435 0.04687278
18947711.616216216 0.43332484 -0.27682942 0.19556981 -0.21090478 -0.07718381 0.9731992 0.049449515
18997728.616216216 0.46195883 -0.2707948 0.22296713 -0.2045681 -0.07880527 0.9744958 0.047953475
19047745.616216216 0.48071072 -0.2636415 0.23369652 -0.20012328 -0.08174908 0.97543025 0.042469714
19097762.616216216 0.49897817 -0.24813604 0.25082958 -0.19741829 -0.08524094 0.97600365 0.03430544
19147780.616216216 0.5124749 -0.23063783 0.280029 -0.19365403 -0.08915712 0.9767346 0.02321079
19197797.616216216 0.5275222 -0.2077541 0.2972079 -0.19123472 -0.09228116 0.97711515 0.0126305
19247814.616216216 0.52859366 -0.18501288 0.3248693 -0.19208467 -0.09669198 0.97660154 0.0019083306
19297831.616216216 0.52389 -0.15371965 0.34249628 -0.19399162 -0.10076226 0.9757857 -0.0075242263
19347849.616216216 0.52796555 -0.122617796 0.35208842 -0.201731 -0.103782766 0.97378606 -0.016569955
19397866.616216216 0.5116476 -0.09617523 0.3686006 -0.2086501 -0.107083626 0.9717186 -0.027590856
19447883.616216216 0.504568 -0.06542829 0.38020623 -0.21856533 -0.10751598 0.9690974 -0.03898463
19497900.616216216 0.4951055 -0.038842116 0.39288285 -0.22905982 -0.10855336 0.96594137 -0.052010436
19547918.616216216 0.4782664 -0.01612983 0.3992627 -0.23902962 -0.10972372 0.96258336 -0.0652598
19597935.616216216 0.461721 -0.00060279854 0.40199056 -0.25010827 -0.11132824 0.9587086 -0.07700494
19647952.616216216 0.44465584 0.012423616 0.40469348 -0.26301873 -0.113261074 0.95427954 -0.08569544
19697969.616216216 0.42963976 0.013432208 0.40224287 -0.27692503 -0.11504038 0.9495213 -0.092128485
19747986.616216216 0.41834217 0.0063478444 0.38794547 -0.28898782 -0.11603222 0.9455487 -0.094658755
19798004.616216216 0.41091415 -0.014227662 0.37494364 -0.29961446 -0.11633909 0.94212914 -0.0953365
19848021.616216216 0.40529454 -0.036393035 0.35316342 -0.30821782 -0.11814011 0.9394685 -0.09189
19898038.616216216 0.40617588 -0.060288746 0.33366892 -0.3165204 -0.11827243 0.9373063 -0.08534322
19948055.616216216 0.4107116 -0.095410675 0.315417 -0.32288638 -0.1179644 0.9357041 -0.079288736
19998073.616216216 0.4199025 -0.1252588 0.29666746 -0.32599398 -0.11524985 0.93556684 -0.071833946
20048090.616216216 0.44455472 -0.15855546 0.29628247 -0.32752347 -0.112897664 0.9357874 -0.06545625
20098107.616216216 0.46484125 -0.19243306 0.2908581 -0.32335696 -0.10935705 0.9379867 -0.06051784
20148124.616216216 0.49234384 -0.21985531 0.2870169 -0.31741127 -0.10577253 0.94073635 -0.055474807
20198142.616216216 0.5169442 -0.24705361 0.28625274 -0.3114731 -0.10381276 0.94310284 -0.05257885
20248159.616216216 0.55174667 -0.26929182 0.28784987 -0.30565795 -0.10099273 0.9454005 -0.05090908
20298176.616216216 0.5786441 -0.28467476 0.29130918 -0.29641747 -0.099427864 0.94855297 -0.049981207
20348193.616216216 0.61146283 -0.29441142 0.30042732 -0.28657758 -0.09797604 0.9518045 -0.048395976
20398210.616216216 0.6417844 -0.2955542 0.31251436 -0.27455777 -0.09843206 0.9553684 -0.046909288
20448228.616216216 0.6744866 -0.28907776 0.3192951 -0.26307687 -0.09888498 0.95858526 -0.04611488
20498245.616216216 0.70218354 -0.27573505 0.32899874 -0.2527402 -0.09914718 0.9612945 -0.046960365
20548262.616216216 0.724823 -0.2514736 0.3390907 -0.24533604 -0.09990304 0.9631031 -0.047562003
20598279.616216216 0.7366421 -0.22103345 0.35164455 -0.24089074 -0.09980869 0.964085 -0.05049825
20648297.616216216 0.7477335 -0.18678726 0.3625481 -0.24070638 -0.09873503 0.9640783 -0.053524986
20698314.616216216 0.7573297 -0.15181607 0.37340432 -0.24441563 -0.09685781 0.96312755 -0.05713991
20748331.616216216 0.75445324 -0.11926702 0.37876967 -0.24945319 -0.093873516 0.9617118 -0.06380695
20798348.616216216 0.74829876 -0.08595676 0.39257094 -0.25583944 -0.08944708 0.9599223 -0.07137583
20848366.616216216 0.73480946 -0.05791942 0.3974403 -0.2627227 -0.08633296 0.957681 -0.07981606
20898383.616216216 0.7206707 -0.03399318 0.39716703 -0.27048093 -0.08294112 0.95514077 -0.087561525
20948400.616216216 0.7025838 -0.018417843 0.39467162 -0.28117955 -0.07946183 0.9516863 -0.09443027
20998417.616216216 0.6831157 -0.011694171 0.387117 -0.29388773 -0.0777371 0.94739884 -0.1001116
21048435.616216216 0.66543967 -0.017517291 0.37733844 -0.3053913 -0.07625415 0.9433873 -0.10460358
21098452.616216216 0.64864856 -0.034229632 0.36364257 -0.31494677 -0.076697856 0.9399726 -0.10666541
21148469.616216216 0.6328844 -0.052608322 0.34824005 -0.32420215 -0.078670695 0.9367785 -0.10559352
21198486.616216216 0.62032837 -0.08490831 0.32734457 -0.33453524 -0.08014438 0.93324786 -0.10349626
21248503.616216216 0.6098631 -0.111719586 0.30908307 -0.34440938 -0.0817855 0.9301124 -0.09789847
21298521.616216216 0.60374874 -0.15055823 0.2911055 -0.35115013 -0.082836196 0.92806435 -0.092349306
21348538.616216216 0.60226417 -0.19157358 0.27416703 -0.35581455 -0.08241177 0.92687804 -0.08661075
21398555.616216216 0.60299337 -0.23285241 0.26458406 -0.35885528 -0.083348006 0.92622185 -0.07993209
21448572.616216216 0.6132527 -0.27261057 0.25486 -0.36110032 -0.08340936 0.9259241 -0.07289676
21498590.616216216 0.6247281 -0.30400872 0.2517506 -0.3599636 -0.08539958 0.92685145 -0.063870855
21548607.616216216 0.64469 -0.3358898 0.23965809 -0.3549291 -0.086532496 0.9292428 -0.055184476
21598624.616216216 0.6658714 -0.36403576 0.2427499 -0.34626064 -0.0859226 0.93290645 -0.049055662
21648641.616216216 0.6891496 -0.3856397 0.25048694 -0.33389306 -0.084620476 0.9377674 -0.044127624
21698659.616216216 0.7155967 -0.39862838 0.26398948 -0.3171309 -0.083765976 0.9438481 -0.039523825
21748676.616216216 0.74204564 -0.40767112 0.27821398 -0.29866812 -0.08359784 0.9500124 -0.03585259
21798693.616216216 0.76890904 -0.4061643 0.29399878 -0.28002053 -0.0825561 0.9558753 -0.032796502
21848710.616216216 0.7933277 -0.40097925 0.30619246 -0.2638858 -0.08146162 0.96057016 -0.03214512
21898727.616216216 0.816823 -0.38752 0.31991464 -0.24965902 -0.07988298 0.9644724 -0.032895193
21948745.616216216 0.84105986 -0.36797446 0.33040354 -0.2373548 -0.07654784 0.9677393 -0.035830647
21998762.616216216 0.85635203 -0.34425604 0.3449214 -0.22580093 -0.0738341 0.97048795 -0.041420758
22048779.616216216 0.87067056 -0.31403813 0.35422638 -0.2154186 -0.06985213 0.9727775 -0.04918803
22098796.616216216 0.8838929 -0.27988702 0.36544168 -0.20693332 -0.065924175 0.9744352 -0.05752114
22148814.616216216 0.89009285 -0.24294947 0.37495744 -0.20103072 -0.062317334 0.97529685 -0.06707699
22198831.616216216 0.89431393 -0.20239335 0.38689682 -0.19887102 -0.060113937 0.9752384 -0.07580773
22248848.616216216 0.8848437 -0.1682617 0.38667306 -0.19775192 -0.060556795 0.97466576 -0.08516927
22298865.616216216 0.87533003 -0.13543674 0.39061448 -0.19900465 -0.059013106 0.9737353 -0.09356455
22348883.616216216 0.85883015 -0.10420604 0.3885416 -0.19924916 -0.059356075 0.9730403 -0.09984671
22398900.616216216 0.8364984 -0.08111291 0.38688117 -0.19931851 -0.06024864 0.97242284 -0.10505282
22448917.616216216 0.812418 -0.059609815 0.38189778 -0.20077789 -0.060900953 0.9718103 -0.107537106
22498934.616216216 0.7834598 -0.0507601 0.37033328 -0.20393494 -0.06370887 0.970806 -0.10902979
22548952.616216216 0.7566577 -0.050941203 0.35548517 -0.21183126 -0.067800805 0.96879745 -0.109371394
22598969.616216216 0.7243922 -0.055671502 0.3325975 -0.22201099 -0.07063417 0.96634316 -0.10910044
22648986.616216216 0.6927178 -0.062887385 0.32054153 -0.2316517 -0.071999125 0.96411014 -0.1079141
22699003.616216216 0.6621186 -0.08406384 0.30640846 -0.2377985 -0.07193593 0.9626642 -0.10749374
22749020.616216216 0.63121116 -0.10791687 0.29321897 -0.24126579 -0.071667835 0.96208984 -0.105061084
22799038.616216216 0.60056245 -0.13203609 0.28327888 -0.2441464 -0.068394735 0.96199226 -0.10141862
22849055.616216216 0.5683367 -0.15698048 0.2724039 -0.24645212 -0.06446115 0.96218157 -0.09650259
22899072.616216216 0.53854305 -0.18696693 0.26666957 -0.24593186 -0.061837487 0.96304315 -0.09078303
22949089.616216216 0.511788 -0.21669699 0.25851786 -0.24282227 -0.05881155 0.9646493 -0.08384708
22999107.616216216 0.4857689 -0.24886341 0.25554785 -0.23806266 -0.055099633 0.9666418 -0.076772384
23049124.616216216 0.45849484 -0.27432144 0.24783358 -0.22880313 -0.052777305 0.9696624 -0.067959145
23099141.616216216 0.4268566 -0.30131325 0.24290392 -0.217648 -0.05119798 0.97288275 -0.059222266
23149158.616216216 0.39391205 -0.325073 0.24355157 -0.20611249 -0.04891818 0.97597 -0.051061865
23199176.616216216 0.36631736 -0.3459644 0.24539118 -0.19448443 -0.047230672 0.97880524 -0.043421682
23249193.616216216 0.3370949 -0.36475095 0.24360979 -0.18561253 -0.045728322 0.9808851 -0.036351603
23299210.616216216 0.299282 -0.38324407 0.23718384 -0.17552805 -0.044520583 0.9829943 -0.030498326
23349227.616216216 0.2643565 -0.3955962 0.23540246 -0.16811296 -0.041965287 0.9845477 -0.025357038
23399244.616216216 0.2338793 -0.40999967 0.23040292 -0.16465387 -0.03784098 0.98536676 -0.022573117
23449262.616216216 0.20453785 -0.43008494 0.22753707 -0.1608754 -0.03130469 0.98619646 -0.023576174
23499279.616216216 0.17557386 -0.4393271 0.23458421 -0.15625264 -0.02660703 0.9870775 -0.023566768
23549296.616216216 0.14201623 -0.4477829 0.22734408 -0.15079814 -0.020872433 0.98803574 -0.024690544
23599313.616216216 0.11172864 -0.45078793 0.23643377 -0.14855798 -0.017967833 0.98841417 -0.025402637
23649331.616216216 0.08102195 -0.45368204 0.22777607 -0.14604393 -0.016282132 0.98884183 -0.024453128
23699348.616216216 0.052801427 -0.46179163 0.22883049 -0.14338516 -0.015621651 0.98922116 -0.025263267
23749365.616216216 0.029844578 -0.4573649 0.22004877 -0.14398766 -0.016814148 0.98916876 -0.023022395
23799382.616216216 -0.004210064 -0.45431972 0.21489711 -0.14174542 -0.01852467 0.9894737 -0.022516055
23849400.616216216 -0.036094856 -0.4476106 0.21176928 -0.1408108 -0.020658532 0.9895615 -0.022662342
23899417.616216216 -0.0684521 -0.43990073 0.20360011 -0.13970311 -0.024291623 0.98962945 -0.022949252
23949434.616216216 -0.101650216 -0.42435396 0.19982135 -0.13972431 -0.027232712 0.9895576 -0.022612797
23999451.616216216 -0.12771937 -0.41497985 0.19106223 -0.13909072 -0.028294643 0.98959345 -0.023623036
24049469.616216216 -0.14989063 -0.40117753 0.18883336 -0.13961037 -0.028310817 0.98951656 -0.02375826
24099486.616216216 -0.16499917 -0.36831558 0.16930225 -0.1409183 -0.028591568 0.9894186 -0.019375857
24149503.616216216 -0.1965477 -0.34613502 0.17533758 -0.13587433 -0.03132136 0.9900916 -0.016609568
24199520.616216216 -0.20725219 -0.32962412 0.16409215 -0.13317542 -0.032521207 0.9904764 -0.012773161
24249537.616216216 -0.22620252 -0.3024546 0.16610181 -0.13046369 -0.03356281 0.99085873 -0.0072010336
24299555.616216216 -0.24833982 -0.2869654 0.13301158 -0.12791702 -0.036315404 0.9911174 -0.0021570977
24349572.616216216 -0.26687723 -0.26113546 0.11626127 -0.12532043 -0.037419 0.99140745 0.0024422249
24399589.616216216 -0.26303986 -0.23938192 0.14327243 -0.12580469 -0.037292242 0.99133503 0.00610711
24449606.616216216 -0.27610457 -0.21163863 0.1253238 -0.121984296 -0.03670403 0.9917991 0.010354371
24499624.616216216 -0.26744995 -0.19634517 0.14515612 -0.12214776 -0.034616858 0.99183923 0.011691612
24549641.616216216 -0.2710284 -0.16996431 0.13296694 -0.11679137 -0.03647631 0.99234974 0.016471844
24599658.616216216 -0.2837418 -0.15876865 0.11372177 -0.111471124 -0.035022773 0.99297076 0.018886989
24649675.616216216 -0.28546816 -0.14697757 0.09834372 -0.10793505 -0.0330466 0.99334884 0.022716342
24699693.616216216 -0.27187765 -0.11636778 0.11554092 -0.10735816 -0.033892404 0.99326706 0.027316624
24749710.616216216 -0.26721534 -0.124439135 0.09352117 -0.10615614 -0.034430113 0.993273 0.030890994
24799727.616216216 -0.27417102 -0.109437615 0.100875475 -0.10199477 -0.037270438 0.99344844 0.03561309
24849744.616216216 -0.2654307 -0.10393079 0.09306359 -0.099604845 -0.04227669 0.9932871 0.040895406
24899761.616216216 -0.25900555 -0.0773011 0.10004437 -0.09642703 -0.047772683 0.9929716 0.04926525
24949779.616216216 -0.2664308 -0.069763005 0.07969019 -0.09258723 -0.053803694 0.99276435 0.05433082
24999796.616216216 -0.26705962 -0.056083806 0.07388903 -0.091812715 -0.06186206 0.99195766 0.061348744
25049813.616216216 -0.25980204 -0.041436803 0.07502266 -0.093295306 -0.06968342 0.9908567 0.068141535
25099830.616216216 -0.2590172 -0.031941675 0.076420575 -0.093281135 -0.07659047 0.9900487 0.072361365
25149848.616216216 -0.24395491 -0.013381872 0.087120995 -0.09498004 -0.08028305 0.98923767 0.07708651
25199865.616216216 -0.22871055 0.0049609942 0.07513998 -0.09666575 -0.08721444 0.98820037 0.08068162
25249882.616216216 -0.21920267 0.011718839 0.07154253 -0.094662346 -0.090856634 0.98800474 0.08142976
25299899.616216216 -0.19951428 0.038949016 0.07511657 -0.09597595 -0.096423976 0.9871399 0.083940044
25349917.616216216 -0.19803967 0.042886492 0.06505752 -0.09214112 -0.09507963 0.9877425 0.08267255
25399934.616216216 -0.17026837 0.06366068 0.07698714 -0.09167354 -0.094604194 0.9876211 0.085150026
25449951.616216216 -0.15831976 0.07366049 0.07781785 -0.08989582 -0.09098716 0.9880707 0.0857698
25499968.616216216 -0.1355015 0.09346306 0.073814675 -0.09167276 -0.08572147 0.9880873 0.08905886
25549986.616216216 -0.11810242 0.109488085 0.0816018 -0.09218693 -0.0847589 0.9877021 0.09360613
25600003.616216216 -0.10557971 0.12023195 0.08599798 -0.09168062 -0.08230662 0.987584 0.09745858
25650020.616216216 -0.08490851 0.13229476 0.07496629 -0.091593646 -0.079930626 0.987366 0.10163742
25700037.616216216 -0.078401305 0.15089267 0.07541991 -0.08908569 -0.07870343 0.98730844 0.105317004
25750054.616216216 -0.06569735 0.16916825 0.086373694 -0.08756121 -0.075830884 0.9875426 0.10650035
25800072.616216216 -0.048920505 0.17280409 0.08865553 -0.08819128 -0.07515975 0.98761636 0.1057704
25850089.616216216 -0.0449511 0.18772453 0.0861205 -0.08685812 -0.073047824 0.9878864 0.10583115
25900106.616216216 -0.02916573 0.19749284 0.092775345 -0.08766262 -0.07348466 0.9879175 0.10456784
25950123.616216216 -0.02979124 0.20582224 0.09462341 -0.085717365 -0.074617304 0.98828936 0.101828255
26000141.616216216 -0.023324339 0.2210593 0.09368311 -0.085614815 -0.07674198 0.9884023 0.09920527
26050158.616216216 -0.017748326 0.23313576 0.09853023 -0.084410496 -0.077422164 0.988743 0.09627047
26100175.616216216 -0.008183673 0.24566177 0.10043421 -0.08575531 -0.077090725 0.9889174 0.09351658
26150192.616216216 -0.0049994444 0.25429934 0.10892711 -0.08776894 -0.07681621 0.9890932 0.08994751
26200210.616216216 -0.004590001 0.26324692 0.11077338 -0.09085675 -0.0753249 0.9892764 0.08604331
26250227.616216216 0.002114215 0.27903956 0.11271756 -0.095667064 -0.07194993 0.9892738 0.0837166
26300244.616216216 0.012418173 0.28116134 0.12942016 -0.0985226 -0.06989609 0.9894252 0.08028494
26350261.616216216 0.019826528 0.2943291 0.11451727 -0.09267901 -0.06702808 0.9900701 0.0817265
26400278.616216216 0.017781068 0.30067623 0.102579966 -0.08369436 -0.061778896 0.9908944 0.0854817
26450296.616216216 0.02312035 0.2975179 0.10725634 -0.077736646 -0.054885555 0.99140847 0.08974385
26500313.616216216 0.036947772 0.30645043 0.10829862 -0.076286875 -0.049205586 0.99111146 0.09724884
26550330.616216216 0.046514448 0.32016897 0.103020824 -0.07522101 -0.04408456 0.99046326 0.10668115
26600347.616216216 0.05132319 0.33424982 0.10440015 -0.07158375 -0.038839992 0.98990357 0.116009794
26650365.616216216 0.05865956 0.34281895 0.10579156 -0.06566437 -0.033675615 0.98965126 0.123063676
26700382.616216216 0.061276946 0.35980394 0.104606554 -0.05914513 -0.029256042 0.98932475 0.12993303
26750399.616216216 0.06433442 0.37448478 0.10578335 -0.053147484 -0.026090365 0.9891544 0.13441816
26800416.616216216 0.073105864 0.3864671 0.11385995 -0.049387805 -0.023648474 0.98925173 0.13558301
26850434.616216216 0.07896872 0.38919145 0.12152238 -0.04887043 -0.021042038 0.98964846 0.13328524
26900451.616216216 0.0727548 0.40470272 0.13450116 -0.048761602 -0.02162571 0.98968524 0.13295795
26950468.616216216 0.06832655 0.41502056 0.13740021 -0.050605763 -0.023725707 0.9898704 0.13050988
27000485.616216216 0.07235289 0.43143076 0.14560404 -0.053283587 -0.024747351 0.989743 0.13022058
27050503.616216216 0.06572963 0.4466806 0.15361854 -0.054492995 -0.02839362 0.98956555 0.13032381
27100520.616216216 0.06458909 0.4528944 0.1587977 -0.056596816 -0.029769955 0.98956585 0.12911238
27150537.616216216 0.06601033 0.4646245 0.16095152 -0.059976406 -0.029071482 0.98927754 0.12995273
27200554.616216216 0.06388024 0.47792998 0.1634036 -0.06355573 -0.029908225 0.9888506 0.13130413
27250571.616216216 0.06246425 0.49379027 0.16899098 -0.06643794 -0.028608011 0.98843956 0.13324748
27300589.616216216 0.069112025 0.5049121 0.17454287 -0.068915054 -0.02580419 0.9882893 0.13367586
27350606.616216216 0.073019676 0.50323033 0.17339352 -0.071311474 -0.023913896 0.9885098 0.13111532
27400623.616216216 0.07635836 0.51630545 0.17554231 -0.073934115 -0.019215152 0.98844826 0.13089906
27450640.616216216 0.086141616 0.5286882 0.18064894 -0.075902075 -0.015908364 0.98832124 0.13117556
27500658.616216216 0.082755536 0.5309998 0.18998228 -0.07336285 -0.013798983 0.988694 0.13004443
27550675.616216216 0.08423249 0.5417499 0.19126119 -0.071822934 -0.011996002 0.98891705 0.12938586
27600692.616216216 0.084771276 0.5532875 0.1979621 -0.07057333 -0.010458682 0.9888444 0.1307552
27650709.616216216 0.08680415 0.55432963 0.19635083 -0.07107011 -0.011009484 0.9888697 0.13024801
27700727.616216216 0.08050394 0.5466119 0.19393842 -0.07062584 -0.013087477 0.98871917 0.13143492
27750744.616216216 0.080600195 0.5548443 0.19596742 -0.07288512 -0.015316214 0.98815596 0.13416764
