# timestamp[secs] tx ty tz qx qy qz qw
0.04119761621621622 -0.0 -0.0 -0.0 -0.0 -0.0 -0.0 1.0
0.09121461621621621 0.005053527653217316 0.0009306373540312052 0.005324927158653736 -0.0004782781470566988 -0.0018130632815882564 0.0038572719786316156 0.9999908804893494
0.14123161621621622 0.005053527653217316 0.0009306373540312052 0.005324927158653736 -0.0004782781470566988 -0.0018130632815882564 0.0038572719786316156 0.9999908804893494
0.1912486162162162 0.005053527653217316 0.0009306373540312052 0.005324927158653736 -0.0004782781470566988 -0.0018130632815882564 0.0038572719786316156 0.9999908804893494
0.2412656162162162 -0.005632147192955017 -0.0003572483838070184 -0.008272425271570683 -0.001231711939908564 0.003212489653378725 0.0012540636816993356 0.9999933242797852
0.29128361621621623 -0.005632147192955017 -0.0003572483838070184 -0.008272425271570683 -0.001231711939908564 0.003212489653378725 0.0012540636816993356 0.9999933242797852
0.3413006162162162 -0.0012738693039864302 -0.0007856572046875954 -0.0011723675997927785 -2.292051794938743e-05 -0.0013841144973412156 0.00408703600987792 0.9999907612800598
0.39131761621621625 -0.0012738693039864302 -0.0007856572046875954 -0.0011723675997927785 -2.292051794938743e-05 -0.0013841144973412156 0.00408703600987792 0.9999907612800598
0.4413346162162162 -0.0012738693039864302 -0.0007856572046875954 -0.0011723675997927785 -2.292051794938743e-05 -0.0013841144973412156 0.00408703600987792 0.9999907612800598
0.49135261621621623 -0.0012738693039864302 -0.0007856572046875954 -0.0011723675997927785 -2.292051794938743e-05 -0.0013841144973412156 0.00408703600987792 0.9999907612800598
0.5413696162162163 -0.04249092563986778 -0.018875718116760254 0.021301154047250748 -0.004132651258260012 -0.005517643876373768 0.0019379613222554326 0.9999744296073914
0.5913866162162162 -0.04249092563986778 -0.018875718116760254 0.021301154047250748 -0.004132651258260012 -0.005517643876373768 0.0019379613222554326 0.9999744296073914
0.6414036162162162 -0.04249092563986778 -0.018875718116760254 0.021301154047250748 -0.004132651258260012 -0.005517643876373768 0.0019379613222554326 0.9999744296073914
0.6914216162162162 -0.04249092563986778 -0.018875718116760254 0.021301154047250748 -0.004132651258260012 -0.005517643876373768 0.0019379613222554326 0.9999744296073914
0.7414386162162162 -0.07153502106666565 -0.03542554751038551 0.030138108879327774 0.0010181034449487925 -0.016191383823752403 -0.0027898699045181274 0.9998645186424255
0.7914556162162162 -0.07153502106666565 -0.03542554751038551 0.030138108879327774 0.0010181034449487925 -0.016191383823752403 -0.0027898699045181274 0.9998645186424255
0.8414726162162163 -0.07153502106666565 -0.03542554751038551 0.030138108879327774 0.0010181034449487925 -0.016191383823752403 -0.0027898699045181274 0.9998645186424255
0.8914896162162163 -0.0722719132900238 -0.06433960795402527 0.030722985044121742 0.008393368683755398 -0.020776061341166496 -0.0010994203621521592 0.9997484087944031
0.9415076162162163 -0.0722719132900238 -0.06433960795402527 0.030722985044121742 0.008393368683755398 -0.020776061341166496 -0.0010994203621521592 0.9997484087944031
0.9915246162162162 -0.0722719132900238 -0.06433960795402527 0.030722985044121742 0.008393368683755398 -0.020776061341166496 -0.0010994203621521592 0.9997484087944031
1.0415416162162163 -0.03866282105445862 -0.08989660441875458 0.015182329341769218 0.013212040066719055 -0.013132237829267979 0.002141110133379698 0.9998242259025574
1.0915586162162163 -0.020120592787861824 -0.09375260025262833 0.02180866152048111 0.012068448588252068 -0.0070241899229586124 0.004073730204254389 0.9998942613601685
1.1415766162162162 -0.00356880621984601 -0.09510929137468338 0.023776283487677574 0.011825785040855408 -0.0020519618410617113 0.004195971414446831 0.9999191761016846
1.1915936162162162 0.0015395641094073653 -0.10121853649616241 0.031514622271060944 0.011058453470468521 0.007668244652450085 0.002523543545976281 0.9999063014984131
1.2416106162162162 0.01562119647860527 -0.10133003443479538 0.030300037935376167 0.00904377456754446 0.013053597882390022 0.002986947074532509 0.9998695254325867
1.2916276162162161 0.07015126943588257 -0.11705449968576431 0.01210482232272625 0.0166375320404768 0.023258313536643982 0.001362666836939752 0.9995900988578796
1.3416456162162163 0.0853094682097435 -0.11466988921165466 0.009374348446726799 0.015108599327504635 0.03057781606912613 0.001599678536877036 0.9994169473648071
1.3916626162162162 0.09940770268440247 -0.1115947738289833 0.002456317888572812 0.013442420400679111 0.03687646985054016 0.0018101450987160206 0.99922776222229
1.4416796162162162 0.1090252697467804 -0.10657266527414322 -0.001561588142067194 0.011925644241273403 0.04312342032790184 0.002212409395724535 0.9989961385726929
1.4916966162162162 0.12358275800943375 -0.09758923947811127 -0.003153752302750945 0.010292553342878819 0.0478346049785614 0.002802153117954731 0.9987983107566833
1.5417146162162163 0.1316644698381424 -0.09372999519109726 -0.01248473022133112 0.007696294225752354 0.050476089119911194 0.002544238232076168 0.9986923933029175
1.5917316162162163 0.1416901797056198 -0.08352804183959961 -0.006906591821461916 0.005571191199123859 0.052711501717567444 0.00323212961666286 0.998589038848877
1.6417486162162163 0.15320776402950287 -0.07456889003515244 -0.013282605446875095 0.0038761161267757416 0.049345631152391434 0.004210523795336485 0.9987654089927673
1.6917656162162162 0.15557605028152466 -0.05623481795191765 -0.014744605869054794 0.0025205526035279036 0.04809091240167618 0.0035715957637876272 0.998833417892456
1.7417826162162162 0.15185050666332245 -0.04352645203471184 -0.016981422901153564 0.0012999469181522727 0.046425122767686844 0.004244132433086634 0.9989119172096252
1.7918006162162163 0.1436227560043335 -0.020144913345575333 -0.01804782822728157 0.0005808044807054102 0.046970564872026443 0.007079854141920805 0.9988710880279541
1.8418176162162163 0.12725330889225006 -0.0007470690761692822 -0.013446848839521408 -0.0008835155749693513 0.04583679139614105 0.009217780083417892 0.9989060759544373
1.8918346162162163 0.11891374737024307 0.015643933787941933 -0.007365730125457048 -0.002476723399013281 0.04254418984055519 0.011132950894534588 0.9990295171737671
1.9418516162162163 0.10159800201654434 0.029928850010037422 -0.0023075109347701073 -0.002671970287337899 0.03955907002091408 0.010041505098342896 0.9991632103919983
1.9918696162162162 0.09120474755764008 0.048678409308195114 0.002351155271753669 0.0005239195888862014 0.03382889926433563 0.008835596032440662 0.9993884563446045
2.041886616216216 0.07224802672863007 0.05973654240369797 -0.0037748320028185844 0.004384606145322323 0.02838992141187191 0.005433100275695324 0.9995725750923157
2.091903616216216 0.04380083084106445 0.058791350573301315 0.003928451333194971 0.0021803712006658316 0.025081338360905647 0.0029782371129840612 0.9996786117553711
2.141920616216216 0.013587110675871372 0.04698073863983154 0.012576019391417503 0.004915102384984493 0.024144692346453667 -0.001133458106778562 0.9996957778930664
2.191938616216216 -0.010418752208352089 0.036531198769807816 0.017154287546873093 0.00537976436316967 0.02094605751335621 -0.004090397153049707 0.9997578263282776
2.241955616216216 -0.03488226979970932 0.024673698469996452 0.02379024587571621 0.003173456760123372 0.01604253612458706 -0.006057735066860914 0.999847948551178
2.291972616216216 -0.07610639184713364 0.014796142466366291 0.04477010667324066 -0.00645174877718091 0.008573309518396854 -0.009734819643199444 0.9998950958251953
2.341989616216216 -0.0972001850605011 0.006072933319956064 0.052376169711351395 -0.008731168694794178 0.0027922908775508404 -0.012655393220484257 0.9998779892921448
2.3920076162162163 -0.12173964083194733 -0.00803280621767044 0.057047247886657715 -0.011857702396810055 -0.002509519224986434 -0.01386294886469841 0.9998304843902588
2.4420246162162162 -0.1399952620267868 -0.02212483063340187 0.06668049842119217 -0.013771911151707172 -0.008335444144904613 -0.013907825574278831 0.9997737407684326
2.4920416162162162 -0.15315032005310059 -0.03499442711472511 0.06880509853363037 -0.01389275025576353 -0.013023232109844685 -0.012771478854119778 0.9997371435165405
2.542058616216216 -0.1618073284626007 -0.05168464034795761 0.0671333372592926 -0.013359428383409977 -0.017506379634141922 -0.011496459133923054 0.9996914267539978
2.592075616216216 -0.16476139426231384 -0.06614913046360016 0.0742194727063179 -0.012569130398333073 -0.02312983013689518 -0.009385840967297554 0.9996094107627869
2.6420936162162163 -0.16930310428142548 -0.0812133401632309 0.07392163574695587 -0.012182505801320076 -0.02605557255446911 -0.009644760750234127 0.9995397925376892
2.6921106162162163 -0.17351385951042175 -0.10222235321998596 0.0733230710029602 -0.012129342183470726 -0.02863369695842266 -0.01024196483194828 0.9994639158248901
2.7421276162162163 -0.16999375820159912 -0.11963611841201782 0.07061595469713211 -0.009245367720723152 -0.030055366456508636 -0.008821469731628895 0.999466598033905
2.7921446162162162 -0.15662288665771484 -0.13932962715625763 0.06680986285209656 -0.00828242115676403 -0.030586279928684235 -0.00804220698773861 0.9994654655456543
2.8421626162162164 -0.13851654529571533 -0.16168123483657837 0.05595369264483452 -0.00677063362672925 -0.030074739828705788 -0.00577496737241745 0.9995080232620239
2.8921796162162163 -0.12478746473789215 -0.17269861698150635 0.047495901584625244 -0.006320548243820667 -0.026396557688713074 -0.0036553633399307728 0.9996249079704285
2.9421966162162163 -0.1077364832162857 -0.1815573126077652 0.04963914677500725 -0.009652351029217243 -0.020996741950511932 -0.0020642417948693037 0.9997308850288391
2.9922136162162163 -0.09063602983951569 -0.1924605369567871 0.048993196338415146 -0.015436465851962566 -0.014231987297534943 -0.0026445630937814713 0.9997760653495789
3.0422316162162164 -0.06872466951608658 -0.19693440198898315 0.04768379405140877 -0.016058120876550674 -0.007396369706839323 -0.0023489701561629772 0.9998409748077393
3.0922486162162164 -0.05334461107850075 -0.20088012516498566 0.04201640188694 -0.016989143565297127 -0.00026247630012221634 -0.003071733983233571 0.9998509287834167
3.1422656162162164 -0.0368029810488224 -0.1966736763715744 0.033967263996601105 -0.01697928085923195 0.00615115137770772 -0.0052274190820753574 0.9998233318328857
3.1922826162162163 -0.02065003104507923 -0.1947275847196579 0.028821993619203568 -0.01725919544696808 0.012264412827789783 -0.006980975158512592 0.9997514486312866
3.2422996162162163 -0.010760696604847908 -0.1875574290752411 0.02394094504415989 -0.017093777656555176 0.018150100484490395 -0.007291482761502266 0.9996625781059265
3.2923176162162164 0.006321472581475973 -0.17604613304138184 0.021184395998716354 -0.018708333373069763 0.021862100809812546 -0.005972982384264469 0.9995681643486023
3.3423346162162164 0.017763610929250717 -0.16259628534317017 0.01779024861752987 -0.023292552679777145 0.025490915402770042 -0.004575927741825581 0.9993932247161865
3.3923516162162164 0.032418254762887955 -0.15130987763404846 0.01936519704759121 -0.028560088947415352 0.028944894671440125 -0.0008938511018641293 0.999172568321228
3.4423686162162164 0.03877339884638786 -0.13568523526191711 0.02105623483657837 -0.031744036823511124 0.0323026143014431 0.0021315549965947866 0.998971700668335
3.492386616216216 0.03923870995640755 -0.11687730997800827 0.020342152565717697 -0.033643729984760284 0.03504212200641632 0.004042720887809992 0.9988111853599548
3.542403616216216 0.04228488355875015 -0.09734909236431122 0.02654409408569336 -0.036111023277044296 0.03413133695721626 0.006531385239213705 0.9987434148788452
3.5924206162162164 0.037040531635284424 -0.0780247151851654 0.03429300710558891 -0.03540246933698654 0.034140005707740784 0.008508827537298203 0.9987536072731018
3.6424376162162164 0.03500082716345787 -0.06453338265419006 0.039104167371988297 -0.03420528396964073 0.03538995608687401 0.009931884706020355 0.9987386465072632
3.692455616216216 0.03235933184623718 -0.03907621651887894 0.0518888495862484 -0.031636517494916916 0.034011393785476685 0.009986480697989464 0.9988707304000854
3.742472616216216 0.022158797830343246 -0.024325327947735786 0.0580446757376194 -0.03024183213710785 0.0328219011425972 0.008111347444355488 0.998970627784729
3.792489616216216 0.012406946159899235 -0.005596792325377464 0.05674654245376587 -0.025966158136725426 0.028582477942109108 0.007498757913708687 0.9992260336875916
3.842506616216216 -0.013218757696449757 -0.005617150571197271 0.06906845420598984 -0.025335393846035004 0.026909714564681053 0.002986870938912034 0.9993123412132263
3.8925236162162165 -0.03368084132671356 -0.0021081797312945127 0.07287337630987167 -0.022277839481830597 0.02318873628973961 0.0003868663916364312 0.9994828104972839
3.942541616216216 -0.052148450165987015 -0.000613346986938268 0.07941493391990662 -0.019198862835764885 0.020742932334542274 -0.0012855607783421874 0.9995996952056885
3.992558616216216 -0.07458660006523132 -0.006872357334941626 0.08275625109672546 -0.016057826578617096 0.019002029672265053 -0.0033295745961368084 0.9996849894523621
4.042575616216216 -0.09690185636281967 -0.021464286372065544 0.08357515186071396 -0.01531305629760027 0.01513077411800623 -0.005618124734610319 0.9997524619102478
4.0925926162162165 -0.1169733926653862 -0.03728274628520012 0.08659115433692932 -0.014934481121599674 0.008871972560882568 -0.006436003837734461 0.9998283982276917
4.142610616216216 -0.13579048216342926 -0.053000111132860184 0.0926520824432373 -0.014088356867432594 0.0026714566629379988 -0.006919668987393379 0.9998732805252075
4.192627616216217 -0.15657292306423187 -0.06826088577508926 0.09426871687173843 -0.013075236231088638 -0.003722185268998146 -0.00847848691046238 0.9998716711997986
4.242644616216216 -0.17338179051876068 -0.08761676400899887 0.10252857208251953 -0.012580988928675652 -0.012091688811779022 -0.009224414825439453 0.999805212020874
4.292661616216217 -0.19795353710651398 -0.12696479260921478 0.11566288024187088 -0.010121747851371765 -0.02307107299566269 -0.008712305687367916 0.9996446371078491
4.342679616216216 -0.20279869437217712 -0.14896875619888306 0.11766023933887482 -0.009619378484785557 -0.03410569578409195 -0.00706623075529933 0.9993469715118408
4.392696616216217 -0.21138955652713776 -0.16652724146842957 0.12097501009702682 -0.00734665198251605 -0.0414128303527832 -0.005085833370685577 0.9991021752357483
4.442713616216216 -0.2147262990474701 -0.18761254847049713 0.12369562685489655 -0.005610139574855566 -0.04612907022237778 -0.00465325778350234 0.9989089369773865
4.492730616216217 -0.2206333577632904 -0.20183859765529633 0.1215900331735611 -0.0015540396561846137 -0.047709327191114426 -0.006094597280025482 0.9988415241241455
4.542748616216216 -0.21804295480251312 -0.22214636206626892 0.12304094433784485 0.001569307642057538 -0.04754558950662613 -0.006602715700864792 0.9988460540771484
4.592765616216216 -0.20957618951797485 -0.23453623056411743 0.11811067909002304 0.004213211592286825 -0.0477793887257576 -0.006976170465350151 0.9988247156143188
4.642782616216216 -0.19531089067459106 -0.25126010179519653 0.12742489576339722 0.004717406816780567 -0.047461722046136856 -0.01040330994874239 0.9988077878952026
4.692799616216217 -0.17197243869304657 -0.25125858187675476 0.12216472625732422 0.006201176438480616 -0.047223277390003204 -0.01317761093378067 0.9987782835960388
4.742816616216216 -0.14805006980895996 -0.25777894258499146 0.12250690162181854 0.0058583226054906845 -0.04527868703007698 -0.016734804958105087 0.9988170862197876
4.792834616216216 -0.13621537387371063 -0.25465479493141174 0.12337271869182587 0.006367664784193039 -0.040608517825603485 -0.019589759409427643 0.9989628195762634
4.842851616216216 -0.11896394938230515 -0.2546551525592804 0.11789119243621826 0.004834214691072702 -0.03810407221317291 -0.021771874278783798 0.9990248680114746
4.892868616216216 -0.09711108356714249 -0.2509773373603821 0.11539671570062637 0.005090832710266113 -0.036398060619831085 -0.02329254522919655 0.9990530014038086
4.942885616216216 -0.07604756206274033 -0.2436288297176361 0.11249307543039322 0.00630141282454133 -0.03271675854921341 -0.02442694827914238 0.9991462826728821
4.992903616216216 -0.0691165030002594 -0.2268175482749939 0.10530731827020645 0.005737510044127703 -0.03015679307281971 -0.024638516828417778 0.9992250204086304
5.042920616216216 -0.04486715793609619 -0.21178726851940155 0.09779661148786545 0.004760211333632469 -0.028449395671486855 -0.022843101993203163 0.9993228912353516
5.092937616216216 -0.037541504949331284 -0.18826043605804443 0.09984271228313446 0.0030303674284368753 -0.026537669822573662 -0.02100277692079544 0.9994226098060608
5.142954616216216 -0.028848886489868164 -0.16856946051120758 0.089084692299366 1.9714576410478912e-05 -0.026255730539560318 -0.01940326578915119 0.9994670152664185
5.192972616216216 -0.022680090740323067 -0.15106305480003357 0.08900929987430573 -0.003714288119226694 -0.02584599144756794 -0.016998283565044403 0.9995145201683044
5.242989616216216 -0.0040174187161028385 -0.1333024650812149 0.07943503558635712 -0.00725717144086957 -0.025164250284433365 -0.015594620257616043 0.999535322189331
5.293006616216216 -0.010973440483212471 -0.10889768600463867 0.08060400933027267 -0.010235978290438652 -0.022605568170547485 -0.016545386984944344 0.9995551705360413
5.343023616216216 -0.013981996104121208 -0.0847645103931427 0.08420799672603607 -0.012876637279987335 -0.020068224519491196 -0.01693505048751831 0.9995722770690918
5.393040616216216 -0.027317781001329422 -0.06790771335363388 0.08257420361042023 -0.01692652702331543 -0.019186226651072502 -0.01873699016869068 0.9994970560073853
5.4430586162162164 -0.03342673182487488 -0.04295249283313751 0.08965501934289932 -0.019742434844374657 -0.021363092586398125 -0.020574867725372314 0.9993650913238525
5.493075616216216 -0.053310051560401917 -0.02812068536877632 0.09328673779964447 -0.0222019050270319 -0.026662766933441162 -0.020823225378990173 0.9991809725761414
5.543092616216216 -0.06571343541145325 -0.011013593524694443 0.09496801346540451 -0.025744987651705742 -0.028931405395269394 -0.02233951725065708 0.999000072479248
5.593109616216216 -0.09352879226207733 -0.01297813467681408 0.10080405324697495 -0.029324853792786598 -0.031246287748217583 -0.02368307299911976 0.9988007545471191
5.6431276162162165 -0.10731315612792969 -0.00299187027849257 0.0987456813454628 -0.033502474427223206 -0.03403593972325325 -0.023422975093126297 0.9985842704772949
5.693144616216216 -0.12642204761505127 -0.002124048536643386 0.09960143268108368 -0.037173960357904434 -0.041126418858766556 -0.02559264935553074 0.9981341361999512
5.7431616162162165 -0.1519758552312851 -0.007373353000730276 0.1005072146654129 -0.04187815263867378 -0.050930239260196686 -0.025964830070734024 0.9974859356880188
5.793178616216216 -0.1736922264099121 -0.02038818970322609 0.1041940301656723 -0.04485573619604111 -0.06329543143510818 -0.02784065157175064 0.9965975284576416
5.8431966162162166 -0.2058040052652359 -0.002720174379646778 0.1029166728258133 -0.04997289180755615 -0.0724140927195549 -0.03083670139312744 0.9956445693969727
5.893213616216216 -0.23244567215442657 -0.017361748963594437 0.10500515252351761 -0.053435299545526505 -0.0810631513595581 -0.03355321288108826 0.9947097897529602
5.9432306162162165 -0.2552582919597626 -0.034601032733917236 0.10459546744823456 -0.05475232005119324 -0.08949793875217438 -0.03535991907119751 0.9938520789146423
5.993247616216216 -0.27895569801330566 -0.05710115283727646 0.1000245213508606 -0.0534248985350132 -0.09655522555112839 -0.03582374379038811 0.9932470321655273
6.043265616216217 -0.28819510340690613 -0.08365048468112946 0.10300184786319733 -0.051142241805791855 -0.10350724309682846 -0.03400573506951332 0.9927307963371277
6.093282616216216 -0.3104206621646881 -0.12018094956874847 0.09840702265501022 -0.043432217091321945 -0.10562002658843994 -0.032678451389074326 0.9929200410842896
6.143299616216217 -0.31294509768486023 -0.15183353424072266 0.0985017716884613 -0.037721723318099976 -0.10698043555021286 -0.029037155210971832 0.9931209087371826
6.193316616216216 -0.3134399652481079 -0.17946231365203857 0.09878573566675186 -0.030588988214731216 -0.10760220885276794 -0.025445101782679558 0.9933975338935852
6.2433336162162165 -0.29852011799812317 -0.20798832178115845 0.10733962059020996 -0.023699497804045677 -0.10682768374681473 -0.019459256902337074 0.9938045740127563
6.293351616216216 -0.2863449156284332 -0.23619525134563446 0.1026635691523552 -0.018259406089782715 -0.10264724493026733 -0.01542678102850914 0.9944306015968323
6.343368616216217 -0.26445236802101135 -0.26178571581840515 0.0964643731713295 -0.013086915016174316 -0.09447994828224182 -0.012966806069016457 0.9953562617301941
6.393385616216216 -0.2400464117527008 -0.26644179224967957 0.10574706643819809 -0.0076432558707892895 -0.08458756655454636 -0.011500741355121136 0.996320366859436
6.443402616216217 -0.22171397507190704 -0.27617180347442627 0.10136106610298157 -0.005080231931060553 -0.07320362329483032 -0.011827131733298302 0.9972339868545532
6.493420616216216 -0.20002228021621704 -0.2829444408416748 0.09803900122642517 -0.00473826564848423 -0.06357318162918091 -0.012640511617064476 0.9978858828544617
6.543437616216217 -0.17999501526355743 -0.28044721484184265 0.10912706702947617 -0.005910954438149929 -0.0536474734544754 -0.013891087844967842 0.9984458088874817
6.593454616216216 -0.1549001783132553 -0.26971152424812317 0.10810503363609314 -0.00770941935479641 -0.04646225646138191 -0.014789256267249584 0.9987808465957642
6.643471616216217 -0.1346556544303894 -0.2590506672859192 0.10888262838125229 -0.009932909160852432 -0.0383455865085125 -0.015019548125565052 0.9991022944450378
6.693489616216216 -0.10891322791576385 -0.23464258015155792 0.11817306280136108 -0.012227335013449192 -0.03267369791865349 -0.013714006170630455 0.9992972016334534
6.743506616216216 -0.09600894153118134 -0.21272943913936615 0.11310385167598724 -0.015271352604031563 -0.026572661474347115 -0.014020009897649288 0.9994319081306458
6.793523616216216 -0.07961232960224152 -0.18420064449310303 0.11452720314264297 -0.019249754026532173 -0.0215801652520895 -0.013334951363503933 0.999492883682251
6.843540616216217 -0.0721839889883995 -0.1522011011838913 0.11372599750757217 -0.024248503148555756 -0.016494978219270706 -0.012613830156624317 0.9994903206825256
6.893557616216216 -0.06632149964570999 -0.117082379758358 0.12101820856332779 -0.031467221677303314 -0.01484633982181549 -0.01235063374042511 0.9993182420730591
6.943575616216216 -0.06080666184425354 -0.08074960112571716 0.12633945047855377 -0.03924840688705444 -0.013916201889514923 -0.011378973722457886 0.9990678429603577
6.993592616216216 -0.0669851303100586 -0.047170624136924744 0.13292288780212402 -0.046891070902347565 -0.01139297429472208 -0.011918889358639717 0.998763918876648
7.043609616216216 -0.07545889914035797 -0.017789289355278015 0.1422981321811676 -0.05458591878414154 -0.011068606749176979 -0.012327663600444794 0.9983716607093811
7.093626616216216 -0.08684775233268738 0.0157333817332983 0.14870795607566833 -0.060339879244565964 -0.013090348802506924 -0.012476068921387196 0.9980140924453735
7.143644616216216 -0.103023000061512 0.04069434478878975 0.1587674468755722 -0.06694553047418594 -0.017848016694188118 -0.012846824713051319 0.9975143074989319
7.193661616216216 -0.1252574622631073 0.062195803970098495 0.16924601793289185 -0.07303895801305771 -0.024213464930653572 -0.013359710574150085 0.9969456791877747
7.243678616216216 -0.14547765254974365 0.07674413174390793 0.17199820280075073 -0.0787908211350441 -0.032838594168424606 -0.013917366042733192 0.9962529540061951
7.293695616216216 -0.17059864103794098 0.08441031724214554 0.17657217383384705 -0.08395880460739136 -0.041998669505119324 -0.01409916765987873 0.995483934879303
7.343713616216216 -0.19832731783390045 0.08489961177110672 0.1795104295015335 -0.08841311186552048 -0.05182567983865738 -0.013873635791242123 0.9946380257606506
7.393730616216216 -0.22157029807567596 0.08008797466754913 0.18671931326389313 -0.09221269935369492 -0.06253955513238907 -0.013272150419652462 0.9936848878860474
7.443747616216216 -0.24674001336097717 0.06743140518665314 0.19065029919147491 -0.09508170932531357 -0.07185318320989609 -0.013347812928259373 0.9927831888198853
7.493764616216216 -0.27139824628829956 0.04674172401428223 0.19333644211292267 -0.09710901975631714 -0.07921988517045975 -0.01290495228022337 0.9920320510864258
7.543782616216216 -0.29249200224876404 0.023347236216068268 0.19681701064109802 -0.09724747389554977 -0.0854707732796669 -0.012698677368462086 0.9915021657943726
7.5937996162162165 -0.3091129660606384 -0.0006781104020774364 0.20237460732460022 -0.09405229985713959 -0.0903407633304596 -0.01178041659295559 0.9913899302482605
7.643816616216216 -0.32080981135368347 -0.03347212076187134 0.20471006631851196 -0.09082532674074173 -0.09556088596582413 -0.010978261940181255 0.9912105798721313
7.693833616216216 -0.32693174481391907 -0.0692519098520279 0.21031495928764343 -0.08694059401750565 -0.09963639825582504 -0.009940887801349163 0.9911685585975647
7.743850616216216 -0.33567121624946594 -0.09924504905939102 0.20986317098140717 -0.08067425340414047 -0.10246068239212036 -0.009675375185906887 0.9914130568504333
7.7938686162162165 -0.33447620272636414 -0.13536156713962555 0.21329952776432037 -0.07474645972251892 -0.10484115779399872 -0.008133520372211933 0.9916426539421082
7.843885616216216 -0.3275941014289856 -0.1653468757867813 0.21928542852401733 -0.06706777215003967 -0.10738839209079742 -0.008291453123092651 0.9919177889823914
7.8939026162162165 -0.3158837556838989 -0.19100558757781982 0.2144957035779953 -0.059049833565950394 -0.10834695398807526 -0.008814875036478043 0.9923186898231506
7.943919616216216 -0.2958630919456482 -0.21717087924480438 0.21640296280384064 -0.05219249054789543 -0.10597507655620575 -0.010192104615271091 0.9929458498954773
7.993937616216217 -0.27693259716033936 -0.23688462376594543 0.21784448623657227 -0.04617365449666977 -0.100707046687603 -0.012703623622655869 0.9937629103660583
8.043954616216217 -0.2605215907096863 -0.24738353490829468 0.2144545018672943 -0.04098419472575188 -0.0918647050857544 -0.014788887463510036 0.9948177933692932
8.093971616216216 -0.2354976385831833 -0.2524937391281128 0.21904833614826202 -0.03791110962629318 -0.0830456092953682 -0.015762925148010254 0.9956996440887451
8.143988616216216 -0.20971424877643585 -0.2536171078681946 0.22185444831848145 -0.03757266327738762 -0.07293341308832169 -0.018200181424617767 0.9964626431465149
8.194006616216216 -0.1796317994594574 -0.24501870572566986 0.224867582321167 -0.037777602672576904 -0.06373372673988342 -0.018660912290215492 0.9970771074295044
8.244023616216216 -0.15990886092185974 -0.23201584815979004 0.2287473827600479 -0.03984653204679489 -0.05371934920549393 -0.019871670752763748 0.9975628852844238
8.294040616216217 -0.13905420899391174 -0.21782609820365906 0.22681696712970734 -0.043328456580638885 -0.04515322670340538 -0.021097319200634956 0.9978170394897461
8.344057616216217 -0.11685775965452194 -0.19832904636859894 0.22533833980560303 -0.04774405062198639 -0.039623212069272995 -0.02082350291311741 0.9978561401367188
8.394074616216216 -0.10150022059679031 -0.17116376757621765 0.2260281890630722 -0.05207047238945961 -0.03460068628191948 -0.02091335877776146 0.9978247284889221
8.444092616216217 -0.08832579106092453 -0.14330749213695526 0.22510956227779388 -0.0574803501367569 -0.031137097626924515 -0.020640593022108078 0.9976475238800049
8.494109616216216 -0.07947292923927307 -0.11426224559545517 0.2251821756362915 -0.06292954832315445 -0.027450116351246834 -0.020085938274860382 0.9974382519721985
8.544126616216216 -0.0744498074054718 -0.08146663755178452 0.22719460725784302 -0.06842599809169769 -0.02462363801896572 -0.019770387560129166 0.9971563220024109
8.594143616216217 -0.07485073804855347 -0.053435202687978745 0.22527849674224854 -0.0743684247136116 -0.02405575104057789 -0.01958283968269825 0.9967483878135681
8.644161616216216 -0.08061432838439941 -0.020579800009727478 0.23225361108779907 -0.07892978936433792 -0.026655413210392 -0.018429795280098915 0.9963533282279968
8.694178616216217 -0.094520203769207 0.003042731899768114 0.2320989966392517 -0.08462633937597275 -0.03056466393172741 -0.018861349672079086 0.9957652688026428
8.744195616216217 -0.1077856719493866 0.02876339666545391 0.2328820824623108 -0.0893513411283493 -0.03510359674692154 -0.019255029037594795 0.995195209980011
8.794212616216216 -0.13059085607528687 0.04628073424100876 0.2314748466014862 -0.09509298950433731 -0.040618471801280975 -0.02076124958693981 0.9944226741790771
8.844230616216215 -0.15186664462089539 0.05562716722488403 0.23161622881889343 -0.10170124471187592 -0.0496426485478878 -0.022190062329173088 0.9933278560638428
8.894247616216216 -0.17576275765895844 0.05812034755945206 0.23420797288417816 -0.10815834999084473 -0.06075591593980789 -0.022677477449178696 0.9920162558555603
8.944264616216216 -0.20512264966964722 0.05334887653589249 0.23006106913089752 -0.11390034854412079 -0.0730462446808815 -0.02367597259581089 0.9905202984809875
8.994281616216217 -0.2349170744419098 0.04250934720039368 0.2317269742488861 -0.11881278455257416 -0.08221404999494553 -0.023876549676060677 0.989219069480896
9.044299616216216 -0.26222822070121765 0.029761362820863724 0.23170077800750732 -0.12086114287376404 -0.09036107361316681 -0.025319207459688187 0.9882238507270813
9.094316616216217 -0.2810232639312744 0.007112372666597366 0.22885824739933014 -0.12233070284128189 -0.09836301952600479 -0.024602768942713737 0.9872966408729553
9.144333616216215 -0.30441126227378845 -0.0238284133374691 0.22989246249198914 -0.12230376899242401 -0.10320806503295898 -0.023962082341313362 0.9868210554122925
9.194350616216216 -0.31911784410476685 -0.05280734598636627 0.2260245978832245 -0.11902066320180893 -0.10709572583436966 -0.023838499560952187 0.9868112206459045
9.244367616216216 -0.3366108238697052 -0.08624467998743057 0.2261933982372284 -0.11652838438749313 -0.10859889537096024 -0.022041844204068184 0.9869861602783203
9.294385616216216 -0.3446904122829437 -0.11805883049964905 0.22864791750907898 -0.11297232657670975 -0.10971232503652573 -0.021303273737430573 0.9872926473617554
9.344402616216216 -0.34996262192726135 -0.15381702780723572 0.22871224582195282 -0.11094508320093155 -0.10899396985769272 -0.020496372133493423 0.9876190423965454
9.394419616216217 -0.355935662984848 -0.184478759765625 0.23056118190288544 -0.10884086787700653 -0.1067756935954094 -0.021827496588230133 0.9880669713020325
9.444436616216215 -0.3609171509742737 -0.21757790446281433 0.23718127608299255 -0.10796613991260529 -0.10518091171979904 -0.021737337112426758 0.988335907459259
9.494454616216217 -0.3672982454299927 -0.244037926197052 0.24208463728427887 -0.10609830170869827 -0.10312628000974655 -0.023557765409350395 0.9887129068374634
9.544471616216216 -0.3631485104560852 -0.26881763339042664 0.2436497062444687 -0.10383613407611847 -0.10162530839443207 -0.02333245612680912 0.9891137480735779
9.594488616216216 -0.3549809455871582 -0.2946082055568695 0.25108274817466736 -0.10250671207904816 -0.09960974007844925 -0.02232278138399124 0.98948073387146
9.644505616216216 -0.3490484058856964 -0.31779712438583374 0.2577001750469208 -0.10091517120599747 -0.09692348539829254 -0.021503768861293793 0.9899290800094604
9.694523616216216 -0.3387392461299896 -0.33687180280685425 0.2579399645328522 -0.09887292981147766 -0.09525471925735474 -0.01854957453906536 0.9903568625450134
9.744540616216216 -0.32675549387931824 -0.36011412739753723 0.2604460120201111 -0.09878762811422348 -0.09557739645242691 -0.016065293923020363 0.99037766456604
9.794557616216217 -0.31596148014068604 -0.3779601752758026 0.2633132338523865 -0.09790631383657455 -0.09618943184614182 -0.01323303859680891 0.9904478192329407
9.844574616216216 -0.30142858624458313 -0.3914957344532013 0.2629104256629944 -0.09601890295743942 -0.09669163078069687 -0.011984691023826599 0.9905995726585388
9.894591616216216 -0.2776227295398712 -0.4117331802845001 0.2623594105243683 -0.09653568267822266 -0.09744297713041306 -0.009363226592540741 0.9905039668083191
9.944609616216216 -0.2649855315685272 -0.4148128926753998 0.2660154700279236 -0.09541995078325272 -0.09643299132585526 -0.010643462650477886 0.990697979927063
9.994626616216216 -0.24015629291534424 -0.42251867055892944 0.2721298933029175 -0.09764735400676727 -0.0956600233912468 -0.012044575996696949 0.9905398488044739
10.044643616216216 -0.22216488420963287 -0.4281420409679413 0.2767893671989441 -0.09907755255699158 -0.09173070639371872 -0.0134867699816823 0.9907508492469788
10.094660616216217 -0.2039153128862381 -0.42961129546165466 0.2786913216114044 -0.10033728927373886 -0.08662692457437515 -0.01606162078678608 0.9910450577735901
10.144678616216217 -0.19384312629699707 -0.4266664385795593 0.27773240208625793 -0.1015913337469101 -0.08109663426876068 -0.02058669738471508 0.9913015961647034
10.194695616216217 -0.18655787408351898 -0.4226154088973999 0.2898542582988739 -0.10546761751174927 -0.07863122969865799 -0.025056395679712296 0.9909924268722534
10.244712616216216 -0.18762895464897156 -0.41656485199928284 0.2879135012626648 -0.1096368134021759 -0.07889995723962784 -0.028490090742707253 0.9904255867004395
10.294729616216216 -0.18833649158477783 -0.4103459119796753 0.30032217502593994 -0.11587780714035034 -0.08108877390623093 -0.02997373789548874 0.9894940853118896
10.344747616216216 -0.19677391648292542 -0.4048134982585907 0.30905142426490784 -0.12164023518562317 -0.08364947885274887 -0.028220202773809433 0.9886404871940613
10.394764616216216 -0.20774206519126892 -0.4065221846103668 0.3163505494594574 -0.1279805302619934 -0.08589545637369156 -0.02815999835729599 0.9876487255096436
10.444781616216217 -0.22052009403705597 -0.40874263644218445 0.3174433410167694 -0.13259032368659973 -0.08804786950349808 -0.02799084410071373 0.9868555665016174
10.494798616216217 -0.23700587451457977 -0.4191370904445648 0.3244929611682892 -0.13727952539920807 -0.0902295783162117 -0.026276428252458572 0.9860641956329346
10.544816616216217 -0.24680347740650177 -0.42395591735839844 0.33372658491134644 -0.13924607634544373 -0.09419751167297363 -0.025713399052619934 0.985431969165802
10.594833616216217 -0.26162955164909363 -0.43259742856025696 0.3418753743171692 -0.14002226293087006 -0.09851982444524765 -0.02325456589460373 0.9849603772163391
10.644850616216216 -0.26700857281684875 -0.44797128438949585 0.3486027419567108 -0.14048606157302856 -0.10278616100549698 -0.01972808502614498 0.9845352172851562
10.694867616216216 -0.28016242384910583 -0.4581741690635681 0.35149112343788147 -0.1386404186487198 -0.10587803274393082 -0.017194204032421112 0.9845166802406311
10.744884616216217 -0.2806592583656311 -0.4673764705657959 0.36111539602279663 -0.13607896864414215 -0.10982564091682434 -0.014954387210309505 0.9844781756401062
10.794902616216216 -0.2881956696510315 -0.48535990715026855 0.36251169443130493 -0.13374978303909302 -0.1085406169295311 -0.011643659323453903 0.9849844574928284
10.844919616216217 -0.2874399721622467 -0.4961000680923462 0.3705805540084839 -0.13146306574344635 -0.10765624791383743 -0.009299669414758682 0.9854142069816589
10.894936616216217 -0.2731706500053406 -0.5116649866104126 0.38196733593940735 -0.13221094012260437 -0.10780436545610428 -0.005058705806732178 0.9853288531303406
10.944953616216216 -0.2656577527523041 -0.5259261727333069 0.3831771910190582 -0.1320800632238388 -0.10482575744390488 -0.0027623604983091354 0.9856768846511841
10.994971616216215 -0.24815446138381958 -0.5322168469429016 0.3972054123878479 -0.1327621340751648 -0.1018875241279602 -0.0018140884349122643 0.9858955144882202
11.044988616216216 -0.2383236140012741 -0.5440325140953064 0.4048616588115692 -0.13453228771686554 -0.09662970900535583 -0.0009224239038303494 0.9861860871315002
11.095005616216216 -0.2195793092250824 -0.5484907031059265 0.415073961019516 -0.13537001609802246 -0.09245787560939789 0.00038169141043908894 0.9864717125892639
11.145022616216217 -0.20191101729869843 -0.5588167309761047 0.4184991121292114 -0.13756664097309113 -0.08608337491750717 -3.466466296231374e-05 0.9867447018623352
11.195040616216216 -0.18217572569847107 -0.5626692771911621 0.42568883299827576 -0.13970816135406494 -0.07823113352060318 0.001051754574291408 0.9870969653129578
11.245057616216217 -0.16080008447170258 -0.5639813542366028 0.43085718154907227 -0.14099803566932678 -0.07204397022724152 0.0020173569209873676 0.9873830080032349
11.295074616216215 -0.13667674362659454 -0.5655795931816101 0.4294934868812561 -0.14164887368679047 -0.06550087034702301 0.0042510065250098705 0.9877384901046753
11.345091616216216 -0.11567490547895432 -0.5636729598045349 0.42749449610710144 -0.14152127504348755 -0.058354102075099945 0.006869493518024683 0.9881899952888489
11.395108616216216 -0.09689388424158096 -0.5605162382125854 0.4223320782184601 -0.14081375300884247 -0.05038965120911598 0.010536068119108677 0.988696813583374
11.445126616216216 -0.07900051772594452 -0.5574432015419006 0.41582173109054565 -0.14110058546066284 -0.04375389963388443 0.013802098110318184 0.9889316558837891
11.495143616216216 -0.06396554410457611 -0.5564859509468079 0.40608978271484375 -0.14245550334453583 -0.03651305288076401 0.01753387786448002 0.9889721274375916
11.545160616216217 -0.050273627042770386 -0.5480210781097412 0.40221384167671204 -0.1434367299079895 -0.029776345938444138 0.021607322618365288 0.988975465297699
11.595177616216215 -0.04796677827835083 -0.53947514295578 0.39410078525543213 -0.14441810548305511 -0.022852182388305664 0.023658357560634613 0.9889699220657349
11.645195616216217 -0.050992466509342194 -0.5335131287574768 0.3905957043170929 -0.14559757709503174 -0.019568191841244698 0.025665489956736565 0.9888173341751099
11.695212616216216 -0.05687282234430313 -0.5192334651947021 0.388023316860199 -0.14434204995632172 -0.01750398613512516 0.026784222573041916 0.9890104532241821
11.745229616216216 -0.06202055513858795 -0.520875871181488 0.3803795576095581 -0.1443050503730774 -0.023144904524087906 0.027131114155054092 0.9888904690742493
11.795246616216216 -0.0779109001159668 -0.5189872980117798 0.3671573996543884 -0.14256790280342102 -0.02797018364071846 0.02570253610610962 0.989055871963501
11.845264616216216 -0.09890922904014587 -0.5176473259925842 0.3616487681865692 -0.14197534322738647 -0.033428553491830826 0.022949114441871643 0.989039421081543
11.895281616216216 -0.11637915670871735 -0.5202691555023193 0.35657376050949097 -0.1428491622209549 -0.042218126356601715 0.020389731973409653 0.988633394241333
11.945298616216217 -0.14359860122203827 -0.5249571800231934 0.35983628034591675 -0.14546211063861847 -0.05182989686727524 0.017890339717268944 0.9878433346748352
11.995315616216216 -0.16340798139572144 -0.5335792303085327 0.3631129860877991 -0.1487911343574524 -0.06135985627770424 0.016939550638198853 0.9868177771568298
12.045333616216217 -0.18770021200180054 -0.5419543385505676 0.37069767713546753 -0.15244467556476593 -0.06903943419456482 0.015477793291211128 0.9857761859893799
12.095350616216216 -0.20175883173942566 -0.5518679618835449 0.37873560190200806 -0.1557595282793045 -0.07603850215673447 0.015398448333144188 0.9847437143325806
12.145367616216216 -0.21248093247413635 -0.5669668316841125 0.39618250727653503 -0.15946242213249207 -0.08054234832525253 0.015101575292646885 0.9837970733642578
12.195384616216217 -0.22419577836990356 -0.5757820010185242 0.40490245819091797 -0.1603161245584488 -0.08317369967699051 0.015570052899420261 0.9834320545196533
12.245401616216217 -0.23358939588069916 -0.5885146856307983 0.4140335023403168 -0.16072936356067657 -0.08598672598600388 0.01449225377291441 0.9831390380859375
12.295419616216217 -0.23218168318271637 -0.6038846373558044 0.42954346537590027 -0.16131332516670227 -0.08912508189678192 0.015021609142422676 0.9827558994293213
12.345436616216217 -0.23166543245315552 -0.6121275424957275 0.43624335527420044 -0.1590716540813446 -0.08943880349397659 0.014092987403273582 0.9831064939498901
12.395453616216216 -0.22446966171264648 -0.6263291239738464 0.44733983278274536 -0.1592172533273697 -0.09144628047943115 0.012465664185583591 0.982920229434967
12.445470616216216 -0.21629588305950165 -0.6304455995559692 0.46406739950180054 -0.1579040288925171 -0.09123393893241882 0.010861208662390709 0.9831708073616028
12.495488616216216 -0.20499852299690247 -0.6373767852783203 0.47162309288978577 -0.15721838176250458 -0.09086360782384872 0.009935731999576092 0.9833247661590576
12.545505616216216 -0.19049173593521118 -0.6429181694984436 0.4869145452976227 -0.1575731784105301 -0.08931629359722137 0.007676807697862387 0.9834299683570862
12.595522616216217 -0.17672857642173767 -0.6531028747558594 0.49221882224082947 -0.1583801656961441 -0.0866391658782959 0.006486324593424797 0.9835483431816101
12.645539616216217 -0.1591070592403412 -0.6598318815231323 0.5068173408508301 -0.16011665761470795 -0.08422721177339554 0.005677931942045689 0.9834816455841064
12.695557616216217 -0.14320743083953857 -0.6614225506782532 0.5158484578132629 -0.16086797416210175 -0.08155744522809982 0.00437313225120306 0.9835907816886902
12.745574616216217 -0.12926046550273895 -0.6656145453453064 0.5224224328994751 -0.1621854454278946 -0.0779624879360199 0.0035116702783852816 0.9836694002151489
12.795591616216216 -0.11181461811065674 -0.669439971446991 0.5326430201530457 -0.1647939831018448 -0.07341768592596054 0.004273748956620693 0.9835824966430664
12.845608616216216 -0.10038822889328003 -0.6696947813034058 0.5383158326148987 -0.16647891700267792 -0.06840229779481888 0.0045585352927446365 0.983659029006958
12.895626616216216 -0.08622854948043823 -0.6709052324295044 0.5396920442581177 -0.1679990440607071 -0.0651097297668457 0.004580203909426928 0.9836239814758301
12.945643616216216 -0.07452068477869034 -0.6672171950340271 0.5384981632232666 -0.16863787174224854 -0.06117202714085579 0.006245627533644438 0.983758270740509
12.995660616216217 -0.06430640816688538 -0.6633915901184082 0.5283367037773132 -0.16810938715934753 -0.05715085193514824 0.007743446156382561 0.9840798377990723
13.045677616216215 -0.05767623335123062 -0.6586512923240662 0.5150907039642334 -0.16722029447555542 -0.054347917437553406 0.008909380063414574 0.9843801856040955
13.095694616216216 -0.04090755432844162 -0.6458727717399597 0.5038593411445618 -0.16535763442516327 -0.05440519377589226 0.010161031037569046 0.9846795201301575
13.145712616216215 -0.047575630247592926 -0.6384748220443726 0.49140438437461853 -0.164870485663414 -0.051947589963674545 0.009081348776817322 0.984904408454895
13.195729616216216 -0.043542083352804184 -0.625571072101593 0.481690913438797 -0.16380803287029266 -0.04973166435956955 0.010069315321743488 0.9851864576339722
13.245746616216216 -0.04055473953485489 -0.6191630959510803 0.45837679505348206 -0.16195347905158997 -0.04725639149546623 0.009793241508305073 0.9856176376342773
13.295763616216217 -0.04511445015668869 -0.6091116070747375 0.4395594596862793 -0.1600523442029953 -0.04262674227356911 0.011201735585927963 0.9861241579055786
13.345781616216216 -0.04763916879892349 -0.5996684432029724 0.4258890748023987 -0.1587079018354416 -0.04074908047914505 0.009751618839800358 0.986436128616333
13.395798616216217 -0.04880717396736145 -0.5959097146987915 0.41346558928489685 -0.1581648588180542 -0.03612393140792847 0.011165075935423374 0.9866886138916016
13.445815616216215 -0.06017674505710602 -0.5816607475280762 0.3902217447757721 -0.15439549088478088 -0.03291025385260582 0.01124976109713316 0.987396776676178
13.495832616216216 -0.06495832651853561 -0.5778001546859741 0.3744111955165863 -0.1538131982088089 -0.0326739139854908 0.01056339405477047 0.9875031113624573
13.545850616216216 -0.08221772313117981 -0.5725731253623962 0.37011057138442993 -0.1525917947292328 -0.030661432072520256 0.012385987676680088 0.98773592710495
13.595867616216216 -0.10621512681245804 -0.5740103125572205 0.36020252108573914 -0.1526079922914505 -0.028258513659238815 0.012990153394639492 0.9877973794937134
13.645884616216216 -0.10892526060342789 -0.5756435990333557 0.3572656214237213 -0.15450958907604218 -0.029919490218162537 0.014184394851326942 0.9874363541603088
13.695901616216217 -0.12369115650653839 -0.5806965827941895 0.35230836272239685 -0.15616530179977417 -0.032437365502119064 0.012418617494404316 0.9871200919151306
13.745918616216215 -0.14495690166950226 -0.5914346575737 0.35000452399253845 -0.15879639983177185 -0.032725390046834946 0.012394549325108528 0.9866909980773926
13.795936616216217 -0.16139760613441467 -0.5997346043586731 0.3485015630722046 -0.16117846965789795 -0.03747003898024559 0.011565604247152805 0.9861459136009216
13.845953616216216 -0.17367705702781677 -0.606866717338562 0.3607560396194458 -0.16392746567726135 -0.046353571116924286 0.010445049963891506 0.985327422618866
13.895970616216216 -0.18070988357067108 -0.6147499680519104 0.37317806482315063 -0.16526730358600616 -0.05551831051707268 0.008865470997989178 0.9846450090408325
13.945987616216216 -0.1893438696861267 -0.6214742064476013 0.38247519731521606 -0.16474410891532898 -0.06296960264444351 0.00532619608566165 0.9843099117279053
13.996005616216216 -0.1991623342037201 -0.6314104795455933 0.3977712094783783 -0.1649060994386673 -0.06764830648899078 0.0013907799730077386 0.9839856624603271
14.046022616216217 -0.20017659664154053 -0.6431258916854858 0.4142772853374481 -0.1635262370109558 -0.0697597935795784 -0.0020408970303833485 0.9840673804283142
14.096039616216217 -0.19693778455257416 -0.6559250354766846 0.4324339032173157 -0.1618293672800064 -0.07029567658901215 -0.004346958361566067 0.9843022227287292
14.146056616216216 -0.1897927224636078 -0.6696732640266418 0.4470447897911072 -0.15877433121204376 -0.07083623111248016 -0.00515748793259263 0.9847570061683655
14.196074616216217 -0.1804434359073639 -0.6865105628967285 0.46048063039779663 -0.1557941436767578 -0.07049593329429626 -0.005578808020800352 0.9852550029754639
14.246091616216216 -0.16600221395492554 -0.6987767815589905 0.4682967960834503 -0.1523517668247223 -0.07034748047590256 -0.005313488654792309 0.9858052134513855
14.296108616216216 -0.15075498819351196 -0.7094662189483643 0.4754781126976013 -0.14903225004673004 -0.06805931776762009 -0.005828023888170719 0.9864702224731445
14.346125616216217 -0.13179966807365417 -0.7190114259719849 0.4820418059825897 -0.14577701687812805 -0.06405956298112869 -0.006391474511474371 0.9872206449508667
14.396142616216217 -0.1071167066693306 -0.7188349366188049 0.4871007800102234 -0.14094726741313934 -0.0583718903362751 -0.007157731801271439 0.9882688522338867
14.446160616216217 -0.08333015441894531 -0.7243697047233582 0.4940159022808075 -0.13854798674583435 -0.05083227902650833 -0.006766942795366049 0.9890272617340088
14.496177616216217 -0.05777829512953758 -0.7273263335227966 0.49719518423080444 -0.13652163743972778 -0.04498198628425598 -0.006690671667456627 0.9895927309989929
14.546194616216216 -0.03278699517250061 -0.733471155166626 0.49650779366493225 -0.13587023317813873 -0.03976472467184067 -0.004914869088679552 0.9899161458015442
14.596211616216216 -0.008880652487277985 -0.7325136065483093 0.4973655939102173 -0.13570351898670197 -0.035055458545684814 -0.003109957790002227 0.9901242852210999
14.646229616216216 0.013958988711237907 -0.7340357303619385 0.4926424026489258 -0.13611868023872375 -0.029765795916318893 -0.0010702478466555476 0.9902447462081909
14.696246616216216 0.037354130297899246 -0.733605146408081 0.48091813921928406 -0.13623322546482086 -0.023225087672472 0.0014951175544410944 0.990403413772583
14.746263616216217 0.05708079785108566 -0.727932870388031 0.46917831897735596 -0.13561174273490906 -0.016910528764128685 0.004173235967755318 0.9906089901924133
14.796280616216217 0.0741824358701706 -0.7194812893867493 0.45811039209365845 -0.13525080680847168 -0.011499245651066303 0.006946082692593336 0.9907203316688538
14.846298616216217 0.08393175154924393 -0.7074028849601746 0.4414595365524292 -0.13372701406478882 -0.005598343443125486 0.011185193434357643 0.9909393191337585
14.896315616216215 0.0948759913444519 -0.6847451329231262 0.427903413772583 -0.13094231486320496 -0.001501184538938105 0.013458040542900562 0.9912975430488586
14.946332616216216 0.09771304577589035 -0.6721129417419434 0.4127337336540222 -0.1294955611228943 0.0027652767021209 0.014649349264800549 0.9914679527282715
14.996349616216216 0.09885153919458389 -0.6687785387039185 0.38960716128349304 -0.13102583587169647 0.0013471497222781181 0.01585226133465767 0.9912512898445129
15.046367616216216 0.07903759181499481 -0.6475797295570374 0.37449371814727783 -0.1282539963722229 0.0015257301274687052 0.014997824095189571 0.9916268587112427
15.096384616216216 0.06812987476587296 -0.6326707005500793 0.37013480067253113 -0.12744101881980896 -0.0012843187432736158 0.015435850247740746 0.9917252659797668
15.146401616216217 0.043901193886995316 -0.6268764138221741 0.35799217224121094 -0.12712788581848145 -0.004624906927347183 0.012336906976997852 0.9917988777160645
15.196418616216215 0.021677985787391663 -0.6235936880111694 0.35369446873664856 -0.12691302597522736 -0.008864027447998524 0.011297383345663548 0.9918099641799927
15.246435616216216 -0.0025745872408151627 -0.6178610920906067 0.3448649048805237 -0.12606889009475708 -0.014324018731713295 0.007911481894552708 0.991886556148529
15.296453616216215 -0.032391443848609924 -0.6199911832809448 0.347756028175354 -0.12740686535835266 -0.01876862347126007 0.004737010691314936 0.9916616678237915
15.346470616216216 -0.06128058582544327 -0.6261191368103027 0.35173872113227844 -0.12992864847183228 -0.025760188698768616 0.0017230218509212136 0.9911871552467346
15.396487616216216 -0.08528023213148117 -0.6332511901855469 0.35486945509910583 -0.1316947191953659 -0.033426254987716675 -0.0008218944421969354 0.9907262921333313
15.446504616216217 -0.11106818169355392 -0.6428106427192688 0.3601580858230591 -0.13375544548034668 -0.040727127343416214 -0.0030844127759337425 0.9901723861694336
15.496522616216216 -0.13288073241710663 -0.6560675501823425 0.37307119369506836 -0.1358952522277832 -0.049051929265260696 -0.004109199158847332 0.9894996881484985
15.546539616216217 -0.149757981300354 -0.6722495555877686 0.3875329792499542 -0.1378634124994278 -0.056963641196489334 -0.00530043663457036 0.988797664642334
15.596556616216215 -0.16272114217281342 -0.6892605423927307 0.40256115794181824 -0.1379404067993164 -0.06505604833364487 -0.005481266882270575 0.9882864952087402
15.646573616216216 -0.1657237708568573 -0.7064341306686401 0.4205629229545593 -0.1371757984161377 -0.07307147979736328 -0.004406302236020565 0.9878380298614502
15.696591616216216 -0.16914919018745422 -0.7165813446044922 0.43730467557907104 -0.13367296755313873 -0.07670961320400238 -0.0025341399013996124 0.9880489706993103
15.746608616216216 -0.1730334758758545 -0.7359607219696045 0.4517843425273895 -0.13091664016246796 -0.07885938137769699 -0.00012871439685113728 0.9882520437240601
15.796625616216216 -0.16352304816246033 -0.748455822467804 0.46356913447380066 -0.12560950219631195 -0.08135045319795609 0.002126168692484498 0.9887365698814392
15.846642616216217 -0.15461614727973938 -0.759442925453186 0.46456071734428406 -0.11829263716936111 -0.08115185052156448 0.003954105079174042 0.9896492958068848
15.896659616216215 -0.14145639538764954 -0.7701796889305115 0.4649164378643036 -0.11027923226356506 -0.08104697614908218 0.005783685948699713 0.9905738234519958
15.946677616216217 -0.11804722249507904 -0.774787425994873 0.46482160687446594 -0.10117592662572861 -0.08032666146755219 0.007455389015376568 0.9915924072265625
15.996694616216216 -0.0951576754450798 -0.7788827419281006 0.45859888195991516 -0.09237385541200638 -0.0795912966132164 0.008554152213037014 0.992501437664032
16.046711616216218 -0.07836055755615234 -0.7782037258148193 0.4473717212677002 -0.08308827877044678 -0.0786518082022667 0.010268116369843483 0.9933804869651794
16.096728616216215 -0.06111276149749756 -0.769467830657959 0.4352573752403259 -0.07324293255805969 -0.07925151288509369 0.01203194074332714 0.9940875172615051
16.146746616216216 -0.043258920311927795 -0.7546229958534241 0.43106165528297424 -0.06595775485038757 -0.08066897839307785 0.01355631835758686 0.9944638609886169
16.196763616216217 -0.033265821635723114 -0.7397754192352295 0.4155626893043518 -0.06016933172941208 -0.0802680104970932 0.012468637898564339 0.9948775172233582
16.246780616216217 -0.015005799010396004 -0.7226753830909729 0.4033465087413788 -0.05742226913571358 -0.08165443688631058 0.013197369873523712 0.994917631149292
16.296797616216217 -0.004540438298135996 -0.7064168453216553 0.40269213914871216 -0.05760722607374191 -0.08069002628326416 0.012407642789185047 0.9949957728385925
16.346815616216215 0.007203776389360428 -0.6824209690093994 0.394160658121109 -0.05802731588482857 -0.08339735865592957 0.012658923864364624 0.9947449564933777
16.396832616216216 0.014106949791312218 -0.6563486456871033 0.39162346720695496 -0.059436216950416565 -0.08750313520431519 0.012387126684188843 0.9943124055862427
16.446849616216216 0.021748123690485954 -0.6359859108924866 0.3668372631072998 -0.0615781806409359 -0.09416458755731583 0.011685559526085854 0.9935817122459412
16.496866616216217 0.02341853268444538 -0.6057037711143494 0.3583054840564728 -0.06116074323654175 -0.09981705248355865 0.009026375599205494 0.9930833578109741
16.546884616216218 0.03228674456477165 -0.577837347984314 0.35105761885643005 -0.05938461795449257 -0.1087309718132019 0.005767404101788998 0.9922791719436646
16.596901616216215 0.036294542253017426 -0.5530847311019897 0.3369876742362976 -0.05627204477787018 -0.11875604093074799 -0.00045303450315259397 0.9913275837898254
16.646918616216215 0.03650679439306259 -0.5223063826560974 0.32252901792526245 -0.05107390135526657 -0.12636145949363708 -0.008489209227263927 0.9906322956085205
16.696935616216216 0.03775911405682564 -0.49434784054756165 0.30284634232521057 -0.04487492889165878 -0.13521260023117065 -0.017771610990166664 0.9896402955055237
16.746952616216216 0.03876014053821564 -0.46816521883010864 0.2811650335788727 -0.03875822201371193 -0.14664356410503387 -0.02827681414783001 0.9880252480506897
16.796970616216218 0.03771521523594856 -0.4408492147922516 0.25790807604789734 -0.031990088522434235 -0.16067276895046234 -0.039158158004283905 0.9857116937637329
16.846987616216218 0.03766269236803055 -0.40697476267814636 0.24093283712863922 -0.02511349320411682 -0.1782124638557434 -0.05099140480160713 0.9823489785194397
16.897004616216215 0.036650702357292175 -0.3813104033470154 0.22217704355716705 -0.0208391435444355 -0.19536340236663818 -0.061829738318920135 0.9785581231117249
16.947021616216215 0.03573063760995865 -0.355545312166214 0.20566824078559875 -0.017411231994628906 -0.21144376695156097 -0.07154389470815659 0.9746126532554626
16.997039616216217 0.03213632479310036 -0.3342124819755554 0.1866285651922226 -0.015454006381332874 -0.226888507604599 -0.07897758483886719 0.9705902338027954
17.047056616216217 0.03420618548989296 -0.3195631206035614 0.17821092903614044 -0.015305140055716038 -0.24255017936229706 -0.08468517661094666 0.9663144946098328
17.097073616216218 0.037838973104953766 -0.3107149600982666 0.1701211929321289 -0.016211025416851044 -0.2543469965457916 -0.0868140161037445 0.9630722999572754
17.147090616216218 0.03976086154580116 -0.3117830157279968 0.17139208316802979 -0.01914975233376026 -0.2609328627586365 -0.08546525985002518 0.9613756537437439
17.197108616216216 0.04597952216863632 -0.32062068581581116 0.1583222597837448 -0.02226734533905983 -0.2596491277217865 -0.08073990792036057 0.9620642066001892
17.247125616216216 0.05453938990831375 -0.3207286596298218 0.14979837834835052 -0.019634630531072617 -0.2534615397453308 -0.08116857707500458 0.9637341499328613
17.297142616216217 0.06343149393796921 -0.3341670036315918 0.14544962346553802 -0.018048420548439026 -0.24483060836791992 -0.07907562702894211 0.9661673307418823
17.347159616216217 0.07987786829471588 -0.3438137173652649 0.153172105550766 -0.014029603451490402 -0.23671717941761017 -0.07849939912557602 0.9683006405830383
17.397176616216218 0.09126824140548706 -0.35059624910354614 0.15504711866378784 -0.008365393616259098 -0.22920162975788116 -0.0807277038693428 0.9699895977973938
17.447194616216215 0.10291840136051178 -0.35744509100914 0.15563401579856873 -0.004208744503557682 -0.22374621033668518 -0.08405467867851257 0.9710071086883545
17.497211616216216 0.11494450271129608 -0.36985722184181213 0.15600153803825378 -0.002279920969158411 -0.217863991856575 -0.08468606323003769 0.9722954034805298
17.547228616216216 0.12535348534584045 -0.3745138645172119 0.1642819046974182 0.0005127086187712848 -0.21086201071739197 -0.08741848170757294 0.9735990166664124
17.597245616216217 0.141210675239563 -0.3783712387084961 0.1689903885126114 0.004284098744392395 -0.20155012607574463 -0.08792571723461151 0.9755143523216248
17.647263616216215 0.17055003345012665 -0.3722797930240631 0.1782844364643097 0.010001770220696926 -0.19384682178497314 -0.0859195813536644 0.9772109389305115
17.697280616216215 0.1947455257177353 -0.36284878849983215 0.1884540170431137 0.01403367705643177 -0.18982872366905212 -0.08309503644704819 0.9781939387321472
17.747297616216215 0.2194746881723404 -0.3592154085636139 0.19636347889900208 0.014711501076817513 -0.18903666734695435 -0.07829299569129944 0.9787333607673645
17.797314616216216 0.24043196439743042 -0.33256369829177856 0.20841136574745178 0.017785798758268356 -0.1857621818780899 -0.07598022371530533 0.9794912338256836
17.847332616216217 0.2614809274673462 -0.30531638860702515 0.21884377300739288 0.018093984574079514 -0.18063032627105713 -0.07373502850532532 0.9806163907051086
17.897349616216218 0.27415257692337036 -0.270292729139328 0.22443395853042603 0.01687808334827423 -0.1774509996175766 -0.0740448385477066 0.9811950325965881
17.947366616216215 0.2959158718585968 -0.23661454021930695 0.240932896733284 0.012872663326561451 -0.18055766820907593 -0.07403744757175446 0.9806894659996033
17.997383616216215 0.3040740191936493 -0.21113546192646027 0.2491271197795868 0.007322014309465885 -0.18391920626163483 -0.07643156498670578 0.9799379706382751
18.047401616216217 0.31051236391067505 -0.171963632106781 0.26646777987480164 0.0030777209904044867 -0.18892991542816162 -0.07817941159009933 0.9788687229156494
18.097418616216217 0.3115622103214264 -0.1426618993282318 0.2703597843647003 -0.00092886300990358 -0.1935444474220276 -0.07895427942276001 0.9779089689254761
18.147435616216217 0.3182664215564728 -0.11689747124910355 0.27901795506477356 -0.003850229550153017 -0.19985944032669067 -0.07890390604734421 0.9766348600387573
18.197452616216218 0.3179512023925781 -0.09697612375020981 0.2805749475955963 -0.005870517808943987 -0.20427843928337097 -0.07844872772693634 0.975746750831604
18.247469616216215 0.3138990104198456 -0.08666729182004929 0.2778293490409851 -0.007822077721357346 -0.20592178404331207 -0.07679282128810883 0.9755192995071411
18.297487616216216 0.30802109837532043 -0.08453524857759476 0.27616438269615173 -0.007890152744948864 -0.20938149094581604 -0.07556147873401642 0.9748782515525818
18.347504616216217 0.31308406591415405 -0.09372618049383163 0.2827708125114441 -0.009424921125173569 -0.21716205775737762 -0.07304354757070541 0.9733532667160034
18.397521616216217 0.3048070967197418 -0.10273849219083786 0.25905901193618774 -0.007187116891145706 -0.22142285108566284 -0.07288596034049988 0.9724237322807312
18.447538616216217 0.2968320846557617 -0.1260199397802353 0.2541333734989166 -0.006687142886221409 -0.22347408533096313 -0.07286388427019119 0.9719595909118652
18.497556616216215 0.29235565662384033 -0.15249820053577423 0.23476316034793854 -0.003893192857503891 -0.22258879244327545 -0.07288116216659546 0.9721766710281372
18.547573616216216 0.2943685054779053 -0.17530131340026855 0.23872704803943634 8.441656973445788e-05 -0.2261713296175003 -0.07310781627893448 0.9713402390480042
18.597590616216216 0.29744094610214233 -0.1962495744228363 0.22581951320171356 0.006699655670672655 -0.22982580959796906 -0.07204149663448334 0.9705386757850647
18.647607616216217 0.3054315745830536 -0.2253001630306244 0.21033786237239838 0.012800515629351139 -0.2341441959142685 -0.07231473922729492 0.9694241881370544
18.697625616216218 0.3118470013141632 -0.2442130148410797 0.19871623814105988 0.019373005256056786 -0.23694366216659546 -0.0729733482003212 0.968585193157196
18.747642616216215 0.3241523802280426 -0.26572170853614807 0.18431468307971954 0.0265305507928133 -0.2365686595439911 -0.0725368857383728 0.9685400724411011
18.797659616216215 0.35337600111961365 -0.2786911725997925 0.1791398525238037 0.0335242822766304 -0.23645122349262238 -0.07315337657928467 0.9683055281639099
18.847676616216216 0.38062381744384766 -0.27935823798179626 0.18380127847194672 0.0412306934595108 -0.2308739274740219 -0.07412809133529663 0.9692792892456055
18.897693616216216 0.40586650371551514 -0.27779099345207214 0.1837736815214157 0.04687277972698212 -0.22050364315509796 -0.07479032129049301 0.9713843464851379
18.947711616216218 0.4333248436450958 -0.27682942152023315 0.19556981325149536 0.04944951459765434 -0.2109047770500183 -0.0771838128566742 0.973199188709259
18.997728616216218 0.4619588255882263 -0.2707948088645935 0.22296713292598724 0.04795347526669502 -0.20456810295581818 -0.07880526781082153 0.9744958281517029
19.047745616216215 0.4807107150554657 -0.26364150643348694 0.23369652032852173 0.04246971383690834 -0.20012328028678894 -0.0817490816116333 0.9754302501678467
19.097762616216215 0.4989781677722931 -0.24813604354858398 0.2508295774459839 0.03430543839931488 -0.19741828739643097 -0.085240937769413 0.9760036468505859
19.147780616216217 0.5124748945236206 -0.2306378334760666 0.2800289988517761 0.023210790008306503 -0.19365403056144714 -0.0891571193933487 0.9767345786094666
19.197797616216217 0.5275222063064575 -0.20775410532951355 0.29720789194107056 0.01263049989938736 -0.19123472273349762 -0.09228116273880005 0.9771151542663574
19.247814616216218 0.5285936594009399 -0.18501287698745728 0.324869304895401 0.0019083305960521102 -0.1920846700668335 -0.09669198095798492 0.9766015410423279
19.297831616216218 0.5238900184631348 -0.15371964871883392 0.34249627590179443 -0.007524226326495409 -0.19399161636829376 -0.1007622629404068 0.9757856726646423
19.347849616216216 0.5279655456542969 -0.12261779606342316 0.35208842158317566 -0.0165699552744627 -0.20173099637031555 -0.1037827655673027 0.9737860560417175
19.397866616216216 0.5116475820541382 -0.09617523103952408 0.36860060691833496 -0.027590855956077576 -0.20865009725093842 -0.10708362609148026 0.9717186093330383
19.447883616216217 0.5045679807662964 -0.06542828679084778 0.38020622730255127 -0.03898463025689125 -0.21856532990932465 -0.10751598328351974 0.969097375869751
19.497900616216217 0.495105504989624 -0.03884211555123329 0.3928828537464142 -0.0520104356110096 -0.22905981540679932 -0.10855335742235184 0.9659413695335388
19.547918616216215 0.4782663881778717 -0.016129830852150917 0.3992626965045929 -0.06525979936122894 -0.23902961611747742 -0.10972371697425842 0.9625833630561829
19.597935616216215 0.4617210030555725 -0.0006027985364198685 0.4019905626773834 -0.07700493931770325 -0.2501082718372345 -0.11132823675870895 0.9587085843086243
19.647952616216216 0.4446558356285095 0.012423615902662277 0.40469348430633545 -0.08569543808698654 -0.26301872730255127 -0.11326107382774353 0.9542795419692993
19.697969616216216 0.4296397566795349 0.013432208448648453 0.40224286913871765 -0.09212848544120789 -0.2769250273704529 -0.1150403767824173 0.9495213031768799
19.747986616216217 0.4183421730995178 0.006347844377160072 0.3879454731941223 -0.0946587547659874 -0.28898781538009644 -0.11603222042322159 0.9455487132072449
19.798004616216215 0.4109141528606415 -0.014227662235498428 0.37494364380836487 -0.09533649682998657 -0.29961445927619934 -0.11633908748626709 0.9421291351318359
19.848021616216215 0.4052945375442505 -0.03639303520321846 0.3531634211540222 -0.09188999980688095 -0.3082178235054016 -0.11814010888338089 0.939468502998352
19.898038616216216 0.4061758816242218 -0.060288745909929276 0.33366891741752625 -0.08534321933984756 -0.3165203928947449 -0.11827243119478226 0.93730628490448
19.948055616216216 0.4107115864753723 -0.09541067481040955 0.31541699171066284 -0.07928873598575592 -0.3228863775730133 -0.11796440184116364 0.9357041120529175
19.998073616216217 0.419902503490448 -0.12525880336761475 0.2966674566268921 -0.07183394581079483 -0.32599398493766785 -0.11524984985589981 0.9355668425559998
20.048090616216218 0.44455471634864807 -0.15855546295642853 0.29628247022628784 -0.06545624881982803 -0.32752346992492676 -0.11289766430854797 0.9357873797416687
20.098107616216215 0.46484124660491943 -0.19243305921554565 0.29085808992385864 -0.06051784008741379 -0.323356956243515 -0.10935705155134201 0.9379866719245911
20.148124616216215 0.49234384298324585 -0.21985530853271484 0.287016898393631 -0.05547480657696724 -0.31741127371788025 -0.10577253252267838 0.9407363533973694
20.198142616216217 0.5169442296028137 -0.2470536082983017 0.2862527370452881 -0.05257885158061981 -0.3114731013774872 -0.10381276160478592 0.9431028366088867
20.248159616216217 0.551746666431427 -0.26929181814193726 0.28784987330436707 -0.05090907961130142 -0.3056579530239105 -0.10099273175001144 0.9454004764556885
20.298176616216217 0.5786440968513489 -0.2846747636795044 0.2913091778755188 -0.04998120665550232 -0.2964174747467041 -0.09942786395549774 0.9485529661178589
20.348193616216218 0.6114628314971924 -0.29441142082214355 0.30042731761932373 -0.048395976424217224 -0.28657758235931396 -0.09797603636980057 0.951804518699646
20.398210616216215 0.6417844295501709 -0.29555419087409973 0.31251436471939087 -0.04690928757190704 -0.27455776929855347 -0.09843205660581589 0.9553683996200562
20.448228616216216 0.6744865775108337 -0.2890777587890625 0.31929510831832886 -0.046114880591630936 -0.26307687163352966 -0.09888497740030289 0.958585262298584
20.498245616216217 0.7021835446357727 -0.2757350504398346 0.32899874448776245 -0.046960365027189255 -0.25274020433425903 -0.09914717823266983 0.9612944722175598
20.548262616216217 0.724822998046875 -0.251473605632782 0.3390907049179077 -0.04756200313568115 -0.24533604085445404 -0.09990303963422775 0.9631031155586243
20.598279616216217 0.7366421222686768 -0.22103345394134521 0.3516445457935333 -0.050498250871896744 -0.2408907413482666 -0.0998086929321289 0.9640849828720093
20.648297616216215 0.747733473777771 -0.18678726255893707 0.3625481128692627 -0.053524985909461975 -0.24070638418197632 -0.0987350270152092 0.9640783071517944
20.698314616216216 0.7573297023773193 -0.15181607007980347 0.373404324054718 -0.057139910757541656 -0.24441562592983246 -0.09685780853033066 0.9631275534629822
20.748331616216216 0.7544532418251038 -0.11926701664924622 0.3787696659564972 -0.06380695104598999 -0.24945318698883057 -0.0938735157251358 0.9617118239402771
20.798348616216217 0.7482987642288208 -0.08595675975084305 0.39257094264030457 -0.07137583196163177 -0.25583943724632263 -0.08944708108901978 0.9599223136901855
20.848366616216218 0.7348094582557678 -0.057919420301914215 0.3974403142929077 -0.0798160582780838 -0.2627227008342743 -0.08633296191692352 0.9576810002326965
20.898383616216215 0.7206707000732422 -0.033993180841207504 0.39716702699661255 -0.08756152540445328 -0.2704809308052063 -0.08294112235307693 0.9551407694816589
20.948400616216215 0.7025837898254395 -0.0184178426861763 0.39467161893844604 -0.09443026781082153 -0.2811795473098755 -0.07946182787418365 0.9516863226890564
20.998417616216216 0.6831157207489014 -0.011694170534610748 0.3871169984340668 -0.10011159628629684 -0.293887734413147 -0.07773710042238235 0.947398841381073
21.048435616216217 0.6654396653175354 -0.017517291009426117 0.3773384392261505 -0.10460358113050461 -0.3053913116455078 -0.07625415176153183 0.9433873295783997
21.098452616216218 0.6486485600471497 -0.03422963246703148 0.3636425733566284 -0.10666541010141373 -0.3149467706680298 -0.07669785618782043 0.9399725794792175
21.148469616216214 0.6328843832015991 -0.052608322352170944 0.34824004769325256 -0.10559351742267609 -0.32420215010643005 -0.0786706954240799 0.9367784857749939
21.198486616216215 0.6203283667564392 -0.08490830659866333 0.3273445665836334 -0.1034962609410286 -0.33453524112701416 -0.08014438301324844 0.9332478642463684
21.248503616216215 0.6098631024360657 -0.11171958595514297 0.30908307433128357 -0.097898468375206 -0.34440937638282776 -0.08178550004959106 0.9301124215126038
21.298521616216217 0.6037487387657166 -0.1505582332611084 0.2911055088043213 -0.09234930574893951 -0.35115012526512146 -0.08283619582653046 0.9280643463134766
21.348538616216217 0.6022641658782959 -0.19157357513904572 0.2741670310497284 -0.08661074936389923 -0.35581454634666443 -0.08241177350282669 0.926878035068512
21.398555616216218 0.602993369102478 -0.23285241425037384 0.2645840644836426 -0.07993209362030029 -0.358855277299881 -0.08334800601005554 0.9262218475341797
21.448572616216214 0.6132526993751526 -0.2726105749607086 0.2548600137233734 -0.07289676368236542 -0.36110031604766846 -0.08340936154127121 0.9259241223335266
21.498590616216216 0.6247280836105347 -0.30400872230529785 0.2517505884170532 -0.0638708546757698 -0.359963595867157 -0.0853995829820633 0.9268514513969421
21.548607616216216 0.6446899771690369 -0.3358897864818573 0.23965808749198914 -0.05518447607755661 -0.3549290895462036 -0.08653249591588974 0.9292427897453308
21.598624616216217 0.6658713817596436 -0.3640357553958893 0.2427498996257782 -0.049055662006139755 -0.3462606370449066 -0.08592259883880615 0.932906448841095
21.648641616216217 0.6891496181488037 -0.3856396973133087 0.25048694014549255 -0.04412762448191643 -0.3338930606842041 -0.08462047576904297 0.9377673864364624
21.698659616216215 0.7155966758728027 -0.3986283838748932 0.26398947834968567 -0.03952382504940033 -0.3171308934688568 -0.08376597613096237 0.9438480734825134
21.748676616216216 0.7420456409454346 -0.40767112374305725 0.2782139778137207 -0.0358525887131691 -0.29866811633110046 -0.08359783887863159 0.9500123858451843
21.798693616216216 0.7689090371131897 -0.406164288520813 0.2939987778663635 -0.032796502113342285 -0.280020534992218 -0.0825560986995697 0.9558752775192261
21.848710616216216 0.7933276891708374 -0.40097925066947937 0.30619245767593384 -0.032145120203495026 -0.2638857960700989 -0.08146162331104279 0.9605701565742493
21.898727616216217 0.8168230056762695 -0.3875199854373932 0.31991463899612427 -0.03289519250392914 -0.24965901672840118 -0.07988297939300537 0.9644724130630493
21.948745616216215 0.8410598635673523 -0.3679744601249695 0.33040353655815125 -0.03583064675331116 -0.2373548001050949 -0.07654783874750137 0.9677392840385437
21.998762616216215 0.8563520312309265 -0.34425604343414307 0.34492141008377075 -0.04142075777053833 -0.22580093145370483 -0.07383409887552261 0.9704879522323608
22.048779616216216 0.8706705570220947 -0.31403812766075134 0.35422638058662415 -0.049188029021024704 -0.21541860699653625 -0.06985212862491608 0.9727774858474731
22.098796616216216 0.8838928937911987 -0.27988702058792114 0.3654416799545288 -0.057521138340234756 -0.20693331956863403 -0.06592417508363724 0.9744352102279663
22.148814616216217 0.8900928497314453 -0.2429494708776474 0.37495744228363037 -0.06707698851823807 -0.20103071630001068 -0.06231733411550522 0.9752968549728394
22.198831616216218 0.8943139314651489 -0.20239335298538208 0.3868968188762665 -0.07580772787332535 -0.19887101650238037 -0.06011393666267395 0.9752383828163147
22.248848616216215 0.8848437070846558 -0.16826170682907104 0.38667306303977966 -0.08516927063465118 -0.19775192439556122 -0.060556795448064804 0.9746657609939575
22.298865616216215 0.8753300309181213 -0.1354367434978485 0.39061447978019714 -0.09356454759836197 -0.1990046501159668 -0.05901310592889786 0.9737352728843689
22.348883616216217 0.8588301539421082 -0.10420604050159454 0.3885416090488434 -0.09984671324491501 -0.19924916326999664 -0.059356074780225754 0.9730402827262878
22.398900616216217 0.8364983797073364 -0.08111290633678436 0.38688117265701294 -0.10505282133817673 -0.1993185132741928 -0.060248639434576035 0.9724228382110596
22.448917616216217 0.8124179840087891 -0.05960981547832489 0.38189777731895447 -0.10753710567951202 -0.20077788829803467 -0.06090095266699791 0.9718102812767029
22.498934616216218 0.7834597826004028 -0.05076010152697563 0.3703332841396332 -0.10902979224920273 -0.2039349377155304 -0.06370887160301208 0.9708060026168823
22.548952616216216 0.7566577196121216 -0.05094120278954506 0.3554851710796356 -0.10937139391899109 -0.2118312567472458 -0.06780080497264862 0.9687974452972412
22.598969616216216 0.7243921756744385 -0.05567150190472603 0.3325974941253662 -0.10910043865442276 -0.22201098501682281 -0.07063417136669159 0.9663431644439697
22.648986616216217 0.6927177906036377 -0.06288738548755646 0.32054153084754944 -0.10791409760713577 -0.2316516935825348 -0.07199912518262863 0.9641101360321045
22.699003616216217 0.6621186137199402 -0.08406384289264679 0.30640846490859985 -0.10749374330043793 -0.23779849708080292 -0.07193592935800552 0.9626641869544983
22.749020616216217 0.6312111616134644 -0.10791686922311783 0.2932189702987671 -0.10506108403205872 -0.24126578867435455 -0.07166783511638641 0.9620898365974426
22.799038616216215 0.6005624532699585 -0.13203608989715576 0.2832788825035095 -0.1014186218380928 -0.2441464066505432 -0.068394735455513 0.9619922637939453
22.849055616216216 0.5683367252349854 -0.1569804847240448 0.27240389585494995 -0.09650258719921112 -0.24645212292671204 -0.06446114927530289 0.962181568145752
22.899072616216216 0.5385430455207825 -0.1869669258594513 0.2666695713996887 -0.090783029794693 -0.24593186378479004 -0.061837486922740936 0.9630431532859802
22.949089616216217 0.511788010597229 -0.21669699251651764 0.258517861366272 -0.08384708315134048 -0.24282227456569672 -0.058811549097299576 0.9646493196487427
22.999107616216214 0.4857689142227173 -0.24886341392993927 0.2555478513240814 -0.07677238434553146 -0.23806266486644745 -0.05509963259100914 0.9666417837142944
23.049124616216215 0.4584948420524597 -0.27432143688201904 0.24783357977867126 -0.06795914471149445 -0.2288031280040741 -0.052777305245399475 0.9696624279022217
23.099141616216215 0.4268566071987152 -0.30131325125694275 0.2429039180278778 -0.0592222660779953 -0.2176479995250702 -0.05119797959923744 0.9728827476501465
23.149158616216216 0.39391204714775085 -0.3250730037689209 0.243551567196846 -0.05106186494231224 -0.20611248910427094 -0.04891818016767502 0.9759699702262878
23.199176616216217 0.36631736159324646 -0.3459644019603729 0.24539117515087128 -0.043421681970357895 -0.1944844275712967 -0.04723067209124565 0.9788052439689636
23.249193616216218 0.33709490299224854 -0.3647509515285492 0.24360978603363037 -0.03635160252451897 -0.1856125295162201 -0.04572832211852074 0.9808850884437561
23.299210616216214 0.2992820143699646 -0.3832440674304962 0.2371838390827179 -0.03049832582473755 -0.17552804946899414 -0.044520583003759384 0.9829943180084229
23.349227616216215 0.26435649394989014 -0.3955962061882019 0.23540246486663818 -0.025357037782669067 -0.16811296343803406 -0.041965287178754807 0.9845476746559143
23.399244616216215 0.23387929797172546 -0.40999966859817505 0.23040291666984558 -0.022573117166757584 -0.16465386748313904 -0.03784098103642464 0.9853667616844177
23.449262616216217 0.20453785359859467 -0.4300849437713623 0.22753706574440002 -0.023576173931360245 -0.16087539494037628 -0.03130469098687172 0.9861964583396912
23.499279616216217 0.17557385563850403 -0.43932709097862244 0.23458421230316162 -0.02356676757335663 -0.1562526375055313 -0.026607029139995575 0.9870774745941162
23.549296616216218 0.1420162320137024 -0.4477829039096832 0.2273440808057785 -0.024690544232726097 -0.15079814195632935 -0.020872432738542557 0.9880357384681702
23.599313616216214 0.11172863841056824 -0.4507879316806793 0.23643377423286438 -0.02540263719856739 -0.14855797588825226 -0.01796783320605755 0.9884141683578491
23.649331616216216 0.08102194964885712 -0.4536820352077484 0.22777606546878815 -0.02445312775671482 -0.14604392647743225 -0.016282131895422935 0.9888418316841125
23.699348616216216 0.052801426500082016 -0.46179163455963135 0.228830486536026 -0.025263266637921333 -0.1433851569890976 -0.015621650964021683 0.9892211556434631
23.749365616216217 0.029844578355550766 -0.45736488699913025 0.22004877030849457 -0.023022394627332687 -0.14398765563964844 -0.01681414805352688 0.9891687631607056
23.799382616216217 -0.004210064187645912 -0.45431971549987793 0.21489711105823517 -0.022516055032610893 -0.1417454183101654 -0.018524669110774994 0.9894737005233765
23.849400616216215 -0.03609485551714897 -0.4476105868816376 0.21176928281784058 -0.022662341594696045 -0.1408108025789261 -0.02065853215754032 0.9895614981651306
23.899417616216216 -0.06845209747552872 -0.4399007260799408 0.20360010862350464 -0.022949252277612686 -0.13970310986042023 -0.024291623383760452 0.9896294474601746
23.949434616216216 -0.10165021568536758 -0.4243539571762085 0.1998213529586792 -0.02261279709637165 -0.13972431421279907 -0.027232712134718895 0.9895576238632202
23.999451616216216 -0.12771937251091003 -0.41497984528541565 0.19106222689151764 -0.023623036220669746 -0.13909071683883667 -0.028294643387198448 0.9895934462547302
24.049469616216218 -0.14989063143730164 -0.4011775255203247 0.1888333559036255 -0.023758260533213615 -0.13961036503314972 -0.02831081673502922 0.98951655626297
24.099486616216215 -0.16499917209148407 -0.36831557750701904 0.16930225491523743 -0.019375856965780258 -0.1409182995557785 -0.028591567650437355 0.989418625831604
24.149503616216215 -0.1965477019548416 -0.3461350202560425 0.17533758282661438 -0.016609568148851395 -0.13587433099746704 -0.031321361660957336 0.9900916218757629
24.199520616216216 -0.20725218951702118 -0.32962411642074585 0.16409215331077576 -0.012773160822689533 -0.13317541778087616 -0.03252120688557625 0.9904764294624329
24.249537616216216 -0.22620251774787903 -0.3024545907974243 0.16610181331634521 -0.007201033644378185 -0.13046368956565857 -0.033562809228897095 0.9908587336540222
24.299555616216217 -0.24833981692790985 -0.28696539998054504 0.1330115795135498 -0.0021570976823568344 -0.12791702151298523 -0.03631540387868881 0.9911174178123474
24.349572616216218 -0.2668772339820862 -0.261135458946228 0.11626127362251282 0.002442224882543087 -0.1253204345703125 -0.037418998777866364 0.9914074540138245
24.399589616216215 -0.26303985714912415 -0.23938192427158356 0.14327242970466614 0.0061071100644767284 -0.12580469250679016 -0.0372922420501709 0.9913350343704224
24.449606616216215 -0.27610456943511963 -0.21163862943649292 0.1253238022327423 0.010354370810091496 -0.12198429554700851 -0.03670402988791466 0.9917991161346436
24.499624616216217 -0.2674499452114105 -0.19634516537189484 0.1451561152935028 0.01169161219149828 -0.12214776128530502 -0.0346168577671051 0.9918392300605774
24.549641616216217 -0.27102839946746826 -0.16996431350708008 0.13296693563461304 0.016471844166517258 -0.11679136753082275 -0.03647631034255028 0.9923497438430786
24.599658616216217 -0.2837418019771576 -0.1587686538696289 0.11372177302837372 0.01888698898255825 -0.11147112399339676 -0.03502277284860611 0.9929707646369934
24.649675616216218 -0.2854681611061096 -0.14697757363319397 0.09834372252225876 0.0227163415402174 -0.10793504863977432 -0.033046599477529526 0.9933488368988037
24.699693616216216 -0.271877646446228 -0.11636777967214584 0.11554092168807983 0.02731662429869175 -0.10735815763473511 -0.03389240428805351 0.9932670593261719
24.749710616216216 -0.2672153413295746 -0.12443913519382477 0.09352117031812668 0.030890993773937225 -0.10615614056587219 -0.034430112689733505 0.9932730197906494
24.799727616216217 -0.27417102456092834 -0.10943761467933655 0.10087547451257706 0.03561308979988098 -0.10199476778507233 -0.037270437926054 0.9934484362602234
24.849744616216217 -0.2654306888580322 -0.10393079370260239 0.0930635929107666 0.040895406156778336 -0.09960484504699707 -0.042276691645383835 0.9932870864868164
24.899761616216217 -0.2590055465698242 -0.07730109989643097 0.1000443696975708 0.04926525056362152 -0.09642703086137772 -0.04777268320322037 0.9929715991020203
24.949779616216215 -0.2664307951927185 -0.06976300477981567 0.07969018816947937 0.054330818355083466 -0.09258723258972168 -0.0538036935031414 0.9927643537521362
24.999796616216216 -0.2670596241950989 -0.0560838058590889 0.07388903200626373 0.06134874373674393 -0.09181271493434906 -0.06186205893754959 0.9919576644897461
25.049813616216216 -0.25980204343795776 -0.041436802595853806 0.07502266019582748 0.06814153492450714 -0.09329530596733093 -0.06968341767787933 0.9908567070960999
25.099830616216217 -0.2590171992778778 -0.031941674649715424 0.07642057538032532 0.07236136496067047 -0.09328113496303558 -0.07659047096967697 0.9900487065315247
25.149848616216214 -0.24395491182804108 -0.013381872326135635 0.08712099492549896 0.07708650827407837 -0.09498003870248795 -0.08028305321931839 0.9892376661300659
25.199865616216215 -0.22871054708957672 0.004960994236171246 0.07513997703790665 0.08068162202835083 -0.09666574746370316 -0.08721444010734558 0.9882003664970398
25.249882616216215 -0.2192026674747467 0.011718839406967163 0.07154253125190735 0.08142975717782974 -0.09466234594583511 -0.09085663408041 0.988004744052887
25.299899616216216 -0.19951428472995758 0.038949016481637955 0.07511656731367111 0.0839400440454483 -0.09597595036029816 -0.09642397612333298 0.987139880657196
25.349917616216217 -0.19803966581821442 0.04288649186491966 0.06505752354860306 0.08267255127429962 -0.09214112162590027 -0.09507963061332703 0.9877424836158752
25.399934616216218 -0.17026837170124054 0.06366068124771118 0.0769871398806572 0.08515002578496933 -0.09167353808879852 -0.09460419416427612 0.9876211285591125
25.449951616216214 -0.15831975638866425 0.07366049289703369 0.07781784981489182 0.08576980233192444 -0.0898958221077919 -0.09098716080188751 0.9880707263946533
25.499968616216215 -0.13550150394439697 0.09346306324005127 0.07381467521190643 0.08905886113643646 -0.09167276322841644 -0.0857214704155922 0.9880872964859009
25.549986616216216 -0.11810241639614105 0.10948808491230011 0.08160179853439331 0.0936061292886734 -0.09218692779541016 -0.08475890010595322 0.9877020716667175
25.600003616216217 -0.10557971149682999 0.12023194879293442 0.08599797636270523 0.09745857864618301 -0.0916806235909462 -0.0823066234588623 0.9875839948654175
25.650020616216217 -0.08490850776433945 0.13229475915431976 0.07496628910303116 0.10163742303848267 -0.09159364551305771 -0.0799306258559227 0.9873660206794739
25.700037616216218 -0.07840130478143692 0.15089267492294312 0.07541991025209427 0.10531700402498245 -0.08908569067716599 -0.07870343327522278 0.9873084425926208
25.750054616216214 -0.06569734960794449 0.16916824877262115 0.0863736942410469 0.10650034993886948 -0.0875612124800682 -0.07583088427782059 0.9875426292419434
25.800072616216216 -0.04892050474882126 0.1728040874004364 0.08865553140640259 0.10577040165662766 -0.08819127827882767 -0.07515975087881088 0.9876163601875305
25.850089616216216 -0.044951099902391434 0.1877245306968689 0.08612050116062164 0.10583115369081497 -0.0868581235408783 -0.07304782420396805 0.9878864288330078
25.900106616216217 -0.029165729880332947 0.1974928379058838 0.09277534484863281 0.10456784069538116 -0.08766262233257294 -0.07348465919494629 0.9879174828529358
25.950123616216217 -0.02979123964905739 0.20582224428653717 0.09462340921163559 0.10182825475931168 -0.08571736514568329 -0.07461730390787125 0.9882893562316895
26.000141616216215 -0.02332433871924877 0.22105929255485535 0.09368310868740082 0.09920527040958405 -0.08561481535434723 -0.07674197852611542 0.9884023070335388
26.050158616216216 -0.017748326063156128 0.23313575983047485 0.09853023290634155 0.09627047181129456 -0.08441049605607986 -0.07742216438055038 0.988743007183075
26.100175616216216 -0.008183673024177551 0.24566176533699036 0.10043420642614365 0.09351658076047897 -0.08575531095266342 -0.07709072530269623 0.9889174103736877
26.150192616216216 -0.004999444354325533 0.2542993426322937 0.10892710834741592 0.08994750678539276 -0.08776894211769104 -0.07681620866060257 0.9890931844711304
26.200210616216218 -0.004590000957250595 0.26324692368507385 0.11077337712049484 0.08604331314563751 -0.09085675328969955 -0.0753249004483223 0.9892764091491699
26.250227616216215 0.0021142149344086647 0.27903956174850464 0.11271756142377853 0.08371660113334656 -0.09566706418991089 -0.07194992899894714 0.9892737865447998
26.300244616216215 0.012418173253536224 0.2811613380908966 0.12942016124725342 0.08028493821620941 -0.0985226035118103 -0.06989608705043793 0.9894251823425293
26.350261616216216 0.019826527684926987 0.29432910680770874 0.11451727151870728 0.08172649890184402 -0.09267900884151459 -0.06702808290719986 0.990070104598999
26.400278616216216 0.01778106763958931 0.30067622661590576 0.10257996618747711 0.08548170328140259 -0.08369436115026474 -0.06177889555692673 0.9908943772315979
26.450296616216217 0.023120349273085594 0.29751789569854736 0.10725633800029755 0.08974385261535645 -0.07773664593696594 -0.05488555505871773 0.9914084672927856
26.500313616216218 0.03694777190685272 0.30645042657852173 0.10829862207174301 0.09724883735179901 -0.07628687471151352 -0.049205586314201355 0.9911114573478699
26.550330616216215 0.046514447778463364 0.32016897201538086 0.10302082449197769 0.10668115317821503 -0.07522100955247879 -0.04408456012606621 0.9904632568359375
26.600347616216215 0.051323190331459045 0.3342498242855072 0.1044001504778862 0.11600979417562485 -0.07158374786376953 -0.03883999213576317 0.9899035692214966
26.650365616216217 0.05865956097841263 0.342818945646286 0.10579156130552292 0.12306367605924606 -0.0656643733382225 -0.03367561474442482 0.9896512627601624
26.700382616216217 0.06127694621682167 0.3598039448261261 0.10460655391216278 0.12993302941322327 -0.05914513021707535 -0.02925604209303856 0.9893247485160828
26.750399616216217 0.06433442234992981 0.3744847774505615 0.10578335076570511 0.13441815972328186 -0.05314748361706734 -0.026090364903211594 0.9891543984413147
26.800416616216218 0.07310586422681808 0.3864670991897583 0.11385995149612427 0.13558301329612732 -0.04938780516386032 -0.023648474365472794 0.9892517328262329
26.850434616216216 0.07896871864795685 0.3891914486885071 0.12152238190174103 0.13328523933887482 -0.048870429396629333 -0.02104203775525093 0.9896484613418579
26.900451616216216 0.07275480031967163 0.40470272302627563 0.1345011591911316 0.13295795023441315 -0.048761602491140366 -0.021625710651278496 0.9896852374076843
26.950468616216217 0.06832654774188995 0.41502055525779724 0.13740020990371704 0.1305098831653595 -0.050605762749910355 -0.023725707083940506 0.9898704290390015
27.000485616216217 0.07235289365053177 0.43143075704574585 0.14560404419898987 0.13022057712078094 -0.05328358709812164 -0.024747351184487343 0.9897429943084717
27.050503616216215 0.06572963297367096 0.44668060541152954 0.15361854434013367 0.13032381236553192 -0.05449299514293671 -0.028393620625138283 0.9895655512809753
27.100520616216215 0.06458909064531326 0.452894389629364 0.15879769623279572 0.1291123777627945 -0.05659681558609009 -0.029769955202937126 0.9895658493041992
27.150537616216216 0.06601033359766006 0.4646244943141937 0.16095152497291565 0.12995272874832153 -0.05997640639543533 -0.02907148189842701 0.9892775416374207
27.200554616216216 0.06388024240732193 0.4779299795627594 0.16340360045433044 0.13130412995815277 -0.06355573236942291 -0.029908224940299988 0.9888505935668945
27.250571616216217 0.06246424838900566 0.49379026889801025 0.16899098455905914 0.1332474797964096 -0.06643793731927872 -0.028608011081814766 0.9884395599365234
27.300589616216214 0.06911202520132065 0.5049120783805847 0.1745428740978241 0.13367585837841034 -0.06891505420207977 -0.0258041899651289 0.9882892966270447
27.350606616216215 0.07301967591047287 0.5032303333282471 0.17339351773262024 0.13111531734466553 -0.07131147384643555 -0.023913895711302757 0.9885097742080688
27.400623616216215 0.076358363032341 0.5163054466247559 0.17554230988025665 0.13089905679225922 -0.07393411546945572 -0.01921515166759491 0.9884482622146606
27.450640616216216 0.08614161610603333 0.5286881923675537 0.18064893782138824 0.13117556273937225 -0.0759020745754242 -0.015908364206552505 0.9883212447166443
27.500658616216217 0.08275553584098816 0.5309997797012329 0.18998228013515472 0.13004443049430847 -0.07336284965276718 -0.013798982836306095 0.9886940121650696
27.550675616216218 0.08423248678445816 0.541749894618988 0.1912611871957779 0.12938585877418518 -0.07182293385267258 -0.011996001936495304 0.9889170527458191
27.600692616216215 0.08477127552032471 0.5532875061035156 0.19796210527420044 0.1307552009820938 -0.07057332992553711 -0.010458681732416153 0.9888443946838379
27.650709616216215 0.08680415153503418 0.5543296337127686 0.1963508278131485 0.13024801015853882 -0.0710701122879982 -0.011009483598172665 0.9888697266578674
27.700727616216216 0.08050394058227539 0.5466119050979614 0.19393841922283173 0.13143491744995117 -0.07062584161758423 -0.01308747660368681 0.9887191653251648
27.750744616216217 0.08060019463300705 0.554844319820404 0.1959674209356308 0.1341676414012909 -0.07288511842489243 -0.01531621441245079 0.9881559610366821
