1542151703987408.5 -0.0 -0.0 -0.0 -0.0 -0.0 1.0 -0.0
1542151704017072.5 -0.038711056 -0.029661786 0.025779193 -0.038342714 -0.018837633 0.9990755 0.0048181163
1542151704046841.5 -0.0709957 -0.058914095 0.05123639 -0.07103521 -0.042163573 0.996576 0.0035357291
1542151704076654.5 -0.099011295 -0.08583812 0.064595014 -0.091909006 -0.060047492 0.9939361 -0.006168701
1542151704106383.5 -0.12545596 -0.11133972 0.06756378 -0.10467358 -0.066370755 0.99217373 -0.015152678
1542151704135914.5 -0.14511263 -0.13107488 0.07152665 -0.10713783 -0.070541926 0.9914359 -0.024499793
1542151704165249.5 -0.15946598 -0.14707471 0.079951525 -0.101795934 -0.068641916 0.9917371 -0.037194952
1542151704194458.5 -0.16579328 -0.1614983 0.09079434 -0.0921259 -0.059636746 0.99272454 -0.04954062
1542151704223614.5 -0.14571778 -0.18229842 0.11484841 -0.091191165 -0.042103946 0.9932481 -0.058048964
1542151704252785.5 -0.14166088 -0.18859284 0.11887143 -0.080303475 -0.018620273 0.9937511 -0.07525575
1542151704282058.5 -0.11339377 -0.19238888 0.13330315 -0.06327106 0.008867433 0.9940679 -0.088018626
1542151704311509.5 -0.07959163 -0.19840644 0.1404683 -0.04133219 0.032524448 0.994429 -0.09135038
1542151704341193.5 -0.048712447 -0.2065835 0.13464257 -0.016531749 0.06506799 0.9932416 -0.09467868
1542151704371155.5 -0.010530592 -0.19686721 0.12379619 0.009507734 0.097097315 0.9909317 -0.09239131
1542151704401405.5 0.05582891 -0.16723508 0.103848584 0.032995917 0.11670709 0.98905635 -0.08401373
1542151704431906.5 0.12474424 -0.15401109 0.062276416 0.06835778 0.120475605 0.98691934 -0.082480334
1542151704462624.5 0.19719061 -0.14166114 0.0137237795 0.108863145 0.10783817 0.9850094 -0.07922337
1542151704493519.5 0.25872633 -0.12103794 -0.03002005 0.1377626 0.09647505 0.98281926 -0.076028906
1542151704524519.5 0.319057 -0.09135809 -0.07120874 0.14943959 0.09683809 0.9809307 -0.07788017
1542151704555479.5 0.38573438 -0.058569383 -0.10953713 0.15533262 0.09701421 0.97960716 -0.082643844
1542151704586243.5 0.45043126 -0.03592395 -0.1449347 0.16741201 0.08636952 0.9782541 -0.08679073
1542151704616742.5 0.50422204 -0.016437912 -0.16983445 0.18047571 0.072698 0.976618 -0.09143746
1542151704646956.5 0.55918884 -0.0030208305 -0.1927006 0.19048202 0.06099766 0.97490823 -0.09772319
1542151704676888.5 0.6073981 -0.0062630735 -0.21447629 0.20759916 0.044813115 0.97214264 -0.09916224
1542151704706626.5 0.64070404 -0.014863087 -0.2265815 0.22982258 0.019034823 0.96826065 -0.096388035
1542151704736307.5 0.67512506 -0.029648151 -0.23760863 0.24487747 -0.012929816 0.96461236 -0.096906476
1542151704766022.5 0.7031188 -0.04605451 -0.24565318 0.25764036 -0.05695684 0.9592279 -0.10128755
1542151704795816.5 0.7201856 -0.065514 -0.24827847 0.2727698 -0.11105954 0.9496358 -0.10702498
1542151704825680.5 0.7396239 -0.0759534 -0.24572858 0.2859473 -0.17348948 0.9353033 -0.115513906
1542151704855546.5 0.76500297 -0.0884513 -0.24350628 0.2865019 -0.20427577 0.9278351 -0.12373435
1542151704885307.5 0.77324027 -0.111645505 -0.24908127 0.28033975 -0.19925489 0.92927307 -0.13475451
1542151704914867.5 0.8078239 -0.12796015 -0.26130858 0.27315667 -0.18762179 0.9332373 -0.13875052
1542151704944228.5 0.8384793 -0.1406469 -0.26849043 0.2818808 -0.18194792 0.93207264 -0.13667068
1542151704973455.5 0.8563354 -0.15198874 -0.28159115 0.28882748 -0.15447654 0.9357407 -0.13078639
1542151705002606.5 0.8721672 -0.15671313 -0.29493037 0.28467205 -0.109953485 0.9439792 -0.1256003
1542151705031717.5 0.8868954 -0.15035367 -0.3033704 0.27742153 -0.07743493 0.9499618 -0.120887935
1542151705060843.5 0.8968822 -0.13233098 -0.30590114 0.2686096 -0.058639493 0.9542337 -0.11767917
1542151705090090.5 0.89751935 -0.10746233 -0.30771512 0.25729567 -0.049252655 0.95709234 -0.123884626
1542151705119550.5 0.9008747 -0.07514566 -0.31414315 0.23967887 -0.047840837 0.9597556 -0.13832733
1542151705149225.5 0.8923532 -0.03551727 -0.31715688 0.22540176 -0.050008744 0.96066254 -0.15433948
1542151705179045.5 0.880048 0.0052374974 -0.320377 0.21162963 -0.047667116 0.96182084 -0.16685782
1542151705208904.5 0.8680234 0.045654476 -0.32174778 0.19724363 -0.040342942 0.9633951 -0.17702375
1542151705238740.5 0.8510568 0.085684575 -0.32081708 0.18726484 -0.033428464 0.96496695 -0.18070216
1542151705268552.5 0.82529235 0.119480394 -0.31702408 0.1797872 -0.024446735 0.9676213 -0.17546494
1542151705298397.5 0.7986887 0.14727762 -0.31552422 0.17013343 -0.017404279 0.9697603 -0.17411698
1542151705328362.5 0.7758929 0.17024949 -0.3111718 0.15996327 -0.004581001 0.9709415 -0.17794226
1542151705358505.5 0.75348103 0.19503902 -0.30650997 0.14779513 0.025484305 0.9727719 -0.17669752
1542151705388833.5 0.72759944 0.21948567 -0.29948118 0.1321121 0.067445256 0.97431225 -0.16945004
1542151705419349.5 0.69912404 0.24143521 -0.29301962 0.11658671 0.10307581 0.9737464 -0.16613533
1542151705450092.5 0.6673032 0.2625468 -0.286664 0.10183714 0.12971476 0.97206527 -0.16701043
1542151705481112.5 0.62972 0.28024969 -0.28242803 0.08831434 0.15269695 0.9701027 -0.16668817
1542151705512408.5 0.59033996 0.28838143 -0.281264 0.083174676 0.16805004 0.9685721 -0.16342996
1542151705543946.5 0.56593716 0.29772642 -0.27790847 0.08262474 0.18574215 0.9671393 -0.15269141
1542151705575700.5 0.5271063 0.3033755 -0.2830641 0.08098207 0.20891996 0.96341634 -0.14704873
1542151705607696.5 0.48834878 0.32411802 -0.28201526 0.07507973 0.2254199 0.9605751 -0.1443763
1542151705639927.5 0.44393817 0.3405931 -0.29175746 0.082828164 0.22867146 0.9588223 -0.14665857
1542151705672298.5 0.4294104 0.35972255 -0.30312985 0.087264985 0.2322574 0.9566144 -0.15274252
1542151705704779.5 0.39510012 0.37843645 -0.31695685 0.097247414 0.23898488 0.95398253 -0.15279555
1542151705737394.5 0.34989813 0.39354828 -0.32857373 0.10194619 0.2443487 0.9528768 -0.14807616
1542151705770147.5 0.3184105 0.41142777 -0.3365623 0.09919916 0.24347585 0.95324636 -0.14899836
1542151705803073.5 0.2661764 0.42058036 -0.34966478 0.105111904 0.24627784 0.9513475 -0.15243629
1542151705836152.5 0.22469226 0.43066418 -0.36394975 0.10850057 0.25527218 0.94858456 -0.1524831
1542151705869304.5 0.20040292 0.43439126 -0.38017377 0.10811038 0.25281554 0.94858855 -0.1567685
1542151705902466.5 0.22735816 0.4559198 -0.3757217 0.0870586 0.23726521 0.95393974 -0.16163227
1542151705935591.5 0.21278365 0.45538273 -0.3823459 0.07990441 0.1928916 0.9622304 -0.17470227
1542151705968602.5 0.21201123 0.44733888 -0.3871213 0.076620564 0.13847348 0.96977574 -0.1857132
1542151706001367.5 0.21043411 0.44231462 -0.389217 0.06853083 0.081407465 0.9748729 -0.19570178
