1541978820368298.2 -0.0 -0.0 -0.0 -0.0 -0.0 1.0 -0.0
1541978820400231.2 0.050637987 0.0014768927 -0.014890416 -0.02192781 -0.0035885158 0.9988885 -0.04157113
1541978820432229.2 0.08368355 0.016151853 -0.017738426 -0.00918202 0.0019237798 0.9999522 -0.0027534212
1541978820464276.2 0.16401723 0.025991157 0.005398759 -0.023610553 -0.008479103 0.9979445 0.058970038
1541978820496331.2 0.1940058 0.034842208 0.002902331 -0.023928586 -0.01798414 0.9973533 0.06625966
1541978820528393.2 0.19600858 0.042927656 -0.022022948 -0.01556553 -0.0121917445 0.99980044 -0.0028652449
1541978820560535.2 0.22688806 0.046257436 -0.03831442 -0.01784342 0.008880445 0.9995312 -0.023240462
1541978820592820.2 0.28975663 0.041156594 -0.063096836 -0.030661777 0.02203242 0.99923605 0.01008804
1541978820625138.2 0.33171976 0.04277984 -0.075969346 -0.027918536 0.009066128 0.99936914 0.019990727
1541978820657374.2 0.35987905 0.056118015 -0.08642631 -0.03415983 0.0060178624 0.99901515 -0.027672153
1541978820689527.2 0.3928363 0.058420733 -0.10040145 -0.041478805 0.023033155 0.99845576 -0.02889701
1541978820721625.2 0.4193714 0.056203976 -0.10834269 -0.024520889 0.02224484 0.999397 0.010474216
1541978820753688.2 0.44968635 0.055999912 -0.11614909 -0.0160309 0.018321352 0.9994437 0.022798441
1541978820785734.2 0.47754335 0.06914436 -0.12459404 -0.024852155 0.024700746 0.9991584 -0.021327028
1541978820817772.2 0.5069663 0.07374789 -0.13396303 -0.025321813 0.031985007 0.99847 -0.037329696
1541978820849804.2 0.5251882 0.067938395 -0.14002596 -0.007175954 0.035823338 0.99928963 0.009248518
1541978820881800.2 0.5418009 0.06369378 -0.14603509 0.00798782 0.027801448 0.99907726 0.03174833
1541978820913754.2 0.56951106 0.07919293 -0.15366659 -0.0043332716 0.038861945 0.9991953 -0.008931647
1541978820945625.2 0.592696 0.08694617 -0.16284803 -0.007889986 0.052447025 0.9976648 -0.043036684
1541978820977375.2 0.6116392 0.08308511 -0.17150302 0.0005259602 0.05732047 0.9983034 -0.01021967
1541978821008977.2 0.6185071 0.07676743 -0.1777429 0.021472935 0.042737912 0.9984676 0.027838157
1541978821040484.2 0.64371324 0.08764203 -0.18425734 0.01454976 0.047519892 0.9986987 0.011452787
1541978821071932.2 0.668213 0.10024235 -0.19208913 0.008093753 0.06195061 0.9971048 -0.043342844
1541978821103254.2 0.6836915 0.1067258 -0.20093761 0.01176053 0.076638065 0.99633044 -0.036250796
1541978821134389.2 0.69399315 0.106666155 -0.2100975 0.025185324 0.061193727 0.9978069 0.0015545865
1541978821165361.2 0.70955455 0.108591095 -0.22173852 0.033523954 0.042229388 0.9985454 -2.6344323e-05
1541978821196292.2 0.7215081 0.119010866 -0.23097554 0.03014476 0.058262806 0.9975136 -0.025758645
1541978821227151.2 0.7341692 0.12547334 -0.23944774 0.028174425 0.072662376 0.99675083 -0.020353878
1541978821257868.2 0.7391576 0.12539923 -0.25140527 0.040075965 0.049683504 0.9979117 -0.0098923175
1541978821288487.2 0.7457101 0.13684389 -0.2626149 0.046027403 0.04387453 0.997805 -0.018486053
1541978821319072.2 0.7536134 0.14814551 -0.27756336 0.0340068 0.07049776 0.9961376 -0.039793264
1541978821349608.2 0.75525236 0.15357275 -0.29504916 0.02874142 0.06994611 0.99610496 -0.045348983
1541978821380056.2 0.75132406 0.16059622 -0.3011491 0.03663386 0.032065537 0.9985699 -0.022092193
1541978821410449.2 0.74957633 0.17395002 -0.3117478 0.043620367 0.0011665224 0.9990264 -0.006495359
1541978821440866.2 0.74999166 0.18945098 -0.32314828 0.03558916 0.019780299 0.99640614 -0.07427616
1541978821471305.2 0.74718606 0.2171665 -0.3380621 0.03208068 0.045211848 0.9887087 -0.13921905
1541978821501697.2 0.74155694 0.22491878 -0.35265926 0.02709572 0.059193872 0.98761415 -0.14275968
1541978821531995.2 0.73791665 0.2270996 -0.36653346 0.025695436 0.036998563 0.992179 -0.11641214
1541978821562233.2 0.73056716 0.22993208 -0.38100663 0.021008343 0.01388558 0.99526024 -0.093930624
1541978821592506.2 0.7232717 0.24135049 -0.39681837 0.009835541 0.007703327 0.99539936 -0.094994985
1541978821622819.2 0.7122221 0.25213662 -0.41124746 0.00046192863 0.009719433 0.99015117 -0.13966413
1541978821653175.2 0.70445573 0.26308262 -0.42748132 -0.01074559 0.019252634 0.9869474 -0.15952672
1541978821683580.2 0.69304156 0.25955543 -0.44008023 -0.017911777 0.016982064 0.99030954 -0.13666709
1541978821713969.2 0.6855666 0.25832078 -0.45377022 -0.014085484 -0.035099864 0.9927987 -0.11366803
1541978821744335.2 0.68272614 0.26600695 -0.4621591 -0.012992599 -0.06887492 0.99156946 -0.1089842
1541978821774697.2 0.6828377 0.27533013 -0.47064158 -0.023610808 -0.05194175 0.9820738 -0.17965445
1541978821805014.2 0.67273474 0.28410986 -0.48371947 -0.02272181 -0.03574167 0.97540694 -0.21630432
1541978821835236.2 0.66665745 0.28310433 -0.49321738 -0.020540444 -0.0416849 0.97744554 -0.2060115
1541978821865354.2 0.6684906 0.28409848 -0.50157833 -0.027605826 -0.06936808 0.9808059 -0.18012758
1541978821895583.2 0.66305226 0.28079084 -0.51193887 -0.04010634 -0.0920832 0.9807824 -0.16726646
1541978821926078.2 0.65718734 0.28828537 -0.5212959 -0.048160847 -0.10639706 0.9744622 -0.19179024
1541978821956694.2 0.656267 0.2923126 -0.534174 -0.05167349 -0.10350181 0.96577734 -0.23214531
1541978821987339.2 0.65392536 0.29386732 -0.5466614 -0.053745724 -0.09714044 0.96277523 -0.24645287
1541978822017966.2 0.6505075 0.29046115 -0.555799 -0.061314177 -0.10737908 0.96538025 -0.22967671
1541978822048570.2 0.6476949 0.2851403 -0.56424814 -0.07677973 -0.1328029 0.9680024 -0.19859421
1541978822079290.2 0.6525782 0.28221586 -0.5728065 -0.09460633 -0.16478327 0.9656547 -0.17722076
1541978822110104.2 0.65263623 0.28594524 -0.5781949 -0.10143206 -0.18498604 0.95910287 -0.18871519
1541978822140846.2 0.6547541 0.29944852 -0.5846611 -0.10384136 -0.18418737 0.9501732 -0.22904772
1541978822171502.2 0.6569624 0.31962493 -0.5963657 -0.10378885 -0.1766356 0.9435932 -0.26011464
1541978822202126.2 0.65401196 0.3256175 -0.60358757 -0.10215554 -0.18732892 0.9402973 -0.26516637
1541978822232724.2 0.64511883 0.32106352 -0.6052129 -0.110994615 -0.197288 0.9444953 -0.23808888
1541978822263419.2 0.64063185 0.31093746 -0.6060573 -0.13157701 -0.21629933 0.94612134 -0.2018823
1541978822294334.2 0.6368522 0.31355518 -0.6052818 -0.14719407 -0.24306293 0.9427398 -0.17463143
1541978822325346.2 0.63410974 0.32567328 -0.60353386 -0.15087336 -0.25710297 0.9366749 -0.18378113
1541978822356300.2 0.62963325 0.3504045 -0.6055707 -0.1418073 -0.26590696 0.93024325 -0.20936053
1541978822387222.2 0.6169178 0.3705843 -0.60582596 -0.14103988 -0.25410163 0.93185496 -0.21722457
1541978822418120.2 0.6054504 0.38249663 -0.6021414 -0.15094513 -0.24836363 0.9354348 -0.20122828
1541978822448987.2 0.5947698 0.37790295 -0.5958416 -0.1683181 -0.25447223 0.93644464 -0.17316014
1541978822479909.2 0.57869464 0.3754164 -0.592116 -0.18165791 -0.25987324 0.93799067 -0.14014241
1541978822510898.2 0.5650131 0.38377064 -0.5876763 -0.18461886 -0.26364732 0.93756574 -0.13182016
1541978822541822.2 0.5524218 0.40822566 -0.5820786 -0.18041538 -0.25019485 0.9391483 -0.1511731
1541978822572637.2 0.53444016 0.4212624 -0.5773899 -0.18452494 -0.22259353 0.9421887 -0.16936114
1541978822603397.2 0.5127626 0.42998946 -0.57231545 -0.19063842 -0.21535803 0.94456315 -0.15836173
1541978822634129.2 0.49233368 0.42632762 -0.56557286 -0.19323626 -0.22372152 0.94645286 -0.12975182
1541978822664896.2 0.47767657 0.41240156 -0.5541741 -0.19419856 -0.23021986 0.94762945 -0.106227145
1541978822695748.2 0.46081 0.41912216 -0.54003775 -0.18373087 -0.23154823 0.949525 -0.10502732
1541978822726631.2 0.45073617 0.43148786 -0.5317645 -0.18438664 -0.21257333 0.9506413 -0.1307493
1541978822757502.2 0.44215718 0.43613344 -0.51623505 -0.19897965 -0.18063495 0.95104814 -0.15259601
1541978822788352.2 0.41711563 0.43127546 -0.51380396 -0.20051612 -0.17082278 0.9545803 -0.1392458
1541978822819168.2 0.3920347 0.40199447 -0.5081488 -0.20193942 -0.17953901 0.95734644 -0.10234307
1541978822850026.2 0.37257844 0.37641418 -0.50355875 -0.20270048 -0.19348346 0.9582395 -0.057042144
1541978822880960.2 0.35808286 0.36369032 -0.4977452 -0.202899 -0.197532 0.9588038 -0.02255027
1541978822911855.2 0.3344171 0.35116315 -0.49209023 -0.19539832 -0.19215937 0.9612411 -0.03016367
1541978822942617.2 0.3205039 0.34657907 -0.4861287 -0.19181977 -0.1858182 0.9616722 -0.062156472
1541978822973243.2 0.31799227 0.35270953 -0.47609675 -0.20169099 -0.1711742 0.9624695 -0.060601577
1541978823003777.2 0.29869425 0.33761418 -0.47598648 -0.2028503 -0.16693838 0.96392775 -0.04274033
1541978823034258.2 0.27963346 0.31207004 -0.47969666 -0.19907005 -0.17194031 0.9646822 -0.0140004605
1541978823064728.2 0.268453 0.30125034 -0.47998336 -0.1928146 -0.17174351 0.9658549 0.02123894
1541978823095188.2 0.2629986 0.29581547 -0.47575763 -0.18694894 -0.1588627 0.96867037 0.038607176
1541978823125647.2 0.25587884 0.29303625 -0.46747646 -0.18166311 -0.14729959 0.9719823 0.023490254
1541978823156127.2 0.25991893 0.29867896 -0.46052328 -0.18657967 -0.13478008 0.97312135 -0.007567879
1541978823186626.2 0.2606542 0.29619005 -0.45666793 -0.19366316 -0.12349652 0.9731089 -0.017385816
1541978823217106.2 0.26961726 0.27624008 -0.45357484 -0.20044729 -0.12409281 0.97181237 -0.00163083
1541978823247545.2 0.26786605 0.253969 -0.4558815 -0.19473892 -0.13795884 0.9706468 0.029816277
1541978823277961.2 0.2640943 0.24461275 -0.45973617 -0.18387489 -0.14725654 0.96997863 0.06039123
1541978823308378.2 0.27032873 0.2403928 -0.45560303 -0.1747687 -0.14024435 0.9724468 0.0643019
1541978823338822.2 0.30566433 0.2427806 -0.44125602 -0.18241201 -0.114932284 0.9759456 0.032351628
1541978823369281.2 0.32799986 0.26180232 -0.43272632 -0.17907749 -0.088778704 0.97982115 -0.00039210662
1541978823399687.2 0.35165614 0.27424642 -0.4256856 -0.17862935 -0.068174355 0.9813828 -0.018213853
1541978823430028.2 0.36672541 0.26804742 -0.42942232 -0.17504697 -0.068705715 0.9818958 -0.022777984
1541978823460377.2 0.37574503 0.26467746 -0.43307924 -0.17116542 -0.08345768 0.98164195 -0.010787598
1541978823490799.2 0.38037625 0.25649104 -0.43542477 -0.16736493 -0.103380375 0.98045015 0.0043607205
1541978823521332.2 0.3907076 0.25350487 -0.43733355 -0.16408487 -0.12474886 0.9783761 0.017150363
1541978823551987.2 0.40399507 0.2533758 -0.44145283 -0.16044022 -0.13213426 0.97793573 0.02100607
1541978823582762.2 0.4227959 0.26096225 -0.44280982 -0.15452106 -0.12452696 0.98002017 0.013294743
1541978823613663.2 0.45551887 0.26956195 -0.4438216 -0.14946829 -0.11130072 0.9824582 -0.006888039
1541978823644701.2 0.48501316 0.2769546 -0.44882274 -0.1409707 -0.09704437 0.98485106 -0.027895212
1541978823675827.2 0.51324916 0.28249446 -0.45432922 -0.12688886 -0.092114635 0.9864856 -0.04754322
1541978823706960.2 0.5356601 0.28776798 -0.4638119 -0.113328576 -0.09007821 0.98758745 -0.060940146
1541978823738034.2 0.5460525 0.30288166 -0.46794477 -0.1052851 -0.08353737 0.9889426 -0.062682904
1541978823769004.2 0.5511977 0.31356153 -0.47706962 -0.10221211 -0.08626007 0.98857903 -0.069451585
1541978823799870.2 0.5551319 0.3243215 -0.48603415 -0.1038908 -0.08647529 0.988092 -0.073505364
1541978823830688.2 0.545742 0.3316435 -0.4962459 -0.106945015 -0.08193838 0.9881072 -0.07411543
1541978823861488.2 0.54220116 0.35218707 -0.4949807 -0.11784414 -0.08893135 0.98672813 -0.067614265
1541978823892282.2 0.5216963 0.37083483 -0.49800253 -0.1287856 -0.09176999 0.98550004 -0.061500445
1541978823923072.2 0.4954455 0.3926681 -0.5019085 -0.138158 -0.09351063 0.9843165 -0.057350654
1541978823953833.2 0.47207743 0.41123384 -0.504256 -0.14546025 -0.09050599 0.98366857 -0.055192344
1541978823984542.2 0.44842383 0.41554818 -0.51178706 -0.14807197 -0.083833545 0.98401064 -0.05262816
1541978824015192.2 0.4535447 0.40184873 -0.5198046 -0.15403505 -0.074193306 0.9841112 -0.047893725
1541978824045836.2 0.45639396 0.3863482 -0.5178762 -0.15101516 -0.07300757 0.9849656 -0.041317165
1541978824076531.2 0.46460605 0.36819962 -0.51949775 -0.14677025 -0.06572663 0.9864056 -0.033801354
1541978824107284.2 0.46212968 0.36313963 -0.51604915 -0.14403048 -0.049959514 0.98806393 -0.022114867
1541978824138052.2 0.4560962 0.36498114 -0.51890016 -0.14343567 -0.03724091 0.98872674 -0.021423204
1541978824168802.2 0.45139602 0.38118553 -0.51758116 -0.15031254 -0.026979227 0.98804104 -0.021291783
1541978824199552.2 0.44589725 0.3907244 -0.5230515 -0.16122189 -0.015800782 0.98635733 -0.029277064
1541978824230304.2 0.42048046 0.4165676 -0.52668875 -0.1593746 -0.016092667 0.9865906 -0.03130094
1541978824261006.2 0.40357807 0.44706982 -0.52917546 -0.15839835 -0.024324229 0.986505 -0.033560842
1541978824291603.2 0.40215397 0.47477072 -0.53059334 -0.15581894 -0.03915005 0.98628366 -0.037845805
