1541978820368298.2 -0.0 -0.0 -0.0 -0.0 -0.0 1.0 -0.0
1541978820400231.2 0.042073525 0.005031893 -0.015432194 -0.023356494 -0.0076858224 0.99887216 -0.04061787
1541978820432229.2 0.062489964 0.011137735 -0.02417088 -0.0065951953 -0.0018360809 0.99996585 -0.0046307067
1541978820464276.2 0.1283365 0.017723056 -0.015022904 -0.024149422 -0.00954329 0.998166 0.05468497
1541978820496331.2 0.15577675 0.024157865 -0.019679395 -0.027633147 -0.017994033 0.99757856 0.061235018
1541978820528393.2 0.15484881 0.035642467 -0.03520842 -0.017272549 -0.015246374 0.9997316 -0.0024665648
1541978820560535.2 0.1882709 0.044194892 -0.04964039 -0.026588546 0.0013925249 0.99946254 -0.01912468
1541978820592820.2 0.2327276 0.033863597 -0.06460823 -0.030194305 0.017221252 0.99935216 0.009332774
1541978820625138.2 0.2634468 0.031433094 -0.0755108 -0.024384165 0.0047729285 0.9995602 0.016192265
1541978820657374.2 0.29046625 0.045326825 -0.0852675 -0.034466136 0.0012094977 0.99901134 -0.028052522
1541978820689527.2 0.3168889 0.04658645 -0.09546759 -0.040946055 0.017417295 0.99855554 -0.03011438
1541978820721625.2 0.33741713 0.04606504 -0.101206645 -0.0231359 0.016467065 0.9995395 0.010697938
1541978820753688.2 0.36391595 0.046547525 -0.10664238 -0.016081592 0.011907002 0.99950993 0.024074065
1541978820785734.2 0.38599116 0.054955706 -0.114564426 -0.024737433 0.018976407 0.9992671 -0.022208687
1541978820817772.2 0.40853685 0.058460016 -0.12189704 -0.023930168 0.02575844 0.9986518 -0.038189735
1541978820849804.2 0.420862 0.05702242 -0.12564756 -0.0035881975 0.02819688 0.99952483 0.011924596
1541978820881800.2 0.43456194 0.053796235 -0.13051416 0.011063349 0.02024239 0.9991214 0.034988414
1541978820913754.2 0.45723662 0.06410203 -0.13682723 -0.0010925534 0.03120744 0.99948025 -0.008013653
1541978820945625.2 0.47768393 0.06981817 -0.1443975 -0.006503005 0.044659767 0.998074 -0.042563614
1541978820977375.2 0.49024123 0.06800084 -0.15031348 0.004192541 0.049438275 0.9987376 -0.007845714
1541978821008977.2 0.49714828 0.062800586 -0.15588614 0.023518126 0.03579907 0.99860823 0.030772936
1541978821040484.2 0.517894 0.071592495 -0.16035686 0.016154643 0.039786305 0.9989772 0.014165048
1541978821071932.2 0.5375913 0.08214689 -0.16677754 0.010276806 0.05366093 0.99770343 -0.04003557
1541978821103254.2 0.54985267 0.08654943 -0.17370665 0.01388813 0.06858512 0.99698853 -0.033424404
1541978821134389.2 0.5580342 0.08608998 -0.18167004 0.027120315 0.05321565 0.9982066 0.004022028
1541978821165361.2 0.5678064 0.08838186 -0.1896817 0.038189188 0.034059282 0.99868494 0.003152399
1541978821196292.2 0.5800781 0.095372416 -0.19767815 0.032402605 0.050776582 0.99790984 -0.023404714
1541978821227151.2 0.58855087 0.09972235 -0.20481491 0.032007337 0.06485958 0.99720484 -0.018742299
1541978821257868.2 0.5925761 0.101956636 -0.21341528 0.043809045 0.041447926 0.99816257 -0.0058649965
1541978821288487.2 0.6009597 0.10932203 -0.2239751 0.047099013 0.035752427 0.9981252 -0.015797803
1541978821319072.2 0.6031938 0.11941156 -0.23400097 0.038748685 0.0627427 0.9966198 -0.036204718
1541978821349608.2 0.6060427 0.12210265 -0.2494383 0.032227296 0.062036682 0.99661374 -0.043290615
1541978821380056.2 0.6039486 0.12819229 -0.25416115 0.03909649 0.024396295 0.99873936 -0.019901302
1541978821410449.2 0.6015633 0.14081378 -0.2617981 0.04718234 -0.0076221162 0.9988529 -0.0029348605
1541978821440866.2 0.60267895 0.15179493 -0.27068833 0.03905056 0.01085213 0.9966149 -0.0715274
1541978821471305.2 0.6035616 0.17208865 -0.28252193 0.03385781 0.03679232 0.9891207 -0.13834786
1541978821501697.2 0.5983722 0.17915592 -0.29466438 0.029406853 0.05139334 0.98828405 -0.14067248
1541978821531995.2 0.5984239 0.17935151 -0.30663443 0.025203727 0.02928368 0.99248 -0.11614957
1541978821562233.2 0.5935249 0.18247324 -0.31724617 0.019755239 0.006686352 0.995447 -0.09300707
1541978821592506.2 0.58225554 0.19199377 -0.3303649 0.0130918985 -0.0006966434 0.9954632 -0.094240226
1541978821622819.2 0.57781476 0.20242877 -0.34158993 0.00050609297 0.0008684492 0.9904747 -0.13769144
1541978821653175.2 0.56535155 0.2117757 -0.35459533 -0.005123965 0.011097075 0.9875266 -0.15697761
1541978821683580.2 0.5605384 0.20798595 -0.3646196 -0.016243711 0.007609192 0.99061203 -0.13552149
1541978821713969.2 0.55666655 0.20611651 -0.3729963 -0.0134579 -0.042429615 0.99264795 -0.11255489
1541978821744335.2 0.55217075 0.21302305 -0.38172734 -0.011199863 -0.07782396 0.9910428 -0.10794533
1541978821774697.2 0.55378103 0.2210281 -0.38895127 -0.022366496 -0.060660034 0.9819312 -0.17785197
1541978821805014.2 0.54674655 0.23120922 -0.39914834 -0.021514408 -0.04429082 0.97596157 -0.21230751
1541978821835236.2 0.54216796 0.22856659 -0.4063955 -0.019709576 -0.050239008 0.97760683 -0.20340241
1541978821865354.2 0.54241574 0.22906126 -0.4138115 -0.026550531 -0.07761186 0.98060656 -0.17799559
1541978821895583.2 0.53986365 0.22721292 -0.42160758 -0.0397868 -0.099635154 0.98043424 -0.16504109
1541978821926078.2 0.5346231 0.22921643 -0.42915922 -0.047890447 -0.11490953 0.97347456 -0.19196261
1541978821956694.2 0.5338053 0.23015264 -0.4386317 -0.051515743 -0.11113759 0.9644292 -0.23424526
1541978821987339.2 0.5273919 0.233463 -0.44931245 -0.04966124 -0.10493916 0.96191514 -0.24746889
1541978822017966.2 0.52614623 0.23067759 -0.45723766 -0.05876598 -0.11539597 0.96444154 -0.23039736
1541978822048570.2 0.5241398 0.22915325 -0.46307653 -0.07414161 -0.14169738 0.96712464 -0.1977242
1541978822079290.2 0.52643365 0.22405878 -0.47063535 -0.092005685 -0.17318569 0.964169 -0.17866112
1541978822110104.2 0.52889717 0.22771102 -0.47442466 -0.10015491 -0.19374175 0.95731956 -0.18966405
1541978822140846.2 0.53438234 0.2387506 -0.47955376 -0.10439659 -0.19272003 0.9483959 -0.22914083
1541978822171502.2 0.53327215 0.25213355 -0.4883166 -0.10264719 -0.18429343 0.9415625 -0.26260185
1541978822202126.2 0.5274922 0.25970334 -0.49688634 -0.09848605 -0.194524 0.93889356 -0.2663453
1541978822232724.2 0.5247929 0.25676632 -0.49682617 -0.110251814 -0.20548171 0.9427748 -0.23832254
1541978822263419.2 0.5216453 0.24750043 -0.49694753 -0.13160369 -0.22466187 0.94399536 -0.2026829
1541978822294334.2 0.5182559 0.25166902 -0.49722824 -0.14683597 -0.2513966 0.9406456 -0.17442736
1541978822325346.2 0.51560473 0.26044667 -0.4954267 -0.15022054 -0.26548657 0.93431926 -0.18438607
1541978822356300.2 0.5122547 0.27935553 -0.49655104 -0.14078271 -0.27413225 0.9277536 -0.2104875
1541978822387222.2 0.5049407 0.2956987 -0.49656266 -0.14143972 -0.26207766 0.9294368 -0.21784703
1541978822418120.2 0.49705935 0.3026743 -0.49452278 -0.1527507 -0.25699103 0.9323258 -0.20344912
1541978822448987.2 0.482532 0.3015555 -0.49014896 -0.16622129 -0.26187316 0.93440825 -0.1751408
1541978822479909.2 0.46958956 0.30097908 -0.48696977 -0.17969471 -0.2676926 0.9359675 -0.1414755
1541978822510898.2 0.45956376 0.3081767 -0.48252767 -0.18324448 -0.27147833 0.9354349 -0.13297579
1541978822541822.2 0.45113158 0.3257019 -0.47684085 -0.18030027 -0.2583012 0.93654555 -0.15380126
1541978822572637.2 0.43696326 0.33952516 -0.47430864 -0.18387835 -0.23149201 0.9400923 -0.16978437
1541978822603397.2 0.4166297 0.34822544 -0.4719161 -0.18811983 -0.22327879 0.9432643 -0.15814562
1541978822634129.2 0.40891704 0.34172928 -0.46246356 -0.19761218 -0.23103784 0.9436467 -0.1307741
1541978822664896.2 0.39207062 0.33237025 -0.45449105 -0.19525507 -0.23753953 0.94552 -0.10696952
1541978822695748.2 0.38363436 0.33819276 -0.44252092 -0.18842064 -0.23944695 0.9466691 -0.104787394
1541978822726631.2 0.37212628 0.34809524 -0.43413898 -0.18640342 -0.22100233 0.9482325 -0.1314042
1541978822757502.2 0.3654068 0.35266984 -0.4250499 -0.20026927 -0.18858826 0.94929874 -0.15217929
1541978822788352.2 0.34850767 0.34687394 -0.42284507 -0.20454712 -0.17744228 0.95243996 -0.13976045
1541978822819168.2 0.3261275 0.32405907 -0.41919813 -0.20516711 -0.18582831 0.9554013 -0.10287204
1541978822850026.2 0.31040812 0.30343592 -0.41502476 -0.20645468 -0.1996068 0.95612836 -0.05789752
1541978822880960.2 0.300121 0.29167512 -0.40925547 -0.20747393 -0.20363317 0.956496 -0.024566503
1541978822911855.2 0.28132516 0.28406405 -0.40425664 -0.19984588 -0.19896352 0.9589135 -0.03098513
1541978822942617.2 0.27500188 0.28310716 -0.4000108 -0.19952726 -0.1916803 0.9591083 -0.059656486
1541978822973243.2 0.26195812 0.28293806 -0.39629942 -0.20284428 -0.17641194 0.9611035 -0.06335001
1541978823003777.2 0.24510318 0.27248466 -0.39688948 -0.2032464 -0.17157078 0.96296537 -0.04418348
1541978823034258.2 0.22914486 0.25489184 -0.3991311 -0.19897175 -0.17809723 0.9635796 -0.014358122
1541978823064728.2 0.22083746 0.24637699 -0.39750525 -0.19362539 -0.17723903 0.9646994 0.021229107
1541978823095188.2 0.21400587 0.23887907 -0.3949727 -0.18746543 -0.16390175 0.9678344 0.03591104
1541978823125647.2 0.21165548 0.23521498 -0.38816294 -0.18323982 -0.15333752 0.97082645 0.020168396
1541978823156127.2 0.20776027 0.24508923 -0.3850094 -0.18341872 -0.14185083 0.97271776 -0.0074903923
1541978823186626.2 0.2061159 0.24399565 -0.38416174 -0.18901342 -0.12942658 0.97326005 -0.016958447
1541978823217106.2 0.21932712 0.22548233 -0.37931526 -0.19955689 -0.13016951 0.9711994 -0.002184296
1541978823247545.2 0.21942642 0.20557055 -0.38133177 -0.19602771 -0.14359133 0.9696316 0.027733918
1541978823277961.2 0.2175951 0.19853036 -0.38530064 -0.18522565 -0.1536369 0.9688387 0.05864199
1541978823308378.2 0.2157031 0.19712104 -0.38427463 -0.17270026 -0.14650168 0.97191566 0.063967936
1541978823338822.2 0.2490272 0.19571528 -0.3694261 -0.18372893 -0.12036756 0.9751118 0.030207781
1541978823369281.2 0.26790315 0.2109393 -0.36297947 -0.17994098 -0.09498781 0.97907764 -0.0023692541
1541978823399687.2 0.28321236 0.21722844 -0.36240986 -0.17708707 -0.07359541 0.9811803 -0.022564676
1541978823430028.2 0.2970749 0.2195733 -0.35940734 -0.17358294 -0.07514157 0.9816856 -0.022721607
1541978823460377.2 0.30982453 0.2140888 -0.36137858 -0.17386834 -0.09070508 0.9805109 -0.011865319
1541978823490799.2 0.31100106 0.20431568 -0.36722326 -0.16895323 -0.109827146 0.9794857 0.0007740971
1541978823521332.2 0.32225454 0.19815078 -0.36756772 -0.16810955 -0.13023992 0.9770572 0.011661652
1541978823551987.2 0.33364668 0.19632728 -0.3711943 -0.16533542 -0.13686411 0.9765821 0.014829296
1541978823582762.2 0.34926397 0.20356062 -0.3710274 -0.15896063 -0.12999646 0.97865695 0.007945046
1541978823613663.2 0.37414077 0.2101047 -0.37302703 -0.15259853 -0.116931506 0.9812663 -0.012534946
1541978823644701.2 0.39861566 0.21852764 -0.37637365 -0.14368296 -0.10286082 0.9837379 -0.032166418
1541978823675827.2 0.41747832 0.22243802 -0.38360682 -0.12717651 -0.09745684 0.98571694 -0.05186974
1541978823706960.2 0.43378708 0.22658059 -0.39099956 -0.112348 -0.09566937 0.98687494 -0.065598935
1541978823738034.2 0.44235873 0.23051178 -0.4006396 -0.10454975 -0.090854116 0.9876168 -0.073675714
1541978823769004.2 0.43740663 0.2413327 -0.4048068 -0.09468661 -0.09300856 0.9879458 -0.07966782
1541978823799870.2 0.43863362 0.24946284 -0.41330504 -0.09464896 -0.09287737 0.98756546 -0.08443912
1541978823830688.2 0.43271127 0.25878328 -0.4198016 -0.09873746 -0.08809954 0.98777676 -0.08238061
1541978823861488.2 0.43704268 0.27009013 -0.42500252 -0.11550424 -0.094143786 0.9856843 -0.078881264
1541978823892282.2 0.4273875 0.2861657 -0.4271142 -0.13116439 -0.095780626 0.98413426 -0.071427405
1541978823923072.2 0.41721225 0.30278468 -0.4290176 -0.14765126 -0.096753255 0.98199886 -0.067202516
1541978823953833.2 0.39927864 0.31686375 -0.43360567 -0.15676433 -0.09260885 0.98110026 -0.06550551
1541978823984542.2 0.38294286 0.32249263 -0.43437523 -0.15911597 -0.08554739 0.9816246 -0.061457604
1541978824015192.2 0.38047343 0.31381634 -0.4407834 -0.16157578 -0.076783635 0.98230374 -0.055470172
1541978824045836.2 0.38488275 0.29800662 -0.44703853 -0.16204128 -0.073203996 0.98276573 -0.05055039
1541978824076531.2 0.3846224 0.28485724 -0.45033646 -0.15214477 -0.07042078 0.98485416 -0.044217758
1541978824107284.2 0.38258126 0.27992126 -0.4502008 -0.14970061 -0.054352473 0.98667026 -0.033427656
1541978824138052.2 0.38331968 0.279549 -0.45372337 -0.15292323 -0.040440034 0.98684496 -0.033410404
1541978824168802.2 0.3753993 0.2903462 -0.4538207 -0.15654129 -0.03228358 0.98650134 -0.035605334
1541978824199552.2 0.3649622 0.30307874 -0.4543399 -0.16301537 -0.019819373 0.98560274 -0.040256158
1541978824230304.2 0.36491415 0.31559014 -0.45877576 -0.17331384 -0.016033126 0.9836718 -0.0457726
1541978824261006.2 0.3555299 0.33643815 -0.464096 -0.17489234 -0.0239409 0.98304415 -0.0496359
1541978824291603.2 0.35650444 0.3579763 -0.46346635 -0.1752641 -0.03825837 0.9823238 -0.05346643
