# timestamp[secs] tx ty tz qx qy qz qw
1541978820.3682983 -0.0 -0.0 -0.0 -0.0 -0.0 -0.0 1.0
1541978820.4002314 0.04207352548837662 0.005031893029808998 -0.015432193875312805 -0.040617868304252625 -0.023356493562459946 -0.007685822434723377 0.9988721609115601
1541978820.4322293 0.062489964067935944 0.011137735098600388 -0.024170879274606705 -0.004630706738680601 -0.006595195271074772 -0.001836080919019878 0.9999658465385437
1541978820.4642763 0.12833650410175323 0.01772305555641651 -0.015022903680801392 0.054684970527887344 -0.024149421602487564 -0.009543290361762047 0.998166024684906
1541978820.4963312 0.1557767540216446 0.024157864972949028 -0.019679395481944084 0.06123501807451248 -0.027633147314190865 -0.01799403317272663 0.9975785613059998
1541978820.5283933 0.15484881401062012 0.03564246743917465 -0.03520841896533966 -0.002466564765200019 -0.017272548750042915 -0.015246373601257801 0.9997316002845764
1541978820.5605352 0.18827089667320251 0.044194892048835754 -0.049640391021966934 -0.019124679267406464 -0.026588546112179756 0.0013925249222666025 0.9994625449180603
1541978820.5928202 0.23272760212421417 0.03386359661817551 -0.06460823118686676 0.009332774206995964 -0.030194304883480072 0.017221251502633095 0.9993521571159363
1541978820.6251383 0.2634468078613281 0.031433094292879105 -0.07551079988479614 0.01619226485490799 -0.024384165182709694 0.0047729285433888435 0.9995601773262024
1541978820.6573741 0.2904662489891052 0.045326825231313705 -0.08526749908924103 -0.028052521869540215 -0.03446613624691963 0.0012094976846128702 0.9990113377571106
1541978820.6895273 0.3168888986110687 0.046586450189352036 -0.09546758979558945 -0.03011438064277172 -0.040946055203676224 0.017417294904589653 0.9985555410385132
1541978820.7216253 0.3374171257019043 0.046065039932727814 -0.10120664536952972 0.010697937570512295 -0.023135900497436523 0.01646706461906433 0.9995394945144653
1541978820.7536883 0.36391595005989075 0.04654752463102341 -0.10664238035678864 0.024074064567685127 -0.016081592068076134 0.011907001957297325 0.9995099306106567
1541978820.7857342 0.3859911561012268 0.054955706000328064 -0.1145644262433052 -0.02220868691802025 -0.024737432599067688 0.018976407125592232 0.9992671012878418
1541978820.8177722 0.4085368514060974 0.058460015803575516 -0.12189704179763794 -0.038189735263586044 -0.02393016777932644 0.025758439674973488 0.9986518025398254
1541978820.8498042 0.42086198925971985 0.057022418826818466 -0.12564755976200104 0.011924595572054386 -0.0035881975200027227 0.028196880593895912 0.9995248317718506
1541978820.8818002 0.43456193804740906 0.05379623547196388 -0.13051415979862213 0.034988414496183395 0.011063349433243275 0.020242389291524887 0.9991214275360107
1541978820.9137542 0.4572366178035736 0.06410203129053116 -0.1368272304534912 -0.008013652637600899 -0.0010925533715635538 0.031207440420985222 0.9994802474975586
1541978820.9456253 0.4776839315891266 0.0698181688785553 -0.14439749717712402 -0.04256361350417137 -0.006503005046397448 0.04465976729989052 0.9980739951133728
1541978820.9773753 0.49024122953414917 0.06800083816051483 -0.15031348168849945 -0.007845713756978512 0.004192540887743235 0.04943827539682388 0.9987375736236572
1541978821.0089772 0.4971482753753662 0.0628005862236023 -0.15588614344596863 0.03077293559908867 0.02351812645792961 0.035799071192741394 0.9986082315444946
1541978821.0404842 0.5178940296173096 0.07159249484539032 -0.16035686433315277 0.01416504755616188 0.016154643148183823 0.03978630527853966 0.9989771842956543
1541978821.0719323 0.537591278553009 0.08214689046144485 -0.16677753627300262 -0.04003556817770004 0.010276805609464645 0.05366092920303345 0.9977034330368042
1541978821.1032543 0.5498526692390442 0.08654943108558655 -0.17370665073394775 -0.03342440351843834 0.013888129964470863 0.0685851201415062 0.9969885349273682
1541978821.1343892 0.5580341815948486 0.08608998358249664 -0.18167003989219666 0.0040220278315246105 0.02712031453847885 0.05321564897894859 0.998206615447998
1541978821.1653612 0.5678064227104187 0.08838185667991638 -0.18968169391155243 0.003152399091050029 0.03818918764591217 0.03405928239226341 0.9986849427223206
1541978821.1962922 0.580078125 0.09537241607904434 -0.19767814874649048 -0.023404713720083237 0.032402604818344116 0.05077658221125603 0.9979098439216614
1541978821.2271512 0.588550865650177 0.09972234815359116 -0.20481491088867188 -0.01874229870736599 0.03200733661651611 0.06485957652330399 0.9972048401832581
1541978821.2578683 0.5925760865211487 0.10195663571357727 -0.21341527998447418 -0.005864996463060379 0.04380904510617256 0.04144792631268501 0.998162567615509
1541978821.2884872 0.6009597182273865 0.10932202637195587 -0.22397510707378387 -0.015797803178429604 0.04709901288151741 0.03575242683291435 0.9981251955032349
1541978821.3190722 0.6031938195228577 0.11941155791282654 -0.23400096595287323 -0.03620471805334091 0.03874868527054787 0.0627427026629448 0.9966198205947876
1541978821.3496082 0.6060426831245422 0.12210264801979065 -0.2494383007287979 -0.04329061508178711 0.0322272963821888 0.06203668192028999 0.9966137409210205
1541978821.3800561 0.6039485931396484 0.12819229066371918 -0.25416114926338196 -0.019901301711797714 0.039096489548683167 0.024396294727921486 0.9987393617630005
1541978821.4104493 0.6015632748603821 0.14081378281116486 -0.26179811358451843 -0.0029348605312407017 0.047182340174913406 -0.00762211624532938 0.9988529086112976
1541978821.4408662 0.6026789546012878 0.1517949253320694 -0.27068832516670227 -0.071527399122715 0.03905056044459343 0.010852130129933357 0.9966148734092712
1541978821.4713051 0.6035615801811218 0.1720886528491974 -0.28252193331718445 -0.13834786415100098 0.033857811242341995 0.036792319267988205 0.9891207218170166
1541978821.5016973 0.598372220993042 0.17915591597557068 -0.2946643829345703 -0.1406724750995636 0.029406853020191193 0.05139334127306938 0.9882840514183044
1541978821.5319953 0.5984238982200623 0.17935150861740112 -0.30663442611694336 -0.11614956706762314 0.025203727185726166 0.029283680021762848 0.9924799799919128
1541978821.5622332 0.5935248732566833 0.18247324228286743 -0.3172461688518524 -0.09300707280635834 0.01975523866713047 0.00668635219335556 0.9954469799995422
1541978821.5925062 0.5822555422782898 0.19199377298355103 -0.3303649127483368 -0.0942402258515358 0.013091898523271084 -0.000696643372066319 0.9954631924629211
1541978821.6228192 0.5778147578239441 0.20242877304553986 -0.34158992767333984 -0.1376914381980896 0.0005060929688625038 0.0008684492204338312 0.9904747009277344
1541978821.6531754 0.5653515458106995 0.21177570521831512 -0.3545953333377838 -0.1569776087999344 -0.005123964976519346 0.011097075417637825 0.9875265955924988
1541978821.6835802 0.5605384111404419 0.20798595249652863 -0.3646196126937866 -0.13552148640155792 -0.01624371111392975 0.007609191816300154 0.9906120300292969
1541978821.7139692 0.5566665530204773 0.20611651241779327 -0.3729963004589081 -0.1125548928976059 -0.013457899913191795 -0.042429614812135696 0.9926479458808899
1541978821.7443352 0.5521707534790039 0.21302305161952972 -0.38172733783721924 -0.10794533044099808 -0.011199862696230412 -0.07782395929098129 0.9910427927970886
1541978821.7746973 0.5537810325622559 0.22102810442447662 -0.38895127177238464 -0.17785197496414185 -0.022366495802998543 -0.06066003441810608 0.981931209564209
1541978821.8050141 0.546746551990509 0.23120921850204468 -0.3991483449935913 -0.21230751276016235 -0.0215144082903862 -0.04429081827402115 0.9759615659713745
1541978821.8352363 0.5421679615974426 0.22856658697128296 -0.40639549493789673 -0.20340241491794586 -0.019709575921297073 -0.05023900792002678 0.9776068329811096
1541978821.8653543 0.5424157381057739 0.22906126081943512 -0.41381150484085083 -0.17799559235572815 -0.0265505313873291 -0.07761186361312866 0.9806065559387207
1541978821.8955832 0.539863646030426 0.22721292078495026 -0.4216075837612152 -0.16504108905792236 -0.03978680074214935 -0.09963515400886536 0.980434238910675
1541978821.9260783 0.5346230864524841 0.22921642661094666 -0.4291592240333557 -0.1919626146554947 -0.047890447080135345 -0.11490952968597412 0.9734745621681213
1541978821.9566944 0.5338053107261658 0.23015263676643372 -0.43863171339035034 -0.23424525558948517 -0.051515743136405945 -0.11113759130239487 0.9644291996955872
1541978821.9873393 0.5273919105529785 0.23346300423145294 -0.4493124485015869 -0.24746888875961304 -0.049661241471767426 -0.10493916273117065 0.961915135383606
1541978822.0179663 0.5261462330818176 0.23067758977413177 -0.4572376608848572 -0.23039735853672028 -0.05876598134636879 -0.11539597064256668 0.9644415378570557
1541978822.0485702 0.5241398215293884 0.22915324568748474 -0.46307653188705444 -0.19772419333457947 -0.07414160668849945 -0.14169737696647644 0.9671246409416199
1541978822.0792902 0.5264336466789246 0.22405877709388733 -0.4706353545188904 -0.17866112291812897 -0.09200568497180939 -0.17318569123744965 0.9641690254211426
1541978822.1101043 0.5288971662521362 0.227711021900177 -0.47442466020584106 -0.1896640509366989 -0.10015490651130676 -0.19374175369739532 0.9573195576667786
1541978822.1408463 0.5343823432922363 0.2387506067752838 -0.479553759098053 -0.22914083302021027 -0.10439658910036087 -0.19272002577781677 0.9483959078788757
1541978822.1715024 0.5332721471786499 0.2521335482597351 -0.4883165955543518 -0.2626018524169922 -0.10264719277620316 -0.18429343402385712 0.9415624737739563
1541978822.2021263 0.5274922251701355 0.2597033381462097 -0.49688634276390076 -0.2663452923297882 -0.0984860509634018 -0.19452400505542755 0.9388935565948486
1541978822.2327242 0.5247929096221924 0.25676631927490234 -0.496826171875 -0.23832254111766815 -0.11025181412696838 -0.20548170804977417 0.942774772644043
1541978822.2634192 0.5216453075408936 0.2475004345178604 -0.4969475269317627 -0.20268289744853973 -0.1316036880016327 -0.22466187179088593 0.9439953565597534
1541978822.2943342 0.518255889415741 0.2516690194606781 -0.4972282350063324 -0.1744273602962494 -0.14683596789836884 -0.2513965964317322 0.9406455755233765
1541978822.3253462 0.5156047344207764 0.2604466676712036 -0.4954267144203186 -0.18438607454299927 -0.15022054314613342 -0.26548656821250916 0.934319257736206
1541978822.3563004 0.5122547149658203 0.279355525970459 -0.4965510368347168 -0.210487499833107 -0.14078271389007568 -0.27413225173950195 0.9277536273002625
1541978822.3872223 0.5049406886100769 0.29569870233535767 -0.496562659740448 -0.2178470343351364 -0.14143972098827362 -0.262077659368515 0.9294368028640747
1541978822.4181201 0.49705934524536133 0.3026742935180664 -0.4945227801799774 -0.20344911515712738 -0.15275070071220398 -0.25699102878570557 0.9323257803916931
1541978822.4489872 0.48253199458122253 0.3015555143356323 -0.49014896154403687 -0.17514079809188843 -0.16622129082679749 -0.26187315583229065 0.9344082474708557
1541978822.4799092 0.46958956122398376 0.3009790778160095 -0.4869697690010071 -0.14147549867630005 -0.17969471216201782 -0.26769259572029114 0.9359675049781799
1541978822.5108984 0.4595637619495392 0.3081766963005066 -0.4825276732444763 -0.13297578692436218 -0.1832444816827774 -0.2714783251285553 0.935434877872467
1541978822.5418222 0.45113158226013184 0.32570189237594604 -0.4768408536911011 -0.15380126237869263 -0.1803002655506134 -0.2583011984825134 0.9365455508232117
1541978822.5726373 0.4369632601737976 0.33952516317367554 -0.47430863976478577 -0.16978436708450317 -0.1838783472776413 -0.23149201273918152 0.9400923252105713
1541978822.6033971 0.41662970185279846 0.3482254445552826 -0.4719161093235016 -0.15814562141895294 -0.1881198287010193 -0.22327879071235657 0.9432643055915833
1541978822.6341293 0.40891703963279724 0.3417292833328247 -0.4624635577201843 -0.1307740956544876 -0.19761218130588531 -0.23103784024715424 0.9436467289924622
1541978822.6648962 0.39207062125205994 0.33237025141716003 -0.4544910490512848 -0.10696952044963837 -0.1952550709247589 -0.23753952980041504 0.9455199837684631
1541978822.6957483 0.3836343586444855 0.33819276094436646 -0.4425209164619446 -0.10478739440441132 -0.1884206384420395 -0.2394469529390335 0.9466691017150879
1541978822.7266312 0.3721262812614441 0.34809523820877075 -0.4341389834880829 -0.13140420615673065 -0.18640342354774475 -0.22100232541561127 0.9482324719429016
1541978822.7575023 0.3654068112373352 0.3526698350906372 -0.42504990100860596 -0.1521792858839035 -0.20026926696300507 -0.18858826160430908 0.9492987394332886
1541978822.7883523 0.34850767254829407 0.346873939037323 -0.4228450655937195 -0.13976044952869415 -0.20454712212085724 -0.1774422824382782 0.9524399638175964
1541978822.8191683 0.3261274993419647 0.32405906915664673 -0.4191981256008148 -0.10287203639745712 -0.20516711473464966 -0.1858283132314682 0.9554013013839722
1541978822.8500264 0.3104081153869629 0.30343592166900635 -0.4150247573852539 -0.05789751932024956 -0.20645467936992645 -0.19960680603981018 0.9561283588409424
1541978822.8809602 0.300121009349823 0.2916751205921173 -0.4092554748058319 -0.02456650324165821 -0.20747393369674683 -0.2036331743001938 0.956496000289917
1541978822.9118552 0.28132516145706177 0.28406405448913574 -0.4042566418647766 -0.03098512999713421 -0.19984588027000427 -0.19896352291107178 0.9589135050773621
1541978822.9426172 0.2750018835067749 0.2831071615219116 -0.4000107944011688 -0.05965648591518402 -0.19952726364135742 -0.19168029725551605 0.959108293056488
1541978822.9732432 0.26195812225341797 0.28293806314468384 -0.39629942178726196 -0.06335000693798065 -0.2028442770242691 -0.1764119416475296 0.9611034989356995
1541978823.0037773 0.24510318040847778 0.2724846601486206 -0.39688947796821594 -0.044183481484651566 -0.20324639976024628 -0.1715707778930664 0.9629653692245483
1541978823.0342584 0.2291448563337326 0.25489184260368347 -0.39913108944892883 -0.014358121901750565 -0.19897174835205078 -0.17809723317623138 0.9635795950889587
1541978823.0647283 0.22083745896816254 0.24637699127197266 -0.3975052535533905 0.021229106932878494 -0.19362539052963257 -0.17723903059959412 0.964699387550354
1541978823.0951881 0.21400587260723114 0.23887906968593597 -0.39497271180152893 0.035911038517951965 -0.18746542930603027 -0.16390174627304077 0.9678344130516052
1541978823.1256473 0.21165548264980316 0.2352149784564972 -0.3881629407405853 0.020168395712971687 -0.18323981761932373 -0.1533375233411789 0.9708264470100403
1541978823.1561272 0.2077602744102478 0.24508923292160034 -0.38500940799713135 -0.007490392308682203 -0.18341872096061707 -0.14185082912445068 0.9727177619934082
1541978823.1866262 0.20611590147018433 0.24399565160274506 -0.38416174054145813 -0.0169584471732378 -0.18901342153549194 -0.12942658364772797 0.9732600450515747
1541978823.2171063 0.21932712197303772 0.22548232972621918 -0.37931525707244873 -0.002184296026825905 -0.1995568871498108 -0.13016951084136963 0.9711993932723999
1541978823.2475452 0.21942642331123352 0.2055705487728119 -0.38133177161216736 0.02773391827940941 -0.1960277110338211 -0.14359132945537567 0.9696316123008728
1541978823.2779613 0.21759510040283203 0.19853036105632782 -0.3853006362915039 0.05864198878407478 -0.18522565066814423 -0.1536369025707245 0.9688386917114258
1541978823.3083782 0.2157030999660492 0.1971210390329361 -0.3842746317386627 0.06396793574094772 -0.17270025610923767 -0.14650167524814606 0.9719156622886658
1541978823.3388224 0.24902719259262085 0.1957152783870697 -0.36942610144615173 0.030207781121134758 -0.18372893333435059 -0.12036755681037903 0.9751117825508118
1541978823.3692813 0.2679031491279602 0.21093930304050446 -0.3629794716835022 -0.0023692541290074587 -0.17994098365306854 -0.09498780965805054 0.9790776371955872
1541978823.3996873 0.2832123637199402 0.21722844243049622 -0.3624098598957062 -0.02256467565894127 -0.17708706855773926 -0.07359541207551956 0.9811803102493286
1541978823.4300282 0.29707491397857666 0.21957330405712128 -0.35940733551979065 -0.022721607238054276 -0.17358294129371643 -0.07514157146215439 0.9816855788230896
1541978823.4603772 0.30982452630996704 0.2140887975692749 -0.36137858033180237 -0.01186531875282526 -0.1738683432340622 -0.09070508182048798 0.9805108904838562
1541978823.4907992 0.3110010623931885 0.2043156772851944 -0.36722326278686523 0.0007740971050225198 -0.16895322501659393 -0.10982714593410492 0.9794856905937195
1541978823.5213323 0.3222545385360718 0.19815078377723694 -0.3675677180290222 0.0116616515442729 -0.16810955107212067 -0.13023991882801056 0.9770572185516357
1541978823.5519872 0.333646684885025 0.19632728397846222 -0.3711943030357361 0.014829295687377453 -0.16533541679382324 -0.13686411082744598 0.9765821099281311
1541978823.5827622 0.3492639660835266 0.20356062054634094 -0.371027410030365 0.007945045828819275 -0.15896062552928925 -0.12999646365642548 0.9786569476127625
1541978823.6136632 0.37414076924324036 0.21010470390319824 -0.3730270266532898 -0.012534946203231812 -0.1525985300540924 -0.1169315055012703 0.9812663197517395
1541978823.6447012 0.39861565828323364 0.2185276448726654 -0.37637364864349365 -0.03216641768813133 -0.14368295669555664 -0.10286082327365875 0.9837378859519958
1541978823.6758273 0.4174783229827881 0.2224380224943161 -0.38360682129859924 -0.05186973884701729 -0.12717650830745697 -0.09745684266090393 0.9857169389724731
1541978823.7069602 0.433787077665329 0.22658059000968933 -0.39099955558776855 -0.06559893488883972 -0.11234799772500992 -0.09566936641931534 0.9868749380111694
1541978823.7380342 0.44235873222351074 0.23051178455352783 -0.4006395936012268 -0.0736757144331932 -0.10454975068569183 -0.09085411578416824 0.987616777420044
1541978823.7690043 0.43740662932395935 0.24133269488811493 -0.40480679273605347 -0.0796678215265274 -0.0946866124868393 -0.09300856292247772 0.9879457950592041
1541978823.7998703 0.43863362073898315 0.24946284294128418 -0.41330504417419434 -0.08443912118673325 -0.09464895725250244 -0.09287737309932709 0.9875654578208923
1541978823.8306882 0.43271127343177795 0.2587832808494568 -0.41980159282684326 -0.08238060772418976 -0.09873746335506439 -0.08809953927993774 0.9877767562866211
1541978823.8614883 0.4370426833629608 0.27009013295173645 -0.4250025153160095 -0.07888126373291016 -0.11550424247980118 -0.09414378553628922 0.9856842756271362
1541978823.8922822 0.4273875057697296 0.286165714263916 -0.42711418867111206 -0.07142740488052368 -0.13116438686847687 -0.0957806259393692 0.9841342568397522
1541978823.9230723 0.41721224784851074 0.30278468132019043 -0.4290176033973694 -0.06720251590013504 -0.14765125513076782 -0.09675325453281403 0.981998860836029
1541978823.9538333 0.3992786407470703 0.3168637454509735 -0.4336056709289551 -0.0655055120587349 -0.15676432847976685 -0.09260884672403336 0.9811002612113953
1541978823.9845421 0.3829428553581238 0.3224926292896271 -0.43437522649765015 -0.06145760416984558 -0.1591159701347351 -0.08554738759994507 0.9816246032714844
1541978824.0151923 0.38047343492507935 0.3138163387775421 -0.44078341126441956 -0.05547017231583595 -0.1615757793188095 -0.07678363472223282 0.9823037385940552
1541978824.0458362 0.38488274812698364 0.2980066239833832 -0.44703853130340576 -0.05055039003491402 -0.16204127669334412 -0.07320399582386017 0.9827657341957092
1541978824.0765312 0.38462239503860474 0.28485724329948425 -0.4503364562988281 -0.044217757880687714 -0.15214477479457855 -0.0704207792878151 0.9848541617393494
1541978824.1072843 0.38258126378059387 0.2799212634563446 -0.45020079612731934 -0.033427655696868896 -0.1497006118297577 -0.054352473467588425 0.9866702556610107
1541978824.1380522 0.3833196759223938 0.2795490026473999 -0.45372337102890015 -0.03341040387749672 -0.15292322635650635 -0.04044003412127495 0.9868449568748474
1541978824.1688023 0.37539929151535034 0.2903462052345276 -0.45382070541381836 -0.035605333745479584 -0.15654128789901733 -0.03228358179330826 0.9865013360977173
1541978824.1995523 0.3649621903896332 0.3030787408351898 -0.4543398916721344 -0.040256157517433167 -0.16301536560058594 -0.01981937326490879 0.9856027364730835
1541978824.2303042 0.3649141490459442 0.31559014320373535 -0.45877575874328613 -0.045772600919008255 -0.17331384122371674 -0.016033126041293144 0.9836717844009399
1541978824.2610064 0.35552990436553955 0.3364381492137909 -0.4640960097312927 -0.04963589832186699 -0.1748923361301422 -0.023940900340676308 0.9830441474914551
1541978824.2916033 0.3565044403076172 0.3579762876033783 -0.4634663462638855 -0.05346643179655075 -0.17526410520076752 -0.03825837001204491 0.9823238253593445
