0 7
1 14
2 22
3 29
4 37
5 45
6 52
7 59
8 67
9 74
10 81
11 88
12 95
13 102
14 110
15 117
16 124
17 131
18 139
19 146
20 153
21 160
22 167
23 174
24 181
25 188
26 194
27 201
28 208
29 215
30 222
31 229
32 236
33 243
34 250
35 257
36 263
37 270
38 277
39 283
40 289
41 296
42 302
43 308
44 315
45 321
46 327
47 333
48 339
49 345
50 351
51 357
52 363
53 369
54 375
55 380
56 386
57 392
58 398
59 404
60 409
61 415
62 421
63 427
64 432
65 438
66 444
67 450
68 455
69 461
70 467
71 473
72 478
73 484
74 490
75 496
76 501
77 507
78 513
79 519
80 525
81 531
82 537
83 543
84 548
85 554
86 560
87 566
88 572
89 578
90 584
91 589
92 595
93 601
94 607
95 613
96 619
97 624
98 630
99 636
100 642
101 648
102 654
103 659
104 665
105 671
106 677
107 683
108 689
109 694
110 700
111 706
112 712
113 718
114 724
115 730
116 735
117 741
118 747
119 753
120 759
121 765
122 771
123 776
124 782
125 788
126 794
