1542145548597695.0 -0.0 -0.0 -0.0 -0.0 -0.0 1.0 -0.0
1542145548622706.0 0.0039719706 0.0005411924 -0.0035541279 0.0023061258 0.023852468 0.9996999 0.005093272
1542145548647708.0 0.008368386 0.0016203914 -0.007017692 0.002267587 0.051576313 0.99860096 0.011441441
1542145548672679.0 0.013480875 0.0031460598 -0.011002017 -0.00044644598 0.08607188 0.99607956 0.020418063
1542145548697595.0 0.019446786 0.0051975087 -0.015711976 -0.001918175 0.12373751 0.9918793 0.029341238
1542145548722445.0 0.033744805 0.0048673037 -0.024781834 -0.0008006828 0.15273876 0.9874583 0.039954297
1542145548747234.0 0.04373642 0.005314953 -0.028554771 -0.003146106 0.17091146 0.9840836 0.04856876
1542145548771980.0 0.04373642 0.005314953 -0.028554771 -0.003146106 0.17091146 0.9840836 0.04856876
1542145548796695.0 0.034385834 0.0062613063 -0.02247571 -0.011425375 0.15638593 0.9867177 0.042439044
1542145548821380.0 0.025259212 0.0060718865 -0.018523375 -0.010957778 0.14205995 0.9891287 0.03637851
1542145548846047.0 0.019422427 0.0066840714 -0.015138279 -0.0075892746 0.12668014 0.99145484 0.030197868
1542145548870720.0 0.0148601085 0.0053920737 -0.01419299 -0.004606289 0.11606843 0.99293005 0.024428252
1542145548895408.0 0.015092639 0.006007782 -0.010261985 -0.0048779617 0.113662735 0.9932517 0.022542484
1542145548920110.0 0.017939493 0.006997255 -0.015949616 -0.0054972637 0.120492585 0.9924064 0.024102408
1542145548944821.0 0.021486342 0.0073095453 -0.018092448 -0.006324256 0.12720013 0.99150616 0.026377544
1542145548969536.0 0.023387946 0.007975779 -0.019262234 -0.008023227 0.13145392 0.99088615 0.028286522
1542145548994254.0 0.021141414 0.0076340605 -0.015122637 -0.009108983 0.13028574 0.99104303 0.027865171
1542145549018977.0 0.019087192 0.006970476 -0.01566774 -0.006907701 0.12563203 0.991674 0.02741339
1542145549043700.0 0.018353973 0.006412787 -0.014709663 -0.0065133846 0.12347323 0.9919797 0.026235323
1542145549068419.0 0.0116504785 -0.00055316504 -0.021177864 -0.0018190392 0.12396745 0.99205637 0.021283377
1542145549093134.0 0.010845689 0.00047561887 -0.014981593 -0.001025826 0.12570117 0.99176824 0.024370339
1542145549117840.0 0.03119972 0.009589084 -0.029926779 -0.004910529 0.12160993 0.99229044 0.023383321
1542145549142536.0 0.031877816 0.012003598 -0.0437029 -0.002941953 0.11453601 0.9932213 0.019607991
1542145549167226.0 0.30655342 -0.2682928 -0.26096705 -0.112935565 0.14257243 0.9675875 -0.17519495
1542145549191914.0 0.30929667 -0.26220825 -0.27152097 -0.10818243 0.14053714 0.9687802 -0.17323637
1542145549216597.0 0.30909356 -0.26531172 -0.27805525 -0.10240257 0.13997589 0.969315 -0.17420986
1542145549241270.0 0.31158376 -0.26603544 -0.28959444 -0.095288105 0.13339871 0.9711701 -0.17307082
1542145549265932.0 0.31189722 -0.27603114 -0.28247863 -0.090135306 0.13741626 0.9709939 -0.17367582
1542145549290585.0 0.3249364 -0.28010434 -0.30732805 -0.08421622 0.1331627 0.9724982 -0.17153047
1542145549315232.0 0.3231488 -0.22491936 -0.3788805 -0.0748133 0.1305793 0.9753138 -0.16160172
1542145549339878.0 0.34903777 -0.27848446 -0.36551952 -0.067728765 0.11463943 0.97773844 -0.16216749
1542145549364525.0 0.3192939 -0.27042764 -0.23899253 -0.06580777 0.10518146 0.9790366 -0.16153511
1542145549389181.0 0.5508111 -0.29850933 -0.17012993 -0.1664003 0.0917505 0.965104 -0.18018644
1542145549413851.0 0.5523308 -0.29775894 -0.1685929 -0.1612317 0.088492334 0.967001 -0.17630237
1542145549438536.0 0.5608746 -0.30245957 -0.16917863 -0.16220109 0.07694419 0.96784407 -0.17620516
1542145549463235.0 0.5811137 -0.31102344 -0.15541686 -0.17276603 0.07192958 0.9657593 -0.1796862
1542145549487951.0 0.64809495 -0.33489615 -0.11686762 -0.18796088 0.060731616 0.9632519 -0.18201151
1542145549512679.0 0.65694165 -0.3438304 -0.107002944 -0.1875118 0.06000151 0.96299523 -0.18406345
1542145549537420.0 0.67628706 -0.34623158 -0.102663696 -0.19166522 0.057004634 0.96245134 -0.18358222
1542145549562169.0 0.6997548 -0.35653776 -0.09452746 -0.19732566 0.05294693 0.9607982 -0.18741947
1542145549586921.0 0.7116431 -0.35244596 -0.100875676 -0.19546157 0.04250067 0.9627739 -0.18181004
1542145549611673.0 0.7196261 -0.3575946 -0.098310165 -0.19497304 0.037664544 0.9630021 -0.18219207
1542145549636430.0 0.7248641 -0.34343013 -0.09785378 -0.19406089 0.03288225 0.96461314 -0.17544411
1542145549661185.0 0.72177595 -0.33567107 -0.0935864 -0.19177574 0.028521912 0.965888 -0.17166524
1542145549685937.0 0.7286496 -0.33757132 -0.09697849 -0.19282319 0.030238548 0.9652974 -0.1735101
1542145549710681.0 0.7246147 -0.33383304 -0.104203284 -0.18734878 0.023589503 0.9671746 -0.17005093
1542145549735424.0 0.73328364 -0.33125138 -0.1284558 -0.18499656 0.023035841 0.9678069 -0.16910198
1542145549760170.0 0.76458097 -0.3630667 -0.13222441 -0.19629516 0.024127884 0.96272683 -0.18450812
1542145549784915.0 0.75149226 -0.33812052 -0.124874845 -0.19174832 0.023123367 0.9659344 -0.17224589
1542145549809654.0 0.76342475 -0.3580333 -0.1257222 -0.19863918 0.0313058 0.9619766 -0.18483372
1542145549834375.0 0.73696214 -0.35375154 -0.1412015 -0.18936075 0.030449837 0.96467566 -0.18059956
1542145549859083.0 0.76455957 -0.39267644 -0.13926527 -0.20201132 0.03726838 0.9579149 -0.20050335
1542145549883788.0 0.7699185 -0.39823467 -0.13672563 -0.20534816 0.039983805 0.95631856 -0.2041771
1542145549908489.0 0.7570726 -0.41487777 -0.15849227 -0.1976266 0.0393729 0.95721275 -0.20769529
1542145549933182.0 0.7764108 -0.4171668 -0.14312427 -0.21119973 0.05083171 0.9520732 -0.21533109
1542145549957867.0 0.783477 -0.43569207 -0.14450443 -0.2132986 0.053324167 0.9498477 -0.2223727
1542145549982544.0 0.76569724 -0.44738147 -0.1577326 -0.20632438 0.055683974 0.9505354 -0.2254152
1542145550007217.0 0.7665378 -0.46464652 -0.16121931 -0.20834085 0.057080727 0.9485671 -0.2314225
1542145550031884.0 0.77786523 -0.4814683 -0.14897385 -0.21635714 0.061823655 0.94421625 -0.24046443
1542145550056537.0 0.7626306 -0.48515078 -0.16183485 -0.21035817 0.060318105 0.9456727 -0.2404462
1542145550081178.0 0.7546391 -0.4900887 -0.1779233 -0.20724428 0.06682734 0.9452497 -0.24307813
1542145550105813.0 0.75311357 -0.4937136 -0.1646506 -0.21227859 0.072566286 0.94278234 -0.24664435
1542145550130446.0 0.75012314 -0.4882121 -0.17099002 -0.21145727 0.076101996 0.9423663 -0.24787141
1542145550155073.0 0.74071074 -0.47262073 -0.15581419 -0.21429504 0.08298149 0.94184804 -0.24518172
1542145550179687.0 0.7344502 -0.4716651 -0.17280973 -0.21122581 0.08182651 0.9428118 -0.24452819
1542145550204295.0 0.7353116 -0.45881444 -0.17035417 -0.21482217 0.08600424 0.9420169 -0.24302033
1542145550228901.0 0.7299176 -0.45075467 -0.16926154 -0.21507607 0.09011319 0.94164896 -0.24273299
1542145550253511.0 0.73214793 -0.44356713 -0.1721355 -0.21755373 0.098206915 0.9399787 -0.2438561
1542145550278124.0 0.7403129 -0.43357953 -0.1731691 -0.2232347 0.102025256 0.93834436 -0.2434482
1542145550302744.0 0.7035437 -0.4105036 -0.1906504 -0.20742963 0.097678125 0.94542664 -0.23151773
1542145550327374.0 0.68226314 -0.40396273 -0.21509913 -0.19746873 0.09753825 0.94838095 -0.22817989
1542145550352012.0 0.6817916 -0.40263695 -0.19776323 -0.20068137 0.09834736 0.94741726 -0.2290312
1542145550376653.0 0.66350996 -0.38884315 -0.23243037 -0.18928401 0.097878926 0.9515861 -0.22152923
1542145550401291.0 0.68527997 -0.4146777 -0.21120438 -0.1988358 0.095074974 0.94763494 -0.23111288
1542145550425927.0 0.6459365 -0.38982517 -0.20635465 -0.18530639 0.09454068 0.9534847 -0.21815261
1542145550450555.0 0.68112814 -0.4013877 -0.17308122 -0.20398158 0.097147286 0.9472526 -0.22730291
1542145550475186.0 0.66006243 -0.3838721 -0.16765004 -0.19746575 0.090937436 0.9521275 -0.21492092
1542145550499819.0 0.63989526 -0.37639463 -0.15232588 -0.19405466 0.09182206 0.9536358 -0.21092695
1542145550524451.0 0.68204564 -0.39652953 -0.10738773 -0.21611916 0.09423396 0.94630796 -0.22116444
1542145550549081.0 0.6722217 -0.40328446 -0.10240199 -0.2143187 0.09554119 0.9462167 -0.22274065
1542145550573711.0 0.671473 -0.40553758 -0.09842862 -0.21400814 0.091376446 0.9471442 -0.22083652
1542145550598342.0 0.6475104 -0.41017127 -0.12001328 -0.19830883 0.08170485 0.95256776 -0.21589965
1542145550622975.0 0.63998085 -0.421293 -0.115657285 -0.19540219 0.079619646 0.95278025 -0.21837726
1542145550647611.0 0.61332977 -0.43460995 -0.14430043 -0.18107371 0.0786192 0.95539606 -0.21965829
1542145550672252.0 0.5930433 -0.40805006 -0.13405626 -0.17984496 0.08364061 0.9571349 -0.2110756
1542145550696896.0 0.59526885 -0.4049398 -0.18285161 -0.17365977 0.08995282 0.9569293 -0.21456274
1542145550721550.0 0.5513343 -0.35984093 -0.12245917 -0.16599022 0.07798052 0.96463084 -0.18935044
1542145550746206.0 0.5191032 -0.32889453 -0.11800562 -0.1553978 0.07163963 0.9696221 -0.17479214
1542145550770865.0 0.52552223 -0.320674 -0.11604425 -0.16089085 0.07831334 0.96809196 -0.17543986
1542145550795531.0 0.5045527 -0.28762147 -0.10128422 -0.1581857 0.08304647 0.970399 -0.16250055
1542145550820205.0 0.4846842 -0.27042088 -0.102126546 -0.15218563 0.08440238 0.9722618 -0.1562783
1542145550844891.0 0.49798274 -0.27142382 -0.12934056 -0.1552256 0.087390095 0.97059655 -0.16189618
1542145550869590.0 0.4957171 -0.25791878 -0.1346004 -0.15811366 0.092173666 0.9699123 -0.16054407
1542145550894298.0 0.471633 -0.23460984 -0.12716523 -0.1533332 0.09709507 0.97156554 -0.1520588
1542145550919010.0 0.43004742 -0.21668561 -0.15413001 -0.1357199 0.09929389 0.9748831 -0.14602706
1542145550943726.0 0.3988947 -0.18142094 -0.14188318 -0.12615253 0.09633289 0.9787219 -0.13003458
1542145550968439.0 0.37234655 -0.16615716 -0.13868035 -0.11999422 0.09905197 0.9800837 -0.123394474
1542145550993144.0 0.339771 -0.1539709 -0.1401005 -0.10979147 0.1027566 0.98153436 -0.11822554
1542145551017841.0 0.3313815 -0.15378089 -0.13805206 -0.1101164 0.103913866 0.9812938 -0.118906766
1542145551042530.0 0.30954543 -0.14884478 -0.1503888 -0.10490789 0.112400346 0.98105085 -0.11789733
1542145551067209.0 0.30016464 -0.1545137 -0.15799923 -0.10395796 0.115116075 0.9805925 -0.11991413
1542145551091875.0 0.2926389 -0.1684049 -0.17270945 -0.10325508 0.121400215 0.9789443 -0.12754767
1542145551116525.0 0.3055628 -0.18856382 -0.1545219 -0.11618124 0.13048436 0.97511965 -0.13644557
1542145551141152.0 0.28880763 -0.20827676 -0.17337146 -0.110236704 0.13550988 0.9740642 -0.14381948
1542145551165755.0 0.28025576 -0.23616537 -0.19153595 -0.10724509 0.1396348 0.9720613 -0.15523364
1542145551190341.0 0.26073873 -0.23750657 -0.19082326 -0.101023406 0.13846101 0.9731769 -0.15345906
1542145551214912.0 0.23695835 -0.24538319 -0.19914562 -0.092037216 0.13933639 0.97383577 -0.15413779
1542145551239468.0 0.24126488 -0.2586704 -0.2062071 -0.09507106 0.14020175 0.9724944 -0.1598737
1542145551264012.0 0.22084865 -0.25723794 -0.21502474 -0.087959126 0.14185843 0.97322357 -0.15803584
1542145551288551.0 0.23722176 -0.2688112 -0.19310328 -0.09794896 0.14454429 0.9712511 -0.16181593
1542145551313091.0 0.24880417 -0.30833715 -0.21871565 -0.10088758 0.14996056 0.9670286 -0.17941383
1542145551337636.0 0.23095447 -0.2944683 -0.21520755 -0.09444818 0.14796492 0.96923333 -0.17254786
1542145551362180.0 0.25365707 -0.3208077 -0.22874667 -0.10143883 0.15366396 0.9654717 -0.18428789
1542145551386732.0 0.24180374 -0.32693714 -0.25539345 -0.09240144 0.14832483 0.96716774 -0.18452206
1542145551411289.0 0.25162628 -0.31213802 -0.21850096 -0.099404596 0.14771536 0.9674525 -0.17981793
1542145551435849.0 0.28038865 -0.36396977 -0.24865746 -0.10483342 0.14944115 0.96236 -0.20134711
1542145551460410.0 0.26539108 -0.33671442 -0.2488396 -0.09837461 0.14392318 0.966427 -0.18875225
1542145551484972.0 0.26287052 -0.3294407 -0.24564846 -0.09554703 0.14030278 0.9680356 -0.18464307
1542145551509540.0 0.26605108 -0.32771987 -0.24226813 -0.09367065 0.13589257 0.9691453 -0.18307506
1542145551534103.0 0.27410388 -0.31987688 -0.23791146 -0.09380458 0.12964223 0.97074336 -0.17902818
1542145551558658.0 0.29475367 -0.33039656 -0.24798273 -0.09711554 0.12470226 0.9701959 -0.18367888
1542145551583201.0 0.36806098 -0.3794591 -0.241156 -0.12210076 0.12971225 0.9621101 -0.20642261
1542145551607735.0 0.39106432 -0.4001501 -0.24388401 -0.12536095 0.1273453 0.960235 -0.21451488
1542145551632267.0 0.41766936 -0.40158173 -0.23312126 -0.13296098 0.123985276 0.9596871 -0.21435893
1542145551656803.0 0.4674269 -0.424784 -0.21113108 -0.15023036 0.12297199 0.95483214 -0.22495413
1542145551681340.0 0.49078733 -0.4355759 -0.21555065 -0.15278524 0.11549459 0.9548301 -0.2271943
1542145551705877.0 0.49681473 -0.44146463 -0.21232176 -0.14990461 0.10287965 0.9570601 -0.22578827
1542145551730418.0 0.5169508 -0.44610265 -0.20991883 -0.15268758 0.09822144 0.95691866 -0.22659603
1542145551754970.0 0.5287694 -0.43415502 -0.20363313 -0.15360782 0.09024951 0.95935655 -0.21884856
1542145551779537.0 0.54809856 -0.45005465 -0.19747749 -0.15639994 0.08397999 0.9584308 -0.22337589
1542145551804114.0 0.57222724 -0.45706546 -0.20257425 -0.1585192 0.0758978 0.9587259 -0.22350813
1542145551828706.0 0.59811634 -0.45734063 -0.18473363 -0.1669932 0.072710186 0.9573464 -0.22430897
1542145551853315.0 0.62518746 -0.46300468 -0.16834977 -0.1750847 0.06919004 0.9557017 -0.22625746
1542145551877939.0 0.67588186 -0.47000176 -0.12547374 -0.19791368 0.07264576 0.94907707 -0.23410584
1542145551902578.0 0.71240526 -0.47895 -0.124184765 -0.2058361 0.065292455 0.947426 -0.2361194
1542145551927234.0 0.72302705 -0.47308096 -0.13332188 -0.20442219 0.06232782 0.9486718 -0.23312785
1542145551951902.0 0.7300675 -0.44965002 -0.122369535 -0.20735823 0.060535956 0.95014733 -0.22485128
1542145551976574.0 0.7542889 -0.43281335 -0.10485091 -0.21726213 0.058340643 0.9491664 -0.22017436
1542145552001250.0 0.7506021 -0.42127287 -0.106486686 -0.21413685 0.05741549 0.9510042 -0.21549916
1542145552025928.0 0.7570908 -0.41302565 -0.11018283 -0.21406862 0.057960823 0.9513426 -0.2139218
1542145552050604.0 0.76724714 -0.40213493 -0.10980623 -0.21568643 0.05184196 0.95223767 -0.20984565
1542145552075277.0 0.7948596 -0.39902595 -0.09619591 -0.22636186 0.05476182 0.94901675 -0.21243529
1542145552099943.0 0.8013604 -0.3897086 -0.08673148 -0.2300542 0.05644832 0.94830483 -0.21120289
1542145552124599.0 0.81597674 -0.390683 -0.09794106 -0.23094346 0.059700254 0.9470724 -0.21483697
1542145552149243.0 0.80670595 -0.37205768 -0.08220677 -0.23112905 0.055305604 0.94907546 -0.20682482
1542145552173877.0 0.8200711 -0.37189656 -0.087801695 -0.2359511 0.06200066 0.94635504 -0.21188472
1542145552198508.0 0.8179797 -0.35570568 -0.100822486 -0.23262091 0.05996457 0.94888186 -0.20473154
1542145552223135.0 0.79959637 -0.3474618 -0.117028326 -0.22386146 0.05735627 0.95192033 -0.2011072
1542145552247755.0 0.7754914 -0.3352281 -0.14472191 -0.21021156 0.05564823 0.956713 -0.19342853
1542145552272370.0 0.77401865 -0.3425981 -0.1666207 -0.20447141 0.050759804 0.9575517 -0.19674759
1542145552296981.0 0.7860122 -0.34432757 -0.18488294 -0.20432365 0.05152007 0.9575007 -0.19695187
1542145552321590.0 0.76382315 -0.33101135 -0.19020252 -0.1955443 0.046548065 0.9610439 -0.18971123
1542145552346199.0 0.78152126 -0.3369545 -0.21352482 -0.198116 0.05112245 0.95915 -0.195366
1542145552370808.0 0.8004624 -0.35349137 -0.1973342 -0.21095559 0.059864912 0.95350957 -0.20672072
1542145552395421.0 0.80208534 -0.36228144 -0.19047289 -0.2145653 0.06559443 0.9514271 -0.21082158
1542145552420041.0 0.8093047 -0.36746544 -0.16620022 -0.2217701 0.066858515 0.9489426 -0.21414003
1542145552444664.0 0.80018985 -0.38203597 -0.19879436 -0.2137091 0.066850066 0.9499691 -0.21775723
1542145552469286.0 0.79199874 -0.39327565 -0.18356997 -0.2133641 0.06275131 0.9499236 -0.21950702
1542145552493913.0 0.80468094 -0.4048037 -0.1853891 -0.21818984 0.06644407 0.9473439 -0.22476208
1542145552518548.0 0.7579424 -0.39901063 -0.19831243 -0.20308751 0.06435754 0.95206463 -0.21951461
1542145552543186.0 0.75344443 -0.40769383 -0.21544208 -0.19906156 0.06483906 0.95274186 -0.22012152
1542145552567828.0 0.7686739 -0.41900244 -0.19016375 -0.21073964 0.072665796 0.9478062 -0.22797376
1542145552592470.0 0.7853874 -0.4364216 -0.19221841 -0.21638471 0.07549353 0.9445957 -0.23498373
1542145552617108.0 0.74406075 -0.4184313 -0.16957814 -0.21044002 0.075172484 0.94788975 -0.22708856
1542145552641744.0 0.76972395 -0.45179594 -0.16444077 -0.22006594 0.082881436 0.9411536 -0.24275847
1542145552666375.0 0.7248231 -0.43011838 -0.18009475 -0.20520692 0.081604324 0.9478454 -0.22982617
1542145552691000.0 0.7191307 -0.4582713 -0.19540723 -0.19858575 0.075373955 0.9483238 -0.23572135
1542145552715620.0 0.71785367 -0.46756673 -0.17878732 -0.20302817 0.07592736 0.94657844 -0.23875482
1542145552740237.0 0.6527051 -0.45785448 -0.21936454 -0.17388359 0.06853098 0.95560056 -0.22780618
1542145552764852.0 0.6385712 -0.45129916 -0.21743676 -0.17095645 0.06951134 0.956635 -0.22536995
1542145552789469.0 0.640181 -0.47076046 -0.22161672 -0.17136417 0.066831544 0.9554791 -0.23071107
1542145552814083.0 0.6246991 -0.45517913 -0.20640433 -0.17113723 0.07090687 0.95636255 -0.22595339
1542145552838695.0 0.6143723 -0.4543413 -0.20299618 -0.16903691 0.07367686 0.9566242 -0.22554053
1542145552863305.0 0.6163566 -0.4642145 -0.20680162 -0.17132229 0.07732565 0.9548021 -0.230266
1542145552887918.0 0.58420366 -0.46796376 -0.21552609 -0.15947273 0.0757617 0.95711786 -0.22968262
1542145552912542.0 0.5826184 -0.45667058 -0.1973074 -0.16334626 0.07717427 0.9572165 -0.2260504
1542145552937180.0 0.59298825 -0.4643282 -0.18606912 -0.17101118 0.08166793 0.95421714 -0.2314201
1542145552961827.0 0.5790379 -0.45676708 -0.18768454 -0.16641822 0.07785916 0.95635337 -0.22722514
1542145552986482.0 0.5466746 -0.4479865 -0.20320016 -0.15451829 0.07991611 0.9595981 -0.22115396
1542145553011131.0 0.5132576 -0.41861933 -0.20252883 -0.14448074 0.07933071 0.96411276 -0.2081312
1542145553035772.0 0.50448 -0.42159888 -0.20307672 -0.14343336 0.08374857 0.9633687 -0.21055624
