0 4
1 10
2 17
3 23
4 30
5 36
6 42
7 49
8 55
9 62
10 68
11 75
12 81
13 87
14 94
15 100
16 107
17 113
18 119
19 126
20 132
21 138
22 144
23 150
24 156
25 162
26 168
27 173
28 180
29 186
30 192
31 198
32 204
33 210
34 217
35 223
36 229
37 235
38 242
39 248
40 254
41 261
42 267
43 274
44 280
45 286
46 293
47 299
48 306
49 312
50 319
51 325
52 332
53 338
54 345
55 351
56 358
57 364
58 371
59 377
60 383
61 390
62 396
63 403
64 409
65 415
66 421
67 428
68 434
69 440
70 446
71 453
72 459
73 465
74 471
75 477
76 483
77 489
78 496
79 502
80 508
81 514
82 520
83 526
84 532
85 538
86 544
87 550
88 556
89 562
90 568
91 574
92 580
93 586
94 592
95 598
96 604
97 610
98 616
99 622
100 628
101 635
102 641
103 647
104 653
105 660
106 666
107 673
108 679
109 685
110 692
111 698
112 705
113 711
114 717
115 724
116 730
117 737
118 743
119 749
120 756
121 762
122 768
123 775
124 781
125 788
126 794
127 800
128 807
129 813
130 819
131 826
132 832
133 838
134 845
135 851
136 858
137 864
138 870
139 877
140 883
141 889
142 896
143 902
144 909
145 915
146 922
147 928
148 935
149 941
150 948
151 954
152 961
153 967
154 974
155 980
156 987
157 993
158 1000
159 1006
160 1013
161 1019
162 1026
163 1032
164 1038
165 1045
166 1051
167 1057
168 1064
169 1070
170 1076
171 1083
172 1089
173 1095
174 1101
175 1108
176 1114
177 1120
178 1126
179 1132
180 1138
181 1144
182 1150
183 1156
184 1163
185 1169
186 1175
187 1181
188 1187
189 1194
190 1200
191 1206
192 1212
193 1219
194 1225
195 1231
196 1237
197 1244
198 1250
199 1256
200 1263
201 1269
202 1276
203 1282
204 1289
205 1295
206 1302
207 1308
208 1315
209 1321
210 1328
211 1335
212 1341
213 1348
214 1355
215 1361
216 1368
217 1375
218 1382
219 1389
220 1395
221 1402
222 1409
223 1416
224 1422
225 1429
226 1436
227 1443
228 1449
229 1456
230 1463
231 1469
232 1476
233 1482
234 1489
235 1496
236 1502
237 1509
238 1515
239 1521
240 1528
241 1534
242 1541
243 1547
244 1553
245 1560
246 1566
247 1573
248 1579
249 1585
250 1592
251 1598
252 1604
253 1610
254 1617
255 1623
256 1629
257 1636
258 1642
259 1648
260 1654
261 1661
262 1667
263 1673
264 1679
265 1686
266 1692
267 1698
268 1704
269 1711
270 1717
271 1723
272 1729
273 1736
274 1742
275 1748
276 1754
277 1761
278 1767
279 1773
280 1779
281 1786
282 1792
