# timestamp[secs] tx ty tz qx qy qz qw
1541977105.4762423 -0.0 -0.0 -0.0 -0.0 -0.0 -0.0 1.0
1541977105.5084991 -0.03277946636080742 0.03952039033174515 -0.005902556236833334 -0.005787876434624195 0.0075224717147648335 0.004796951077878475 0.9999434947967529
1541977105.5406902 -0.05370178446173668 0.06202588230371475 -0.03592163324356079 -0.00983930379152298 0.014961323700845242 0.014014797285199165 0.9997414350509644
1541977105.5728352 -0.05370178446173668 0.06202588230371475 -0.03592163324356079 -0.00983930379152298 0.014961323700845242 0.014014797285199165 0.9997414350509644
1541977105.6049414 -0.041815441101789474 -0.012678803876042366 -0.11472062021493912 -0.03126435726881027 0.018792500719428062 0.020824873819947243 0.9991174936294556
1541977105.6370304 -0.041815441101789474 -0.012678803876042366 -0.11472062021493912 -0.03126435726881027 0.018792500719428062 0.020824873819947243 0.9991174936294556
1541977105.6691322 -0.041815441101789474 -0.012678803876042366 -0.11472062021493912 -0.03126435726881027 0.018792500719428062 0.020824873819947243 0.9991174936294556
1541977105.7012472 0.008411777205765247 -0.22225986421108246 -0.26357048749923706 -0.06815743446350098 0.011872697621583939 0.034317877143621445 0.997013509273529
1541977105.7333703 0.008411777205765247 -0.22225986421108246 -0.26357048749923706 -0.06815743446350098 0.011872697621583939 0.034317877143621445 0.997013509273529
1541977105.7654943 -0.026866797357797623 -0.1972782015800476 -0.26860350370407104 -0.06721310317516327 0.010944082401692867 0.05121312290430069 0.9963633418083191
1541977105.7976081 -0.026866797357797623 -0.1972782015800476 -0.26860350370407104 -0.06721310317516327 0.010944082401692867 0.05121312290430069 0.9963633418083191
1541977105.8296843 -0.050348203629255295 -0.1827540099620819 -0.2642679214477539 -0.06506039947271347 0.0026558530516922474 0.03762824088335037 0.9971680641174316
1541977105.8617032 -0.0503481961786747 -0.1827540248632431 -0.2642679214477539 -0.06506040692329407 0.002655853284522891 0.03762824460864067 0.9971681237220764
1541977105.8936913 -0.02103324607014656 -0.194853276014328 -0.2756819427013397 -0.06346842646598816 0.002463691867887974 0.04142136499285698 0.9971209168434143
1541977105.9256864 0.007632704451680183 -0.21068762242794037 -0.284768283367157 -0.051893237978219986 0.0014345668023452163 0.05409660562872887 0.9971853494644165
1541977105.9577093 0.024982167407870293 -0.2221611738204956 -0.28902509808540344 -0.03079545684158802 -0.003228423185646534 0.07467196136713028 0.9967272877693176
1541977105.9897413 0.049457721412181854 -0.16781142354011536 -0.31473439931869507 0.0026482846587896347 -0.012898418121039867 0.1013389602303505 0.9947648048400879
1541977106.0217252 0.050468187779188156 -0.16910608112812042 -0.3141600489616394 0.03468715399503708 -0.029201647266745567 0.11837732046842575 0.9919329285621643
1541977106.0536044 0.12927670776844025 -0.11186112463474274 -0.31624239683151245 0.08287178725004196 -0.055294182151556015 0.12021481990814209 0.9877364039421082
1541977106.0853062 0.13297955691814423 -0.11554756760597229 -0.3109661042690277 0.11853618919849396 -0.05539904534816742 0.11211344599723816 0.9850435256958008
1541977106.1166823 0.1457260251045227 -0.1166154146194458 -0.28716588020324707 0.11585170775651932 -0.028213515877723694 0.0784824788570404 0.9897590279579163
1541977106.1475132 0.10208422690629959 -0.2211432009935379 -0.23902755975723267 0.07800374925136566 0.012909064069390297 0.0606016106903553 0.9950257539749146
1541977106.1776192 0.09771110117435455 -0.220319002866745 -0.2409922331571579 0.06217993050813675 0.026863934472203255 0.08278360217809677 0.9942629933357239
1541977106.2070522 0.10322201997041702 -0.21645013988018036 -0.23754213750362396 0.051117923110723495 0.03394908830523491 0.10580144822597504 0.9924920797348022
1541977106.2361443 0.1232122853398323 -0.17201758921146393 -0.2418120950460434 0.0468108132481575 0.04191925749182701 0.11138726025819778 0.9917885661125183
1541977106.2652583 0.13147154450416565 -0.15496067702770233 -0.2295694798231125 0.036645565181970596 0.05057515203952789 0.0992002859711647 0.9931055903434753
1541977106.2946303 0.13198307156562805 -0.13867861032485962 -0.1972624957561493 0.02674076519906521 0.05125870555639267 0.08842573314905167 0.994403600692749
1541977106.3243673 0.1305600255727768 -0.14719490706920624 -0.16167351603507996 0.014350228011608124 0.04466100037097931 0.08612590283155441 0.995179295539856
1541977106.3544803 0.13072291016578674 -0.12450563907623291 -0.11143600195646286 -0.0022641641553491354 0.034056756645441055 0.0795816108584404 0.9962438941001892
1541977106.3849301 0.13743263483047485 -0.12612488865852356 -0.0891660675406456 -0.026514817029237747 0.027919283136725426 0.06837360560894012 0.9969165325164795
1541977106.4156353 0.17391815781593323 -0.1305711418390274 -0.06972827017307281 -0.042120542377233505 0.018736030906438828 0.061510421335697174 0.9970412850379944
1541977106.4465241 0.04978400468826294 0.15800493955612183 0.11403067409992218 0.003823759499937296 0.02204253524541855 0.07644209265708923 0.9968230724334717
1541977106.4775672 0.01348158810287714 0.14357100427150726 0.1466907411813736 -0.010913542471826077 0.022427266463637352 0.06914322823286057 0.9972949028015137
1541977106.5087442 -0.0018381888512521982 0.15580132603645325 0.17474381625652313 -0.02035406418144703 0.021924354135990143 0.0585639588534832 0.9978353381156921
1541977106.5400243 -0.005748031195253134 0.4312344491481781 0.42888423800468445 0.035840343683958054 0.003951725549995899 0.06684425473213196 0.9971116781234741
1541977106.5713823 -0.061153702437877655 0.43006405234336853 0.5040639042854309 0.035811424255371094 0.005408168770372868 0.05874720215797424 0.9976157546043396
1541977106.6028042 -0.04884711652994156 0.5377826690673828 0.6355428099632263 0.06180429458618164 -0.0034966019447892904 0.0429302453994751 0.9971584677696228
1541977106.6342793 -0.057576052844524384 0.5517815947532654 0.7176660895347595 0.07402914762496948 -0.008352072909474373 0.030073387548327446 0.9967675805091858
1541977106.6658092 -0.06566257774829865 0.5406970381736755 0.7684303522109985 0.07770596444606781 -0.012269629165530205 0.019536394625902176 0.996709406375885
1541977106.6974063 -0.09591839462518692 0.5547245144844055 0.843889057636261 0.08779557049274445 -0.013836688362061977 0.015622057020664215 0.995919942855835
1541977106.7290733 -0.1169850081205368 0.5613199472427368 0.9124037623405457 0.09854558110237122 -0.01435566321015358 0.01122997235506773 0.994965672492981
1541977106.7608252 -0.12530535459518433 0.4837453365325928 0.8976356983184814 0.08499111235141754 -0.01555576641112566 -0.0008503968128934503 0.9962599277496338
1541977106.7926803 -0.14595456421375275 0.48909202218055725 0.9489724636077881 0.09102251380681992 -0.01358239445835352 -0.006918439641594887 0.9957322478294373
1541977106.8246453 -0.16104605793952942 0.4810788929462433 0.9785038232803345 0.09137329459190369 -0.012264343909919262 -0.010110410861670971 0.995689868927002
1541977106.8567123 -0.1475869119167328 0.4816025197505951 1.0172020196914673 0.09440688043832779 -0.013184157200157642 -0.010616031475365162 0.9953897595405579
1541977106.8888772 -0.1455293893814087 0.46503186225891113 1.0422084331512451 0.09317167103290558 -0.010051840916275978 -0.009651219472289085 0.9955525398254395
1541977106.9211361 -0.1038677915930748 0.4580841660499573 1.032872200012207 0.09094159305095673 -0.014057864435017109 -0.011577672325074673 0.9956896901130676
1541977106.9534771 -0.08399537950754166 0.43374258279800415 1.029748558998108 0.08454038947820663 -0.013993407599627972 -0.01236360240727663 0.9962450861930847
1541977106.9858813 -0.08227736502885818 0.4353311061859131 1.0614625215530396 0.08677990734577179 -0.010502135381102562 -0.012483148835599422 0.9960939884185791
1541977107.0183253 -0.06210002675652504 0.4193898141384125 1.0694645643234253 0.08678654581308365 -0.009837238118052483 -0.012878001667559147 0.9960951209068298
1541977107.0507872 -0.03133063763380051 0.3871702253818512 1.0531949996948242 0.08268149942159653 -0.012633967213332653 -0.012962136417627335 0.9964116811752319
1541977107.0832562 -0.012539245188236237 0.33712148666381836 1.015958309173584 0.07332471758127213 -0.015440097078680992 -0.0168584156781435 0.9970461130142212
1541977107.1157262 0.03744805231690407 0.3179062604904175 1.0013329982757568 0.07136976718902588 -0.01743641123175621 -0.028244774788618088 0.9968975186347961
1541977107.1481872 0.07082732766866684 0.2566770911216736 0.9546811580657959 0.06342500448226929 -0.015730714425444603 -0.03712288662791252 0.9971718788146973
1541977107.1806183 0.13298708200454712 0.3026927411556244 0.9920725226402283 0.08652228862047195 -0.01051529310643673 -0.043244946748018265 0.9952553510665894
1541977107.2129862 0.1589924842119217 0.25605690479278564 0.9422698020935059 0.080466628074646 -0.005799283739179373 -0.04614528268575668 0.9956716895103455
1541977107.2452533 0.16748744249343872 0.2719259560108185 0.9128139019012451 0.0846201628446579 0.0019105160608887672 -0.041200198233127594 0.9955592751502991
1541977107.2774122 0.1899339109659195 0.24506868422031403 0.8621371388435364 0.07795287668704987 0.007574325427412987 -0.03240760415792465 0.9964014291763306
1541977107.3095033 0.20358654856681824 0.22823050618171692 0.8188073635101318 0.07247092574834824 0.014554520137608051 -0.02007562853395939 0.9970622062683105
1541977107.3415613 0.15375588834285736 0.2657897472381592 0.8161399960517883 0.07715947180986404 0.029362356290221214 -0.009524261578917503 0.9965407848358154
1541977107.3736022 0.17081624269485474 0.2583125829696655 0.7662267088890076 0.07065925747156143 0.03643117472529411 -0.011320146732032299 0.9967707991600037
1541977107.4056222 0.19334857165813446 0.2595936059951782 0.7300247550010681 0.06531953066587448 0.04767362028360367 -0.01634674333035946 0.9965909123420715
1541977107.4376082 0.28317996859550476 0.3153640627861023 0.7220025658607483 0.07144720107316971 0.04630955308675766 -0.01914065144956112 0.9961848855018616
1541977107.4695253 0.32196930050849915 0.3189217746257782 0.6681780219078064 0.06676317006349564 0.05567753314971924 -0.017555158585309982 0.9960595369338989
1541977107.5013301 0.3629469573497772 0.3422747254371643 0.631659746170044 0.06400377303361893 0.06307046115398407 -0.017663603648543358 0.9957979917526245
1541977107.5329933 0.37466368079185486 0.34649741649627686 0.5762282013893127 0.055876851081848145 0.07835105061531067 -0.020492099225521088 0.995147705078125
1541977107.5644982 0.36340269446372986 0.3621559739112854 0.5071253776550293 0.04955916851758957 0.0975530669093132 -0.022532543167471886 0.9937402009963989
1541977107.5958443 0.5133288502693176 0.3688960075378418 0.46277979016304016 0.045725878328084946 0.08783039450645447 -0.02927975542843342 0.9946545958518982
1541977107.6270282 0.5290279388427734 0.38141748309135437 0.41630813479423523 0.04074955731630325 0.10068229585886002 -0.02884887158870697 0.9936650991439819
1541977107.6580582 0.5440166592597961 0.39763808250427246 0.37900471687316895 0.035487767308950424 0.11051736027002335 -0.029993664473295212 0.9927874803543091
1541977107.6889594 0.6298338770866394 0.39691242575645447 0.3068033754825592 0.026537330821156502 0.10927941650152206 -0.033950354903936386 0.9930766224861145
1541977107.7197733 0.6635412573814392 0.4084935784339905 0.25500452518463135 0.0222945399582386 0.1154169887304306 -0.036358196288347244 0.992401123046875
1541977107.7505262 0.6993671655654907 0.43287453055381775 0.2270086407661438 0.02225356735289097 0.12123975157737732 -0.038154806941747665 0.991640031337738
1541977107.7812493 0.6665083765983582 0.4289607107639313 0.19054177403450012 0.01711350865662098 0.13273926079273224 -0.038007572293281555 0.99027419090271
1541977107.8119583 0.6886380314826965 0.4247811734676361 0.1620708703994751 0.015337128192186356 0.13624832034111023 -0.03648906201124191 0.9898837208747864
1541977107.8426542 0.6975279450416565 0.4061921238899231 0.11507713794708252 0.014068106189370155 0.1394793689250946 -0.03991922363638878 0.9893200397491455
1541977107.8733392 0.7405499815940857 0.30621394515037537 0.07317672669887543 0.0029469707515090704 0.13132727146148682 -0.048687245696783066 0.9901384115219116
1541977107.9040303 0.7567700743675232 0.26509344577789307 0.067377969622612 0.010219363495707512 0.13824686408042908 -0.0646047592163086 0.988235592842102
1541977107.9347293 0.7627274394035339 0.2673199772834778 0.09332825243473053 0.028609158471226692 0.14432404935359955 -0.07791002839803696 0.9860437512397766
1541977107.9653802 0.7563238143920898 0.13685905933380127 0.03445399925112724 0.022160977125167847 0.1448361873626709 -0.0818038359284401 0.9858192205429077
1541977107.9959333 0.7635846138000488 0.11216855049133301 0.05344323813915253 0.03738277405500412 0.15058016777038574 -0.09148620069026947 0.983645498752594
1541977108.0263872 0.7667802572250366 0.10441604256629944 0.05375436320900917 0.05360961705446243 0.1499413549900055 -0.09714239835739136 0.982449471950531
1541977108.0567532 0.745384931564331 -0.06484676897525787 0.017460929229855537 0.045518334954977036 0.15339615941047668 -0.10804921388626099 0.9811845421791077
1541977108.0870333 0.7661935091018677 -0.09333986788988113 0.014164155349135399 0.054557524621486664 0.1507694572210312 -0.11783181875944138 0.9800039529800415
1541977108.1172101 0.748539924621582 -0.13013331592082977 0.014518791809678078 0.05966924503445625 0.15317751467227936 -0.12975747883319855 0.9778237342834473
1541977108.1472611 0.7295527458190918 -0.19533511996269226 0.023459352552890778 0.05748889222741127 0.15274867415428162 -0.13909323513507843 0.9767374396324158
1541977108.1771994 0.6752547025680542 -0.26454809308052063 0.03528992831707001 0.047252342104911804 0.15844383835792542 -0.15463292598724365 0.9740387201309204
1541977108.2070622 0.6533107757568359 -0.2905266582965851 0.04602125287055969 0.03719019517302513 0.16240639984607697 -0.1751427799463272 0.970343291759491
1541977108.2368853 0.6283068060874939 -0.3040880560874939 0.05945243313908577 0.029327943921089172 0.16430462896823883 -0.1941080540418625 0.9666778445243835
1541977108.2667081 0.606827974319458 -0.3170638978481293 0.0696728304028511 0.018028447404503822 0.16438902914524078 -0.21222257614135742 0.9631265997886658
1541977108.2965693 0.5869008898735046 -0.3243916630744934 0.09368783235549927 0.00826115719974041 0.16263751685619354 -0.2275732308626175 0.9600474834442139
1541977108.3264852 0.5507329106330872 -0.32816216349601746 0.1121276244521141 -0.0024109494406729937 0.1606673300266266 -0.2445933222770691 0.9562187790870667
1541977108.3564513 0.5252777934074402 -0.32060691714286804 0.1348457783460617 -0.009773358702659607 0.15216253697872162 -0.2585129141807556 0.9538983702659607
1541977108.3864644 0.5090025067329407 -0.33329540491104126 0.14824645221233368 -0.01893382892012596 0.1370488554239273 -0.26650679111480713 0.9538518190383911
1541977108.4165332 0.47143423557281494 -0.30688244104385376 0.17907097935676575 -0.021986043080687523 0.12552927434444427 -0.272040992975235 0.9538096189498901
1541977108.4466631 0.4514933228492737 -0.30321288108825684 0.1929524540901184 -0.027539879083633423 0.10876787453889847 -0.2756150960922241 0.9546976089477539
1541977108.4768713 0.4209975600242615 -0.26241162419319153 0.22157742083072662 -0.027599453926086426 0.09771720319986343 -0.27735069394111633 0.9553880095481873
1541977108.5071793 0.40272635221481323 -0.2382916361093521 0.2354024201631546 -0.0274426881223917 0.08282726258039474 -0.2747136652469635 0.9575588703155518
1541977108.5376213 0.38134005665779114 -0.20156767964363098 0.25031259655952454 -0.02412996254861355 0.06859448552131653 -0.27039197087287903 0.9600004553794861
1541977108.5682483 0.36550086736679077 -0.16466303169727325 0.2649574279785156 -0.02243441715836525 0.05669292062520981 -0.2684684097766876 0.961357057094574
1541977108.5990772 0.34209510684013367 -0.12308666110038757 0.2795996069908142 -0.0197528675198555 0.048087626695632935 -0.26377153396606445 0.9631832838058472
1541977108.6301033 0.32794034481048584 -0.08157915621995926 0.290915846824646 -0.014487409964203835 0.03557572886347771 -0.2557413578033447 0.9659818410873413
1541977108.6613152 0.30408623814582825 -0.04724033549427986 0.295291930437088 -0.012455207295715809 0.027256552129983902 -0.249777689576149 0.9678393602371216
1541977108.6926882 0.29268771409988403 -0.01267310231924057 0.28895989060401917 -0.01138963084667921 0.02172711305320263 -0.2480340301990509 0.9684407114982605
1541977108.7242002 0.2715955972671509 0.02655033953487873 0.2874380946159363 -0.011031311005353928 0.020476674661040306 -0.24455733597278595 0.9693558812141418
1541977108.7558653 0.25682199001312256 0.06670387089252472 0.28321319818496704 -0.012102575041353703 0.02012951299548149 -0.2395438402891159 0.9706014394760132
1541977108.7876992 0.25826340913772583 0.11263107508420944 0.27408313751220703 -0.011973959393799305 0.019766949117183685 -0.23164191842079163 0.9725266098976135
1541977108.8196852 0.276845782995224 0.15411841869354248 0.2526025176048279 -0.01337143313139677 0.01709851436316967 -0.22057367861270905 0.9751287698745728
1541977108.8517673 0.2890692353248596 0.19990794360637665 0.23100866377353668 -0.012049972079694271 0.01446081418544054 -0.2035742849111557 0.9788785576820374
1541977108.8838832 0.3070874810218811 0.2508414089679718 0.2111133337020874 -0.010297825559973717 0.01399519294500351 -0.18710628151893616 0.9821860194206238
1541977108.9159813 0.33933722972869873 0.2914963662624359 0.18258285522460938 -0.007996194995939732 0.011876107193529606 -0.17218948900699615 0.9849598407745361
1541977108.9480433 0.3680008053779602 0.3640892207622528 0.18423309922218323 0.001263503567315638 0.013711672276258469 -0.1598563939332962 0.9870442748069763
1541977108.9800553 0.3931649923324585 0.3976120352745056 0.16131097078323364 0.0015984197380021214 0.015546996146440506 -0.15146663784980774 0.988338828086853
1541977109.0120223 0.43112891912460327 0.43447431921958923 0.14791788160800934 0.005629961844533682 0.015180680900812149 -0.14389783143997192 0.9894601106643677
1541977109.0439591 0.4516223967075348 0.4645853340625763 0.139028400182724 0.010179724544286728 0.01653783768415451 -0.13452009856700897 0.9907205700874329
1541977109.0758662 0.4645150899887085 0.4868887960910797 0.13020023703575134 0.010708975605666637 0.020856957882642746 -0.12921510636806488 0.991339385509491
1541977109.1077502 0.4830426871776581 0.5216346979141235 0.12841176986694336 0.013468222692608833 0.024559620767831802 -0.12727072834968567 0.9914724826812744
1541977109.1396232 0.5223902463912964 0.5437340140342712 0.12287381291389465 0.016929155215620995 0.023251380771398544 -0.1257985681295395 0.9916388392448425
1541977109.1714911 0.5493430495262146 0.5498142242431641 0.1068827286362648 0.018960345536470413 0.023053470999002457 -0.1252216100692749 0.9916797280311584
1541977109.2033603 0.5803083777427673 0.5480706691741943 0.09288310259580612 0.021360453218221664 0.02191784977912903 -0.1253737360239029 0.9916374087333679
1541977109.2352383 0.6007104516029358 0.5629839301109314 0.09213308244943619 0.026891186833381653 0.02336549386382103 -0.1275566816329956 0.9911913871765137
1541977109.2671232 0.632490873336792 0.5865974426269531 0.10112214088439941 0.033461399376392365 0.02311490662395954 -0.13066954910755157 0.9905915260314941
1541977109.2990043 0.658667266368866 0.5978199243545532 0.08789464831352234 0.037450678646564484 0.02194932848215103 -0.13383892178535461 0.9900519251823425
1541977109.3308823 0.6545215845108032 0.5990999341011047 0.08041629940271378 0.04046643152832985 0.02555965445935726 -0.13925735652446747 0.989098846912384
1541977109.3627694 0.6730679869651794 0.5952938795089722 0.07500571012496948 0.044476356357336044 0.02286149561405182 -0.1462654024362564 0.9879806041717529
1541977109.3946552 0.6850321888923645 0.5921009182929993 0.07220973074436188 0.04760793596506119 0.02157486230134964 -0.15461108088493347 0.9865918755531311
1541977109.4265192 0.6951862573623657 0.5852926969528198 0.07761732488870621 0.04816068336367607 0.0220764372497797 -0.16353298723697662 0.9851142764091492
1541977109.4583511 0.7027531266212463 0.5861601829528809 0.0754840299487114 0.048894003033638 0.021349655464291573 -0.1705552637577057 0.9839026927947998
1541977109.4901502 0.713424026966095 0.5790201425552368 0.0760447308421135 0.04723920673131943 0.021154364570975304 -0.17705288529396057 0.9828394055366516
1541977109.5219233 0.7411483526229858 0.5806840658187866 0.07807041704654694 0.04769725725054741 0.016366830095648766 -0.1829560399055481 0.9818269610404968
1541977109.5536892 0.7962881326675415 0.6293971538543701 0.11048571765422821 0.05772289261221886 0.010655045509338379 -0.19321976602077484 0.9793981313705444
1541977109.5854683 0.809431791305542 0.6709303855895996 0.14679576456546783 0.06422650814056396 0.009983981028199196 -0.20118826627731323 0.9773938059806824
1541977109.6172612 0.822478175163269 0.6922740340232849 0.16696028411388397 0.06775885820388794 0.005454114638268948 -0.20510363578796387 0.9763767719268799
1541977109.6490753 0.8015866279602051 0.6936434507369995 0.1730494201183319 0.06583119183778763 0.003712579607963562 -0.20363175868988037 0.9768247604370117
1541977109.6809154 0.7966148853302002 0.7074836492538452 0.17983704805374146 0.06590504944324493 -5.170250005903654e-05 -0.2045593559741974 0.9766330122947693
1541977109.7127693 0.7900424599647522 0.7255261540412903 0.18849995732307434 0.0662301555275917 -0.003371038706973195 -0.20384210348129272 0.9767552018165588
1541977109.7446332 0.7657127380371094 0.7470033764839172 0.19670599699020386 0.06662905216217041 -0.005470710340887308 -0.19683800637722015 0.9781541228294373
1541977109.7765172 0.7304556965827942 0.7686187028884888 0.20643635094165802 0.06791754812002182 -0.007075970526784658 -0.18744075298309326 0.9798995852470398
1541977109.8084192 0.6906723976135254 0.786336362361908 0.20052337646484375 0.06701619178056717 -0.008279707282781601 -0.18017889559268951 0.9813134074211121
1541977109.8403373 0.6626453995704651 0.7845149636268616 0.18415865302085876 0.06275639683008194 -0.012977566570043564 -0.17406606674194336 0.9826465845108032
1541977109.8722804 0.6181415915489197 0.8018415570259094 0.18357308208942413 0.06524569541215897 -0.01594635099172592 -0.16760751605033875 0.9835631847381592
1541977109.9042492 0.5794174075126648 0.8118896484375 0.1730940043926239 0.06735178828239441 -0.018084514886140823 -0.1625203937292099 0.9842376708984375
1541977109.9362483 0.5343784093856812 0.8113330006599426 0.15665915608406067 0.0665101557970047 -0.017341485247015953 -0.15616509318351746 0.9853366017341614
1541977109.9682891 0.5140287280082703 0.8082817196846008 0.13816513121128082 0.06331408768892288 -0.018920335918664932 -0.15027311444282532 0.9864336848258972
1541977110.0004094 0.5059550404548645 0.8147825002670288 0.12649181485176086 0.06390932947397232 -0.01775984838604927 -0.14150527119636536 0.9877127408981323
1541977110.0326324 0.4704652428627014 0.8169283866882324 0.11495751887559891 0.06308668851852417 -0.011888709850609303 -0.1282961517572403 0.9896559715270996
1541977110.0649562 0.4436280429363251 0.8071224093437195 0.09561724215745926 0.05957312509417534 -0.006009988021105528 -0.11368151754140854 0.991711437702179
1541977110.0973723 0.4581769108772278 0.7974475026130676 0.07546205073595047 0.05447601526975632 -0.0037289082538336515 -0.10209652781486511 0.9932747483253479
1541977110.1298532 0.4470047056674957 0.7924595475196838 0.05795823410153389 0.04853792488574982 -0.001540268654935062 -0.0914912074804306 0.9946210980415344
1541977110.1623642 0.40234002470970154 0.7837601900100708 0.046831026673316956 0.04303928464651108 0.004587865434587002 -0.08098042756319046 0.9957754611968994
1541977110.1948872 0.384337455034256 0.7877603769302368 0.059758108109235764 0.04502801224589348 0.012598004192113876 -0.07275884598493576 0.9962530136108398
1541977110.2274203 0.37801891565322876 0.7765222191810608 0.06859342753887177 0.04721486568450928 0.019227497279644012 -0.06620141863822937 0.9965031147003174
1541977110.2599673 0.34881627559661865 0.7691971659660339 0.07560032606124878 0.048215992748737335 0.026286892592906952 -0.06267032027244568 0.9965223073959351
1541977110.2925243 0.3635777235031128 0.7704899907112122 0.08784576505422592 0.049289435148239136 0.027424829080700874 -0.06509068608283997 0.9962839484214783
1541977110.3250833 0.35046011209487915 0.7595751285552979 0.0919409990310669 0.047821640968322754 0.030614595860242844 -0.06430667638778687 0.9963134527206421
1541977110.3576393 0.35354670882225037 0.7697023153305054 0.10649222135543823 0.049757711589336395 0.03398451209068298 -0.06452880054712296 0.9960950016975403
1541977110.3901904 0.3388497531414032 0.758794903755188 0.10970723628997803 0.04752679169178009 0.040996722877025604 -0.06398643553256989 0.9959750175476074
1541977110.4227343 0.35013526678085327 0.7583587765693665 0.12140771001577377 0.045985203236341476 0.04933629557490349 -0.064805768430233 0.9956161379814148
1541977110.4552681 0.35838234424591064 0.7534016966819763 0.12393341213464737 0.04448198899626732 0.060989104211330414 -0.0636148527264595 0.9951155781745911
1541977110.4877663 0.39765167236328125 0.7295351624488831 0.11093544960021973 0.04134782776236534 0.06915049999952316 -0.06498044729232788 0.9946286678314209
1541977110.5201952 0.4264247417449951 0.7164598107337952 0.10193266719579697 0.03799417242407799 0.07840918749570847 -0.06713886559009552 0.9939320683479309
1541977110.5525134 0.46810632944107056 0.7073972821235657 0.09452209621667862 0.03700357303023338 0.08475946635007858 -0.06597431749105453 0.993526041507721
1541977110.5846972 0.5016365051269531 0.6896027326583862 0.08821002393960953 0.037070829421281815 0.09309335052967072 -0.06435622274875641 0.992883563041687
1541977110.6167612 0.5355817079544067 0.689041256904602 0.08845783770084381 0.037438374012708664 0.10117112100124359 -0.06764506548643112 0.9918603301048279
1541977110.6487134 0.5703253746032715 0.6729506254196167 0.08046507835388184 0.03429736942052841 0.10494117438793182 -0.06873350590467453 0.991507351398468
1541977110.6805522 0.5872495174407959 0.6689444780349731 0.08710477501153946 0.036727651953697205 0.10804025083780289 -0.06418823450803757 0.9913921356201172
1541977110.7122843 0.6263190507888794 0.6374577879905701 0.07630233466625214 0.0336139015853405 0.10625746101140976 -0.06464967876672745 0.991665244102478
1541977110.7439222 0.6490878462791443 0.6234819293022156 0.08762236684560776 0.0360710434615612 0.10849526524543762 -0.07121984660625458 0.9908861517906189
1541977110.7754803 0.6692591309547424 0.6164558529853821 0.1010005921125412 0.041473258286714554 0.10843762010335922 -0.07759879529476166 0.9902018904685974
1541977110.8069663 0.6835813522338867 0.6001204252243042 0.11443611979484558 0.04437213018536568 0.10604730993509293 -0.0824909508228302 0.9899395704269409
1541977110.8383682 0.7011562585830688 0.5851373672485352 0.13162195682525635 0.04978213831782341 0.10448460280895233 -0.08878634870052338 0.9893036484718323
1541977110.8696961 0.7099673748016357 0.5627281665802002 0.1522558629512787 0.056209128350019455 0.10276813805103302 -0.09907402843236923 0.9881617426872253
1541977110.9009752 0.7022382616996765 0.5016579627990723 0.13907530903816223 0.05571627616882324 0.10057798773050308 -0.1103460043668747 0.9872201085090637
1541977110.9321961 0.7206838130950928 0.4826388955116272 0.1610644906759262 0.06702614575624466 0.09863235801458359 -0.1258789300918579 0.984852135181427
1541977110.9633422 0.7349154353141785 0.46362411975860596 0.18455319106578827 0.07832957059144974 0.09473119676113129 -0.14338314533233643 0.9820039868354797
1541977110.9943902 0.6920361518859863 0.40135082602500916 0.1886121928691864 0.08005108684301376 0.09591640532016754 -0.15575525164604187 0.9798633456230164
1541977111.0252922 0.6988865733146667 0.38072940707206726 0.20977148413658142 0.089234359562397 0.08996836096048355 -0.16827985644340515 0.9775606393814087
1541977111.0560362 0.6945274472236633 0.36213400959968567 0.23235931992530823 0.09895075112581253 0.08571138978004456 -0.178932324051857 0.9751131534576416
1541977111.0866501 0.6945710182189941 0.3384513556957245 0.24919620156288147 0.10462473332881927 0.07769380509853363 -0.187998965382576 0.9734853506088257
1541977111.1171763 0.6772053241729736 0.28363680839538574 0.24143044650554657 0.10206462442874908 0.06937463581562042 -0.1961674839258194 0.972773551940918
1541977111.1476552 0.6769324541091919 0.2676885724067688 0.25734201073646545 0.10905356705188751 0.06047790125012398 -0.20325765013694763 0.9711519479751587
1541977111.1781332 0.6751168370246887 0.25260159373283386 0.2721029818058014 0.1144392266869545 0.051971837878227234 -0.21038110554218292 0.9695063233375549
1541977111.2086563 0.6738119721412659 0.2383960485458374 0.2887398302555084 0.11872722953557968 0.0416836217045784 -0.2169121354818344 0.9680472612380981
1541977111.2392452 0.6707726716995239 0.22872617840766907 0.3052002489566803 0.12330082058906555 0.03157049044966698 -0.22187091410160065 0.966733455657959
1541977111.2699153 0.6206545829772949 0.22649167478084564 0.32829585671424866 0.12735702097415924 0.031157301738858223 -0.22483190894126892 0.9655361771583557
1541977111.3006802 0.6161156892776489 0.2201659381389618 0.3387504518032074 0.13205817341804504 0.02215728722512722 -0.2272614687681198 0.9645838737487793
1541977111.3315504 0.6116220355033875 0.21667072176933289 0.34796005487442017 0.1374719887971878 0.012245189398527145 -0.22914493083953857 0.9635580778121948
1541977111.3625233 0.6042937636375427 0.2159910351037979 0.35639360547065735 0.1423577517271042 0.0030708264093846083 -0.23043060302734375 0.9626145362854004
1541977111.3935802 0.5583682060241699 0.22939667105674744 0.37882906198501587 0.1486356109380722 0.000249963894020766 -0.2296750843524933 0.9618507623672485
1541977111.4246922 0.5096312761306763 0.21288442611694336 0.3625187575817108 0.1461523473262787 -0.0035720726009458303 -0.22930271923542023 0.9623134136199951
1541977111.4558403 0.48015621304512024 0.22679707407951355 0.37489840388298035 0.1497669667005539 -0.00973453652113676 -0.2296086847782135 0.9616418480873108
1541977111.4870253 0.46164917945861816 0.24279963970184326 0.3850618898868561 0.15303951501846313 -0.016388799995183945 -0.23028136789798737 0.9608750343322754
1541977111.5182402 0.4322071075439453 0.2578733265399933 0.3905242085456848 0.1547131985425949 -0.021257713437080383 -0.23061518371105194 0.9604314565658569
1541977111.5494893 0.4049704372882843 0.26748916506767273 0.391605019569397 0.1551630049943924 -0.026167629286646843 -0.23056720197200775 0.9602492451667786
1541977111.5808012 0.3835795521736145 0.2605181634426117 0.3786730170249939 0.15134893357753754 -0.03138657659292221 -0.2299225926399231 0.9608559012413025
1541977111.6121984 0.35734519362449646 0.26725518703460693 0.37429049611091614 0.15087902545928955 -0.03380369395017624 -0.22726543247699738 0.9614797830581665
1541977111.6436992 0.34690243005752563 0.2854759395122528 0.38320133090019226 0.1538291871547699 -0.035864029079675674 -0.22540783882141113 0.9613749384880066
1541977111.6753182 0.3371751308441162 0.29128512740135193 0.3754863142967224 0.15383969247341156 -0.037760667502880096 -0.2216174602508545 0.9621815085411072
1541977111.7070763 0.3274637460708618 0.29783862829208374 0.36794763803482056 0.15323470532894135 -0.040147051215171814 -0.2163773477077484 0.9633733630180359
1541977111.7389863 0.3158177137374878 0.3159244656562805 0.36891162395477295 0.15443368256092072 -0.03995775431394577 -0.21077047288417816 0.9644321799278259
1541977111.7710302 0.31815680861473083 0.32348117232322693 0.3582199215888977 0.15294672548770905 -0.04051998630166054 -0.20698030292987823 0.9654660224914551
1541977111.8031871 0.3310716450214386 0.3347889184951782 0.34050998091697693 0.1509966403245926 -0.04241134226322174 -0.20211365818977356 0.9667219519615173
1541977111.8354483 0.3307439088821411 0.3461097478866577 0.32860296964645386 0.14957979321479797 -0.044263508170843124 -0.19352956116199493 0.9686139225959778
1541977111.8678033 0.31951260566711426 0.3588312268257141 0.3135981261730194 0.148077130317688 -0.04603835195302963 -0.1865890473127365 0.970122754573822
1541977111.9002383 0.3021690249443054 0.36781948804855347 0.29243895411491394 0.14643189311027527 -0.04722020402550697 -0.18213948607444763 0.9711607694625854
1541977111.9327493 0.28477683663368225 0.38648614287376404 0.27629923820495605 0.14450424909591675 -0.04768766090273857 -0.1804869920015335 0.9717350006103516
1541977111.9653513 0.2721429467201233 0.3623293936252594 0.22528313100337982 0.1318315714597702 -0.05473867058753967 -0.17749449610710144 0.9737144708633423
1541977111.9980512 0.23953096568584442 0.37761056423187256 0.19851243495941162 0.12556001543998718 -0.05703241750597954 -0.1766219437122345 0.9745700359344482
1541977112.0308423 0.20822368562221527 0.3916378915309906 0.18075238168239594 0.11983063817024231 -0.061000000685453415 -0.1779669225215912 0.9748063683509827
1541977112.0637233 0.20448635518550873 0.40747714042663574 0.16583389043807983 0.11405392736196518 -0.06975068897008896 -0.18358588218688965 0.9738699793815613
1541977112.0967133 0.16061605513095856 0.4194938838481903 0.14235052466392517 0.1074783205986023 -0.07255974411964417 -0.1865483820438385 0.9738497138023376
1541977112.1298523 0.1432281732559204 0.43677788972854614 0.12408025562763214 0.10242956876754761 -0.0787358507514 -0.19121871888637543 0.97300785779953
1541977112.1631732 0.0997985452413559 0.44776836037635803 0.104421466588974 0.09680519253015518 -0.08183813095092773 -0.19284924864768982 0.9730058908462524
1541977112.1966953 0.06240328773856163 0.45716217160224915 0.08621646463871002 0.09106281399726868 -0.08232157677412033 -0.1945965737104416 0.9731715321540833
1541977112.2303932 0.029768113046884537 0.4694465100765228 0.06264778971672058 0.08365067839622498 -0.0799204409122467 -0.19699864089488983 0.9735537767410278
1541977112.2642372 0.09947852790355682 0.47708338499069214 0.05070321261882782 0.07736064493656158 -0.09158371388912201 -0.2017950564622879 0.9720630645751953
1541977112.2981913 0.07565867155790329 0.48588186502456665 0.03857941925525665 0.06936758756637573 -0.0879824310541153 -0.20044277608394623 0.9732779264450073
1541977112.3322043 0.06572933495044708 0.49477142095565796 0.03237086534500122 0.059659700840711594 -0.08090487122535706 -0.19932551681995392 0.974763810634613
1541977112.3662252 0.04980254918336868 0.5084579586982727 0.018038436770439148 0.0490243136882782 -0.07190822064876556 -0.19459828734397888 0.9770144820213318
1541977112.4002223 0.14205396175384521 0.5452640652656555 0.02660800889134407 0.04456625133752823 -0.07666129618883133 -0.19408467411994934 0.9769688248634338
1541977112.4341762 0.12927474081516266 0.5654868483543396 0.012663490138947964 0.03306499496102333 -0.068730428814888 -0.18524904549121857 0.9797273278236389
1541977112.4680643 0.12531878054141998 0.5839117169380188 0.007954529486596584 0.022211086004972458 -0.06108426675200462 -0.17773619294166565 0.981929361820221
1541977112.5018702 0.12285888195037842 0.5982980132102966 0.00657950434833765 0.013643085956573486 -0.05449680984020233 -0.17213138937950134 0.9834707975387573
1541977112.5355682 0.24276699125766754 0.64028000831604 0.045997586101293564 0.01740349270403385 -0.06005256250500679 -0.1754031777381897 0.9825093746185303
1541977112.5691473 0.23376426100730896 0.6559756398200989 0.04703612998127937 0.014986613765358925 -0.050947122275829315 -0.17140711843967438 0.9837679862976074
1541977112.6026423 0.22434377670288086 0.6672759652137756 0.04498547315597534 0.012405583634972572 -0.04069318249821663 -0.16806116700172424 0.9848582148551941
1541977112.6361082 0.22485661506652832 0.6724170446395874 0.05414620786905289 0.011945169419050217 -0.029653232544660568 -0.1652931272983551 0.9857262372970581
1541977112.6695802 0.2219555675983429 0.685966968536377 0.06646743416786194 0.01309132669121027 -0.015328360721468925 -0.16167785227298737 0.9866377115249634
1541977112.7030482 0.3743326961994171 0.642998456954956 0.03987112641334534 0.007495262194424868 -0.025795893743634224 -0.1639310121536255 0.9861060380935669
1541977112.7364762 0.3681795001029968 0.647839367389679 0.04301038011908531 0.006747951731085777 -0.013888860121369362 -0.1590280830860138 0.9871533513069153
1541977112.7698224 0.3660048842430115 0.6507169604301453 0.0447259321808815 0.006074516102671623 -0.0007474148296751082 -0.15481096506118774 0.9879252314567566
1541977112.8030553 0.3629092276096344 0.6578950881958008 0.044974781572818756 0.006633127573877573 0.01458990853279829 -0.15054450929164886 0.9884733557701111
1541977112.8361661 0.5509569048881531 0.6500053405761719 0.056021638214588165 0.010495533235371113 -0.0016315157990902662 -0.1496821790933609 0.9886771440505981
1541977112.8691392 0.5476812720298767 0.6584995985031128 0.052988920360803604 0.009713851846754551 0.009219392202794552 -0.14271196722984314 0.9896736741065979
1541977112.9019573 0.5430901050567627 0.6673616170883179 0.04811619594693184 0.009282570332288742 0.019004076719284058 -0.13584758341312408 0.9905040264129639
1541977112.9346223 0.5395216941833496 0.6729155778884888 0.04150356352329254 0.009238721802830696 0.02484012581408024 -0.12892918288707733 0.9912996292114258
1541977112.9671543 0.5323547720909119 0.6859460473060608 0.03073699027299881 0.006575815379619598 0.030145028606057167 -0.12231787294149399 0.992011308670044
1541977112.9995682 0.5337054133415222 0.6905817985534668 0.030045971274375916 0.0007962056552059948 0.03431057929992676 -0.11669255048036575 0.9925749897956848
1541977113.0318882 0.5291832685470581 0.697293221950531 0.025114892050623894 -0.0011690868996083736 0.037769682705402374 -0.10941635072231293 0.9932775497436523
1541977113.0641222 0.6963602900505066 0.7209979295730591 0.08893870562314987 0.007940100505948067 0.02072329632937908 -0.11643237620592117 0.9929506778717041
1541977113.0962653 0.7004048228263855 0.7206355929374695 0.09694036096334457 0.008111346513032913 0.025051698088645935 -0.11598051339387894 0.992902398109436
1541977113.1283321 0.7075017094612122 0.7166374921798706 0.11054746061563492 0.009157545864582062 0.02990000508725643 -0.11626671254634857 0.992725670337677
1541977113.1603572 0.7188072204589844 0.7195196747779846 0.13238610327243805 0.012999421916902065 0.03563827648758888 -0.11284349113702774 0.9928883910179138
1541977113.1923532 0.736079216003418 0.7412676215171814 0.16371063888072968 0.01888859272003174 0.0413954071700573 -0.10767563432455063 0.9931443333625793
1541977113.2243123 0.7802619338035583 0.7464115023612976 0.18158061802387238 0.022394219413399696 0.04244934022426605 -0.10819689929485321 0.99297034740448
1541977113.2562203 0.8351937532424927 0.7007014751434326 0.17598959803581238 0.018633117899298668 0.038042668253183365 -0.10779932886362076 0.9932698011398315
1541977113.2880702 0.8489486575126648 0.7023110389709473 0.19929727911949158 0.02234269119799137 0.04223407059907913 -0.11190062016248703 0.9925701022148132
1541977113.3198552 0.8710703253746033 0.6968645453453064 0.21829551458358765 0.02796727418899536 0.044061657041311264 -0.11708514392375946 0.9917497634887695
1541977113.3515723 0.8796945214271545 0.6894184350967407 0.24161763489246368 0.03348589316010475 0.049485500901937485 -0.12256228178739548 0.9906606078147888
1541977113.3832312 0.9046964049339294 0.6792138814926147 0.26836147904396057 0.03900384530425072 0.05317043885588646 -0.13049498200416565 0.989253580570221
1541977113.4148312 0.9171322584152222 0.6733669638633728 0.2875464856624603 0.045733492821455 0.05718528851866722 -0.13876985013484955 0.9876139163970947
1541977113.4463823 0.9261911511421204 0.660080075263977 0.3063192367553711 0.05017620325088501 0.06222531571984291 -0.14531657099723816 0.986150860786438
1541977113.4778922 0.983941376209259 0.5680558085441589 0.27265486121177673 0.04011940583586693 0.053768906742334366 -0.14811359345912933 0.9866923689842224
1541977113.5093663 0.9918591976165771 0.5621595978736877 0.29022419452667236 0.04735875129699707 0.05691209062933922 -0.1543591022491455 0.9852368235588074
1541977113.5408223 1.0019925832748413 0.5538573861122131 0.3112027645111084 0.05608562007546425 0.06036849692463875 -0.1602930724620819 0.9836240410804749
1541977113.5722682 1.0103024244308472 0.5494505167007446 0.3303186893463135 0.06555844098329544 0.064560167491436 -0.16765862703323364 0.9815420508384705
1541977113.6036942 1.0203415155410767 0.5421452522277832 0.3507632613182068 0.076904296875 0.06636542081832886 -0.17654338479042053 0.9790371656417847
1541977113.6350822 1.0237617492675781 0.41130104660987854 0.29098522663116455 0.06268678605556488 0.058392491191625595 -0.17795591056346893 0.9803021550178528
1541977113.6664174 1.0296075344085693 0.40535852313041687 0.30695030093193054 0.07047628611326218 0.060538358986377716 -0.18525812029838562 0.9782881140708923
1541977113.6976843 1.038256287574768 0.3920252323150635 0.32452061772346497 0.07635162770748138 0.06127764284610748 -0.18881820142269135 0.9771198630332947
1541977113.7288942 1.0474669933319092 0.38431647419929504 0.33748435974121094 0.08137717843055725 0.06188466027379036 -0.19403985142707825 0.9756519198417664
1541977113.7600663 1.0526843070983887 0.3678843379020691 0.3556569516658783 0.08357542753219604 0.06347519904375076 -0.19986608624458313 0.9741866588592529
1541977113.7912252 1.0646166801452637 0.34831851720809937 0.36728790402412415 0.08411100506782532 0.06304330378770828 -0.2054678350687027 0.973002552986145
1541977113.8223913 1.0708332061767578 0.3214857578277588 0.37287819385528564 0.07954990863800049 0.06258296966552734 -0.20976859331130981 0.9724979996681213
1541977113.8535674 1.0670307874679565 0.3121613562107086 0.37538212537765503 0.0771949514746666 0.0657883808016777 -0.2119685262441635 0.9719991087913513
1541977113.8847651 1.057197093963623 0.29046308994293213 0.37540820240974426 0.07384493201971054 0.07024181634187698 -0.21269294619560242 0.9717894792556763
1541977113.9160092 1.065381646156311 0.2808305621147156 0.3790321946144104 0.07222960144281387 0.07449530810117722 -0.212988018989563 0.971529483795166
1541977113.9473042 1.0853289365768433 0.2605034112930298 0.3611292839050293 0.06475172936916351 0.0748179629445076 -0.2116040587425232 0.9723339676856995
1541977113.9786282 1.0958809852600098 0.26887431740760803 0.36825019121170044 0.062189359217882156 0.07967134565114975 -0.21114861965179443 0.9722146987915039
1541977114.0099552 1.1141092777252197 0.25685372948646545 0.36631497740745544 0.05444516986608505 0.08663258701562881 -0.2116529941558838 0.9719740748405457
1541977114.0412703 1.141131043434143 0.2564363479614258 0.36795681715011597 0.05036480724811554 0.09185638278722763 -0.2102666199207306 0.9720153212547302
1541977114.0725582 1.1984671354293823 0.2390592396259308 0.36741697788238525 0.042988311499357224 0.0894792303442955 -0.20654112100601196 0.9733890891075134
1541977114.1038103 1.2209758758544922 0.2364741861820221 0.364399254322052 0.03515120968222618 0.09751502424478531 -0.2105751931667328 0.9720665216445923
1541977114.1350312 1.257913589477539 0.2372865378856659 0.364144504070282 0.03021388314664364 0.10417764633893967 -0.21387672424316406 0.9708197116851807
1541977114.1662273 1.2903178930282593 0.23059113323688507 0.3605968654155731 0.025523584336042404 0.10917682945728302 -0.20782285928726196 0.9717194437980652
1541977114.1974063 1.3256667852401733 0.2482525110244751 0.361264169216156 0.02310500480234623 0.1147945448756218 -0.20001275837421417 0.9727709293365479
1541977114.2285793 1.3532196283340454 0.25286737084388733 0.350898802280426 0.015681682154536247 0.12416768074035645 -0.19597569108009338 0.972589373588562
1541977114.2597504 1.3802268505096436 0.252826988697052 0.33633410930633545 0.010340236127376556 0.13148649036884308 -0.19135117530822754 0.9726197719573975
1541977114.2909303 1.3965227603912354 0.2536545395851135 0.3289843797683716 0.006778465583920479 0.1378358155488968 -0.18589510023593903 0.9728301167488098
1541977114.3221424 1.397430658340454 0.250539630651474 0.3206724226474762 -0.0005006293649785221 0.14616283774375916 -0.1814395636320114 0.9724792242050171
1541977114.3534093 1.4050719738006592 0.25594261288642883 0.31330448389053345 -0.006188649218529463 0.15302374958992004 -0.18021616339683533 0.9716314077377319
1541977114.3847442 1.4097996950149536 0.26053160429000854 0.30774468183517456 -0.008668100461363792 0.1564028263092041 -0.17799559235572815 0.9714837074279785
1541977114.4161403 1.4124033451080322 0.2634551227092743 0.30663570761680603 -0.009789805859327316 0.15793555974960327 -0.17630036175251007 0.9715341925621033
