1541978787176984.5 -0.0 -0.0 -0.0 -0.0 -0.0 1.0 -0.0
1541978787208418.5 0.009847083 0.008233242 -0.024285056 0.029583078 0.02571527 0.99918205 0.0099407295
1541978787239633.5 0.02015532 0.019190574 -0.045844145 0.06184068 0.06987877 0.9955834 0.010315556
1541978787270634.5 0.03755688 0.028621076 -0.06782701 0.07275525 0.12509523 0.98926795 0.02016856
1541978787301386.5 0.05513944 0.036253847 -0.088260636 0.07616811 0.16411738 0.9831925 0.02442566
1541978787331893.5 0.07808963 0.04190457 -0.11117701 0.08345406 0.19180879 0.9775635 0.02478656
1541978787362208.5 0.103614636 0.04585138 -0.13305384 0.10357194 0.21352585 0.97121423 0.020554135
1541978787392380.5 0.12698446 0.050872963 -0.15272132 0.1215877 0.23926345 0.9630266 0.023436636
1541978787422472.5 0.14820403 0.052760843 -0.16961409 0.13442951 0.26164722 0.95484257 0.04177529
1541978787452571.5 0.16647682 0.05006306 -0.18700528 0.14775722 0.26539952 0.9513393 0.051812023
1541978787482793.5 0.18573575 0.047405068 -0.20118669 0.16193654 0.25525552 0.9516093 0.05532555
1541978787513231.5 0.20912358 0.042319417 -0.21802132 0.17715375 0.24223082 0.9522303 0.056553464
1541978787543901.5 0.22892186 0.03760303 -0.23258652 0.19483155 0.23786308 0.9490079 0.06961212
1541978787574779.5 0.24788886 0.0371847 -0.24406457 0.20838706 0.24278198 0.94281447 0.093448706
1541978787605839.5 0.2653823 0.03733164 -0.2559676 0.2149619 0.25393358 0.93692714 0.107129134
1541978787637064.5 0.28496882 0.037199374 -0.27088746 0.21956566 0.26630425 0.93240255 0.1072315
1541978787668416.5 0.30475646 0.04069419 -0.28311715 0.22885062 0.27478123 0.9278059 0.10629601
1541978787699817.5 0.32225442 0.04336187 -0.29516575 0.23667571 0.28257114 0.92347187 0.106479965
1541978787731171.5 0.3398007 0.046682287 -0.30651155 0.2440648 0.28714225 0.920706 0.101401374
1541978787762416.5 0.35623506 0.05146254 -0.31571934 0.25510544 0.28333676 0.9200455 0.09032108
1541978787793542.5 0.37401164 0.056294627 -0.32616204 0.26508394 0.2839192 0.91757596 0.08470414
1541978787824546.5 0.39031267 0.059090782 -0.33649564 0.2741513 0.29321083 0.9119931 0.084481984
1541978787855427.5 0.40592444 0.06301761 -0.345261 0.2824061 0.30506855 0.90533125 0.086921535
1541978787886188.5 0.42011237 0.0664806 -0.35376635 0.2911938 0.31607813 0.8988097 0.086267374
1541978787916857.5 0.43263966 0.07090327 -0.36009717 0.29952043 0.32529134 0.89280665 0.085845225
1541978787947473.5 0.4442888 0.07308666 -0.36626357 0.30730483 0.32971826 0.88848025 0.08632844
1541978787978075.5 0.45674926 0.07428513 -0.37161732 0.31724858 0.3299579 0.88492525 0.08595648
1541978788008697.5 0.46458748 0.07280125 -0.37682676 0.33198857 0.33331227 0.87784535 0.08985555
1541978788039347.5 0.47455272 0.0710213 -0.38186884 0.34352174 0.34546396 0.86766213 0.09904533
1541978788069964.5 0.48202765 0.06878929 -0.386881 0.3551913 0.3576969 0.856602 0.11011434
1541978788100453.5 0.48724115 0.064236134 -0.39046937 0.37353596 0.3656009 0.8449947 0.113096625
1541978788130732.5 0.48975766 0.059341326 -0.39325678 0.39306146 0.37471876 0.83212644 0.11249081
1541978788160733.5 0.49093506 0.057210505 -0.39333332 0.40879026 0.38922784 0.8171237 0.11705208
1541978788190410.5 0.4892144 0.05415453 -0.3908569 0.42130744 0.40999827 0.7974343 0.13601531
1541978788219768.5 0.4857826 0.050424457 -0.3857891 0.43424964 0.4240857 0.7801661 0.1513919
1541978788248835.5 0.47971016 0.046710253 -0.37833083 0.44398043 0.4317678 0.7702664 0.15214323
1541978788277628.5 0.4731015 0.04286179 -0.36987352 0.444865 0.4449946 0.7606764 0.15951943
1541978788306160.5 0.4660174 0.03722602 -0.35838133 0.44271055 0.45910534 0.7515442 0.1685559
1541978788334479.5 0.46046337 0.04044813 -0.35269132 0.43044397 0.47193843 0.7465514 0.18615347
1541978788362667.5 0.45299298 0.035675615 -0.34088945 0.42741224 0.4829738 0.73821485 0.197722
1541978788390813.5 0.44496614 0.033331662 -0.3290347 0.4182471 0.4918285 0.73470736 0.20827694
1541978788418972.5 0.43521243 0.025250733 -0.3122557 0.4118419 0.5013687 0.7299618 0.21487565
1541978788447162.5 0.425329 0.018787026 -0.29903558 0.40417588 0.50997114 0.7273832 0.21791056
1541978788475402.5 0.41337752 0.010958999 -0.28337657 0.39917964 0.51870096 0.72404075 0.21764654
1541978788503730.5 0.40011036 0.0020213723 -0.26607642 0.39337766 0.5280686 0.71923894 0.22156931
1541978788532178.5 0.3863752 -0.005938232 -0.24713013 0.38792396 0.5334236 0.7181412 0.22191799
1541978788560772.5 0.37372077 -0.0121355355 -0.23040298 0.38188094 0.53570193 0.71991533 0.22116129
1541978788589513.5 0.36118516 -0.019635618 -0.21363279 0.37742022 0.5397929 0.7179529 0.22521381
1541978788618406.5 0.34804615 -0.02722469 -0.19546163 0.37142643 0.54494905 0.71526355 0.23123804
1541978788647471.5 0.33535638 -0.035259396 -0.1769701 0.3617911 0.5503003 0.7139503 0.23780663
1541978788676720.5 0.32243517 -0.042948484 -0.15619397 0.3537723 0.5503099 0.71648717 0.24217813
1541978788706159.5 0.30917466 -0.05367434 -0.13732697 0.34534824 0.5501824 0.7184363 0.24876326
1541978788735818.5 0.29496852 -0.06508747 -0.118092656 0.33727413 0.5490625 0.72037387 0.2565892
1541978788765732.5 0.27998215 -0.07579872 -0.09828951 0.32919168 0.54752064 0.7230754 0.2627092
1541978788795934.5 0.26382077 -0.08772376 -0.07914011 0.31692517 0.551307 0.72196484 0.2727377
1541978788826427.5 0.24464433 -0.100115284 -0.057654917 0.3002461 0.5570247 0.72117585 0.28192422
1541978788857178.5 0.22402202 -0.1130916 -0.035861537 0.28479537 0.5628303 0.7204286 0.28826427
1541978788888115.5 0.20116946 -0.12598357 -0.013807043 0.27028358 0.5711183 0.7156107 0.2977787
1541978788919154.5 0.17722932 -0.13556577 0.009877369 0.2525 0.58163095 0.7098332 0.3067346
1541978788950247.5 0.14936712 -0.14686196 0.035466522 0.23145182 0.5929685 0.70628333 0.30981004
1541978788981384.5 0.121612966 -0.15657422 0.06211689 0.21354714 0.6019268 0.70574045 0.30661422
1541978789012560.5 0.09234987 -0.16549446 0.088836685 0.1977778 0.60899043 0.7051339 0.30463228
1541978789043776.5 0.06331311 -0.17545033 0.1169704 0.18009447 0.61297184 0.7050531 0.30778515
1541978789075049.5 0.034059837 -0.18430123 0.14480552 0.1575154 0.6050334 0.72138715 0.29786602
1541978789106397.5 0.0054901987 -0.19185996 0.17353424 0.13186543 0.59232056 0.7396177 0.2910905
1541978789137833.5 -0.023462504 -0.19856179 0.19711924 0.10780025 0.5761649 0.7585125 0.2847315
1541978789169417.5 -0.04977615 -0.20268069 0.22061494 0.087516844 0.56074274 0.7766772 0.2732784
1541978789201236.5 -0.07640764 -0.20702013 0.242448 0.066703685 0.5543423 0.784732 0.26916718
1541978789233302.5 -0.10130505 -0.20885345 0.2624662 0.057464812 0.5402356 0.80005705 0.25446445
1541978789265486.5 -0.123286396 -0.2069301 0.28260437 0.04939998 0.5216249 0.819908 0.2306903
1541978789297502.5 -0.1553528 -0.20281345 0.2880831 0.032356665 0.4953288 0.8466484 0.1918045
1541978789328797.5 -0.18957666 -0.20440732 0.29507244 0.009178647 0.46105638 0.8736048 0.15542655
1541978789358526.5 -0.21231157 -0.19833967 0.3154249 -0.013147454 0.39899537 0.90976757 0.11381103
1541978789386024.5 -0.24029692 -0.19173804 0.3344921 -0.028711485 0.31898335 0.9447516 0.06978347
1541978789411391.5 -0.2699855 -0.17748888 0.3468374 -0.041947514 0.23201855 0.97122806 0.03352615
1541978789435519.5 -0.2944942 -0.18147863 0.38203344 -0.056383736 0.13979185 0.9885736 0.0012043448
1541978789459328.5 -0.3342841 -0.18248785 0.40992516 -0.06527063 0.043544713 0.99639475 -0.032266095
1541978789483260.5 -0.3671416 -0.17826141 0.42694953 -0.07093735 -0.04661064 0.99416494 -0.06656964
1541978789507488.5 -0.37598342 -0.17358357 0.4349055 -0.08342818 -0.114048 0.98509806 -0.09805442
1541978789532067.5 -0.4069278 -0.16980764 0.41189575 -0.09704119 -0.1631071 0.9724057 -0.13566981
1541978789557052.5 -0.41547573 -0.17322293 0.3786526 -0.10194982 -0.22333643 0.9518526 -0.1835857
1541978789582572.5 -0.3985995 -0.18562041 0.32958415 -0.10320032 -0.2901083 0.9232219 -0.22988759
1541978789608766.5 -0.3737448 -0.22362964 0.26999563 -0.11018999 -0.34482753 0.8913717 -0.27277946
1541978789635713.5 -0.32799864 -0.2707904 0.18831255 -0.11711366 -0.38391963 0.86254823 -0.3080595
1541978789663432.5 -0.26280895 -0.29411083 0.108702205 -0.1134874 -0.415452 0.8389385 -0.33271983
1541978789691916.5 -0.1770742 -0.31719217 0.0077782124 -0.101298906 -0.44285035 0.8178384 -0.35321745
1541978789721168.5 -0.09159793 -0.33047363 -0.0930616 -0.08921136 -0.46484578 0.79816043 -0.3726925
1541978789751168.5 -0.016155973 -0.3622713 -0.18992867 -0.08175948 -0.480023 0.78302 -0.38700515
1541978789781867.5 0.07904388 -0.36500412 -0.3267946 -0.07522034 -0.48492527 0.77654004 -0.39518955
1541978789813160.5 0.16307025 -0.36824787 -0.44980764 -0.06756109 -0.49127972 0.76532054 -0.41032207
1541978789844897.5 0.2676564 -0.37144512 -0.61474085 -0.062023487 -0.49583644 0.7551393 -0.4243396
1541978789876934.5 0.37565428 -0.36904442 -0.78705657 -0.058066946 -0.49572125 0.7493638 -0.43513525
1541978789909152.5 0.45583472 -0.3663154 -0.9586239 -0.050474357 -0.49671432 0.74335957 -0.44513348
1541978789941474.5 0.563674 -0.37975138 -1.1572275 -0.043067865 -0.5005361 0.7349601 -0.45545867
1541978789973856.5 0.6713214 -0.33032537 -1.3660771 -0.035319854 -0.5051587 0.73076427 -0.4577673
1541978790006264.5 0.79686606 -0.37737274 -1.5979244 -0.030719891 -0.51058567 0.7254768 -0.4604802
1541978790038670.5 0.9395524 -0.32359564 -1.8513114 -0.024614878 -0.51284194 0.7259255 -0.45762378
1541978790071047.5 1.0379963 -0.31210113 -2.1299882 -0.018304171 -0.5107542 0.72778916 -0.45729434
1541978790103369.5 1.2427114 -0.2886281 -2.423733 -0.020873923 -0.503857 0.7384548 -0.44763476
1541978790135615.5 1.3645494 -0.30421162 -2.6887548 -0.02034483 -0.49778533 0.7454659 -0.4428053
1541978790167783.5 1.4459329 -0.27684116 -3.0309587 -0.0135555025 -0.49061957 0.7553524 -0.43422523
1541978790199869.5 1.5083578 -0.2787032 -3.3414536 -0.004742894 -0.48082304 0.76332057 -0.43142614
1541978790231862.5 1.5378981 -0.33307743 -3.6420772 0.0020831414 -0.4712369 0.7695942 -0.4308784
1541978790263760.5 1.5954816 -0.3860793 -3.9559598 0.007555147 -0.4568538 0.7792618 -0.42892724
1541978790295569.5 1.6705194 -0.39606786 -4.3572507 0.015548979 -0.43754545 0.79156697 -0.42630276
1541978790327304.5 1.7345746 -0.43389487 -4.7213416 0.021122785 -0.41780457 0.8030981 -0.4242954
1541978790358981.5 1.7834833 -0.46140814 -5.110142 0.03009922 -0.3930002 0.8192223 -0.4165572
1541978790390616.5 1.8200742 -0.6083152 -5.4589734 0.03774978 -0.3598504 0.8375871 -0.40930498
1541978790422235.5 1.8288738 -0.71290076 -5.84605 0.04513803 -0.32909244 0.8564188 -0.39523113
1541978790453879.5 1.8555601 -0.86172307 -6.1986117 0.043443043 -0.3007889 0.8746389 -0.3776844
1541978790485568.5 1.815755 -0.9427069 -6.6146626 0.040710278 -0.2683237 0.89419836 -0.35602593
1541978790517310.5 1.7597708 -1.035514 -7.0067253 0.041205566 -0.234701 0.91178685 -0.3344583
1541978790549104.5 1.6610656 -1.1685716 -7.4511724 0.047243334 -0.20953843 0.92400914 -0.31633663
1541978790580940.5 1.554902 -1.2904854 -7.864132 0.054387342 -0.1865931 0.9336909 -0.3007431
1541978790612812.5 1.4235114 -1.420831 -8.3083935 0.062814526 -0.16106774 0.94291055 -0.2846599
1541978790644719.5 1.2578442 -1.5630038 -8.73702 0.07428457 -0.12732525 0.95202684 -0.26816988
1541978790676641.5 1.0712776 -1.7087761 -9.139467 0.09024951 -0.09271802 0.95937526 -0.25071406
1541978790708519.5 0.8842098 -1.8811176 -9.550032 0.11012845 -0.07222908 0.9622218 -0.2382939
1541978790740266.5 0.57568073 -2.0991933 -9.903912 0.13797896 -0.055220082 0.96227366 -0.22790794
1541978790771825.5 0.3345262 -2.2472465 -10.279934 0.16390921 -0.029733323 0.9642583 -0.20604768
1541978790803187.5 0.14379129 -2.4485412 -10.570053 0.18491603 -0.009429512 0.96360356 -0.19283526
1541978790834376.5 -0.07187238 -2.602255 -10.889559 0.20353173 -0.0035447755 0.9603212 -0.19064505
1541978790865435.5 -0.30530703 -2.707899 -11.112921 0.2204301 0.0028015596 0.9577639 -0.18463762
1541978790896414.5 -0.3662393 -2.840606 -11.254028 0.23245493 0.011973683 0.95578784 -0.17969692
1541978790927379.5 -0.49344835 -2.8722866 -11.373723 0.2443017 0.02251707 0.9538737 -0.1730165
1541978790958406.5 -0.5672746 -2.9018617 -11.419328 0.25080886 0.030526925 0.9516511 -0.17470898
1541978790989533.5 -0.6108665 -2.903985 -11.389294 0.2517295 0.035469543 0.94966865 -0.18304007
1541978791020754.5 -0.6443233 -2.8699806 -11.284087 0.2492891 0.04866339 0.9494568 -0.18444172
1541978791052039.5 -0.6316785 -2.739686 -11.18217 0.23745665 0.06596978 0.9528554 -0.17700003
1541978791083363.5 -0.46565038 -2.349814 -10.870878 0.22615556 0.07816948 0.9571599 -0.16305909
1541978791114715.5 -0.69232136 -2.1625032 -10.499674 0.22217478 0.094915316 0.9588175 -0.14932664
1541978791146047.5 -0.7596449 -1.992173 -10.195103 0.21397576 0.113591634 0.9605355 -0.13668555
1541978791177311.5 -0.9494052 -1.8399918 -9.849268 0.20524682 0.13426784 0.9622499 -0.117987916
1541978791208482.5 -1.181297 -1.7270186 -9.517292 0.19381556 0.1468932 0.96388483 -0.10855409
1541978791239539.5 -1.3988191 -1.5336527 -9.138858 0.18180251 0.1608818 0.96513253 -0.097898565
1541978791270454.5 -1.6845418 -1.4781091 -8.831547 0.17044313 0.1735471 0.9654735 -0.09322846
1541978791301207.5 -1.6147562 -1.5263458 -8.574066 0.14999236 0.17844248 0.9670628 -0.10222624
1541978791331794.5 -1.7934176 -1.5308264 -8.285897 0.13404627 0.17018063 0.9700289 -0.11006473
1541978791362225.5 -1.7824147 -1.6539674 -8.079821 0.11151945 0.16330048 0.9731163 -0.11807243
1541978791392526.5 -1.8453772 -1.7661548 -7.8891726 0.09536177 0.1489642 0.9752737 -0.13250308
1541978791422735.5 -1.9196308 -1.9300703 -7.7516975 0.084449835 0.1344432 0.97571653 -0.15089905
1541978791452874.5 -1.9415468 -2.0575457 -7.654728 0.07404013 0.11950701 0.97531056 -0.17030971
1541978791482962.5 -1.939436 -2.280098 -7.6069303 0.062946975 0.09817093 0.97355115 -0.19646458
1541978791513057.5 -1.9729264 -2.405828 -7.530347 0.05195498 0.07258442 0.970792 -0.22269963
1541978791543224.5 -1.9165416 -2.6485653 -7.548322 0.041750688 0.053772777 0.9660397 -0.24926418
1541978791573506.5 -1.920125 -2.8061793 -7.5253296 0.035399534 0.037018076 0.9602662 -0.27434555
1541978791603933.5 -1.8624285 -3.0182693 -7.5486035 0.026696656 0.018494923 0.9521343 -0.30394992
1541978791634533.5 -1.8443546 -3.1750855 -7.5594397 0.024188653 -0.0034073824 0.94449323 -0.32762143
1541978791665312.5 -1.8405818 -3.3140035 -7.560476 0.027472343 -0.015247833 0.9396626 -0.34065697
1541978791696283.5 -1.7997187 -3.4257205 -7.5696135 0.029447615 -0.022764247 0.9341994 -0.3548044
1541978791727472.5 -1.8195803 -3.4979951 -7.5945516 0.031786516 -0.048287936 0.92391336 -0.378209
1541978791758908.5 -1.8397224 -3.6024055 -7.5867224 0.038216643 -0.064425744 0.91542834 -0.3954489
1541978791790588.5 -1.5779221 -3.6387987 -7.6596394 0.038449157 -0.06822474 0.9117731 -0.40315863
1541978791822523.5 -1.5474973 -3.689433 -7.651743 0.046627194 -0.08126931 0.9047961 -0.4154097
1541978791854743.5 -1.427663 -3.7501311 -7.667547 0.053253148 -0.0964935 0.89724255 -0.42756167
1541978791887247.5 -1.3365134 -3.8404503 -7.5942974 0.05957832 -0.1083822 0.89083856 -0.43716183
1541978791919995.5 -1.072324 -3.9062119 -7.5090365 0.058473755 -0.11199243 0.8860953 -0.44595262
1541978791952925.5 -0.9702581 -3.9580503 -7.401083 0.063465096 -0.12776387 0.8789699 -0.45503896
1541978791985976.5 -0.7946898 -4.030698 -7.273168 0.06453668 -0.13652219 0.8751625 -0.45966005
1541978792019077.5 -0.66996783 -4.0280714 -7.17383 0.06754205 -0.14418514 0.8717748 -0.46331143
1541978792052170.5 -0.6267707 -4.124066 -6.913044 0.076773845 -0.15172236 0.863171 -0.47541773
1541978792085237.5 -0.5078728 -4.1203003 -6.7322617 0.08525202 -0.16168334 0.85773104 -0.48050824
1541978792118268.5 -0.47397602 -4.1610484 -6.467082 0.09352245 -0.18194379 0.8462337 -0.49197415
1541978792151248.5 -0.42304015 -4.1296206 -6.20092 0.09414559 -0.19271721 0.8426291 -0.49393618
1541978792184150.5 -0.38770592 -4.137361 -5.960903 0.09937183 -0.20093225 0.8375842 -0.498201
1541978792216960.5 -0.36166608 -4.1377573 -5.66354 0.10719523 -0.20826453 0.83341396 -0.50055605
1541978792249701.5 -0.35306525 -4.123731 -5.392289 0.10760913 -0.21136105 0.83371586 -0.4986629
1541978792282379.5 -0.45953834 -4.1159573 -5.097493 0.10506229 -0.21089144 0.83585405 -0.49581724
