# timestamp[secs] tx ty tz qx qy qz qw
1541978787.1769845 -0.0 -0.0 -0.0 -0.0 -0.0 -0.0 1.0
1541978787.2084186 0.009847083128988743 0.008233241736888885 -0.024285055696964264 0.009940729476511478 0.029583077877759933 0.025715269148349762 0.9991820454597473
1541978787.2396336 0.020155319944024086 0.019190574064850807 -0.045844145119190216 0.010315556079149246 0.06184067949652672 0.06987877190113068 0.9955834150314331
1541978787.2706344 0.037556879222393036 0.028621075674891472 -0.067827008664608 0.02016855962574482 0.07275524735450745 0.12509523332118988 0.9892679452896118
1541978787.3013866 0.055139441043138504 0.03625384718179703 -0.08826063573360443 0.024425659328699112 0.07616811245679855 0.16411738097667694 0.983192503452301
1541978787.3318934 0.0780896320939064 0.041904568672180176 -0.11117701232433319 0.024786559864878654 0.08345405757427216 0.1918087899684906 0.9775635004043579
1541978787.3622086 0.10361463576555252 0.04585137963294983 -0.13305383920669556 0.020554134622216225 0.10357193648815155 0.21352584660053253 0.971214234828949
1541978787.3923805 0.12698446214199066 0.050872962921857834 -0.1527213156223297 0.023436635732650757 0.12158770114183426 0.23926344513893127 0.9630265831947327
1541978787.4224725 0.1482040286064148 0.05276084318757057 -0.16961409151554108 0.04177528992295265 0.13442951440811157 0.26164722442626953 0.9548425674438477
1541978787.4525714 0.16647681593894958 0.050063058733940125 -0.18700528144836426 0.05181202292442322 0.14775721728801727 0.2653995156288147 0.9513393044471741
1541978787.4827936 0.18573574721813202 0.04740506783127785 -0.20118668675422668 0.055325549095869064 0.16193653643131256 0.2552555203437805 0.9516093134880066
1541978787.5132315 0.20912358164787292 0.042319416999816895 -0.21802131831645966 0.05655346438288689 0.17715375125408173 0.24223081767559052 0.9522302746772766
1541978787.5439014 0.22892186045646667 0.03760303184390068 -0.23258651793003082 0.06961212307214737 0.19483155012130737 0.23786307871341705 0.9490079283714294
1541978787.5747795 0.24788886308670044 0.0371847003698349 -0.2440645694732666 0.093448705971241 0.20838706195354462 0.24278198182582855 0.9428144693374634
1541978787.6058395 0.2653822898864746 0.03733164072036743 -0.2559675872325897 0.10712913423776627 0.21496190130710602 0.2539335787296295 0.9369271397590637
1541978787.6370645 0.2849688231945038 0.03719937428832054 -0.27088746428489685 0.1072314977645874 0.21956565976142883 0.26630425453186035 0.9324025511741638
1541978787.6684165 0.3047564625740051 0.040694188326597214 -0.2831171452999115 0.10629601031541824 0.2288506180047989 0.2747812271118164 0.9278059005737305
1541978787.6998174 0.3222544193267822 0.04336186870932579 -0.2951657474040985 0.10647996515035629 0.2366757094860077 0.28257113695144653 0.9234718680381775
1541978787.7311716 0.3398006856441498 0.04668228700757027 -0.3065115511417389 0.10140137374401093 0.2440647929906845 0.28714224696159363 0.9207059741020203
1541978787.7624166 0.3562350571155548 0.05146253854036331 -0.315719336271286 0.09032107889652252 0.2551054358482361 0.2833367586135864 0.9200454950332642
1541978787.7935424 0.3740116357803345 0.056294627487659454 -0.32616204023361206 0.08470413833856583 0.2650839388370514 0.28391918540000916 0.9175759553909302
1541978787.8245466 0.39031267166137695 0.05909078195691109 -0.33649563789367676 0.08448198437690735 0.2741512954235077 0.29321083426475525 0.9119930863380432
1541978787.8554275 0.4059244394302368 0.06301760673522949 -0.34526100754737854 0.08692153543233871 0.2824060916900635 0.3050685524940491 0.9053312540054321
1541978787.8861885 0.42011237144470215 0.0664805993437767 -0.3537663519382477 0.0862673744559288 0.29119381308555603 0.3160781264305115 0.8988096714019775
1541978787.9168575 0.4326396584510803 0.07090327143669128 -0.36009716987609863 0.0858452245593071 0.29952043294906616 0.32529133558273315 0.8928066492080688
1541978787.9474735 0.44428879022598267 0.07308665663003922 -0.36626356840133667 0.08632843941450119 0.30730482935905457 0.3297182619571686 0.8884802460670471
1541978787.9780755 0.4567492604255676 0.074285127222538 -0.37161731719970703 0.08595647662878036 0.3172485828399658 0.32995790243148804 0.8849252462387085
1541978788.0086975 0.4645874798297882 0.07280124723911285 -0.37682676315307617 0.08985555171966553 0.3319885730743408 0.3333122730255127 0.8778453469276428
1541978788.0393474 0.474552720785141 0.07102130353450775 -0.381868839263916 0.09904532879590988 0.34352174401283264 0.34546396136283875 0.8676621317863464
1541978788.0699644 0.48202764987945557 0.0687892884016037 -0.3868809938430786 0.11011434346437454 0.35519129037857056 0.35769689083099365 0.8566020131111145
1541978788.1004536 0.48724114894866943 0.06423613429069519 -0.39046937227249146 0.11309662461280823 0.37353596091270447 0.36560091376304626 0.8449947237968445
1541978788.1307325 0.4897576570510864 0.05934132635593414 -0.3932567834854126 0.11249081045389175 0.39306145906448364 0.3747187554836273 0.8321264386177063
1541978788.1607335 0.4909350574016571 0.05721050500869751 -0.3933333158493042 0.11705207824707031 0.40879026055336 0.38922783732414246 0.8171237111091614
1541978788.1904106 0.48921439051628113 0.05415453016757965 -0.39085689187049866 0.13601531088352203 0.42130744457244873 0.4099982678890228 0.7974342703819275
1541978788.2197685 0.48578259348869324 0.05042445659637451 -0.38578909635543823 0.1513918936252594 0.4342496395111084 0.42408570647239685 0.7801660895347595
1541978788.2488356 0.4797101616859436 0.04671025276184082 -0.3783308267593384 0.1521432250738144 0.4439804255962372 0.4317677915096283 0.7702664136886597
1541978788.2776284 0.47310149669647217 0.04286178946495056 -0.3698735237121582 0.15951943397521973 0.44486498832702637 0.44499459862709045 0.760676383972168
1541978788.3061604 0.46601739525794983 0.03722602128982544 -0.35838133096694946 0.16855590045452118 0.4427105486392975 0.45910534262657166 0.751544177532196
1541978788.3344796 0.46046337485313416 0.040448129177093506 -0.35269132256507874 0.18615347146987915 0.43044397234916687 0.47193843126296997 0.7465513944625854
1541978788.3626676 0.4529929757118225 0.035675615072250366 -0.34088945388793945 0.19772200286388397 0.4274122416973114 0.4829738140106201 0.7382148504257202
1541978788.3908136 0.4449661374092102 0.03333166241645813 -0.329034686088562 0.20827694237232208 0.4182471036911011 0.4918285012245178 0.7347073554992676
1541978788.4189725 0.4352124333381653 0.025250732898712158 -0.31225571036338806 0.21487565338611603 0.41184189915657043 0.5013687014579773 0.7299618124961853
1541978788.4471624 0.4253289997577667 0.018787026405334473 -0.29903557896614075 0.2179105579853058 0.40417587757110596 0.5099711418151855 0.7273831963539124
1541978788.4754026 0.4133775234222412 0.010958999395370483 -0.2833765745162964 0.2176465392112732 0.3991796374320984 0.5187009572982788 0.7240407466888428
1541978788.5037305 0.4001103639602661 0.0020213723182678223 -0.2660764157772064 0.22156931459903717 0.3933776617050171 0.5280686020851135 0.7192389369010925
1541978788.5321784 0.38637518882751465 -0.005938231945037842 -0.2471301257610321 0.221917986869812 0.3879239559173584 0.5334236025810242 0.7181411981582642
1541978788.5607724 0.37372076511383057 -0.012135535478591919 -0.23040297627449036 0.22116129100322723 0.3818809390068054 0.5357019305229187 0.7199153304100037
1541978788.5895135 0.3611851632595062 -0.01963561773300171 -0.21363279223442078 0.22521381080150604 0.37742021679878235 0.5397928953170776 0.7179529070854187
1541978788.6184065 0.3480461537837982 -0.027224689722061157 -0.19546163082122803 0.23123803734779358 0.37142643332481384 0.5449490547180176 0.7152635455131531
1541978788.6474714 0.33535638451576233 -0.035259395837783813 -0.17697009444236755 0.23780663311481476 0.36179110407829285 0.5503003001213074 0.7139502763748169
1541978788.6767206 0.3224351704120636 -0.04294848442077637 -0.15619397163391113 0.24217812716960907 0.3537723124027252 0.5503098964691162 0.7164871692657471
1541978788.7061596 0.30917465686798096 -0.05367434024810791 -0.13732697069644928 0.24876326322555542 0.3453482389450073 0.5501824021339417 0.7184363007545471
1541978788.7358184 0.29496851563453674 -0.0650874674320221 -0.11809265613555908 0.25658920407295227 0.33727413415908813 0.5490624904632568 0.7203738689422607
1541978788.7657325 0.27998214960098267 -0.07579872012138367 -0.09828951209783554 0.26270920038223267 0.3291916847229004 0.547520637512207 0.7230753898620605
1541978788.7959344 0.2638207674026489 -0.0877237617969513 -0.07914011180400848 0.2727377116680145 0.31692516803741455 0.5513070225715637 0.7219648361206055
1541978788.8264275 0.24464432895183563 -0.10011528432369232 -0.05765491724014282 0.28192421793937683 0.30024608969688416 0.5570247173309326 0.7211758494377136
1541978788.8571784 0.2240220159292221 -0.1130916029214859 -0.035861536860466 0.28826427459716797 0.2847953736782074 0.5628303289413452 0.7204285860061646
1541978788.8881154 0.2011694610118866 -0.1259835660457611 -0.013807043433189392 0.2977786958217621 0.270283579826355 0.5711182951927185 0.715610682964325
1541978788.9191544 0.17722931504249573 -0.13556577265262604 0.009877368807792664 0.3067345917224884 0.2524999976158142 0.5816309452056885 0.7098332047462463
1541978788.9502475 0.14936712384223938 -0.1468619555234909 0.035466521978378296 0.3098100423812866 0.2314518243074417 0.5929685235023499 0.7062833309173584
1541978788.9813845 0.12161296606063843 -0.15657421946525574 0.06211689114570618 0.3066142201423645 0.21354714035987854 0.6019268035888672 0.7057404518127441
1541978789.0125606 0.09234987199306488 -0.16549445688724518 0.0888366848230362 0.3046322762966156 0.19777779281139374 0.6089904308319092 0.7051339149475098
1541978789.0437765 0.06331311166286469 -0.17545032501220703 0.11697039753198624 0.30778515338897705 0.18009446561336517 0.612971842288971 0.7050530910491943
1541978789.0750494 0.03405983746051788 -0.1843012273311615 0.14480552077293396 0.29786601662635803 0.15751540660858154 0.6050333976745605 0.7213871479034424
1541978789.1063974 0.005490198731422424 -0.19185996055603027 0.17353424429893494 0.2910904884338379 0.13186542689800262 0.5923205614089966 0.7396177053451538
1541978789.1378336 -0.023462504148483276 -0.19856178760528564 0.19711923599243164 0.28473150730133057 0.10780025273561478 0.5761649012565613 0.7585124969482422
1541978789.1694174 -0.04977615177631378 -0.20268069207668304 0.2206149399280548 0.2732783854007721 0.08751684427261353 0.5607427358627319 0.7766771912574768
1541978789.2012365 -0.07640764117240906 -0.2070201337337494 0.24244800209999084 0.2691671848297119 0.0667036846280098 0.5543423295021057 0.7847319841384888
1541978789.2333026 -0.1013050526380539 -0.20885345339775085 0.2624661922454834 0.25446444749832153 0.05746481195092201 0.5402355790138245 0.800057053565979
1541978789.2654865 -0.12328639626502991 -0.20693010091781616 0.2826043665409088 0.23069030046463013 0.049399979412555695 0.5216249227523804 0.8199080228805542
1541978789.2975025 -0.15535280108451843 -0.20281344652175903 0.28808310627937317 0.19180449843406677 0.032356664538383484 0.495328813791275 0.8466483950614929
1541978789.3287976 -0.189576655626297 -0.20440731942653656 0.29507243633270264 0.15542654693126678 0.009178646840155125 0.4610563814640045 0.8736047744750977
1541978789.3585265 -0.21231156587600708 -0.19833967089653015 0.3154248893260956 0.11381103098392487 -0.013147453777492046 0.39899536967277527 0.9097675681114197
1541978789.3860245 -0.24029691517353058 -0.1917380392551422 0.3344920873641968 0.06978347152471542 -0.028711484745144844 0.3189833462238312 0.9447516202926636
1541978789.4113915 -0.26998549699783325 -0.17748887836933136 0.3468374013900757 0.03352614864706993 -0.041947513818740845 0.23201854526996613 0.9712280631065369
1541978789.4355195 -0.2944942116737366 -0.18147863447666168 0.38203343749046326 0.0012043447932228446 -0.05638373643159866 0.1397918462753296 0.9885736107826233
1541978789.4593284 -0.33428409695625305 -0.1824878454208374 0.4099251627922058 -0.03226609528064728 -0.06527063250541687 0.0435447134077549 0.9963947534561157
1541978789.4832604 -0.36714160442352295 -0.1782614141702652 0.42694953083992004 -0.06656964123249054 -0.07093735039234161 -0.04661063849925995 0.9941649436950684
1541978789.5074885 -0.37598341703414917 -0.17358356714248657 0.4349054992198944 -0.0980544164776802 -0.08342818170785904 -0.11404799669981003 0.9850980639457703
1541978789.5320675 -0.40692779421806335 -0.16980764269828796 0.411895751953125 -0.13566981256008148 -0.09704118967056274 -0.16310709714889526 0.9724056720733643
1541978789.5570526 -0.4154757261276245 -0.17322292923927307 0.3786526024341583 -0.18358570337295532 -0.10194981843233109 -0.22333642840385437 0.9518526196479797
1541978789.5825725 -0.3985995054244995 -0.18562041223049164 0.32958415150642395 -0.22988758981227875 -0.10320031642913818 -0.2901082932949066 0.9232218861579895
1541978789.6087666 -0.37374478578567505 -0.2236296385526657 0.26999562978744507 -0.2727794647216797 -0.11018998920917511 -0.3448275327682495 0.8913717269897461
1541978789.6357136 -0.32799863815307617 -0.2707903981208801 0.18831254541873932 -0.3080595135688782 -0.11711365729570389 -0.3839196264743805 0.8625482320785522
1541978789.6634326 -0.2628089487552643 -0.29411083459854126 0.10870220512151718 -0.3327198326587677 -0.11348740011453629 -0.4154520034790039 0.8389384746551514
1541978789.6919165 -0.17707419395446777 -0.3171921670436859 0.0077782124280929565 -0.3532174527645111 -0.10129890590906143 -0.44285035133361816 0.8178383708000183
1541978789.7211685 -0.09159792959690094 -0.3304736316204071 -0.09306160360574722 -0.3726924955844879 -0.0892113596200943 -0.46484577655792236 0.7981604337692261
1541978789.7511685 -0.016155973076820374 -0.3622713088989258 -0.18992866575717926 -0.38700515031814575 -0.0817594826221466 -0.48002299666404724 0.78302001953125
1541978789.7818675 0.07904388010501862 -0.36500412225723267 -0.3267945945262909 -0.3951895534992218 -0.07522033900022507 -0.4849252700805664 0.7765400409698486
1541978789.8131604 0.16307024657726288 -0.3682478666305542 -0.44980764389038086 -0.41032207012176514 -0.0675610899925232 -0.4912797212600708 0.7653205394744873
1541978789.8448975 0.2676563858985901 -0.3714451193809509 -0.6147408485412598 -0.4243395924568176 -0.06202348694205284 -0.49583643674850464 0.7551392912864685
1541978789.8769345 0.37565428018569946 -0.3690444231033325 -0.787056565284729 -0.43513524532318115 -0.058066945523023605 -0.4957212507724762 0.7493637800216675
1541978789.9091525 0.4558347165584564 -0.36631539463996887 -0.9586238861083984 -0.4451334774494171 -0.05047435685992241 -0.496714323759079 0.7433595657348633
1541978789.9414744 0.5636739730834961 -0.37975138425827026 -1.1572275161743164 -0.4554586708545685 -0.04306786507368088 -0.5005360841751099 0.7349600791931152
1541978789.9738564 0.6713213920593262 -0.3303253650665283 -1.3660770654678345 -0.4577673077583313 -0.03531985357403755 -0.5051587224006653 0.7307642698287964
1541978790.0062644 0.7968660593032837 -0.37737274169921875 -1.5979243516921997 -0.4604802131652832 -0.03071989119052887 -0.5105856657028198 0.7254768013954163
1541978790.0386705 0.9395524263381958 -0.32359564304351807 -1.851311445236206 -0.45762377977371216 -0.024614877998828888 -0.5128419399261475 0.7259255051612854
1541978790.0710475 1.0379962921142578 -0.3121011257171631 -2.129988193511963 -0.4572943449020386 -0.018304171040654182 -0.5107542276382446 0.7277891635894775
1541978790.1033695 1.2427114248275757 -0.28862810134887695 -2.4237329959869385 -0.447634756565094 -0.02087392285466194 -0.5038570165634155 0.7384548187255859
1541978790.1356156 1.3645493984222412 -0.3042116165161133 -2.6887547969818115 -0.44280529022216797 -0.020344829186797142 -0.4977853298187256 0.745465874671936
1541978790.1677835 1.4459328651428223 -0.2768411636352539 -3.030958652496338 -0.4342252314090729 -0.013555502519011497 -0.49061957001686096 0.7553523778915405
1541978790.1998694 1.5083577632904053 -0.2787032127380371 -3.3414535522460938 -0.43142613768577576 -0.004742893856018782 -0.4808230400085449 0.7633205652236938
1541978790.2318625 1.537898063659668 -0.33307743072509766 -3.6420772075653076 -0.4308784008026123 0.0020831413567066193 -0.471236914396286 0.7695941925048828
1541978790.2637606 1.5954816341400146 -0.3860793113708496 -3.9559597969055176 -0.4289272427558899 0.0075551471672952175 -0.45685380697250366 0.7792618274688721
1541978790.2955694 1.6705193519592285 -0.39606785774230957 -4.357250690460205 -0.4263027608394623 0.015548978932201862 -0.43754544854164124 0.7915669679641724
1541978790.3273046 1.734574556350708 -0.4338948726654053 -4.721341609954834 -0.4242953956127167 0.021122785285115242 -0.4178045690059662 0.8030980825424194
1541978790.3589816 1.7834832668304443 -0.4614081382751465 -5.110142230987549 -0.4165571928024292 0.03009922057390213 -0.39300018548965454 0.8192222714424133
1541978790.3906164 1.820074200630188 -0.6083152294158936 -5.458973407745361 -0.40930497646331787 0.03774977847933769 -0.3598504066467285 0.8375871181488037
1541978790.4222355 1.8288737535476685 -0.7129007577896118 -5.846049785614014 -0.39523112773895264 0.045138031244277954 -0.32909244298934937 0.856418788433075
1541978790.4538796 1.855560064315796 -0.8617230653762817 -6.198611736297607 -0.37768441438674927 0.043443042784929276 -0.30078890919685364 0.8746389150619507
1541978790.4855685 1.815755009651184 -0.9427068829536438 -6.6146626472473145 -0.35602593421936035 0.04071027785539627 -0.268323689699173 0.8941983580589294
1541978790.5173104 1.7597707509994507 -1.035513997077942 -7.006725311279297 -0.33445829153060913 0.04120556637644768 -0.2347009927034378 0.9117868542671204
1541978790.5491045 1.6610655784606934 -1.1685715913772583 -7.451172351837158 -0.31633663177490234 0.04724333435297012 -0.20953842997550964 0.9240091443061829
1541978790.5809405 1.5549019575119019 -1.2904853820800781 -7.864131927490234 -0.30074310302734375 0.05438734218478203 -0.18659310042858124 0.9336909055709839
1541978790.6128125 1.4235113859176636 -1.4208309650421143 -8.308393478393555 -0.28465989232063293 0.06281452625989914 -0.16106773912906647 0.9429105520248413
1541978790.6447196 1.2578442096710205 -1.5630037784576416 -8.737019538879395 -0.2681698799133301 0.07428456842899323 -0.12732525169849396 0.9520268440246582
1541978790.6766415 1.0712776184082031 -1.7087761163711548 -9.139467239379883 -0.2507140636444092 0.09024950861930847 -0.09271802008152008 0.959375262260437
1541978790.7085195 0.8842098116874695 -1.881117582321167 -9.550031661987305 -0.23829390108585358 0.11012844741344452 -0.07222907990217209 0.9622218012809753
1541978790.7402666 0.5756807327270508 -2.0991933345794678 -9.903911590576172 -0.2279079407453537 0.1379789561033249 -0.05522008240222931 0.9622736573219299
1541978790.7718256 0.3345262110233307 -2.247246503829956 -10.27993392944336 -0.2060476839542389 0.1639092117547989 -0.0297333225607872 0.9642583131790161
1541978790.8031876 0.1437912881374359 -2.4485411643981934 -10.570053100585938 -0.1928352564573288 0.18491603434085846 -0.009429511614143848 0.9636035561561584
1541978790.8343766 -0.07187238335609436 -2.60225510597229 -10.889558792114258 -0.19064505398273468 0.20353172719478607 -0.0035447755362838507 0.9603211879730225
1541978790.8654356 -0.3053070306777954 -2.7078990936279297 -11.112920761108398 -0.1846376210451126 0.22043010592460632 0.0028015596326440573 0.9577639102935791
1541978790.8964145 -0.3662393093109131 -2.8406059741973877 -11.2540283203125 -0.1796969175338745 0.23245492577552795 0.011973682790994644 0.9557878375053406
1541978790.9273796 -0.4934483468532562 -2.872286558151245 -11.373723030090332 -0.1730165034532547 0.2443017065525055 0.022517070174217224 0.9538736939430237
1541978790.9584064 -0.5672745704650879 -2.9018616676330566 -11.419327735900879 -0.17470897734165192 0.25080886483192444 0.03052692487835884 0.9516510963439941
1541978790.9895334 -0.6108664870262146 -2.903985023498535 -11.389293670654297 -0.1830400675535202 0.25172948837280273 0.03546954318881035 0.9496686458587646
1541978791.0207546 -0.6443232893943787 -2.869980573654175 -11.284087181091309 -0.1844417154788971 0.24928909540176392 0.048663388937711716 0.9494568109512329
1541978791.0520394 -0.6316785216331482 -2.7396860122680664 -11.182169914245605 -0.177000030875206 0.23745664954185486 0.06596978008747101 0.9528554081916809
1541978791.0833635 -0.46565037965774536 -2.349813938140869 -10.870878219604492 -0.1630590856075287 0.22615556418895721 0.07816947996616364 0.9571598768234253
1541978791.1147156 -0.6923213601112366 -2.162503242492676 -10.499673843383789 -0.1493266373872757 0.2221747785806656 0.09491531550884247 0.9588174819946289
1541978791.1460476 -0.7596449255943298 -1.9921729564666748 -10.19510269165039 -0.1366855502128601 0.21397575736045837 0.11359163373708725 0.9605355262756348
1541978791.1773114 -0.9494051933288574 -1.839991807937622 -9.849267959594727 -0.11798791587352753 0.20524682104587555 0.13426783680915833 0.9622498750686646
1541978791.2084825 -1.181296944618225 -1.7270185947418213 -9.517292022705078 -0.10855408757925034 0.19381555914878845 0.1468932032585144 0.9638848304748535
1541978791.2395394 -1.398819088935852 -1.533652663230896 -9.1388578414917 -0.09789856523275375 0.18180251121520996 0.16088180243968964 0.9651325345039368
1541978791.2704544 -1.6845418214797974 -1.4781091213226318 -8.831546783447266 -0.09322845935821533 0.17044313251972198 0.17354710400104523 0.965473473072052
1541978791.3012075 -1.6147562265396118 -1.5263458490371704 -8.574066162109375 -0.10222624242305756 0.14999236166477203 0.17844247817993164 0.967062771320343
1541978791.3317945 -1.7934175729751587 -1.530826449394226 -8.285897254943848 -0.11006473004817963 0.134046271443367 0.17018063366413116 0.9700288772583008
1541978791.3622255 -1.7824146747589111 -1.6539673805236816 -8.07982063293457 -0.11807242780923843 0.11151944845914841 0.16330048441886902 0.9731162786483765
1541978791.3925264 -1.8453772068023682 -1.7661547660827637 -7.889172554016113 -0.13250307738780975 0.09536176919937134 0.14896419644355774 0.9752737283706665
1541978791.4227355 -1.919630765914917 -1.9300702810287476 -7.751697540283203 -0.15089905261993408 0.08444983512163162 0.13444319367408752 0.9757165312767029
1541978791.4528744 -1.9415467977523804 -2.0575456619262695 -7.654727935791016 -0.17030970752239227 0.07404012978076935 0.11950700730085373 0.9753105640411377
1541978791.4829626 -1.9394359588623047 -2.2800979614257812 -7.606930255889893 -0.19646458327770233 0.06294697523117065 0.0981709286570549 0.9735511541366577
1541978791.5130575 -1.972926378250122 -2.4058279991149902 -7.530346870422363 -0.2226996272802353 0.051954980939626694 0.07258442044258118 0.9707919955253601
1541978791.5432246 -1.916541576385498 -2.6485652923583984 -7.5483222007751465 -0.2492641806602478 0.04175068810582161 0.05377277731895447 0.9660397171974182
1541978791.5735066 -1.9201250076293945 -2.8061792850494385 -7.52532958984375 -0.2743455469608307 0.035399533808231354 0.037018075585365295 0.9602661728858948
1541978791.6039336 -1.8624285459518433 -3.0182693004608154 -7.548603534698486 -0.30394992232322693 0.02669665589928627 0.018494922667741776 0.9521343111991882
1541978791.6345334 -1.8443546295166016 -3.1750855445861816 -7.559439659118652 -0.3276214301586151 0.024188652634620667 -0.003407382406294346 0.9444932341575623
1541978791.6653125 -1.8405817747116089 -3.3140034675598145 -7.560475826263428 -0.34065696597099304 0.027472343295812607 -0.015247832983732224 0.9396625757217407
1541978791.6962836 -1.7997187376022339 -3.425720453262329 -7.569613456726074 -0.3548043966293335 0.029447615146636963 -0.02276424691081047 0.9341993927955627
1541978791.7274725 -1.819580316543579 -3.497995138168335 -7.5945515632629395 -0.3782089948654175 0.031786516308784485 -0.04828793555498123 0.9239133596420288
1541978791.7589085 -1.8397223949432373 -3.602405548095703 -7.586722373962402 -0.3954488933086395 0.038216643035411835 -0.0644257441163063 0.9154283404350281
1541978791.7905886 -1.5779221057891846 -3.638798713684082 -7.659639358520508 -0.40315863490104675 0.038449157029390335 -0.06822474300861359 0.9117730855941772
1541978791.8225236 -1.547497272491455 -3.6894330978393555 -7.651742935180664 -0.41540971398353577 0.046627193689346313 -0.08126930892467499 0.9047961235046387
1541978791.8547435 -1.427662968635559 -3.750131130218506 -7.667547225952148 -0.4275616705417633 0.05325314775109291 -0.09649349749088287 0.897242546081543
1541978791.8872476 -1.3365134000778198 -3.8404502868652344 -7.594297409057617 -0.4371618330478668 0.059578318148851395 -0.1083822026848793 0.8908385634422302
1541978791.9199955 -1.0723240375518799 -3.9062118530273438 -7.509036540985107 -0.4459526240825653 0.05847375467419624 -0.11199243366718292 0.8860952854156494
1541978791.9529254 -0.9702581167221069 -3.95805025100708 -7.401082992553711 -0.45503896474838257 0.06346509605646133 -0.12776386737823486 0.8789699077606201
1541978791.9859765 -0.7946897745132446 -4.030697822570801 -7.273168087005615 -0.45966005325317383 0.0645366832613945 -0.13652218878269196 0.8751624822616577
1541978792.0190775 -0.6699678301811218 -4.028071403503418 -7.173830032348633 -0.46331143379211426 0.06754204630851746 -0.1441851407289505 0.8717747926712036
1541978792.0521705 -0.6267706751823425 -4.12406587600708 -6.913043975830078 -0.47541773319244385 0.07677384465932846 -0.15172235667705536 0.8631709814071655
1541978792.0852375 -0.5078728199005127 -4.12030029296875 -6.732261657714844 -0.4805082380771637 0.08525201678276062 -0.1616833359003067 0.85773104429245
1541978792.1182685 -0.4739760160446167 -4.161048412322998 -6.4670820236206055 -0.4919741451740265 0.09352245181798935 -0.18194378912448883 0.8462337255477905
1541978792.1512485 -0.42304015159606934 -4.129620552062988 -6.200920104980469 -0.4939361810684204 0.09414558857679367 -0.19271720945835114 0.842629075050354
1541978792.1841505 -0.38770592212677 -4.1373610496521 -5.960903167724609 -0.49820101261138916 0.09937182813882828 -0.20093224942684174 0.8375841975212097
1541978792.2169604 -0.36166608333587646 -4.137757301330566 -5.663539886474609 -0.5005560517311096 0.10719522833824158 -0.2082645297050476 0.8334139585494995
1541978792.2497015 -0.35306525230407715 -4.1237311363220215 -5.392289161682129 -0.49866288900375366 0.10760913044214249 -0.21136105060577393 0.8337158560752869
1541978792.2823794 -0.4595383405685425 -4.115957260131836 -5.0974931716918945 -0.49581724405288696 0.10506229102611542 -0.21089144051074982 0.8358540534973145
