# timestamp[secs] tx ty tz qx qy qz qw
1541978775.364538 -0.0 -0.0 -0.0 -0.0 -0.0 -0.0 1.0
1541978775.394292 0.0365813709795475 -0.006794473621994257 0.011251243762671947 -0.0003969332028646022 0.006386677734553814 0.0007098590140230954 0.9999793171882629
1541978775.424239 0.06672156602144241 -0.002710495376959443 0.021067127585411072 0.0020301369950175285 0.013073491863906384 0.003227941459044814 0.9999072551727295
1541978775.454367 0.09463531523942947 -0.004570537246763706 0.024541065096855164 -0.00040343456203117967 0.018486304208636284 0.006314488593488932 0.9998091459274292
1541978775.484636 0.09463531523942947 -0.004570537246763706 0.024541065096855164 -0.00040343456203117967 0.018486304208636284 0.006314488593488932 0.9998091459274292
1541978775.514985 0.14379456639289856 -0.00811694748699665 0.024776628240942955 -0.010654095560312271 0.025567330420017242 0.012030031532049179 0.9995439648628235
1541978775.545349 0.14379456639289856 -0.00811694748699665 0.024776628240942955 -0.010654095560312271 0.025567330420017242 0.012030031532049179 0.9995439648628235
1541978775.575698 0.18540383875370026 -0.012082184664905071 0.01807309128344059 -0.018596483394503593 0.03669140487909317 0.008495955727994442 0.9991175532341003
1541978775.606049 0.20411953330039978 -0.013156200759112835 0.010139006190001965 -0.012975616380572319 0.04250601306557655 0.007573054637759924 0.9989833235740662
1541978775.636431 0.22220702469348907 -0.01320914551615715 0.00353362993337214 -0.00021023453155066818 0.04246779903769493 0.009831163100898266 0.9990494847297668
1541978775.666853 0.23857833445072174 -0.013647832907736301 -0.005531554110348225 0.012744725681841373 0.03974376246333122 0.007555017247796059 0.9991000294685364
1541978775.697287 0.2541399896144867 -0.013613125309348106 -0.013754725456237793 0.022951973602175713 0.039433035999536514 -0.0011212314711883664 0.9989579916000366
1541978775.727686 0.272621214389801 -0.01221843995153904 -0.027499791234731674 0.027706271037459373 0.03778289258480072 -0.010284853167831898 0.9988488554954529
1541978775.757999 0.29087594151496887 -0.011181177571415901 -0.04196905344724655 0.025879381224513054 0.03828480467200279 -0.019675826653838158 0.9987379312515259
1541978775.788173 0.31049782037734985 -0.007981514558196068 -0.059924233704805374 0.018356114625930786 0.043273258954286575 -0.0346706323325634 0.9982928037643433
1541978775.818194 0.3279958665370941 -0.0038171769119799137 -0.07627972215414047 0.00804755836725235 0.052075400948524475 -0.05034375563263893 0.997340977191925
1541978775.848086 0.35096287727355957 0.0019811666570603848 -0.09771674126386642 -0.002431234810501337 0.06259215623140335 -0.0641944631934166 0.9959695935249329
1541978775.877881 0.36982405185699463 0.005921856965869665 -0.11976048350334167 -0.013662897981703281 0.075954370200634 -0.07255760580301285 0.9943740367889404
1541978775.90763 0.386013388633728 0.008043156005442142 -0.14656579494476318 -0.024287357926368713 0.08958106487989426 -0.07483703643083572 0.9928669333457947
1541978775.937378 0.3993162214756012 0.012172505259513855 -0.17533445358276367 -0.03154933452606201 0.10090837627649307 -0.07443206757307053 0.991605818271637
1541978775.967152 0.3981066048145294 0.019153878092765808 -0.20242451131343842 -0.03477218374609947 0.11334098130464554 -0.0741230696439743 0.9901770353317261
1541978775.99695 0.40531662106513977 0.024785876274108887 -0.23173867166042328 -0.034392453730106354 0.12307329475879669 -0.07082537561655045 0.9892694354057312
1541978776.026753 0.40629521012306213 0.026490384712815285 -0.2661054730415344 -0.028271468356251717 0.13304536044597626 -0.05971173569560051 0.9889056086540222
1541978776.056537 0.40900489687919617 0.0598854199051857 -0.286438524723053 -0.00931684859097004 0.14444689452648163 -0.049581922590732574 0.9882256388664246
1541978776.086251 0.40477249026298523 0.0641748458147049 -0.3164835572242737 -0.0016984164249151945 0.1555158495903015 -0.04178336635231972 0.9869478940963745
1541978776.115835 0.3966712951660156 0.0734342634677887 -0.34241947531700134 0.002063928870484233 0.17107412219047546 -0.038391441106796265 0.9845077395439148
1541978776.145243 0.38013914227485657 0.08461493253707886 -0.36149755120277405 0.006232937332242727 0.18823599815368652 -0.03235374018549919 0.9815710186958313
1541978776.174441 0.3685053586959839 0.09381771087646484 -0.38479486107826233 0.01149086281657219 0.19952954351902008 -0.017588987946510315 0.9796665906906128
1541978776.203432 0.356199711561203 0.10736372321844101 -0.40250468254089355 0.019241752102971077 0.20825767517089844 0.00012075358245056123 0.9778847694396973
1541978776.232269 0.34652262926101685 0.11879370361566544 -0.41783297061920166 0.024783117696642876 0.21340946853160858 0.013845914043486118 0.9765503406524658
1541978776.261033 0.324492871761322 0.13391226530075073 -0.43103837966918945 0.02708296664059162 0.21554020047187805 0.023380925878882408 0.9758392572402954
1541978776.289782 0.3023917078971863 0.14222845435142517 -0.4355595111846924 0.026117948815226555 0.21128326654434204 0.026903042569756508 0.9767054319381714
1541978776.31854 0.29315969347953796 0.15679292380809784 -0.44096747040748596 0.02575778216123581 0.19931405782699585 0.027969446033239365 0.9791977405548096
1541978776.347304 0.2731395363807678 0.17326678335666656 -0.44086629152297974 0.024003757163882256 0.18575549125671387 0.026696443557739258 0.981939971446991
1541978776.376065 0.2539346218109131 0.18503963947296143 -0.46345263719558716 0.02004871889948845 0.1690579503774643 0.02302471548318863 0.985133171081543
1541978776.404828 0.22413253784179688 0.19831520318984985 -0.46260616183280945 0.01787417195737362 0.1509423851966858 0.020001672208309174 0.9881786108016968
1541978776.433589 0.2139563113451004 0.21812981367111206 -0.4551272392272949 0.01766209490597248 0.12533722817897797 0.01671970635652542 0.9918160438537598
1541978776.462336 0.18860627710819244 0.235563725233078 -0.45229271054267883 0.017157601192593575 0.1035025417804718 0.011964792385697365 0.9944092631340027
1541978776.491044 0.13941556215286255 0.24728946387767792 -0.4495545029640198 0.012977473437786102 0.08644934743642807 0.006313789170235395 0.9961517453193665
1541978776.519695 0.11097610741853714 0.2651504576206207 -0.444223552942276 0.009115886874496937 0.06543874740600586 -0.0012473732931539416 0.9978141784667969
1541978776.548288 0.05322053283452988 0.264098197221756 -0.45603305101394653 -0.0012965810019522905 0.04874442145228386 -0.007316804025322199 0.9987837076187134
1541978776.576848 0.018792949616909027 0.27985912561416626 -0.46049225330352783 -0.006749101914465427 0.02838481031358242 -0.018345778807997704 0.9994059801101685
1541978776.605398 -0.016448993235826492 0.27431127429008484 -0.47872433066368103 -0.01366183441132307 0.005651251878589392 -0.02580106630921364 0.9995577931404114
1541978776.633955 -0.04866030812263489 0.2896735370159149 -0.4790745973587036 -0.014602577313780785 -0.01549333892762661 -0.03930490463972092 0.9990004301071167
1541978776.662529 -0.08855722844600677 0.3085940182209015 -0.48429161310195923 -0.016663435846567154 -0.03199528530240059 -0.05607486516237259 0.9977746605873108
1541978776.69112 -0.11465486139059067 0.31988391280174255 -0.4901115298271179 -0.021185467019677162 -0.04420282691717148 -0.07345633953809738 0.9960930943489075
1541978776.719731 -0.1329822689294815 0.33348751068115234 -0.5028171539306641 -0.027356520295143127 -0.05297202616930008 -0.08701703697443008 0.9944213032722473
1541978776.74838 -0.13141612708568573 0.347599595785141 -0.5112159848213196 -0.03391972556710243 -0.06352832913398743 -0.08954066038131714 0.9933761358261108
1541978776.777106 -0.13548800349235535 0.3530074954032898 -0.5272800326347351 -0.04302535206079483 -0.06922939419746399 -0.08554120361804962 0.9929949045181274
1541978776.805943 -0.13274435698986053 0.3574996292591095 -0.5465487241744995 -0.053728602826595306 -0.06677920371294022 -0.08651632070541382 0.9925566911697388
1541978776.834903 -0.14413636922836304 0.3642086684703827 -0.5674107074737549 -0.06328196823596954 -0.05671713501214981 -0.08769573271274567 0.992516040802002
1541978776.863976 -0.15307022631168365 0.3669164776802063 -0.5976341366767883 -0.06723599135875702 -0.05009758099913597 -0.08210735768079758 0.9930901527404785
1541978776.893137 -0.13686144351959229 0.39343082904815674 -0.5957021117210388 -0.0615098774433136 -0.05089281126856804 -0.07704376429319382 0.9938263297080994
1541978776.922378 -0.137380912899971 0.40112632513046265 -0.5969700813293457 -0.05954192578792572 -0.05397386476397514 -0.07722942531108856 0.9937692284584045
1541978776.951715 -0.12637723982334137 0.407974511384964 -0.6169398427009583 -0.06153211370110512 -0.05852898582816124 -0.08866424858570099 0.9924347996711731
1541978776.981164 -0.1153864935040474 0.41588568687438965 -0.6325105428695679 -0.06645287573337555 -0.062297724187374115 -0.10313890874385834 0.9904875159263611
1541978777.010708 -0.10141005367040634 0.4192493259906769 -0.6484934091567993 -0.06887552887201309 -0.062292251735925674 -0.11470808833837509 0.9890490174293518
1541978777.040294 -0.09695453196763992 0.41724079847335815 -0.656762957572937 -0.06582546979188919 -0.05934873968362808 -0.13011734187602997 0.9875293970108032
1541978777.069901 -0.09045339375734329 0.42885756492614746 -0.6680798530578613 -0.053315576165914536 -0.06350219249725342 -0.14536970853805542 0.9858968257904053
1541978777.099525 -0.07209966331720352 0.4385717511177063 -0.6864595413208008 -0.04468788206577301 -0.07019344717264175 -0.16324301064014435 0.9830704927444458
1541978777.129123 -0.06161467730998993 0.44545429944992065 -0.6949403285980225 -0.03797119855880737 -0.07606660574674606 -0.17997348308563232 0.9799906015396118
1541978777.158643 -0.04896486550569534 0.4517013132572174 -0.705145537853241 -0.03338274359703064 -0.0825858861207962 -0.19565095007419586 0.9766196608543396
1541978777.188078 -0.047227274626493454 0.4618197977542877 -0.7119155526161194 -0.03382836654782295 -0.08514716476202011 -0.21597979962825775 0.9720897078514099
1541978777.217443 -0.03703336790204048 0.4753335416316986 -0.7132963538169861 -0.03612507879734039 -0.09030584990978241 -0.22308103740215302 0.969935417175293
1541978777.246758 -0.03819238394498825 0.48274165391921997 -0.7203099131584167 -0.03895019367337227 -0.08921189606189728 -0.2124733030796051 0.9723061919212341
1541978777.276051 -0.02120322920382023 0.47834348678588867 -0.7185243964195251 -0.03835064917802811 -0.08442345261573792 -0.20021134614944458 0.9753549695014954
1541978777.305342 -0.003440599888563156 0.46841275691986084 -0.7199095487594604 -0.036192819476127625 -0.07533158361911774 -0.1939568817615509 0.9774436354637146
