1541976466263336.0 -0.0 -0.0 -0.0 -0.0 -0.0 1.0 -0.0
1541976466289024.0 -0.010319141 0.004818938 -0.038423594 -0.005028553 0.005203526 0.99990773 0.011502991
1541976466314657.0 -0.022791727 0.009563308 -0.08097818 -0.007073885 0.0037289492 0.9997739 0.01970422
1541976466340200.0 -0.022791727 0.009563308 -0.08097818 -0.007073885 0.0037289492 0.9997739 0.01970422
1541976466365628.0 -0.061328545 0.02691733 -0.16581592 -0.005871963 -0.016481714 0.9996405 0.020316422
1541976466390925.0 -0.061328545 0.02691733 -0.16581592 -0.005871963 -0.016481714 0.9996405 0.020316422
1541976466416104.0 -0.10252038 0.05785278 -0.24347825 -0.007513528 -0.023455484 0.9993456 0.026490677
1541976466441201.0 -0.12703048 0.08159279 -0.27354783 -0.008927806 -0.026702417 0.9993922 0.020557346
1541976466466246.0 -0.15475151 0.106800266 -0.2990303 -0.014092661 -0.030540159 0.99934345 0.0134706795
1541976466491259.0 -0.18671626 0.13195272 -0.3236751 -0.018326081 -0.038648438 0.9990556 0.0076363096
1541976466516265.0 -0.21370862 0.1553965 -0.34337252 -0.022106769 -0.045106605 0.99872965 0.0039757737
1541976466541295.0 -0.24056683 0.18196122 -0.36544186 -0.024328176 -0.046486847 0.9986202 0.0021852516
1541976466566363.0 -0.25988352 0.20947538 -0.3871085 -0.025355566 -0.044032425 0.99870795 -0.00082768284
1541976466591435.0 -0.27936783 0.24331045 -0.41096017 -0.025046824 -0.04292654 0.9987556 -0.0041661565
1541976466616426.0 -0.29783684 0.2764312 -0.43606764 -0.025227986 -0.040898107 0.99880993 -0.008347445
1541976466641258.0 -0.31589562 0.3093567 -0.45901397 -0.024183342 -0.038250122 0.9989147 -0.01102757
1541976466665897.0 -0.32760102 0.34148446 -0.48627144 -0.023927594 -0.03492661 0.99903005 -0.01210713
1541976466690378.0 -0.34158665 0.37195 -0.5125932 -0.023395775 -0.030733515 0.9991739 -0.012639403
1541976466714794.0 -0.3545493 0.40439972 -0.5394772 -0.022475343 -0.026752826 0.9992871 -0.014298753
1541976466739212.0 -0.36958936 0.43499696 -0.56643033 -0.022568228 -0.022482578 0.99936265 -0.01611419
1541976466763670.0 -0.38774276 0.46230626 -0.5959429 -0.02152404 -0.019740136 0.9994355 -0.01660816
1541976466788212.0 -0.40392902 0.48642936 -0.62576956 -0.020814955 -0.016702197 0.9995125 -0.016203955
1541976466812906.0 -0.42243743 0.51043594 -0.6575047 -0.020181349 -0.012159297 0.9995921 -0.01614056
1541976466837807.0 -0.44237697 0.5312451 -0.6888089 -0.02059428 -0.010670597 0.99960244 -0.016035637
1541976466862944.0 -0.4619982 0.54798293 -0.72349346 -0.019596098 -0.0088806795 0.99964386 -0.01579125
1541976466888335.0 -0.48069483 0.5636214 -0.760993 -0.0178304 -0.0063888184 0.9997084 -0.014979242
1541976466914018.0 -0.4986723 0.57728416 -0.79750836 -0.014998652 -0.0046604048 0.9997785 -0.0140094
1541976466940043.0 -0.5167136 0.58824444 -0.83615655 -0.010589558 -0.0056228703 0.99980724 -0.015552419
1541976466966421.0 -0.53520226 0.6000173 -0.8775037 -0.007642696 -0.0042921575 0.9998382 -0.015711412
1541976466993129.0 -0.5548881 0.60574746 -0.91784245 -0.0064354916 -0.0029668286 0.9998676 -0.014649605
1541976467020132.0 -0.57420826 0.60918385 -0.9549537 -0.0043251547 -0.008653564 0.9998516 -0.014260067
1541976467047402.0 -0.5975393 0.6092034 -0.99759716 -2.4432195e-05 -0.016651109 0.9997168 -0.017001184
1541976467074898.0 -0.62149155 0.6092456 -1.0309764 0.00076797395 -0.020938518 0.99962866 -0.017422678
1541976467102555.0 -0.6393689 0.611345 -1.068337 -0.0016842786 -0.026561283 0.99946827 -0.01883945
1541976467130319.0 -0.66239464 0.6135344 -1.1100563 0.00057718385 -0.034178868 0.9991689 -0.022207001
1541976467158163.0 -0.68328226 0.6150797 -1.1510593 0.00070454704 -0.034354277 0.99914604 -0.022946198
1541976467186087.0 -0.7062552 0.61715895 -1.1876082 0.0004929971 -0.035099164 0.99911773 -0.023055525
1541976467214091.0 -0.7252591 0.62487006 -1.2311093 -3.2124182e-05 -0.03813313 0.9989957 -0.023526829
1541976467242175.0 -0.75129896 0.63037395 -1.2733718 0.0010241827 -0.041116185 0.9988504 -0.024622267
1541976467270328.0 -0.77869904 0.6395071 -1.3130704 0.00086014526 -0.041370224 0.9988611 -0.02375659
1541976467298547.0 -0.8107993 0.6499843 -1.3533206 0.0009688737 -0.041529655 0.99888486 -0.022439597
1541976467326830.0 -0.8441851 0.6597934 -1.3886871 0.0005951306 -0.04365257 0.9987837 -0.022919897
1541976467355177.0 -0.8898663 0.67360306 -1.423441 0.0017337835 -0.049331404 0.99847 -0.024922144
1541976467383593.0 -0.9388056 0.6853127 -1.4585541 0.001105815 -0.05239798 0.9982876 -0.02598233
1541976467412095.0 -0.98736477 0.70265156 -1.4878821 0.0007534949 -0.055629596 0.99809295 -0.026743153
1541976467440722.0 -1.0420401 0.7191056 -1.5173625 0.0019941048 -0.05878543 0.9978318 -0.029528912
1541976467469521.0 -1.0948322 0.73698264 -1.5464876 0.0020875088 -0.058469873 0.9978249 -0.030372
1541976467498541.0 -1.1604737 0.75231814 -1.577557 0.0019703142 -0.055820804 0.99795955 -0.030934216
1541976467527817.0 -1.2259718 0.766397 -1.6114318 0.001148683 -0.05657379 0.99787515 -0.03230155
1541976467557359.0 -1.3050739 0.7785966 -1.6431911 0.0018762292 -0.060115233 0.99755865 -0.035489053
1541976467587153.0 -1.383571 0.787368 -1.6685821 0.00036006013 -0.06224427 0.9974157 -0.035882365
1541976467617184.0 -1.4572778 0.78921115 -1.6932751 -0.0011711757 -0.06445618 0.99728316 -0.03564162
1541976467647432.0 -1.5342076 0.78725857 -1.7169994 -0.0019031431 -0.06729207 0.9970871 -0.035852756
1541976467677879.0 -1.6039214 0.7923255 -1.7441508 -0.0018711052 -0.07212029 0.99669105 -0.037445985
1541976467708515.0 -1.6663679 0.79308856 -1.7745757 -0.0012685712 -0.07271538 0.9966116 -0.038421605
1541976467739321.0 -1.7158126 0.79260623 -1.7824695 0.0018523583 -0.07017198 0.9967328 -0.03995455
1541976467770269.0 -1.7676289 0.7984204 -1.8091036 0.0065092756 -0.06700544 0.99677324 -0.043715846
1541976467801332.0 -1.8090831 0.8026323 -1.8349543 0.008720665 -0.06319501 0.9968831 -0.04641541
1541976467832481.0 -1.8374122 0.80706406 -1.8515843 0.012894176 -0.061245836 0.99682003 -0.049322054
1541976467863695.0 -1.8682474 0.8076558 -1.8778024 0.015119928 -0.057381287 0.99694467 -0.05079548
1541976467894965.0 -1.901658 0.80877423 -1.9015466 0.0168578 -0.05467751 0.9970036 -0.0520569
1541976467926275.0 -1.9372529 0.8126014 -1.9208878 0.01903699 -0.054865167 0.99681336 -0.05468645
1541976467957604.0 -1.9624687 0.8146715 -1.9398412 0.022526536 -0.055820048 0.9965231 -0.057606444
1541976467988942.0 -1.9830914 0.8231308 -1.969807 0.023224248 -0.05259556 0.9966421 -0.058299914
1541976468020294.0 -2.006684 0.82833314 -1.9963337 0.025254153 -0.0495902 0.99664944 -0.059941746
1541976468051663.0 -2.0251727 0.8399216 -2.024278 0.028108472 -0.04646678 0.99660546 -0.061873462
1541976468083039.0 -2.0393977 0.8459207 -2.0519931 0.03149221 -0.039679155 0.99667805 -0.06377083
1541976468114415.0 -2.0600357 0.8509952 -2.0820203 0.03500714 -0.032095905 0.99674016 -0.06521868
1541976468145780.0 -2.0747619 0.8556806 -2.1069274 0.038200088 -0.021986252 0.9967912 -0.066818535
1541976468177124.0 -2.0971322 0.86376923 -2.1301723 0.040613987 -0.0064479164 0.99677163 -0.06895901
1541976468208433.0 -2.1162171 0.8750931 -2.1497986 0.04316716 0.011852826 0.99643517 -0.07150586
1541976468239696.0 -2.1363645 0.8842889 -2.1857753 0.045187537 0.026439445 0.9958924 -0.073874585
1541976468270913.0 -2.158452 0.8816962 -2.2056913 0.046578716 0.036686692 0.99549377 -0.074004546
1541976468302089.0 -2.1794772 0.86803156 -2.243742 0.04803883 0.043246876 0.9951985 -0.07349844
1541976468333235.0 -2.2044578 0.84818363 -2.258246 0.049871948 0.04709219 0.99501354 -0.07241034
1541976468364363.0 -2.227866 0.83234125 -2.2848325 0.051932618 0.049654193 0.9948582 -0.07137697
1541976468395486.0 -2.2502506 0.8235118 -2.2917209 0.053825848 0.053700715 0.99470073 -0.069206074
1541976468426600.0 -2.2719357 0.82073903 -2.3204737 0.05474542 0.057749484 0.9944348 -0.06904672
1541976468457687.0 -2.2913127 0.839236 -2.3492932 0.05313325 0.059627917 0.9943914 -0.06933407
1541976468488732.0 -2.3096545 0.85419506 -2.375597 0.053285893 0.06307516 0.99409664 -0.070384905
1541976468519719.0 -2.3143365 0.8754849 -2.4028203 0.052936703 0.06737585 0.9937808 -0.07112013
1541976468550651.0 -2.3116994 0.89860386 -2.4224234 0.05399355 0.06763909 0.99353623 -0.0734541
1541976468581549.0 -2.29833 0.91803217 -2.423799 0.05455384 0.066133015 0.9934822 -0.07512355
1541976468612431.0 -2.2624166 0.93711054 -2.4304602 0.05654205 0.06433732 0.9935796 -0.07391395
1541976468643318.0 -2.2040133 0.94524515 -2.4286344 0.062170144 0.06008653 0.9933887 -0.07552114
1541976468674230.0 -2.142763 0.96540123 -2.4176717 0.06742378 0.059180796 0.9931449 -0.074933186
1541976468705169.0 -2.0844889 0.974254 -2.3904047 0.072519526 0.061535507 0.99273646 -0.07367954
1541976468736101.0 -2.030248 0.9787837 -2.3598628 0.08075626 0.05986419 0.9921932 -0.07380597
1541976468767007.0 -1.9657363 0.97505283 -2.3038938 0.08715374 0.057764035 0.99208874 -0.06948032
1541976468797877.0 -1.9058484 0.9707069 -2.2669623 0.09139555 0.057160866 0.99205625 -0.06483796
1541976468828700.0 -1.8194515 0.95909923 -2.218768 0.09187597 0.056961942 0.99222213 -0.061720632
1541976468859448.0 -1.7655165 0.9576311 -2.188927 0.096620955 0.053521182 0.99215835 -0.05849586
1541976468890095.0 -1.6988559 0.9519512 -2.1666415 0.09799197 0.05163249 0.99225366 -0.05625274
1541976468920642.0 -1.6589811 0.9559905 -2.141368 0.099690504 0.052510962 0.9920733 -0.055633597
1541976468951080.0 -1.6203495 0.9567838 -2.1142738 0.10171955 0.051848613 0.9919747 -0.054323718
1541976468981398.0 -1.5515211 0.9564816 -2.0634604 0.104272515 0.051020533 0.9918923 -0.051709294
1541976469011616.0 -1.5178583 0.95182747 -2.0377574 0.10902753 0.0501255 0.99152803 -0.04972545
1541976469041748.0 -1.4970499 0.94229895 -2.0210102 0.11209108 0.050509598 0.99110335 -0.050976507
1541976469071786.0 -1.4782218 0.9374626 -1.9981933 0.11295302 0.051777776 0.9908692 -0.052335083
1541976469101714.0 -1.4532577 0.9277996 -1.9693656 0.11463534 0.051212467 0.99078846 -0.050737627
1541976469131532.0 -1.4416485 0.9138997 -1.9345986 0.116574116 0.051628456 0.99063396 -0.048881084
1541976469161277.0 -1.4388328 0.9174501 -1.94343 0.11398522 0.056829434 0.9907867 -0.046039194
1541976469190980.0 -1.4267417 0.89573747 -1.9056612 0.111923605 0.057027522 0.99103075 -0.045596305
1541976469220641.0 -1.3945358 0.87023324 -1.8740771 0.10788109 0.050748326 0.99188876 -0.044080604
1541976469250264.0 -1.35108 0.8400428 -1.816342 0.10355169 0.049027957 0.99258953 -0.04048995
1541976469279872.0 -1.3746233 0.8512861 -1.8489459 0.09810485 0.04409351 0.9933533 -0.040993378
1541976469309473.0 -1.3263454 0.82306695 -1.8086172 0.094674505 0.04234241 0.9939144 -0.03712184
1541976469339044.0 -1.28053 0.8006536 -1.7716951 0.09002729 0.038344447 0.9946616 -0.03275827
1541976469368554.0 -1.2891111 0.8116741 -1.7804035 0.0874231 0.034314506 0.99523187 -0.026329448
1541976469397944.0 -1.2695354 0.79634243 -1.7619927 0.08401532 0.029087063 0.99574566 -0.02420653
1541976469427102.0 -1.2619268 0.7929287 -1.7609115 0.079807855 0.024554161 0.9962242 -0.023772145
1541976469455927.0 -1.2590737 0.79003376 -1.7594504 0.076047614 0.022359287 0.99656785 -0.023861984
1541976469484393.0 -1.2620891 0.7942672 -1.7809236 0.07158116 0.022015408 0.9968911 -0.024488717
1541976469512578.0 -1.2787397 0.8027314 -1.7880036 0.06845906 0.024867458 0.9970658 -0.02355697
1541976469540609.0 -1.2948662 0.81387776 -1.8226262 0.060331922 0.026800567 0.99753356 -0.023846848
1541976469568602.0 -1.2949796 0.809089 -1.8076323 0.058424715 0.02295077 0.99772054 -0.024769774
1541976469596644.0 -1.3188897 0.8040579 -1.8138895 0.055183947 0.017617954 0.9979228 -0.028189112
1541976469624815.0 -1.4512326 0.85747725 -1.9185549 0.052076284 0.009218795 0.9981749 -0.02915634
1541976469653179.0 -1.4816309 0.8611906 -1.9280258 0.047155775 0.005792233 0.99848574 -0.027732043
1541976469681775.0 -1.5104016 0.86235374 -1.9402543 0.044757795 0.0058464557 0.9986282 -0.026541395
1541976469710626.0 -1.6200261 0.9031987 -1.9894676 0.046509016 0.0006644131 0.99852675 -0.027944947
1541976469739752.0 -1.6495595 0.8988883 -2.0053558 0.044479214 0.0001030586 0.9986778 -0.0257749
1541976469769153.0 -1.6662263 0.8961953 -2.0195255 0.04231131 -0.0015767984 0.9988138 -0.024046643
1541976469798779.0 -1.6845382 0.8964188 -2.035571 0.040709607 -0.0052988147 0.9989179 -0.02185633
1541976469828553.0 -1.6975682 0.8867222 -2.0447235 0.040798977 -0.003150348 0.9989276 -0.021663673
1541976469858405.0 -1.6959417 0.8909452 -2.06979 0.038467992 0.0026361132 0.99907804 -0.01888156
1541976469888265.0 -1.9032372 0.9316327 -2.2732422 0.045636322 0.009975394 0.99859583 -0.024985427
1541976469918060.0 -1.9282607 0.93552196 -2.3171473 0.047510896 0.02039439 0.9983242 -0.025993561
1541976469947741.0 -1.9696609 0.941928 -2.3689778 0.049389362 0.030181041 0.99799466 -0.02562378
1541976469977303.0 -2.006958 0.95694155 -2.4783902 0.051645122 0.032851316 0.997674 -0.030004382
1541976470006748.0 -2.0666604 0.958187 -2.5392363 0.05231092 0.039570853 0.9973465 -0.031585805
1541976470036059.0 -2.155333 0.95427823 -2.6322198 0.053368177 0.042788874 0.99700534 -0.03607493
1541976470065241.0 -2.2271383 0.9564978 -2.6956441 0.050606076 0.046771467 0.9969327 -0.03710546
1541976470094312.0 -2.3208025 0.9538506 -2.7665167 0.04701378 0.048551146 0.9970029 -0.037653584
1541976470123302.0 -2.4298904 0.9522946 -2.8134189 0.042114723 0.043482788 0.9973862 -0.039449736
1541976470152250.0 -2.523654 0.9534175 -2.861724 0.035842303 0.03680036 0.9978483 -0.04074281
1541976470181197.0 -2.637445 0.95131993 -2.8906612 0.03163627 0.03285795 0.99809587 -0.041523658
1541976470210209.0 -2.7391644 0.9609928 -2.9354572 0.028408064 0.027645718 0.99826 -0.043654855
1541976470239351.0 -2.846704 0.97139376 -2.9549735 0.026192255 0.025487136 0.9983695 -0.043848127
1541976470268663.0 -2.942688 0.9851135 -2.978735 0.02171989 0.02017754 0.99851584 -0.045686927
1541976470298161.0 -3.0589404 1.0010227 -2.9829988 0.017132299 0.016376264 0.9986752 -0.04567572
1541976470327837.0 -3.1597905 1.0015891 -3.0024576 0.015171993 0.011531624 0.9987222 -0.046806008
1541976470357677.0 -3.2465894 0.9965964 -3.013833 0.015458019 0.008954019 0.99872553 -0.04720393
1541976470387662.0 -3.3360486 0.9869869 -3.0393243 0.016675724 0.008712911 0.99863225 -0.048781633
1541976470417767.0 -3.4147727 0.98520994 -3.0720644 0.016743014 0.008262624 0.998622 -0.049046956
1541976470447956.0 -3.4759514 0.98067814 -3.0667946 0.020801602 0.0065032076 0.9985546 -0.049131215
1541976470478195.0 -3.5482595 0.96791226 -3.0866115 0.025944876 0.007547233 0.9983019 -0.051606115
1541976470508455.0 -3.5926373 0.9673169 -3.1080492 0.029169297 0.011713669 0.9980701 -0.05355431
1541976470538713.0 -3.6445832 0.9626675 -3.1294165 0.033309087 0.014819352 0.9977377 -0.056484953
1541976470568944.0 -3.6889892 0.9629483 -3.154804 0.03652501 0.014626374 0.9974245 -0.05997038
1541976470599126.0 -3.7263255 0.9492478 -3.1707885 0.039793033 0.01784927 0.9971052 -0.06228345
1541976470629238.0 -3.7701426 0.94326794 -3.1863258 0.045101 0.022212736 0.9966191 -0.06498368
1541976470659266.0 -3.8080375 0.93703926 -3.2121916 0.04812089 0.02772501 0.99613285 -0.068081036
1541976470689205.0 -3.8178527 0.93983114 -3.2298512 0.048054833 0.03123928 0.9959398 -0.06941776
1541976470719049.0 -3.8558238 0.9292099 -3.2492418 0.049738463 0.033733618 0.99564385 -0.071284816
1541976470748794.0 -3.886417 0.92514545 -3.2669137 0.050817735 0.034809805 0.9954666 -0.07247205
1541976470778445.0 -3.91341 0.91966707 -3.2843752 0.052149676 0.03756047 0.9952506 -0.073116615
1541976470808005.0 -3.9304934 0.9190092 -3.2993803 0.052894294 0.041354902 0.99500346 -0.073892474
1541976470837484.0 -3.9317055 0.93527174 -3.3013577 0.052130062 0.04504206 0.99497485 -0.072655424
1541976470866894.0 -3.9060953 0.94315296 -3.307239 0.051988073 0.047341045 0.99506384 -0.07002942
1541976470896244.0 -3.8666198 0.96190137 -3.3261497 0.05275985 0.051967762 0.9950354 -0.066485606
1541976470925550.0 -3.827351 0.9855859 -3.321898 0.054790795 0.05727121 0.99469924 -0.065508954
1541976470954830.0 -3.7005513 1.0116066 -3.284428 0.04806053 0.063162506 0.9950676 -0.05950814
1541976470984088.0 -3.6399894 1.0318296 -3.2785528 0.05018761 0.06753819 0.9947058 -0.058993515
1541976471013344.0 -3.5944417 1.0088373 -3.2623172 0.055624582 0.0681845 0.99406964 -0.06389346
1541976471042633.0 -3.528494 1.0231276 -3.2492228 0.058164243 0.06964733 0.9939476 -0.06192234
1541976471071987.0 -3.4093564 1.05384 -3.200566 0.054004744 0.067249626 0.9945224 -0.05904561
1541976471101430.0 -3.3426363 1.0633246 -3.1660423 0.058137424 0.0647033 0.9944264 -0.059578534
1541976471130961.0 -3.2440932 1.0802299 -3.098594 0.06610477 0.064581566 0.9939501 -0.059350938
1541976471160558.0 -3.1652298 1.0872403 -3.0710573 0.07212003 0.06536895 0.9935509 -0.05815734
1541976471190208.0 -3.0581503 1.0869198 -2.995643 0.07348445 0.06572571 0.9935029 -0.05685295
1541976471219891.0 -2.9889975 1.0838248 -2.959442 0.07814698 0.0621488 0.9933367 -0.057557575
1541976471249587.0 -2.982034 1.0869045 -2.985393 0.07800499 0.06313265 0.99350005 -0.053731997
1541976471279275.0 -2.9026625 1.0781384 -2.9459229 0.08360495 0.06059 0.99340606 -0.049835477
1541976471308943.0 -2.8903134 1.0631343 -2.9396439 0.08933098 0.05559534 0.99302137 -0.053270083
1541976471338556.0 -2.8122659 1.0528197 -2.8948061 0.09437493 0.05112022 0.9927766 -0.05361765
1541976471368054.0 -2.791945 1.0600343 -2.903527 0.095742844 0.05178555 0.99280465 -0.049904656
1541976471397366.0 -2.6908765 1.0551714 -2.8783746 0.09840735 0.047337472 0.99274856 -0.05025482
1541976471426458.0 -2.7093952 1.048646 -2.8632793 0.109206006 0.051880628 0.99140435 -0.04999848
1541976471455306.0 -2.6741557 1.0461706 -2.8476572 0.11518621 0.053015646 0.9906913 -0.049520105
1541976471483887.0 -2.6643915 1.0429337 -2.8415594 0.11736421 0.054509334 0.99029475 -0.050702453
1541976471512172.0 -2.6223102 1.0359564 -2.8210196 0.11760735 0.05290756 0.99029064 -0.051901694
1541976471540148.0 -2.5848513 1.0316416 -2.8239913 0.11326143 0.05178214 0.9909777 -0.049534224
1541976471567845.0 -2.55553 1.014239 -2.8211026 0.10662681 0.05065986 0.99175024 -0.049958188
1541976471595312.0 -2.5635798 0.9907868 -2.820183 0.09882353 0.05063232 0.99259907 -0.049167246
1541976471622600.0 -2.6126416 0.98914826 -2.8115652 0.091333866 0.04970504 0.9935322 -0.045622107
1541976471649766.0 -2.6750808 1.0057116 -2.8567638 0.08339247 0.048234083 0.99440086 -0.043430064
1541976471676875.0 -2.6750252 1.0001901 -2.8671582 0.07438774 0.046674043 0.99528015 -0.041297875
1541976471703989.0 -2.7718856 0.98072267 -2.8645566 0.07006182 0.048391506 0.99564916 -0.037847627
1541976471731162.0 -2.8282578 0.96360046 -2.8862936 0.0624861 0.045039836 0.996324 -0.03748854
1541976471758431.0 -2.8422918 0.9606286 -2.9026282 0.052436933 0.04366997 0.99708223 -0.03421078
1541976471785828.0 -2.8025093 0.97456473 -2.904356 0.040647525 0.036851417 0.9979934 -0.031604923
1541976471813371.0 -2.8304746 0.96803117 -2.9209166 0.034320436 0.035684723 0.9983468 -0.029195292
1541976471841070.0 -2.8305316 0.9708526 -2.9272795 0.024045661 0.034641765 0.9988165 -0.024235476
1541976471868916.0 -2.8365395 0.97176355 -2.9298637 0.026292836 0.036423042 0.9987593 -0.021493375
1541976471896887.0 -2.9305394 0.97624606 -2.9929888 0.016881848 0.034025483 0.99906063 -0.020859871
1541976471924951.0 -2.977775 0.9733968 -3.0137916 0.014694743 0.03326215 0.9991352 -0.020164499
1541976471953080.0 -3.0347326 0.9676995 -3.0495539 0.012872152 0.03372061 0.9991397 -0.020421896
1541976471981269.0 -3.0862508 0.9694422 -3.069226 0.010999468 0.035285685 0.99913317 -0.019154113
1541976472009523.0 -3.0473747 0.9744186 -3.070995 0.005196481 0.037444595 0.99915284 -0.016265206
1541976472037830.0 -3.0917954 0.96324337 -3.0776284 0.008210463 0.039758213 0.9990161 -0.017854476
1541976472066186.0 -3.1200128 0.96125257 -3.0985305 0.0069488473 0.042982537 0.9989226 -0.016058456
1541976472094585.0 -3.1610825 0.95714843 -3.133963 0.005334912 0.04471165 0.9988887 -0.013924534
1541976472123013.0 -3.1716244 0.9576213 -3.1451097 0.0012758584 0.045016836 0.9989217 -0.01128213
1541976472151444.0 -3.1480331 0.96221656 -3.1224518 -0.0027092579 0.04442117 0.9989786 -0.007830607
1541976472179846.0 -3.2228427 0.9584161 -3.1946669 -0.003511037 0.04518822 0.99894446 -0.0074563087
1541976472208163.0 -3.243157 0.9591603 -3.2216582 -0.0056356043 0.046664797 0.9988827 -0.004907192
1541976472236334.0 -3.2770877 0.959272 -3.2726362 -0.0073907934 0.047692038 0.99883 -0.003081808
1541976472264326.0 -3.2901032 0.9667133 -3.3054812 -0.010289783 0.04776279 0.99880546 -0.0006730789
1541976472292122.0 -3.2752163 0.96815884 -3.2830753 -0.013006863 0.04887343 0.9987157 0.003042642
1541976472319722.0 -3.2999458 0.975597 -3.3294535 -0.013695288 0.051102255 0.998585 0.005387481
1541976472347143.0 -3.317353 0.9888179 -3.3660405 -0.016520001 0.05654071 0.99821913 0.009424894
1541976472374410.0 -3.3341296 0.9948304 -3.385133 -0.018239267 0.06006352 0.997952 0.012314495
1541976472401542.0 -3.359262 1.0060393 -3.4197378 -0.02173002 0.06269184 0.9976845 0.014939643
1541976472428547.0 -3.3729627 1.0090413 -3.438526 -0.026879357 0.064247526 0.9974108 0.017931404
1541976472455436.0 -3.397988 1.0137272 -3.4727867 -0.031772412 0.06394896 0.9972258 0.02101638
1541976472482216.0 -3.4231217 1.0191896 -3.5009558 -0.035931267 0.064216234 0.9969698 0.02522871
1541976472508901.0 -3.4432883 1.0218513 -3.543487 -0.04056015 0.06266311 0.9968299 0.027537197
1541976472535485.0 -3.4704053 1.0254582 -3.5787792 -0.04384402 0.06295674 0.9966143 0.029566206
1541976472561966.0 -3.4901028 1.0321504 -3.6114104 -0.04632391 0.064574 0.9963195 0.03212248
1541976472588339.0 -3.5107455 1.0370828 -3.6404405 -0.046938572 0.06662169 0.99605525 0.035104815
1541976472614618.0 -3.533178 1.0458891 -3.6696413 -0.04781618 0.069596946 0.995708 0.03788809
1541976472640824.0 -3.5555942 1.0570109 -3.7027001 -0.04926608 0.069370076 0.9956537 0.037873156
1541976472666970.0 -3.5967295 1.0717944 -3.7637825 -0.050086997 0.070494525 0.9955341 0.03786281
1541976472693066.0 -3.600844 1.0801051 -3.7876346 -0.050047528 0.06892209 0.99561036 0.03879551
1541976472719133.0 -3.6192253 1.094268 -3.8283465 -0.05093757 0.06947513 0.9955094 0.039238222
1541976472745202.0 -3.6435866 1.1050909 -3.8693473 -0.050847225 0.06822597 0.9956701 0.037429623
1541976472771291.0 -3.6781974 1.118535 -3.9000673 -0.05065089 0.066554986 0.995854 0.035774324
1541976472797406.0 -3.7110803 1.1349796 -3.9352965 -0.050718196 0.064524084 0.99606353 0.033492286
1541976472823559.0 -3.7387478 1.159976 -3.972843 -0.051551294 0.06570415 0.9959788 0.03243131
1541976472849771.0 -3.7369711 1.173231 -3.9990594 -0.052125897 0.066133834 0.9960139 0.029420415
1541976472876067.0 -3.7594895 1.191441 -4.0414944 -0.052166913 0.06607042 0.996097 0.026534997
1541976472902459.0 -3.7919674 1.211154 -4.064737 -0.0519257 0.064449854 0.9962582 0.02489059
1541976472928966.0 -3.8144565 1.2225424 -4.096617 -0.051351957 0.06076362 0.996572 0.022694655
1541976472955606.0 -3.8435764 1.243435 -4.1373744 -0.051368818 0.056599848 0.9968281 0.022168
1541976472982396.0 -3.8745844 1.2504833 -4.1545854 -0.05098655 0.051561404 0.99717313 0.019685492
1541976473009346.0 -3.9121573 1.2695937 -4.1853857 -0.051841162 0.045737904 0.99746454 0.01688481
1541976473036440.0 -3.9584832 1.2820996 -4.2061124 -0.052897777 0.03936058 0.997726 0.013975965
1541976473063663.0 -4.011054 1.2997394 -4.2295322 -0.05472397 0.031830437 0.99794286 0.010110973
1541976473091019.0 -4.055772 1.3210826 -4.267231 -0.055299424 0.023632972 0.99818224 0.00396709
1541976473118525.0 -4.0810275 1.3419912 -4.280569 -0.058711443 0.023953518 0.99798757 8.927234e-05
1541976473146206.0 -4.116995 1.3520514 -4.2965326 -0.057532627 0.027794244 0.9979557 -0.0014092627
1541976473174097.0 -4.1545177 1.3516374 -4.322393 -0.056558453 0.028819172 0.9979798 -0.0026379235
1541976473202220.0 -4.1982484 1.3458278 -4.335165 -0.058494814 0.025196007 0.997968 -0.0018541622
1541976473230559.0 -4.2430143 1.335929 -4.346219 -0.062202044 0.01798742 0.9979014 -0.00049144874
1541976473259064.0 -4.263894 1.3244793 -4.3482885 -0.07057308 0.013501746 0.99741304 0.0021252716
1541976473287657.0 -4.294954 1.313681 -4.3402815 -0.07529351 0.0072314427 0.99712425 0.0046852864
1541976473316263.0 -4.3177176 1.2979798 -4.323518 -0.0812588 0.0019477922 0.9966616 0.0076763513
1541976473344818.0 -4.332148 1.2836654 -4.307102 -0.08517345 -0.0050243186 0.9962972 0.0105893705
1541976473373290.0 -4.335555 1.2689415 -4.292865 -0.08845059 -0.011516157 0.99592316 0.0134499045
1541976473401676.0 -4.329976 1.2543106 -4.272785 -0.09212541 -0.01540098 0.9954945 0.01632524
1541976473429985.0 -4.324681 1.2432923 -4.2483897 -0.09452955 -0.021037865 0.9951562 0.016904887
1541976473458223.0 -4.3036976 1.2338364 -4.2455864 -0.097397216 -0.025357377 0.9947717 0.017322069
1541976473486406.0 -4.284512 1.2265714 -4.220543 -0.09897229 -0.029228745 0.9944778 0.019083483
1541976473514569.0 -4.266682 1.2259969 -4.193855 -0.100084245 -0.03411698 0.99422634 0.01825419
1541976473542745.0 -4.2496195 1.2207836 -4.1542935 -0.100400425 -0.039042447 0.99404573 0.016386641
1541976473570950.0 -4.2226562 1.2256651 -4.1240025 -0.100295566 -0.042520016 0.9939446 0.014391738
1541976473599200.0 -4.193667 1.2224976 -4.0862546 -0.09949704 -0.04300115 0.99403036 0.012449748
1541976473627527.0 -4.1616983 1.2269689 -4.0530567 -0.09802762 -0.042340573 0.9942388 0.009329993
1541976473655955.0 -4.1310887 1.2298489 -4.014795 -0.09538483 -0.041600276 0.9945588 0.004898409
1541976473684489.0 -4.097606 1.2347782 -3.9770944 -0.09270906 -0.03979058 0.99489677 0.0014685835
1541976473713120.0 -4.070208 1.2383728 -3.9473956 -0.08953902 -0.037238486 0.9952861 -0.0013355173
1541976473741840.0 -4.040661 1.2439862 -3.9172137 -0.086041465 -0.034738038 0.9956763 -0.004359171
1541976473770642.0 -4.010992 1.2517387 -3.8832185 -0.08326658 -0.030332718 0.9960399 -0.0071509844
1541976473799509.0 -3.9825826 1.2555432 -3.8507512 -0.08159099 -0.025768792 0.9962875 -0.009496397
1541976473828420.0 -3.9623067 1.2623417 -3.8204694 -0.07954098 -0.024726942 0.99645656 -0.011671974
1541976473857363.0 -3.9357562 1.2674018 -3.7864354 -0.07952308 -0.025262285 0.9964162 -0.013879307
1541976473886330.0 -3.9146159 1.2670652 -3.7469077 -0.07857789 -0.0246119 0.99648285 -0.015547271
1541976473915317.0 -3.8871036 1.2677022 -3.7176552 -0.07782652 -0.02347528 0.9965419 -0.017209724
1541976473944330.0 -3.8604066 1.2708954 -3.6808822 -0.076382995 -0.021167457 0.9966938 -0.017862644
1541976473973380.0 -3.8251479 1.2721468 -3.64812 -0.07641719 -0.01736376 0.99677247 -0.017422985
1541976474002468.0 -3.793761 1.2649733 -3.6175683 -0.07467394 -0.014932635 0.99693984 -0.017658709
1541976474031574.0 -3.7572448 1.2638549 -3.59618 -0.072283305 -0.014313188 0.9971162 -0.01815689
1541976474060687.0 -3.724182 1.2651361 -3.5661743 -0.071307674 -0.013799699 0.99719274 -0.018207842
1541976474089806.0 -3.6897354 1.2629809 -3.5409024 -0.0703718 -0.014436946 0.9972309 -0.019234888
1541976474118925.0 -3.6534827 1.2640797 -3.5140703 -0.070168 -0.015485793 0.9972465 -0.018332288
1541976474148048.0 -3.6151652 1.2668992 -3.4909925 -0.07118247 -0.013182687 0.9972301 -0.017070074
1541976474177174.0 -3.5831046 1.2701422 -3.4724226 -0.07276638 -0.011761922 0.99716 -0.01545203
1541976474206297.0 -3.5570676 1.2735927 -3.4599724 -0.07402296 -0.013236362 0.99704754 -0.015546339
1541976474235415.0 -3.5320563 1.2790241 -3.4507875 -0.07820837 -0.015167027 0.99672616 -0.0138011435
1541976474264522.0 -3.5124328 1.2889143 -3.419852 -0.08379835 -0.018901091 0.9962598 -0.00932509
1541976474293617.0 -3.495249 1.2947114 -3.4146466 -0.08740922 -0.02552653 0.99581146 -0.0082252985
1541976474322703.0 -3.474541 1.3012813 -3.4071665 -0.09151446 -0.029323766 0.995351 -0.006456259
1541976474351779.0 -3.4510422 1.3144122 -3.4033918 -0.09516234 -0.034302954 0.9948595 -0.0046970434
1541976474380847.0 -3.431915 1.3221611 -3.3837173 -0.09852705 -0.036583483 0.99445575 -0.0034392017
1541976474409904.0 -3.4078925 1.3291391 -3.3722458 -0.10158103 -0.04244753 0.99391544 -0.0034283157
1541976474438963.0 -3.3791842 1.3358228 -3.361034 -0.10327818 -0.048749026 0.99345225 -0.003140722
1541976474468049.0 -3.3437715 1.3379966 -3.352445 -0.10714815 -0.050061963 0.99298084 -0.0015023926
1541976474497181.0 -3.3094237 1.3391492 -3.342755 -0.108811155 -0.054862347 0.9925474 0.00011925083
1541976474526367.0 -3.2710137 1.3400538 -3.3333712 -0.112049 -0.058345243 0.99198663 0.0018780989
1541976474555599.0 -3.2370322 1.3419069 -3.324425 -0.11345853 -0.063587636 0.99150354 0.002123794
1541976474584846.0 -3.1909342 1.3405241 -3.315039 -0.11414989 -0.06928394 0.99103785 0.00367521
1541976474614091.0 -3.1481771 1.3362141 -3.3091166 -0.11397452 -0.07326025 0.9907612 0.005918492
1541976474643332.0 -3.111429 1.3369801 -3.2944884 -0.11355349 -0.07727383 0.9904972 0.0070526116
1541976474672569.0 -3.0774157 1.3392605 -3.2871332 -0.11391822 -0.08266058 0.99003017 0.0054935385
1541976474701783.0 -3.0489743 1.3438213 -3.2781525 -0.11065131 -0.087733805 0.9899594 0.0062795915
1541976474730961.0 -3.0173004 1.3479584 -3.2665365 -0.10541928 -0.09182632 0.9901558 0.0067901486
1541976474760121.0 -2.9960964 1.3536313 -3.2633913 -0.09848904 -0.09389021 0.9906864 0.0050161537
1541976474789299.0 -2.947519 1.3627715 -3.2578344 -0.09400423 -0.09692107 0.99083775 0.0031708528
1541976474818514.0 -2.9525714 1.3679031 -3.2569888 -0.08314392 -0.09497278 0.99200153 0.00057111814
1541976474847788.0 -2.9064112 1.3747413 -3.2557735 -0.07807991 -0.09566816 0.9923463 -0.00033553678
1541976474877149.0 -2.8929365 1.3728218 -3.2531083 -0.07242958 -0.09377027 0.99295044 -0.0032377308
1541976474906619.0 -2.8555431 1.378402 -3.2542093 -0.06904125 -0.09701578 0.99287724 -0.004004486
1541976474936211.0 -2.8331566 1.3793123 -3.2419622 -0.065334834 -0.09365543 0.9934516 -0.003755605
1541976474965923.0 -2.7995818 1.3783566 -3.2292862 -0.05721495 -0.0992221 0.99338883 -0.007758492
1541976474995759.0 -2.7561123 1.3765755 -3.2238355 -0.0574584 -0.10568821 0.99269646 -0.009073556
1541976475025729.0 -2.7552383 1.3939126 -3.22043 -0.06383293 -0.09301353 0.99361324 -0.0025858707
1541976475055833.0 -2.7303627 1.3983059 -3.2221045 -0.061544552 -0.09494624 0.9935719 -0.0035440363
1541976475086059.0 -2.7011893 1.3999478 -3.207239 -0.06252359 -0.096035205 0.9934077 -0.0030206782
1541976475116406.0 -2.693465 1.4008132 -3.2012696 -0.067567706 -0.09280167 0.9933878 0.0017701571
1541976475146869.0 -2.6891065 1.3804137 -3.1950538 -0.0693322 -0.099125825 0.9926511 0.0033181766
1541976475177421.0 -2.6920214 1.3703523 -3.1868298 -0.07434834 -0.10475331 0.9916949 0.006343726
1541976475208003.0 -2.6969948 1.3565605 -3.1730947 -0.080030195 -0.11123221 0.9905154 0.01009301
