1541976466263336.0 -0.0 -0.0 -0.0 -0.0 -0.0 1.0 -0.0
1541976466289024.0 -0.010633402 0.004422623 -0.04036237 -0.0057575563 0.006002825 0.9998984 0.011579835
1541976466314657.0 -0.023524733 0.009085873 -0.08476668 -0.007864811 0.0048452746 0.99976444 0.019641526
1541976466340200.0 -0.023524733 0.009085873 -0.08476668 -0.007864811 0.0048452746 0.99976444 0.019641526
1541976466365628.0 -0.06423946 0.027248044 -0.17646614 -0.0070691137 -0.014878639 0.9996569 0.02036429
1541976466390925.0 -0.06423946 0.027248044 -0.17646614 -0.0070691137 -0.014878639 0.9996569 0.02036429
1541976466416104.0 -0.10779576 0.059821792 -0.26150712 -0.008892338 -0.021675676 0.9993835 0.026148947
1541976466441201.0 -0.13432753 0.08585819 -0.2965457 -0.010055193 -0.025046283 0.99943024 0.020267017
1541976466466246.0 -0.1648493 0.112232596 -0.32063448 -0.015196819 -0.028887339 0.9993795 0.0132393185
1541976466491259.0 -0.19809476 0.1387252 -0.34786427 -0.019807013 -0.036789052 0.9991009 0.0071816286
1541976466516265.0 -0.22809532 0.16500202 -0.3707858 -0.022994041 -0.043803506 0.99876875 0.0036920127
1541976466541295.0 -0.25681278 0.19369748 -0.39436606 -0.025171343 -0.044963095 0.99866945 0.0020367387
1541976466566363.0 -0.27857932 0.22428617 -0.41978106 -0.025556913 -0.04255821 0.9987667 -0.0008430209
1541976466591435.0 -0.29899728 0.26047158 -0.44504368 -0.025257094 -0.04169265 0.99880224 -0.004241182
1541976466616426.0 -0.3197349 0.29745904 -0.47088572 -0.024867373 -0.04013273 0.99885166 -0.008144779
1541976466641258.0 -0.33807105 0.33390856 -0.49540627 -0.024092155 -0.037682526 0.99894255 -0.010646762
1541976466665897.0 -0.35147345 0.36794353 -0.5259858 -0.023510933 -0.03412051 0.9990677 -0.012112734
1541976466690378.0 -0.3658227 0.40170178 -0.5538399 -0.023174843 -0.03016593 0.9992002 -0.01232486
1541976466714794.0 -0.37970707 0.43658844 -0.5828426 -0.02215081 -0.025910554 0.99931824 -0.0141810095
1541976466739212.0 -0.39648515 0.46992746 -0.6113737 -0.021836396 -0.021689544 0.999401 -0.015825326
1541976466763670.0 -0.414805 0.49810675 -0.64181066 -0.021309216 -0.018874327 0.99945927 -0.016459191
1541976466788212.0 -0.43215424 0.52388465 -0.67266744 -0.020687392 -0.015507133 0.99953693 -0.016050447
1541976466812906.0 -0.45114964 0.548912 -0.7059119 -0.019959087 -0.01136514 0.999606 -0.01613282
1541976466837807.0 -0.47217426 0.5707971 -0.73829013 -0.020220969 -0.009955623 0.9996152 -0.016170653
1541976466862944.0 -0.49255162 0.5888275 -0.77342 -0.019492295 -0.008262508 0.99965787 -0.015361734
1541976466888335.0 -0.5107515 0.6061192 -0.8093078 -0.01769694 -0.005503188 0.99972916 -0.014077269
1541976466914018.0 -0.52932584 0.62040436 -0.848243 -0.014775642 -0.0041011404 0.99979126 -0.013505239
1541976466940043.0 -0.54794407 0.63226026 -0.8875904 -0.010082181 -0.004972716 0.99982506 -0.014949331
1541976466966421.0 -0.5638392 0.6437975 -0.9282789 -0.0088155875 -0.0032731583 0.99984664 -0.014776913
1541976466993129.0 -0.586936 0.64934856 -0.9711588 -0.006711584 -0.0025763721 0.9998777 -0.013892314
1541976467020132.0 -0.60818446 0.6492668 -1.0104648 -0.0042171613 -0.008040998 0.999855 -0.014413857
1541976467047402.0 -0.6318674 0.6504616 -1.0495604 0.0002702957 -0.016546007 0.9997209 -0.016865306
1541976467074898.0 -0.65025944 0.65336454 -1.0795783 -0.0018768494 -0.020231307 0.99967 -0.01571635
1541976467102555.0 -0.6745192 0.65490013 -1.1189253 -0.0019272717 -0.026910191 0.9994842 -0.01742543
1541976467130319.0 -0.6975622 0.65625364 -1.1635486 0.00080759416 -0.034960315 0.999164 -0.021179017
1541976467158163.0 -0.71992546 0.65922624 -1.2081629 0.0007270749 -0.035192724 0.9991423 -0.021809638
1541976467186087.0 -0.74221855 0.66304797 -1.2479773 -0.0011850477 -0.03432572 0.9991936 -0.02079664
1541976467214091.0 -0.76158744 0.66855395 -1.2862266 -0.0005614589 -0.03816381 0.99903977 -0.02151125
1541976467242175.0 -0.78962064 0.6758574 -1.3310938 0.00032326893 -0.04072893 0.9989227 -0.022240436
1541976467270328.0 -0.8152007 0.68392575 -1.3742963 -0.00033086783 -0.0410404 0.9989276 -0.021431474
1541976467298547.0 -0.84900635 0.6964636 -1.4158914 0.00043996674 -0.041603897 0.99892855 -0.020267995
1541976467326830.0 -0.87979347 0.7076333 -1.4534575 -0.0007253719 -0.043409538 0.9988503 -0.020326734
1541976467355177.0 -0.9276046 0.7215522 -1.4944717 0.00016081402 -0.049008835 0.9985453 -0.022483282
1541976467383593.0 -0.9751034 0.734403 -1.5249469 -0.0001739559 -0.052462403 0.9983469 -0.023477659
1541976467412095.0 -1.0269188 0.7499919 -1.5547353 -0.00027257978 -0.05600895 0.9981232 -0.024760356
1541976467440722.0 -1.0821171 0.7674959 -1.5851192 0.0012927871 -0.059647504 0.9978334 -0.027732674
1541976467469521.0 -1.1339108 0.7864883 -1.6149092 0.0012115164 -0.06008649 0.9977798 -0.028701028
1541976467498541.0 -1.2004455 0.8032285 -1.644931 0.0012266774 -0.057353802 0.9979228 -0.029312909
1541976467527817.0 -1.2662106 0.8180735 -1.6770488 0.00055168296 -0.058602445 0.9978157 -0.030485736
1541976467557359.0 -1.3413296 0.83008 -1.7045438 0.00062241947 -0.062338986 0.9975013 -0.033235252
1541976467587153.0 -1.4208475 0.83783174 -1.7290201 -0.0011193628 -0.06466207 0.9973418 -0.03356863
1541976467617184.0 -1.494802 0.8398178 -1.7472914 -0.0019835087 -0.06755323 0.9971532 -0.033437457
1541976467647432.0 -1.5658067 0.8420164 -1.7722415 -0.0035882576 -0.070449755 0.99694896 -0.033417463
1541976467677879.0 -1.6341139 0.8454923 -1.7971872 -0.004104585 -0.07489028 0.9965935 -0.034294873
1541976467708515.0 -1.6940207 0.84604466 -1.8239514 -0.004168021 -0.07461025 0.9966106 -0.034398094
1541976467739321.0 -1.7423747 0.8423818 -1.8356581 -0.0018440438 -0.072218925 0.9967395 -0.035937667
1541976467770269.0 -1.7856733 0.8486943 -1.866296 0.001287825 -0.068929434 0.9968502 -0.039203357
1541976467801332.0 -1.8280339 0.8543528 -1.8908834 0.0038719976 -0.06508599 0.9969932 -0.041873824
1541976467832481.0 -1.8540028 0.8532674 -1.9127252 0.0077776806 -0.06383185 0.9968862 -0.045638733
1541976467863695.0 -1.88488 0.8537988 -1.9373035 0.0104648685 -0.060154118 0.99701786 -0.047195364
1541976467894965.0 -1.9151762 0.85688823 -1.9583611 0.011883236 -0.057237644 0.9971321 -0.048065674
1541976467926275.0 -1.9468514 0.8624033 -1.9808148 0.013622929 -0.057543844 0.9969797 -0.050345436
1541976467957604.0 -1.9708033 0.86082613 -2.0013433 0.016509091 -0.058629517 0.99671 -0.053471424
1541976467988942.0 -1.9921995 0.8685058 -2.0291233 0.017832736 -0.055864703 0.9967934 -0.0544443
1541976468020294.0 -2.0147796 0.8735899 -2.0529447 0.019521233 -0.052287653 0.99687856 -0.05584007
1541976468051663.0 -2.0332994 0.88361675 -2.0835474 0.022992525 -0.050105557 0.9967459 -0.058808673
1541976468083039.0 -2.04511 0.89466745 -2.1087232 0.024980364 -0.041867953 0.99707794 -0.058810692
1541976468114415.0 -2.062162 0.9022739 -2.1402752 0.028195675 -0.03388732 0.997236 -0.059809517
1541976468145780.0 -2.07955 0.9083787 -2.1659303 0.03169729 -0.02418604 0.9972782 -0.06202149
1541976468177124.0 -2.0991209 0.9169952 -2.185961 0.033005923 -0.007552683 0.9974164 -0.06335747
1541976468208433.0 -2.1237369 0.9268019 -2.201053 0.035897296 0.011263288 0.997103 -0.06610774
1541976468239696.0 -2.1394253 0.9404235 -2.220364 0.037047304 0.027035441 0.9967167 -0.06672657
1541976468270913.0 -2.1592593 0.9383026 -2.2444541 0.038606293 0.036559194 0.9963078 -0.06740768
1541976468302089.0 -2.1814373 0.923033 -2.2709777 0.039440863 0.044434935 0.9960459 -0.06604994
1541976468333235.0 -2.2015214 0.9059328 -2.289362 0.04057488 0.047795296 0.99595606 -0.06434957
1541976468364363.0 -2.2175155 0.8998355 -2.3132186 0.040584356 0.051773153 0.9959561 -0.061187148
1541976468395486.0 -2.2415667 0.8943136 -2.3357513 0.04176828 0.056885365 0.99578595 -0.058565136
1541976468426600.0 -2.264442 0.89577913 -2.3611124 0.04359257 0.06063997 0.99544394 -0.059278484
1541976468457687.0 -2.2814813 0.8979981 -2.3764966 0.04302999 0.062299713 0.9952353 -0.061431665
1541976468488732.0 -2.295011 0.91652566 -2.4129272 0.04289497 0.06404823 0.99503917 -0.06288856
1541976468519719.0 -2.3024528 0.9337748 -2.4451206 0.043459844 0.06694914 0.9946926 -0.064927876
1541976468550651.0 -2.2992315 0.946159 -2.451388 0.045889452 0.0653333 0.9944436 -0.06861228
1541976468581549.0 -2.287529 0.98176223 -2.4817786 0.04540197 0.06495943 0.9944577 -0.069085844
1541976468612431.0 -2.2575831 0.99407554 -2.4403481 0.047394697 0.06656273 0.99447364 -0.06591928
1541976468643318.0 -2.2045581 1.0051153 -2.43288 0.052119795 0.06531289 0.99429345 -0.06632031
1541976468674230.0 -2.1500945 1.0174041 -2.4099436 0.057398077 0.064985156 0.99397904 -0.06699315
1541976468705169.0 -2.0934093 1.0319035 -2.3876376 0.062237166 0.067935355 0.9936134 -0.06514409
1541976468736101.0 -2.020054 1.0289958 -2.3341978 0.06823312 0.065188594 0.993447 -0.06448066
1541976468767007.0 -1.9569154 1.0304599 -2.3019698 0.07462022 0.061997086 0.9933642 -0.061772514
1541976468797877.0 -1.9028918 1.0273333 -2.2613382 0.077306144 0.06353079 0.99340737 -0.055941366
1541976468828700.0 -1.8485434 1.0280098 -2.2298448 0.08053287 0.06251379 0.9934165 -0.052251898
1541976468859448.0 -1.8082703 1.0056934 -2.1600442 0.08838107 0.060136337 0.99294466 -0.051316228
1541976468890095.0 -1.763435 1.0052737 -2.1310587 0.09304373 0.05796371 0.99271977 -0.049906105
1541976468920642.0 -1.7187047 1.0103514 -2.102589 0.09429159 0.058225043 0.99262124 -0.04921482
1541976468951080.0 -1.6992162 1.0032102 -2.073035 0.098996386 0.05664281 0.9922623 -0.049061373
1541976468981398.0 -1.6645433 1.0003514 -2.0515027 0.1030012 0.055543415 0.99199677 -0.04741437
1541976469011616.0 -1.6360261 0.98718894 -2.024514 0.108133756 0.054346845 0.991539 -0.04694657
1541976469041748.0 -1.6092043 0.9804987 -2.0084574 0.11059454 0.054680288 0.9912189 -0.04758221
1541976469071786.0 -1.5903383 0.97993606 -1.9866067 0.11110387 0.055692766 0.9910724 -0.04826878
1541976469101714.0 -1.5693572 0.9697195 -1.971584 0.11286759 0.056280266 0.99087614 -0.047518466
1541976469131532.0 -1.5536308 0.9538636 -1.9319133 0.11504716 0.057941478 0.99062157 -0.04556207
1541976469161277.0 -1.5621274 0.94841987 -1.9325978 0.11290171 0.06052966 0.99078697 -0.043938816
1541976469190980.0 -1.5430334 0.924384 -1.8892591 0.10995821 0.059669312 0.99116963 -0.04395037
1541976469220641.0 -1.5094544 0.89026153 -1.8328642 0.10748586 0.055100374 0.9917941 -0.041896854
1541976469250264.0 -1.4777617 0.8756875 -1.810167 0.10225909 0.0511083 0.9926863 -0.03879603
1541976469279872.0 -1.4332391 0.8583211 -1.7907381 0.089723915 0.04917607 0.99411327 -0.035639945
1541976469309473.0 -1.3859597 0.829725 -1.7466203 0.086579196 0.046973076 0.99461186 -0.03232532
1541976469339044.0 -1.3392787 0.8036028 -1.707056 0.083995454 0.04201378 0.99518174 -0.028159918
1541976469368554.0 -1.3045989 0.7836686 -1.6829895 0.08040382 0.037710015 0.9957732 -0.023428157
1541976469397944.0 -1.2861599 0.77826816 -1.7547241 0.072405316 0.037568554 0.9963372 -0.025658725
1541976469427102.0 -1.2770507 0.772332 -1.7466764 0.068373114 0.03321235 0.9967902 -0.025129626
1541976469455927.0 -1.2822368 0.772753 -1.7557769 0.065767854 0.030523242 0.99702346 -0.02621481
1541976469484393.0 -1.2850243 0.7754356 -1.765576 0.061695553 0.030031685 0.9973012 -0.026118279
1541976469512578.0 -1.2883573 0.77818215 -1.7727829 0.057504434 0.030770576 0.9975307 -0.026059445
1541976469540609.0 -1.3045373 0.78718865 -1.7890074 0.05262888 0.0326435 0.99774337 -0.02594095
1541976469568602.0 -1.3102628 0.78671086 -1.8022885 0.046741307 0.028269317 0.9980938 -0.028721677
1541976469596644.0 -1.3214498 0.7890235 -1.7916006 0.038734537 0.030107304 0.9984666 -0.02564446
1541976469624815.0 -1.4443794 0.8093459 -1.8053194 0.061914645 0.038345955 0.9971306 -0.020659136
1541976469653179.0 -1.4717566 0.8104045 -1.815399 0.05706864 0.03431648 0.99758095 -0.019946659
1541976469681775.0 -1.5000495 0.8102626 -1.8280346 0.05283952 0.033156782 0.99788034 -0.018534599
1541976469710626.0 -1.515787 0.8205591 -1.9330552 0.032137755 0.03191349 0.998837 -0.016535273
1541976469739752.0 -1.5381329 0.81729776 -1.9471638 0.029339602 0.031507626 0.998979 -0.01369462
1541976469769153.0 -1.55554 0.81687945 -1.9630443 0.027617488 0.030407581 0.9990921 -0.011294394
1541976469798779.0 -1.5765291 0.8103855 -1.9807626 0.028038189 0.028411256 0.9991376 -0.011441433
1541976469828553.0 -1.5948151 0.8064304 -1.9968712 0.02618977 0.03090273 0.9991413 -0.008713848
1541976469858405.0 -1.5852289 0.81060874 -2.0132904 0.025860481 0.033454597 0.9990835 -0.0066502965
1541976469888265.0 -1.8734539 0.77996796 -2.1536124 0.046964645 0.051731348 0.9974518 -0.01442659
1541976469918060.0 -1.8847524 0.78333384 -2.1838424 0.04925443 0.06220585 0.99673456 -0.014992305
1541976469947741.0 -1.8971825 0.7842133 -2.2078764 0.050365217 0.07066701 0.9961066 -0.015530737
1541976469977303.0 -1.9203092 0.7890719 -2.252481 0.0513312 0.07468425 0.9957193 -0.01817824
1541976470006748.0 -1.977725 0.7977792 -2.3697612 0.048731055 0.07858901 0.9955052 -0.020455398
1541976470036059.0 -1.1882489 1.1489465 -2.5875654 -0.0844251 0.040534407 0.9953789 0.021220203
1541976470065241.0 -1.2233777 1.1591715 -2.6498976 -0.08807653 0.043785837 0.9949543 0.019781126
1541976470094312.0 -1.2672427 1.1602672 -2.6988244 -0.09199963 0.043048162 0.9946331 0.019698558
1541976470123302.0 -1.1264024 1.4860231 -2.741725 -0.12542152 0.0155330915 0.98956233 0.069242485
1541976470152250.0 -1.1795875 1.497041 -2.788604 -0.13103253 0.008474482 0.9889355 0.06903127
1541976470181197.0 -0.9057381 1.6236777 -2.8134437 -0.19030373 -0.029305069 0.9782101 0.07765776
1541976470210209.0 -0.94432366 1.64284 -2.8531346 -0.19298023 -0.034171622 0.97754484 0.077440724
1541976470239351.0 -0.77241623 1.6450547 -2.9667182 -0.23031932 -0.048422456 0.96949023 0.06853437
1541976470268663.0 -0.83339584 1.677413 -3.0112891 -0.23450954 -0.053775933 0.96816295 0.069093905
1541976470298161.0 -0.7109796 1.7782665 -3.0904865 -0.2595347 -0.080553554 0.9596988 0.07163186
1541976470327837.0 -0.75410956 1.8003571 -3.1250663 -0.26348275 -0.08598552 0.9579979 0.073644005
1541976470357677.0 -0.7872863 1.813673 -3.1572857 -0.26438957 -0.089118294 0.95737547 0.07475489
1541976470387662.0 -0.86708426 1.8127189 -3.2746422 -0.280228 -0.09138984 0.9530678 0.06915192
1541976470417767.0 -0.9150128 1.8326169 -3.3253314 -0.28081387 -0.09255094 0.9526856 0.07048511
1541976470447956.0 -0.92358994 1.8437784 -3.3965464 -0.2815212 -0.09427475 0.9525229 0.06751595
1541976470478195.0 -0.8582421 1.8793752 -3.4227262 -0.29635653 -0.099248275 0.94724977 0.07099689
1541976470508455.0 -0.78179216 1.9386324 -3.4327824 -0.30161574 -0.10590468 0.94452965 0.0753389
1541976470538713.0 -0.76352066 1.9399824 -3.3781056 -0.3057721 -0.11010042 0.942677 0.07577208
1541976470568944.0 -0.71676314 1.9597516 -3.3277147 -0.30467865 -0.11505097 0.9424241 0.07596781
1541976470599126.0 -0.7967164 1.9924185 -3.49376 -0.2964999 -0.109835744 0.9462595 0.06794846
1541976470629238.0 -0.7481533 2.0280263 -3.6440473 -0.30150026 -0.10212749 0.9456271 0.06676136
1541976470659266.0 -1.3401191 1.9734366 -3.947479 -0.24095477 -0.0697164 0.966944 0.04582507
1541976470689205.0 -1.3523374 1.9856039 -3.9789906 -0.24055776 -0.06541225 0.9674195 0.044189956
1541976470719049.0 -1.3600206 1.9933072 -4.0181413 -0.24125636 -0.06394946 0.96737736 0.043439995
1541976470748794.0 -1.3816936 2.002388 -4.0645847 -0.2391405 -0.06374946 0.9680106 0.041271795
1541976470778445.0 -1.4112535 2.0030532 -4.073675 -0.23556726 -0.060243554 0.9692182 0.03866382
1541976470808005.0 -1.3692151 2.0141277 -4.028537 -0.2394842 -0.06074702 0.9681133 0.04139801
1541976470837484.0 -1.3268988 2.027603 -4.025056 -0.2451244 -0.058516547 0.9669033 0.039847586
1541976470866894.0 -1.2978206 2.048283 -4.034141 -0.24611104 -0.05453006 0.96678615 0.042194556
1541976470896244.0 -1.3133192 2.080247 -4.035581 -0.23996434 -0.049271815 0.9684137 0.046522383
1541976470925550.0 -1.3449923 2.0790825 -4.0306315 -0.23304583 -0.043306254 0.97050846 0.043903742
1541976470954830.0 -1.3655574 2.0630515 -4.0521154 -0.22659467 -0.030269712 0.9726773 0.040466566
1541976470984088.0 -1.3838499 2.0054903 -4.0163116 -0.21976979 -0.021112995 0.974752 0.033375826
1541976471013344.0 -1.3531142 1.9778643 -3.9457443 -0.2173806 -0.015279076 0.975345 0.03484749
1541976471042633.0 -0.6816674 1.9891635 -3.4014885 -0.25901452 -0.042780258 0.96348804 0.052651636
1541976471071987.0 -0.70243025 1.9561222 -3.412478 -0.25197607 -0.03866355 0.96578974 0.047576085
1541976471101430.0 -0.63095325 1.9284191 -3.179689 -0.25011536 -0.044483796 0.96561277 0.05527663
1541976471130961.0 -0.72446793 1.8869517 -3.192506 -0.23031282 -0.035955228 0.9712722 0.047892235
1541976471160558.0 -0.70954406 1.8611077 -3.144795 -0.22421363 -0.031832933 0.972824 0.048254266
1541976471190208.0 -0.4551901 1.8376639 -2.8962002 -0.23755601 -0.04246169 0.9686618 0.05880923
1541976471219891.0 -0.49930108 1.8289182 -2.8526664 -0.22163437 -0.045098368 0.9722474 0.059827656
1541976471249587.0 -0.4979642 1.8042388 -2.7630603 -0.21079756 -0.041429188 0.9744474 0.065577045
1541976471279275.0 -0.3540792 1.7326043 -2.7102077 -0.21378693 -0.04143668 0.97396064 0.06307859
1541976471308943.0 -0.14435999 1.6441218 -2.557042 -0.22693741 -0.054668196 0.97013474 0.0659504
1541976471338556.0 -0.09530224 1.6137276 -2.4901128 -0.22671343 -0.06002409 0.9697483 0.06772304
1541976471368054.0 -0.057403892 1.522729 -2.291163 -0.22076884 -0.06146298 0.97083265 0.07048039
1541976471397366.0 0.047258306 1.451826 -2.1462743 -0.21742679 -0.06673874 0.9711411 0.07180834
1541976471426458.0 0.04317215 1.4461937 -2.095366 -0.21037158 -0.06645744 0.97244537 0.075347655
1541976471455306.0 0.100746535 1.4031705 -2.0170982 -0.20810069 -0.06576984 0.97296804 0.07550993
1541976471483887.0 0.09521195 1.4002957 -2.0140166 -0.20504916 -0.064692624 0.97378427 0.0742557
1541976471512172.0 0.06749709 1.4072274 -2.029247 -0.20160088 -0.0630272 0.974659 0.07365117
1541976471540148.0 0.090203285 1.3957561 -2.011431 -0.20618492 -0.063068725 0.9735638 0.07539074
1541976471567845.0 0.123781264 1.3518536 -1.9521459 -0.21282822 -0.06482607 0.9719594 0.076135606
1541976471595312.0 0.13432083 1.3268179 -1.9597424 -0.22199447 -0.06802621 0.9697054 0.07591034
1541976471622600.0 0.12071183 1.2869273 -2.020829 -0.22810131 -0.07282978 0.9680867 0.073984906
1541976471649766.0 0.1456977 1.2991277 -2.0489295 -0.23953213 -0.072634146 0.9650622 0.07748394
1541976471676875.0 -0.05197619 1.3786662 -2.1989372 -0.24063452 -0.06734665 0.9651998 0.07712888
1541976471703989.0 -0.07045469 1.3844969 -2.2498136 -0.25125307 -0.069796845 0.9621677 0.078954026
1541976471731162.0 -0.09065883 1.3896061 -2.2873106 -0.25989038 -0.07221997 0.95960414 0.08000814
1541976471758431.0 -0.10897285 1.3948294 -2.3429353 -0.27041182 -0.07429182 0.95637566 0.08187674
1541976471785828.0 -0.1299122 1.4026442 -2.392785 -0.27760845 -0.0748993 0.9540157 0.08472135
1541976471813371.0 -0.1295731 1.4142816 -2.455018 -0.2909625 -0.079061195 0.9494918 0.08692324
1541976471841070.0 -0.0570949 1.4205669 -2.4948292 -0.29110685 -0.08426805 0.9489568 0.08738787
1541976471868916.0 -0.09521639 1.4381949 -2.56628 -0.29550615 -0.08454396 0.9474833 0.088339835
1541976471896887.0 -0.094819665 1.4468263 -2.5891957 -0.30292028 -0.084666364 0.9449951 0.08975114
1541976471924951.0 -0.11397624 1.4774901 -2.6607513 -0.30746856 -0.085482985 0.9433166 0.09115699
1541976471953080.0 -0.23400453 1.5076469 -2.8039217 -0.30585742 -0.081165865 0.944342 0.08989738
1541976471981269.0 -0.26617172 1.5291039 -2.8807168 -0.30691808 -0.07966717 0.9442182 0.08891795
1541976472009523.0 -0.32337248 1.5329386 -2.966292 -0.30678904 -0.075117394 0.94485193 0.08656097
1541976472037830.0 -0.37274468 1.5403054 -3.0475194 -0.30421713 -0.07253315 0.9459922 0.08537987
1541976472066186.0 -0.37275228 1.5770332 -3.1239986 -0.30947155 -0.071171865 0.944204 0.08741222
1541976472094585.0 -0.31689703 1.5857885 -3.1585402 -0.31457353 -0.072114214 0.94242334 0.08764331
1541976472123013.0 -0.3344751 1.5978568 -3.2319226 -0.31707665 -0.07119821 0.9415949 0.08827398
1541976472151444.0 -0.3527664 1.6142404 -3.3007684 -0.3199769 -0.07054211 0.94055766 0.08938698
1541976472179846.0 -0.35752362 1.630255 -3.3685987 -0.32239407 -0.07025286 0.93965495 0.090417646
1541976472208163.0 -0.3774855 1.6463178 -3.4624891 -0.32095283 -0.06860235 0.94020116 0.09113032
1541976472236334.0 -0.32990277 1.6717895 -3.4803743 -0.32870224 -0.0650982 0.93740696 0.09479162
1541976472264326.0 -0.318514 1.6971041 -3.5548954 -0.33085856 -0.064293854 0.93662274 0.09558671
1541976472292122.0 -0.29907703 1.7253999 -3.6153789 -0.33399674 -0.062736765 0.93541145 0.09754862
1541976472319722.0 -0.29194432 1.7524146 -3.6615891 -0.33539927 -0.06025095 0.9347715 0.10039646
1541976472347143.0 -0.27285928 1.777405 -3.7164445 -0.33852914 -0.054841634 0.93396944 0.100456476
1541976472374410.0 -0.25312507 1.8167808 -3.7851858 -0.34278494 -0.04890144 0.93278503 0.10009642
1541976472401542.0 -0.24584365 1.8745797 -3.8829021 -0.34599724 -0.046657134 0.9315167 0.10191036
1541976472428547.0 -0.25920165 1.878908 -3.921485 -0.35005087 -0.045618992 0.9298821 0.10345342
1541976472455436.0 -0.2600193 1.9105947 -3.9990678 -0.3538397 -0.04536493 0.92817837 0.10594591
1541976472482216.0 -0.25773054 1.9329709 -4.0551457 -0.35812292 -0.04466995 0.9262386 0.10878689
1541976472508901.0 -0.26500362 1.9713515 -4.150416 -0.36127836 -0.044144973 0.9246995 0.11162447
1541976472535485.0 -0.2608909 1.9899769 -4.184964 -0.36485335 -0.044153646 0.9230852 0.11334163
1541976472561966.0 -0.24984479 2.0336816 -4.298453 -0.3674214 -0.04219124 0.9220297 0.11438016
1541976472588339.0 -0.24399751 2.0528824 -4.364184 -0.36705273 -0.040303964 0.9219835 0.116594784
1541976472614618.0 -0.2330932 2.0863085 -4.429107 -0.36867312 -0.03755878 0.921283 0.11792855
1541976472640824.0 -0.22143269 2.1364663 -4.50834 -0.37094688 -0.037067514 0.9203981 0.117863506
1541976472666970.0 -0.20762295 2.161307 -4.5532455 -0.37266743 -0.036652885 0.91975385 0.11759452
1541976472693066.0 -0.19845033 2.2104602 -4.6376033 -0.37295845 -0.035790768 0.91955394 0.11849752
1541976472719133.0 -0.19601953 2.250864 -4.697877 -0.37356675 -0.034684807 0.9193171 0.118747346
1541976472745202.0 -0.16901869 2.3087308 -4.794705 -0.37320068 -0.037258763 0.91948104 0.1178458
1541976472771291.0 -0.17133999 2.3596916 -4.899688 -0.3723497 -0.038654245 0.9200193 0.11587042
1541976472797406.0 -0.14843035 2.4204555 -4.979334 -0.37290913 -0.040674593 0.91995704 0.11385692
1541976472823559.0 -0.14197636 2.4740796 -5.05204 -0.37243515 -0.040791947 0.9203632 0.11207012
1541976472849771.0 -0.12253094 2.5271661 -5.10211 -0.37298453 -0.040401496 0.92036456 0.11036009
1541976472876067.0 -0.117901444 2.5868235 -5.167693 -0.37266818 -0.041954458 0.9207545 0.10756121
1541976472902459.0 -0.1430645 2.6005733 -5.2016153 -0.3703443 -0.04431415 0.92176145 0.10600581
1541976472928966.0 -0.123544216 2.6777713 -5.30536 -0.37008578 -0.04788462 0.9217953 0.10505727
1541976472955606.0 -0.13717484 2.729576 -5.379465 -0.3689932 -0.05205383 0.92189205 0.106063515
1541976472982396.0 -0.14001596 2.7776728 -5.455981 -0.36820418 -0.05809589 0.9219046 0.10555778
1541976473009346.0 -0.15523696 2.8384116 -5.541044 -0.36766386 -0.06515099 0.9217367 0.104786366
1541976473036440.0 -0.22210824 2.897928 -5.6465745 -0.36548775 -0.07146515 0.9223222 0.1031176
1541976473063663.0 -0.249776 2.9602902 -5.7062893 -0.3680527 -0.08110402 0.92055774 0.10262988
1541976473091019.0 -0.2879418 3.0332394 -5.8035507 -0.36697006 -0.09015062 0.92050195 0.09940857
1541976473118525.0 -0.32140696 3.0943828 -5.863859 -0.3662095 -0.09223552 0.92097855 0.09582178
1541976473146206.0 -0.35016263 3.1427329 -5.9185114 -0.36521015 -0.089503616 0.92187816 0.09354888
1541976473174097.0 -0.38690436 3.1503177 -5.9657197 -0.36561143 -0.08829098 0.92195445 0.0923738
1541976473202220.0 -0.4398564 3.1708522 -6.037795 -0.36691457 -0.09151195 0.92094487 0.09412708
1541976473230559.0 -0.5072477 3.1778727 -6.1067133 -0.36978695 -0.09754141 0.91888434 0.096926965
1541976473259064.0 -0.54008603 3.1681995 -6.1352863 -0.37809795 -0.10098305 0.91481835 0.09975872
1541976473287657.0 -0.59505546 3.1612506 -6.166241 -0.38223404 -0.106730714 0.91206014 0.10320919
1541976473316263.0 -0.65943575 3.1440842 -6.182248 -0.38596725 -0.11237762 0.90934056 0.10723958
1541976473344818.0 -0.7135223 3.1147025 -6.178527 -0.38922855 -0.11807133 0.906709 0.111530796
1541976473373290.0 -0.74099565 3.0769737 -6.161334 -0.3921377 -0.12305641 0.90429157 0.11550776
1541976473401676.0 -0.75693583 3.0411246 -6.1286526 -0.3962632 -0.12560934 0.90169936 0.11889511
1541976473429985.0 -0.7870748 3.0134265 -6.084229 -0.39769965 -0.13077597 0.89999914 0.12138468
1541976473458223.0 -0.7785454 2.9778225 -6.0431166 -0.39889756 -0.13530527 0.8985345 0.12332491
1541976473486406.0 -0.7790282 2.9448094 -5.99393 -0.39980268 -0.13911943 0.8972535 0.12545834
1541976473514569.0 -0.78404 2.9219308 -5.928406 -0.40067542 -0.14320064 0.8961324 0.12609328
1541976473542745.0 -0.8071554 2.895708 -5.846465 -0.40058303 -0.14820006 0.89536583 0.1260557
1541976473570950.0 -0.78622293 2.8885775 -5.788087 -0.3996837 -0.15233952 0.8952028 0.12513031
1541976473599200.0 -0.7851939 2.8627448 -5.6971846 -0.39846966 -0.15360227 0.89572096 0.12374259
1541976473627527.0 -0.76552176 2.8502483 -5.612917 -0.39652616 -0.15499128 0.89672345 0.120961905
1541976473655955.0 -0.747288 2.834859 -5.528219 -0.39464864 -0.1545984 0.89814484 0.11699457
1541976473684489.0 -0.7354555 2.819027 -5.438393 -0.39217967 -0.15405282 0.8997616 0.113542646
1541976473713120.0 -0.72437704 2.8033257 -5.356193 -0.38971636 -0.15192778 0.901573 0.110477865
1541976473741840.0 -0.7139801 2.789189 -5.2632694 -0.38739717 -0.14967261 0.903268 0.107836075
1541976473770642.0 -0.70622325 2.7768404 -5.1791883 -0.38469756 -0.1466318 0.90537333 0.10395245
1541976473799509.0 -0.6957402 2.7644544 -5.094805 -0.3835327 -0.14320011 0.90674883 0.101010546
1541976473828420.0 -0.69833815 2.748447 -5.0097165 -0.38197127 -0.14298704 0.9076741 0.098896675
1541976473857363.0 -0.7017462 2.7422802 -4.9370756 -0.38065183 -0.14408633 0.90826565 0.096937224
1541976473886330.0 -0.7062851 2.7233906 -4.856736 -0.38010764 -0.14391981 0.9086818 0.095408365
1541976473915317.0 -0.7002106 2.7012005 -4.7749367 -0.37943074 -0.14311942 0.90925485 0.0938339
1541976473944330.0 -0.69678247 2.685021 -4.6921844 -0.37855852 -0.14147155 0.9099818 0.0928039
1541976473973380.0 -0.6855819 2.6721916 -4.590475 -0.37924686 -0.13722995 0.91032493 0.092996776
1541976474002468.0 -0.6704396 2.6346066 -4.509477 -0.37858915 -0.13469385 0.9110505 0.09227634
1541976474031574.0 -0.64283144 2.6103113 -4.4270964 -0.37767032 -0.13284354 0.91171724 0.092138305
1541976474060687.0 -0.62160325 2.585406 -4.3431063 -0.37692776 -0.13308953 0.91200256 0.09200017
1541976474089806.0 -0.60241127 2.558208 -4.2650137 -0.37623507 -0.1327991 0.91237885 0.09152356
1541976474118925.0 -0.5655265 2.5424206 -4.18326 -0.3764155 -0.13380204 0.91200936 0.09299153
1541976474148048.0 -0.5340272 2.520651 -4.1097026 -0.3769174 -0.13298291 0.9118849 0.09335268
1541976474177174.0 -0.509699 2.5013556 -4.0465264 -0.37837023 -0.13102576 0.911513 0.09387474
1541976474206297.0 -0.471223 2.5023656 -3.9977326 -0.37978324 -0.13155949 0.91080177 0.09432422
1541976474235415.0 -0.43715906 2.5000594 -3.948275 -0.3836086 -0.13434537 0.9085299 0.09679454
1541976474264522.0 -0.41744006 2.492721 -3.9084837 -0.38625446 -0.14042893 0.90611494 0.10021508
1541976474293617.0 -0.39111185 2.4968402 -3.8736699 -0.39025804 -0.14528403 0.9033177 0.10299717
1541976474322703.0 -0.357885 2.5028863 -3.8410065 -0.3925589 -0.14932546 0.9013886 0.105347335
1541976474351779.0 -0.2311405 2.587345 -3.851086 -0.39607093 -0.15152672 0.8992267 0.10751155
1541976474380847.0 -0.20660126 2.587524 -3.8100057 -0.39709294 -0.15736105 0.89761704 0.10880416
1541976474409904.0 -0.18402088 2.579068 -3.7564778 -0.39907157 -0.16340512 0.8954935 0.11014557
1541976474438963.0 -0.16862392 2.5659606 -3.6989777 -0.39958894 -0.16921343 0.89390594 0.112373404
1541976474468049.0 -0.08288896 2.560397 -3.6363323 -0.4040021 -0.17160383 0.89122164 0.114274085
1541976474497181.0 -0.06436336 2.5256612 -3.5685878 -0.4053856 -0.17443627 0.8896588 0.117225334
1541976474526367.0 -0.013637185 2.498162 -3.5074778 -0.4072997 -0.17904416 0.8875369 0.119701795
1541976474555599.0 0.0037657022 2.464443 -3.4470828 -0.40757814 -0.18321072 0.8863752 0.12104925
1541976474584846.0 0.07354224 2.4283774 -3.375472 -0.4088346 -0.18823081 0.88427204 0.1244442
1541976474614091.0 0.10450935 2.384086 -3.312078 -0.40888876 -0.18986267 0.88342494 0.12775986
1541976474643332.0 0.14960611 2.3702397 -3.2680485 -0.40510425 -0.19350657 0.8839443 0.13072257
1541976474672569.0 0.18499303 2.3481734 -3.2176676 -0.40451178 -0.19659573 0.88348454 0.13105531
1541976474701783.0 0.2143966 2.339847 -3.1516829 -0.40208927 -0.19894919 0.8835072 0.13475366
1541976474730961.0 0.26045525 2.318713 -3.0742218 -0.40095717 -0.20198913 0.8829353 0.13732833
1541976474760121.0 0.30507267 2.302668 -2.9892354 -0.40018463 -0.20239358 0.8828033 0.1398117
1541976474789299.0 0.36954373 2.2830117 -2.923711 -0.39781815 -0.20528904 0.88337487 0.13873008
1541976474818514.0 0.42190146 2.2680912 -2.8680913 -0.3920591 -0.2054209 0.8860354 0.13796154
1541976474847788.0 0.48293084 2.237363 -2.770166 -0.39229906 -0.20674798 0.8854758 0.13888614
1541976474877149.0 0.52650785 2.2254953 -2.7324023 -0.38701564 -0.20661114 0.8879797 0.13792367
1541976474906619.0 0.5663023 2.2029185 -2.6457105 -0.3868457 -0.208639 0.88725907 0.1399701
1541976474936211.0 0.61153936 2.1782591 -2.5713828 -0.38751873 -0.20899941 0.8869569 0.13948496
1541976474965923.0 0.6563868 2.179549 -2.5339222 -0.38149974 -0.21063083 0.88892525 0.14108342
1541976474995759.0 0.70506185 2.1561916 -2.4922976 -0.38143054 -0.216257 0.8875951 0.14113334
1541976475025729.0 0.73557395 2.1441765 -2.4447265 -0.37854657 -0.21873884 0.88822424 0.14111535
1541976475055833.0 0.76665175 2.133612 -2.4232812 -0.37403598 -0.2232547 0.889203 0.13990147
1541976475086059.0 0.75824726 2.1252887 -2.4030209 -0.36990574 -0.2242794 0.8905707 0.14054339
1541976475116406.0 0.7379041 2.1128209 -2.3223248 -0.37696326 -0.21987939 0.8877159 0.14667057
1541976475146869.0 0.7943028 2.078134 -2.3544893 -0.3848974 -0.22291762 0.88343006 0.14735354
1541976475177421.0 0.77904105 2.0542958 -2.3597853 -0.3891199 -0.22720473 0.8799121 0.15072645
1541976475208003.0 0.7618238 2.031329 -2.3683043 -0.39513907 -0.22986174 0.87588644 0.15444025
