1541977096101143.0 -0.0 -0.0 -0.0 -0.0 -0.0 1.0 -0.0
1541977096134162.0 -0.0 -0.0 -0.0 -0.0 -0.0 1.0 -0.0
1541977096167138.0 0.03487308 0.004212666 0.013131368 0.002438554 -0.0017279217 0.9999744 -0.006510425
1541977096200058.0 0.03487308 0.004212666 0.013131368 0.002438554 -0.0017279217 0.9999744 -0.006510425
1541977096232911.0 0.06731152 0.007993145 0.030738646 0.0033471223 -0.0012829844 0.9999317 -0.011129417
1541977096265712.0 0.06731152 0.007993145 0.030738646 0.0033471223 -0.0012829844 0.9999317 -0.011129417
1541977096298473.0 0.06731152 0.007993145 0.030738646 0.0033471223 -0.0012829844 0.9999317 -0.011129417
1541977096331200.0 0.06731152 0.007993145 0.030738646 0.0033471223 -0.0012829844 0.9999317 -0.011129417
1541977096363905.0 0.13442305 0.0074116373 0.08583282 -0.0014083015 -0.011987932 0.9998499 -0.01243066
1541977096396580.0 0.13442305 0.0074116373 0.08583282 -0.0014083015 -0.011987932 0.9998499 -0.01243066
1541977096429223.0 0.17223515 -0.00970197 0.111503944 -0.00025694512 -0.02611887 0.99956757 -0.013509251
1541977096461821.0 0.17223515 -0.00970197 0.111503944 -0.00025694512 -0.02611887 0.99956757 -0.013509251
1541977096494322.0 0.20964752 -0.020318337 0.13279024 0.0027419853 -0.040864 0.99908066 -0.012668701
1541977096526687.0 0.20964752 -0.020318337 0.13279024 0.0027419853 -0.040864 0.99908066 -0.012668701
1541977096558913.0 0.20964752 -0.020318337 0.13279024 0.0027419853 -0.040864 0.99908066 -0.012668701
1541977096591063.0 0.20964752 -0.020318337 0.13279024 0.0027419853 -0.040864 0.99908066 -0.012668701
1541977096623207.0 0.25254518 -0.026802188 0.15553485 2.0122194e-05 -0.032794997 0.9994186 -0.009331431
1541977096655371.0 0.25254518 -0.026802188 0.15553485 2.0122194e-05 -0.032794997 0.9994186 -0.009331431
1541977096687555.0 0.25254518 -0.026802188 0.15553485 2.0122194e-05 -0.032794997 0.9994186 -0.009331431
1541977096719752.0 0.25254518 -0.026802188 0.15553485 2.0122194e-05 -0.032794997 0.9994186 -0.009331431
1541977096751954.0 0.25254518 -0.026802188 0.15553485 2.0122194e-05 -0.032794997 0.9994186 -0.009331431
1541977096784162.0 0.25254518 -0.026802188 0.15553485 2.0122194e-05 -0.032794997 0.9994186 -0.009331431
1541977096816372.0 0.25254518 -0.026802188 0.15553485 2.0122194e-05 -0.032794997 0.9994186 -0.009331431
1541977096848595.0 0.2471141 -0.020477924 0.13645345 -8.022556e-05 -0.017077345 0.9997488 -0.014512839
1541977096880843.0 0.24822634 -0.0197622 0.12584737 0.0031628239 -0.009199874 0.9997998 -0.017489728
1541977096913104.0 0.24437305 -0.02116652 0.11733908 0.0068628974 0.00212298 0.99982077 -0.017515423
1541977096945333.0 0.24041572 -0.02635555 0.10949266 0.011827563 0.0073985476 0.999709 -0.019680578
1541977096977515.0 0.23831546 -0.028473854 0.090722464 0.017767577 0.010519774 0.9994937 -0.02420704
1541977097009668.0 0.23712397 -0.02761414 0.08232419 0.020196376 0.017122898 0.9993069 -0.026166147
1541977097041810.0 0.23581442 -0.025595143 0.074653275 0.021991882 0.022544947 0.99915826 -0.026285866
1541977097073949.0 0.23019159 -0.023572696 0.06765107 0.025802111 0.024415135 0.9989825 -0.027790608
1541977097106096.0 0.2195018 -0.019582488 0.059725825 0.029388653 0.0261956 0.9988043 -0.02898678
1541977097138265.0 0.20709695 -0.016105723 0.049318574 0.03034673 0.029736707 0.9986558 -0.029687999
1541977097170460.0 0.18511368 -0.014965918 0.03761272 0.033226106 0.030635718 0.99842733 -0.033173166
1541977097202678.0 0.16336648 -0.011042223 0.027607858 0.03442108 0.028244978 0.9982734 -0.03831039
1541977097234917.0 0.14335997 -0.004578775 0.020323372 0.035676714 0.024687821 0.9980898 -0.04398313
1541977097267169.0 0.12055333 0.00215476 0.009552839 0.037137333 0.022824738 0.99789923 -0.04792882
1541977097299436.0 0.104751974 -0.001996594 0.006647464 0.038505662 0.022267176 0.9976489 -0.052136194
1541977097331731.0 0.08394911 -0.0008233058 -0.003777944 0.04057723 0.021279993 0.9973879 -0.055840515
1541977097364083.0 0.06518982 0.008647181 -0.008910032 0.041174073 0.01981281 0.9972118 -0.058999397
1541977097396525.0 0.04689864 0.014951983 -0.0152555145 0.039957974 0.018582383 0.997081 -0.062350698
1541977097429041.0 0.020701671 0.018323839 -0.020649122 0.040803608 0.017619742 0.9968333 -0.06593953
1541977097461582.0 0.009344448 0.029751405 -0.021216737 0.039502785 0.017985325 0.99684983 -0.06638206
1541977097494132.0 -0.013029596 0.033902068 -0.022654409 0.040042233 0.021284405 0.9966635 -0.06786394
1541977097526706.0 -0.031216007 0.037148695 -0.027310213 0.03965679 0.024549326 0.9964503 -0.07008186
1541977097559314.0 -0.049281258 0.040906943 -0.027853701 0.04029953 0.029105576 0.99619156 -0.07163288
1541977097591964.0 -0.06626099 0.044494636 -0.031265162 0.042303804 0.031220557 0.99599224 -0.07235423
1541977097624659.0 -0.08207918 0.043205474 -0.029881665 0.04410042 0.03356259 0.995741 -0.07367908
1541977097657407.0 -0.09152297 0.043871123 -0.032535695 0.044915725 0.034001745 0.9957159 -0.073323816
1541977097690233.0 -0.09792268 0.044359926 -0.029455213 0.046855807 0.034515154 0.99567187 -0.072463244
1541977097723148.0 -0.09566461 0.04784729 -0.03258768 0.049507666 0.039157458 0.99550873 -0.070556544
1541977097756149.0 -0.09792731 0.04597707 -0.029324694 0.054237247 0.05196483 0.9949098 -0.06717566
1541977097789223.0 -0.09959916 0.042259607 -0.023503149 0.055470504 0.06464901 0.9942857 -0.06433946
1541977097822317.0 -0.09677442 0.0382399 -0.016839927 0.06456071 0.076124944 0.9929131 -0.06450128
1541977097855380.0 -0.079862386 0.041062746 -0.02028637 0.07447755 0.08972573 0.991271 -0.061515767
1541977097888397.0 -0.07670425 0.03532819 -0.011731148 0.078783795 0.10497264 0.9898856 -0.053855445
1541977097921328.0 -0.07141308 0.03120566 -0.005769382 0.082354575 0.1178191 0.98845273 -0.04793328
1541977097954135.0 -0.06439669 0.027708199 -0.0018109615 0.08757398 0.12541823 0.9872944 -0.043022733
1541977097986834.0 -0.055750165 0.023391228 0.00541321 0.091164716 0.12808557 0.9868417 -0.037771355
1541977098019452.0 -0.049575396 0.020582061 0.0115385465 0.09493405 0.13008088 0.9864229 -0.032193355
1541977098051989.0 -0.04020379 0.019554265 0.017461954 0.09947792 0.13221551 0.9858287 -0.027658109
1541977098084451.0 -0.0034551527 0.013434243 0.012604842 0.0941077 0.1357588 0.9859118 -0.026292041
1541977098116858.0 0.0052312235 0.011269208 0.019920629 0.09707683 0.13936672 0.9851923 -0.02343587
1541977098149229.0 0.01571732 0.010264134 0.027910912 0.09984594 0.14298272 0.9844465 -0.02125599
1541977098181576.0 0.031568225 0.013453419 0.02806414 0.09995144 0.14817597 0.98371136 -0.019122906
1541977098213892.0 0.06538918 0.010732299 0.01846371 0.0956676 0.15458953 0.98315835 -0.018695569
1541977098246173.0 0.07777609 0.008085122 0.020022947 0.09900817 0.16242248 0.98157805 -0.017912218
1541977098278415.0 0.09023451 0.0034615821 0.018736644 0.1036091 0.17153499 0.97951406 -0.019828746
1541977098310608.0 0.12857461 0.0104614515 0.017430326 0.097657494 0.18351449 0.9779891 -0.017970925
1541977098342733.0 0.14490016 0.013045083 0.02247385 0.096116304 0.19810253 0.97535336 -0.014246536
1541977098374780.0 0.15712614 0.013463825 0.026510864 0.096942864 0.21228728 0.9722903 -0.013705643
1541977098406749.0 0.16945544 0.016301118 0.034336105 0.09696023 0.22147807 0.97022015 -0.014798905
1541977098438649.0 0.17679362 0.011569709 0.04447533 0.09125995 0.22862469 0.9691435 -0.012780979
1541977098470489.0 0.17952073 0.005232725 0.050129868 0.08708374 0.23884052 0.9671159 -0.0076583666
1541977098502279.0 0.18744999 -0.003332558 0.058295764 0.08387338 0.24756582 0.96521884 -0.005383798
1541977098534034.0 0.19934118 -0.008942546 0.06680009 0.079340346 0.25118414 0.96467835 -0.0027251563
1541977098565778.0 0.197955 -0.023319285 0.07686446 0.07403446 0.25057068 0.9652633 0.00010077266
1541977098597527.0 0.19967934 -0.030517105 0.09031795 0.06480001 0.24852987 0.9664451 0.004234107
1541977098629263.0 0.20086244 -0.041471608 0.10483193 0.05689189 0.2451861 0.96778786 0.0058161477
1541977098660957.0 0.2018089 -0.050106335 0.12118667 0.051553678 0.24110721 0.969091 0.008500224
1541977098692604.0 0.19563517 -0.067114726 0.13419455 0.04916631 0.24001455 0.96946377 0.010754704
1541977098724229.0 0.19442819 -0.077733256 0.14984994 0.044758096 0.24288893 0.9688644 0.017423674
1541977098755874.0 0.19039541 -0.09063407 0.16446169 0.040678546 0.2468577 0.96787846 0.024856316
1541977098787541.0 0.18837813 -0.09973096 0.18354522 0.037399463 0.24764687 0.96763057 0.031039132
1541977098819197.0 0.17493698 -0.12442589 0.1974973 0.03858352 0.24848501 0.9673425 0.03186007
1541977098850808.0 0.16473283 -0.1410466 0.21252918 0.03917883 0.24991418 0.9667536 0.037355218
1541977098882373.0 0.15277264 -0.15715624 0.22883588 0.03948854 0.25231117 0.9659427 0.041648906
1541977098913900.0 0.1388114 -0.17398378 0.24266595 0.040738694 0.25714007 0.96457094 0.042688284
1541977098945376.0 0.12901443 -0.19265091 0.2530737 0.040210236 0.26787436 0.9614662 0.047003303
1541977098976817.0 0.12006002 -0.2104442 0.26337194 0.040060695 0.2792912 0.9577542 0.055663932
1541977099008255.0 0.107828625 -0.22884278 0.27643353 0.042681567 0.283366 0.95619166 0.059830062
1541977099039668.0 0.09382716 -0.24952148 0.28698635 0.043943226 0.28336737 0.9561339 0.059832644
1541977099071010.0 0.074081466 -0.26959944 0.3040708 0.04392829 0.2892113 0.9541323 0.06370781
1541977099102280.0 0.0603941 -0.28547293 0.31559017 0.04217588 0.29890397 0.95097375 0.067279875
1541977099133494.0 0.047815725 -0.3029891 0.32339662 0.042964775 0.30713487 0.94826895 0.06788422
1541977099164662.0 0.036197145 -0.31448308 0.3327932 0.04320297 0.31245488 0.94631076 0.07072079
1541977099195813.0 0.02146909 -0.33007282 0.34695494 0.043366987 0.31654987 0.9445851 0.07532961
1541977099226971.0 0.014476512 -0.34358573 0.35118622 0.042408902 0.3175949 0.944061 0.0779993
1541977099258112.0 0.0083290115 -0.3579635 0.3515785 0.042906754 0.31519836 0.9449453 0.076729454
1541977099289185.0 0.004698921 -0.36273864 0.35548854 0.04299445 0.31213906 0.9458816 0.077645235
1541977099320179.0 -0.006167747 -0.36905167 0.35612375 0.044120144 0.31051645 0.94638366 0.07740113
1541977099351134.0 -0.009835064 -0.36644444 0.35677978 0.043692995 0.30824786 0.94710946 0.077832356
1541977099382076.0 -0.01349451 -0.35771787 0.35767606 0.04378711 0.30125833 0.9494937 0.076078124
1541977099413023.0 -0.013427455 -0.35329503 0.35337818 0.044882532 0.29290932 0.9524502 0.07091075
1541977099443993.0 -0.0027395487 -0.33947915 0.34083053 0.046188217 0.2862562 0.95487624 0.06430768
1541977099474991.0 0.010829102 -0.30992436 0.33140513 0.04856263 0.28198427 0.95633507 0.059580076
1541977099506004.0 0.031165835 -0.2807207 0.31999418 0.049260873 0.27991396 0.9572012 0.05465809
1541977099537024.0 0.053494826 -0.24517488 0.30668962 0.052237 0.27352986 0.9592651 0.047572263
1541977099568040.0 0.07680097 -0.21223101 0.29452038 0.055547398 0.26267502 0.9625158 0.038469
1541977099599054.0 0.091409214 -0.1824877 0.2794296 0.058331024 0.25104398 0.96576035 0.029689759
1541977099630075.0 0.106016465 -0.15158126 0.2654741 0.058498103 0.23973136 0.96883696 0.02149245
1541977099661137.0 0.116832726 -0.12260863 0.2527232 0.05527855 0.22848088 0.9718818 0.013656496
1541977099692285.0 0.12731035 -0.09608957 0.24153571 0.047604367 0.21845679 0.97467154 0.00509164
1541977099723564.0 0.13087718 -0.068496525 0.23279406 0.039029196 0.20846172 0.97724247 -0.004203556
1541977099755007.0 0.1279132 -0.041861914 0.22583364 0.028318992 0.19497901 0.98028564 -0.014877782
1541977099786612.0 0.122825086 -0.021372717 0.21642037 0.018907227 0.17438872 0.9840233 -0.030485095
1541977099818344.0 0.122491345 -0.0068737706 0.20238915 0.012167835 0.14648661 0.9876587 -0.054073676
1541977099850182.0 0.12976971 0.005802865 0.18792747 0.0061868355 0.12003203 0.98953336 -0.07986112
1541977099882136.0 0.13806134 0.016784871 0.16927513 0.0036209833 0.10778457 0.98907626 -0.10048657
1541977099914216.0 0.14768605 0.034367323 0.15340237 0.0070223515 0.10893681 0.9880123 -0.10915674
1541977099946424.0 0.16464671 0.04957779 0.13205312 0.016233841 0.11221603 0.9865205 -0.11798852
1541977099978746.0 0.18774198 0.06348172 0.10858438 0.02787104 0.116226934 0.98481023 -0.12595026
1541977100011147.0 0.20198667 0.0816453 0.088209756 0.038670193 0.12573111 0.9831218 -0.12715277
1541977100043562.0 0.21473132 0.0881895 0.06991414 0.046445042 0.13562778 0.9812923 -0.12850462
1541977100075926.0 0.22438735 0.094671555 0.051212113 0.06076169 0.1396406 0.9794456 -0.13226825
1541977100108220.0 0.22659089 0.099241294 0.03988822 0.07567659 0.1496013 0.9771859 -0.13038498
1541977100140460.0 0.23188359 0.10009726 0.0380142 0.08029076 0.16109353 0.9761208 -0.12161574
1541977100172628.0 0.23745178 0.0953312 0.037477806 0.09136063 0.16162468 0.9752738 -0.11988238
1541977100204710.0 0.24308723 0.09529124 0.041492 0.10021266 0.16062643 0.9744755 -0.12064081
1541977100236722.0 0.25031844 0.08637384 0.048842594 0.10153805 0.16757463 0.97340965 -0.11866945
1541977100268678.0 0.26230136 0.08311819 0.058140244 0.10371471 0.1735885 0.97332424 -0.10839867
1541977100300611.0 0.27516967 0.070040755 0.06860209 0.10655361 0.16848995 0.9747506 -0.10059245
1541977100332545.0 0.2854682 0.053388122 0.08230892 0.107749574 0.15633617 0.9772879 -0.09411397
1541977100364434.0 0.29570585 0.03885665 0.096289575 0.10540505 0.13912944 0.980926 -0.08553984
1541977100396236.0 0.3052811 0.024878548 0.1069554 0.09902037 0.11726292 0.9847123 -0.08237775
1541977100427945.0 0.31309026 0.016689071 0.11921894 0.09094342 0.089096375 0.9878808 -0.08878463
1541977100459581.0 0.31867197 0.007857985 0.12651949 0.08322622 0.055064805 0.989987 -0.09983543
1541977100491201.0 0.3223696 0.0055552134 0.13621639 0.07364657 0.027040342 0.9917842 -0.101040505
1541977100522863.0 0.32560706 0.002963632 0.1442334 0.06384691 0.007936592 0.99339914 -0.09496691
1541977100554589.0 0.33441144 -0.0017765675 0.14714271 0.060298085 -0.009950299 0.99383396 -0.09251586
1541977100586367.0 0.34594202 -0.004683823 0.14600787 0.061517272 -0.029373122 0.9933241 -0.09305983
1541977100618193.0 0.3520986 -0.007973051 0.14410025 0.059110377 -0.04149432 0.9933241 -0.08995264
1541977100650091.0 0.36317852 -0.002868268 0.14560519 0.052993607 -0.05227363 0.99378014 -0.082826756
1541977100682081.0 0.3704134 0.013699247 0.15069135 0.047225673 -0.062452406 0.9942598 -0.07291821
1541977100714161.0 0.3757809 0.024188373 0.15352535 0.039689507 -0.066439904 0.9949903 -0.06328411
1541977100746309.0 0.38763186 0.037279237 0.15741044 0.030861204 -0.06555015 0.9959009 -0.054150335
1541977100778511.0 0.39880276 0.055972215 0.15948531 0.025177374 -0.067164734 0.99619615 -0.049480863
1541977100810769.0 0.41592672 0.068542935 0.16974881 0.020522876 -0.06820027 0.99653226 -0.043024186
1541977100843093.0 0.43124893 0.07359133 0.17385039 0.019847164 -0.0644441 0.9970443 -0.03682075
1541977100875509.0 0.43987015 0.083775975 0.17864497 0.02331939 -0.055796694 0.9975977 -0.03379146
1541977100908002.0 0.4436758 0.10411864 0.18680966 0.021830605 -0.047213797 0.99810946 -0.03274046
1541977100940506.0 0.45474118 0.13005802 0.20520857 0.017623845 -0.044006925 0.99821174 -0.036416087
1541977100972930.0 0.4550209 0.14228006 0.21834515 0.016668992 -0.04152149 0.99835587 -0.0358288
1541977101005190.0 0.45606634 0.14901924 0.22810625 0.0119226705 -0.035968553 0.9988683 -0.028745567
1541977101037280.0 0.45995304 0.1573212 0.24005829 0.0054126917 -0.03172747 0.9992234 -0.022730626
1541977101069328.0 0.45626903 0.16585141 0.2540832 -0.0040228735 -0.026132476 0.99946404 -0.019304097
1541977101101421.0 0.44507292 0.17525743 0.27238935 -0.015147055 -0.018356523 0.9996119 -0.014478903
1541977101133556.0 0.43061608 0.18172212 0.28253445 -0.02372402 -0.014743517 0.99952334 -0.013150076
1541977101165681.0 0.41136983 0.18287028 0.29239637 -0.02778394 -0.011412034 0.9995043 -0.009431768
1541977101197754.0 0.3940276 0.17469767 0.29881105 -0.033149693 -0.0061123166 0.99941933 -0.0049810437
1541977101229819.0 0.3766123 0.16539103 0.30502054 -0.03544686 -0.002438342 0.99936706 0.0017812081
1541977101261941.0 0.35837758 0.15881541 0.31030318 -0.037210867 0.0005313336 0.999265 0.009197143
1541977101294127.0 0.33835185 0.15250811 0.31553856 -0.038634133 0.0035953396 0.99913895 0.0146968495
1541977101326366.0 0.3177727 0.13906246 0.31210527 -0.03616326 0.0047148606 0.9992841 0.010066718
1541977101358649.0 0.30353346 0.13111307 0.31675503 -0.032426085 0.008531147 0.99938136 0.010616672
1541977101390991.0 0.29471058 0.12266905 0.31818494 -0.028712187 0.01361082 0.99939156 0.014387156
1541977101423428.0 0.28025925 0.115217686 0.3235449 -0.01727593 0.018460914 0.9994712 0.020447245
1541977101455945.0 0.26966196 0.10527005 0.31971025 -0.004285356 0.025814146 0.9994908 0.018259287
1541977101488454.0 0.2595585 0.09448898 0.31734127 0.008064531 0.039793402 0.99908584 0.013377112
1541977101520881.0 0.2518631 0.08958974 0.31789312 0.020285057 0.052377384 0.99838483 0.008541348
1541977101553196.0 0.24151774 0.081139416 0.31670952 0.034637123 0.06178657 0.997482 0.0035245449
1541977101585367.0 0.2271692 0.070531994 0.31513274 0.04884967 0.07086282 0.9962718 -0.005897502
1541977101617384.0 0.21648574 0.053086385 0.30998272 0.05961998 0.081800096 0.9946116 -0.022403982
1541977101649262.0 0.20339811 0.048910256 0.3128567 0.07119902 0.09617002 0.99230164 -0.031930614
1541977101680998.0 0.18932897 0.042440213 0.3185529 0.079455554 0.11419799 0.989533 -0.038341906
1541977101712578.0 0.17006242 0.029792342 0.32531932 0.08265256 0.13207535 0.98689836 -0.041908767
1541977101744024.0 0.15839727 0.013485968 0.32403165 0.080927946 0.14501378 0.985046 -0.045891743
1541977101775409.0 0.13995847 -0.0016586576 0.33007318 0.0834451 0.15325013 0.9833636 -0.050471473
1541977101806815.0 0.12515707 -0.017585535 0.3382817 0.08235665 0.16175495 0.98209995 -0.050322697
1541977101838305.0 0.11015134 -0.029491588 0.3535896 0.08040394 0.1728114 0.98082393 -0.040693123
1541977101869908.0 0.09631485 -0.053864524 0.36080042 0.08033361 0.18346044 0.97915393 -0.033858974
1541977101901595.0 0.08089114 -0.07316582 0.37375566 0.08531249 0.18855014 0.97794014 -0.028350249
1541977101933282.0 0.0719324 -0.10034413 0.37964976 0.086043485 0.1939379 0.97684807 -0.027432237
1541977101964917.0 0.05778087 -0.12407474 0.39017063 0.089884594 0.20120813 0.9751938 -0.020812662
1541977101996497.0 0.050367534 -0.13716877 0.40299016 0.09708259 0.20821163 0.97318786 -0.011330213
1541977102028012.0 0.044742536 -0.15878862 0.4074849 0.10741229 0.21770704 0.9700566 -0.0075092604
1541977102059422.0 0.037953116 -0.18008903 0.41239277 0.12081888 0.22961338 0.9657473 -0.0035837237
1541977102090703.0 0.037650533 -0.19568719 0.41483128 0.13514726 0.24300835 0.96055925 0.0028610914
1541977102121862.0 0.037159443 -0.21155475 0.41239783 0.1484435 0.2606662 0.9539254 0.006642846
1541977102152899.0 0.040029805 -0.22238302 0.4093192 0.15881532 0.28265968 0.9459352 0.009375608
1541977102183801.0 0.052196845 -0.2190626 0.39804867 0.16756727 0.30797383 0.93637675 0.016491255
1541977102214581.0 0.057389244 -0.21822959 0.38966325 0.1789057 0.33139592 0.92601734 0.025719136
1541977102245265.0 0.06250429 -0.2156678 0.3823794 0.18521276 0.34386572 0.92008555 0.029920923
1541977102275841.0 0.06698046 -0.21159671 0.37238985 0.18874563 0.35007358 0.9169316 0.032558765
1541977102306307.0 0.072655596 -0.2124499 0.35875037 0.19331436 0.35602123 0.9137276 0.0313117
1541977102336716.0 0.074981526 -0.20453697 0.34896138 0.199869 0.3590429 0.91114897 0.030793836
1541977102367111.0 0.07863661 -0.20131758 0.3355488 0.20445132 0.36138487 0.9093031 0.027721476
1541977102397495.0 0.081148535 -0.19554299 0.3247453 0.20698817 0.3646225 0.9074712 0.026503798
1541977102427872.0 0.08033226 -0.19052204 0.3145263 0.20872626 0.3689509 0.90531325 0.02676907
1541977102458255.0 0.07856374 -0.18178564 0.30811107 0.20918705 0.3736562 0.9032221 0.02849127
1541977102488662.0 0.07793502 -0.17623863 0.30234846 0.20966415 0.37754413 0.90141433 0.03088183
1541977102519112.0 0.07683661 -0.17131588 0.2958429 0.20928098 0.38136953 0.8997706 0.034228966
1541977102549599.0 0.07420932 -0.1681953 0.28748113 0.21015695 0.3844608 0.8981665 0.036344532
1541977102580102.0 0.069599494 -0.16863179 0.2762683 0.21159455 0.38819197 0.8961738 0.037516072
1541977102610621.0 0.06670083 -0.16872516 0.26700222 0.21362136 0.3903165 0.89471287 0.03883273
1541977102641151.0 0.06597272 -0.17034584 0.2556984 0.21519186 0.39125767 0.8939566 0.038098752
1541977102671672.0 0.057925276 -0.18044937 0.23036711 0.21513307 0.39025548 0.8945385 0.03491864
1541977102702173.0 0.050291233 -0.18294531 0.2152811 0.21453902 0.38922098 0.89516497 0.03405601
1541977102732657.0 0.045295402 -0.18348506 0.2023954 0.21255966 0.387941 0.89618844 0.034153875
1541977102763129.0 0.03724474 -0.18532705 0.19127356 0.21052174 0.38422135 0.89833015 0.032520413
1541977102793596.0 0.025871713 -0.19004047 0.18149456 0.20883773 0.37753937 0.9016487 0.029674267
1541977102824048.0 0.008517105 -0.19847386 0.17391923 0.2080325 0.36749572 0.90613484 0.024273632
1541977102854471.0 -0.004657209 -0.19756344 0.16570419 0.20473512 0.3571579 0.91109455 0.020700928
1541977102884857.0 -0.01761822 -0.19318666 0.15747146 0.20028189 0.3462981 0.91632223 0.017843552
1541977102915207.0 -0.034590382 -0.1922383 0.1508556 0.19480772 0.3342377 0.9220516 0.012490153
1541977102945527.0 -0.050093234 -0.18973222 0.14514129 0.18468545 0.32271358 0.92826825 0.008084703
1541977102975831.0 -0.06470357 -0.17663051 0.14423303 0.16870588 0.3112835 0.9351759 0.0093304515
1541977103006124.0 -0.08671966 -0.17453809 0.13916868 0.1535117 0.29886767 0.9418446 0.0064139836
1541977103036416.0 -0.10590145 -0.16691168 0.13797389 0.13821335 0.2883248 0.9474967 0.0039980966
1541977103066743.0 -0.12543674 -0.15688258 0.13463339 0.122486 0.27599472 0.95331764 0.0030949563
1541977103097153.0 -0.14104353 -0.14883819 0.13060342 0.108344525 0.2670803 0.95756185 -0.0022240395
1541977103127696.0 -0.15284404 -0.13381898 0.11931468 0.095017895 0.26468733 0.95963705 -0.0030092932
1541977103158395.0 -0.16041268 -0.11559051 0.117918976 0.082799844 0.26523444 0.9606218 0.0008841703
1541977103189268.0 -0.17859143 -0.12351736 0.11401266 0.07969352 0.26420313 0.9611385 -0.0076513076
1541977103220329.0 -0.18339044 -0.115975715 0.104884796 0.074865855 0.2622697 0.9619508 -0.01614038
1541977103251575.0 -0.18414806 -0.112806395 0.10351053 0.0722435 0.25921184 0.96287805 -0.021354431
1541977103282971.0 -0.18896069 -0.1257836 0.09841363 0.07594095 0.25351933 0.96382475 -0.031668693
1541977103314484.0 -0.17303436 -0.11432673 0.10549728 0.08104414 0.24744013 0.964975 -0.03207212
1541977103346125.0 -0.16946162 -0.12450708 0.10680638 0.091347806 0.24785972 0.96393377 -0.03244965
1541977103377887.0 -0.16132085 -0.1309855 0.1040341 0.101692334 0.24636771 0.96319634 -0.034851346
1541977103409713.0 -0.14514402 -0.1310941 0.10167667 0.116776615 0.24479651 0.9618335 -0.036254153
1541977103441534.0 -0.13613419 -0.13473998 0.10071484 0.1364267 0.24546273 0.95910597 -0.03537784
1541977103473291.0 -0.12301667 -0.1387891 0.095484674 0.1530549 0.2480546 0.95587474 -0.036697693
1541977103504918.0 -0.109938845 -0.13452034 0.097916976 0.16840485 0.24693607 0.95347047 -0.0394526
1541977103536369.0 -0.09681362 -0.12765014 0.1004349 0.17939895 0.24561177 0.9517764 -0.040158052
1541977103567641.0 -0.08278164 -0.120657496 0.09921272 0.1866859 0.24446501 0.9506551 -0.040498253
1541977103598771.0 -0.07648812 -0.11366447 0.10446579 0.19439241 0.2435205 0.94927645 -0.04223241
1541977103629806.0 -0.06882982 -0.108305424 0.108098775 0.19744882 0.24625465 0.9480009 -0.040828817
1541977103660774.0 -0.055280514 -0.10057336 0.11051214 0.19660671 0.24938482 0.947495 -0.037500266
1541977103691695.0 -0.03994704 -0.08404269 0.115473635 0.19665809 0.24954377 0.947576 -0.03396147
1541977103722588.0 -0.031661235 -0.06655119 0.12337519 0.1964401 0.25134844 0.9472703 -0.030239366
1541977103753466.0 -0.023336105 -0.056349166 0.12870222 0.19340423 0.25658557 0.94667965 -0.023588937
1541977103784325.0 -0.0147411525 -0.050963957 0.13865244 0.19475394 0.25673783 0.9464514 -0.019652842
1541977103815144.0 0.00036015455 -0.041318387 0.14754547 0.19269727 0.2543851 0.94752896 -0.018572679
1541977103845914.0 0.007842312 -0.035358384 0.15294617 0.19052407 0.25147665 0.94873166 -0.019192358
1541977103876630.0 0.017448645 -0.026667643 0.1578309 0.18694621 0.24914834 0.9500461 -0.019713117
1541977103907311.0 0.038901027 -0.016211012 0.16854976 0.18464021 0.24717064 0.9510709 -0.016696619
1541977103937977.0 0.05570182 -0.011155635 0.17085071 0.18607077 0.24656293 0.95099807 -0.01368251
1541977103968639.0 0.07493881 -0.004720634 0.1750854 0.18667851 0.24940011 0.950211 -0.0070607634
1541977103999304.0 0.09640685 0.0029090978 0.17969684 0.18517065 0.25271538 0.9496561 -0.00028119018
1541977104029945.0 0.12229361 0.009300207 0.18402977 0.18273477 0.2530513 0.9500282 0.004427554
1541977104060545.0 0.14930032 0.01453591 0.18972346 0.18024965 0.25118628 0.95091283 0.013426166
1541977104091104.0 0.17546524 0.016049342 0.19517836 0.17869079 0.24705048 0.9521667 0.020357024
1541977104121617.0 0.2007077 0.018748548 0.2050378 0.17399195 0.24276082 0.9540637 0.023591356
1541977104152071.0 0.22089754 0.02375748 0.21746308 0.168625 0.23908263 0.9557992 0.029205006
1541977104182469.0 0.24654008 0.0249983 0.22705999 0.16498831 0.23355691 0.9574802 0.03823398
1541977104212857.0 0.27178597 0.025746152 0.23463707 0.16136873 0.22240187 0.9604107 0.04592291
1541977104243258.0 0.2952296 0.02438145 0.23987432 0.15808614 0.20974544 0.96361786 0.04956136
1541977104273629.0 0.31757128 0.025266085 0.24450251 0.15449712 0.19738245 0.9666005 0.053427458
1541977104303940.0 0.33569714 0.024777766 0.25440502 0.15313259 0.18777679 0.9683112 0.060529035
1541977104334221.0 0.3557171 0.02550398 0.25832024 0.14967188 0.18016462 0.97012323 0.063245706
1541977104364477.0 0.36668506 0.025555309 0.26433617 0.14251965 0.1759769 0.97196776 0.06323737
1541977104394710.0 0.3808769 0.027295595 0.27306718 0.13380133 0.17041592 0.9741919 0.0632917
1541977104424947.0 0.39280716 0.027663192 0.2806999 0.12594965 0.16209339 0.97670346 0.0625535
