49433.11635220126 -0.0 -0.0 -0.0 -0.0 -0.0 1.0 -0.0
99450.11635220126 -0.0 -0.0 -0.0 -0.0 -0.0 1.0 -0.0
149467.11635220126 -0.0 -0.0 -0.0 -0.0 -0.0 1.0 -0.0
199484.11635220126 -0.004715459 -0.00018631341 0.008383613 -0.011506416 0.0026772579 0.99988234 -0.009792956
249501.11635220126 -0.004715459 -0.00018631341 0.008383613 -0.011506416 0.0026772579 0.99988234 -0.009792956
299519.11635220126 -0.004715459 -0.00018631341 0.008383613 -0.011506416 0.0026772579 0.99988234 -0.009792956
349536.11635220126 -0.004715459 -0.00018631341 0.008383613 -0.011506416 0.0026772579 0.99988234 -0.009792956
399553.11635220126 -0.004715459 -0.00018631341 0.008383613 -0.011506416 0.0026772579 0.99988234 -0.009792956
449570.11635220126 0.039458133 -0.0012319528 -0.00092866423 -0.011041583 0.011718513 0.9998194 -0.010101821
499588.11635220126 0.039458133 -0.0012319528 -0.00092866423 -0.011041583 0.011718513 0.9998194 -0.010101821
549605.1163522012 0.039458133 -0.0012319528 -0.00092866423 -0.011041583 0.011718513 0.9998194 -0.010101821
599622.1163522012 0.079551615 -0.0031190277 0.0009361742 -0.008357024 0.00830309 0.9998335 -0.013934837
649639.1163522012 0.079551615 -0.0031190277 0.0009361742 -0.008357024 0.00830309 0.9998335 -0.013934837
699657.1163522012 0.106758155 -0.008326914 0.004356391 -0.005508166 0.0044443007 0.99982125 -0.017532121
749674.1163522012 0.106758155 -0.008326914 0.004356391 -0.005508166 0.0044443007 0.99982125 -0.017532121
799691.1163522012 0.106758155 -0.008326914 0.004356391 -0.005508166 0.0044443007 0.99982125 -0.017532121
849708.1163522012 0.1421949 -0.01543209 0.0064780554 -0.0018858928 -0.0029058 0.9998869 -0.014640506
899726.1163522012 0.1421949 -0.01543209 0.0064780554 -0.0018858928 -0.0029058 0.9998869 -0.014640506
949743.1163522012 0.1421949 -0.01543209 0.0064780554 -0.0018858928 -0.0029058 0.9998869 -0.014640506
999760.1163522012 0.18803598 -0.023529304 0.008866193 -0.0012727763 -0.0078117214 0.9999196 -0.009914835
1049777.1163522012 0.18803598 -0.023529304 0.008866193 -0.0012727763 -0.0078117214 0.9999196 -0.009914835
1099794.1163522012 0.18803598 -0.023529304 0.008866193 -0.0012727763 -0.0078117214 0.9999196 -0.009914835
1149812.1163522012 0.18803598 -0.023529304 0.008866193 -0.0012727763 -0.0078117214 0.9999196 -0.009914835
1199829.1163522012 0.211591 -0.029404052 0.011442455 0.0022376066 -0.0124826105 0.99990183 -0.005958947
1249846.1163522012 0.21377155 -0.027587598 0.01454072 0.0032616963 -0.010408213 0.9999271 -0.0051853033
1299863.1163522012 0.20618717 -0.028946716 0.019164734 0.005873513 -0.011737594 0.99988985 -0.006935829
1349881.1163522012 0.19787602 -0.030919785 0.02160164 0.005542814 -0.012971345 0.99985385 -0.009661501
1399898.1163522012 0.1855312 -0.026617657 0.02542451 0.002869835 -0.013185841 0.99985445 -0.010441965
1449915.1163522012 0.1708295 -0.026717216 0.028491937 -0.00094073464 -0.014156382 0.9998072 -0.013582385
1499932.1163522012 0.15497307 -0.023245255 0.032029632 -0.0029774923 -0.0144815985 0.9997865 -0.014437605
1549950.1163522012 0.13428226 -0.023393143 0.03638638 -0.0041876254 -0.016058272 0.9997312 -0.016193956
1599967.1163522012 0.11145818 -0.022595698 0.04014395 -0.0050636576 -0.016078647 0.99971884 -0.01667882
1649984.1163522012 0.085017405 -0.0233965 0.045507163 -0.0046470906 -0.013137422 0.99975836 -0.017002013
1700001.1163522012 0.06404095 -0.02364752 0.047889564 -0.0051936954 -0.011921918 0.99978375 -0.016227813
1750018.1163522012 0.04095033 -0.022950312 0.051877316 -0.0062132026 -0.010985568 0.9998096 -0.0148832435
1800036.1163522012 0.0172238 -0.02373111 0.055099633 -0.010336935 -0.009190125 0.9997905 -0.015088301
1850053.1163522012 -0.011111956 -0.026808426 0.05771887 -0.0148945255 -0.009334969 0.9997123 -0.016326163
1900070.1163522012 -0.032471877 -0.029037012 0.05726075 -0.022583079 -0.009323797 0.9995497 -0.017424464
1950087.1163522012 -0.054534815 -0.028884238 0.057784364 -0.029791351 -0.008825595 0.99938107 -0.016499845
2000105.1163522012 -0.07301918 -0.03129017 0.0582804 -0.03433862 -0.00961989 0.9992238 -0.01673632
2050122.1163522012 -0.08622681 -0.03506019 0.05447023 -0.040600717 -0.0087665375 0.99901235 -0.015782127
2100139.1163522014 -0.09685989 -0.036653508 0.05175702 -0.045633335 -0.009342992 0.99881315 -0.01423569
2150156.1163522014 -0.10223621 -0.039281182 0.048665795 -0.051874794 -0.009624462 0.9985248 -0.012833898
2200174.1163522014 -0.108214244 -0.039668784 0.046936773 -0.05358181 -0.0109282 0.9984483 -0.010515668
2250191.1163522014 -0.10723723 -0.046502553 0.044265654 -0.05453517 -0.014444946 0.9983212 -0.013123546
2300208.1163522014 -0.10758456 -0.04783002 0.042811666 -0.052567925 -0.018151453 0.9983698 -0.012840699
2350225.1163522014 -0.102040134 -0.05212442 0.039180323 -0.05060864 -0.01986912 0.9984376 -0.012903766
2400243.1163522014 -0.09351542 -0.05030188 0.037958436 -0.04992729 -0.022018842 0.99844766 -0.011172094
2450260.1163522014 -0.08393338 -0.05126848 0.03743836 -0.045692928 -0.024285257 0.99860656 -0.010360332
2500277.1163522014 -0.07115955 -0.050567973 0.03641351 -0.043093443 -0.02377007 0.99874854 -0.008912988
2550294.1163522014 -0.052111097 -0.050879292 0.034896053 -0.04136818 -0.02342861 0.99883765 -0.007944999
2600311.1163522014 -0.033509105 -0.05324982 0.034374658 -0.03859321 -0.02238347 0.99897623 -0.007489325
2650329.1163522014 -0.010167057 -0.053383414 0.036377594 -0.03638793 -0.019724954 0.99912775 -0.005534724
2700346.1163522014 0.011904689 -0.05548259 0.03483235 -0.031457473 -0.020933213 0.9992807 -0.0032298914
2750363.1163522014 0.034985878 -0.05653453 0.034765862 -0.029840551 -0.02127576 0.99932796 -0.000721387
2800380.1163522014 0.05259147 -0.058566157 0.03605774 -0.02752389 -0.025375446 0.99929905 0.00016695706
2850398.1163522014 0.06830669 -0.05800501 0.037675083 -0.02730716 -0.030254103 0.9991679 0.0015937976
2900415.1163522014 0.08414853 -0.05807182 0.038287338 -0.027524676 -0.037251297 0.99892277 0.0028567144
2950432.1163522014 0.09263723 -0.056838036 0.04063708 -0.027574647 -0.044533625 0.9986217 0.003345881
3000449.1163522014 0.10496911 -0.051118385 0.04030511 -0.030674094 -0.051253725 0.99819607 0.006065096
3050467.1163522014 0.10837411 -0.044205476 0.040533666 -0.029989572 -0.058096 0.99783033 0.0077565257
3100484.1163522014 0.111795306 -0.02565002 0.041610334 -0.03334618 -0.06105185 0.9974795 0.013979114
3150501.1163522014 0.11272914 -0.012581856 0.042158075 -0.03701281 -0.06139505 0.9973044 0.015647698
3200518.1163522014 0.11508649 0.0008538944 0.045922663 -0.040858015 -0.05933192 0.99729455 0.014632275
3250535.1163522014 0.118477546 0.015471919 0.04920695 -0.041632548 -0.055919953 0.99747235 0.013739377
3300553.1163522014 0.12237188 0.031946223 0.052840825 -0.04144332 -0.05009613 0.9978101 0.012161763
3350570.1163522014 0.12419954 0.047600195 0.05671444 -0.041435957 -0.044648502 0.9980939 0.009913432
3400587.1163522014 0.12549815 0.06462829 0.06106501 -0.04058326 -0.03906858 0.9983844 0.0074361735
3450604.1163522014 0.12695166 0.07563496 0.06580072 -0.040660832 -0.033198163 0.99861956 0.0018864902
3500622.1163522014 0.12514043 0.08538875 0.070344016 -0.039852314 -0.031134713 0.9987182 -0.0021254616
3550639.1163522014 0.12133006 0.09136136 0.07360835 -0.040306985 -0.0291233 0.998744 -0.006141749
3600656.1163522014 0.118110694 0.09775807 0.07495998 -0.040436316 -0.026862837 0.9988002 -0.0064432668
3650673.1163522014 0.117167436 0.09042124 0.07621578 -0.041770507 -0.026028458 0.99875855 -0.007696107
3700691.1163522014 0.11477601 0.08528912 0.07106988 -0.04355762 -0.023513919 0.99876165 -0.005012142
3750708.1163522014 0.11300463 0.07138817 0.067593776 -0.045486383 -0.020166492 0.9987585 -0.0024343599
3800725.1163522014 0.10932632 0.057955522 0.063283324 -0.047582045 -0.015716035 0.99873763 0.0034982013
3850742.1163522014 0.10111892 0.038862053 0.059313815 -0.047726035 -0.014152165 0.9987226 0.00867226
3900760.1163522014 0.09268762 0.02573466 0.054748025 -0.05103247 -0.012283214 0.99845904 0.018010618
3950777.1163522014 0.08564547 0.01186415 0.049630396 -0.055398356 -0.012836558 0.99805737 0.025450153
4000794.1163522014 0.074622385 -0.0007891471 0.05033388 -0.0550323 -0.011551165 0.9979702 0.029890822
4050811.1163522014 0.063448355 -0.011793255 0.0509345 -0.049210377 -0.008640654 0.99824303 0.03185309
4100828.1163522014 0.05295225 -0.018723363 0.0570412 -0.042025905 -0.003978203 0.99856937 0.032820582
4150846.1163522014 0.03845023 -0.026544008 0.06173856 -0.036865767 0.00067250273 0.9988244 0.031469587
4200863.116352201 0.027658764 -0.035012074 0.06834095 -0.028459746 0.00467331 0.99915034 0.029443461
4250880.116352201 0.011246702 -0.03823937 0.076604925 -0.021677068 0.008425377 0.99925303 0.030864688
4300897.116352201 -0.0021874039 -0.043514926 0.08185268 -0.018479247 0.0114750955 0.99924845 0.03208521
4350915.116352201 -0.01810027 -0.049758676 0.08536187 -0.01922969 0.015269198 0.99911475 0.034158953
4400932.116352201 -0.03066267 -0.052721646 0.08610889 -0.022212664 0.017976051 0.9988758 0.03782434
4450949.116352201 -0.0423149 -0.055111855 0.086311504 -0.024739249 0.01887697 0.9986893 0.04063799
4500966.116352201 -0.052027665 -0.05720378 0.0856972 -0.028725019 0.020551326 0.9984884 0.042112738
4550984.116352201 -0.06140109 -0.05521821 0.08419986 -0.03319047 0.021952167 0.9982261 0.044284493
4601001.116352201 -0.07110783 -0.052755058 0.08104571 -0.041011564 0.02233002 0.99789083 0.045093313
4651018.116352201 -0.07418739 -0.048239674 0.07747844 -0.05044557 0.023405451 0.997441 0.044931896
4701035.116352201 -0.077791475 -0.04348875 0.07433332 -0.05898519 0.022582222 0.99704605 0.043703087
4751052.116352201 -0.07807062 -0.036805972 0.07325034 -0.06437053 0.021137653 0.996864 0.040887136
4801070.116352201 -0.07203624 -0.033431556 0.071061164 -0.06707572 0.021789143 0.9968407 0.036534157
4851087.116352201 -0.062496595 -0.027020026 0.06893494 -0.06954601 0.02005838 0.9968265 0.033135615
4901104.116352201 -0.049212392 -0.023470432 0.063376814 -0.06918215 0.018790154 0.9970015 0.029134193
4951121.116352201 -0.030639868 -0.01954012 0.060745638 -0.06886465 0.017399905 0.9971784 0.02429478
5001139.116352201 -0.014974618 -0.016690614 0.058601312 -0.062249288 0.015822057 0.9977372 0.019879723
5051156.116352201 0.0072569624 -0.014509184 0.053105745 -0.058598347 0.015030895 0.9980434 0.015801642
5101173.116352201 0.029985726 -0.0106173055 0.048559155 -0.054006036 0.014152435 0.99835247 0.013244823
5151190.116352201 0.054785617 -0.008152415 0.041438453 -0.050954707 0.013796844 0.99854463 0.011037532
5201208.116352201 0.077403486 -0.0072944975 0.038479086 -0.04650021 0.012768441 0.99880093 0.008459871
5251225.116352201 0.10148936 -0.008644611 0.03464074 -0.042492084 0.010992711 0.9990167 0.0062649557
5301242.116352201 0.121500045 -0.010995055 0.03205042 -0.039813075 0.0069638514 0.9991705 0.004973933
5351259.116352201 0.1420155 -0.01444713 0.02948392 -0.040227845 0.0013333139 0.9991806 0.004248358
5401277.116352201 0.15413585 -0.021744521 0.03014332 -0.041440915 -0.005069743 0.99912506 0.0024742486
5451294.116352201 0.16651468 -0.028476689 0.02861117 -0.045889195 -0.009998196 0.998895 0.0017465774
5501311.116352201 0.17542832 -0.032758676 0.030626357 -0.050752826 -0.013810403 0.99861324 0.002255945
5551328.116352201 0.18710801 -0.04287847 0.031616874 -0.05593726 -0.017717147 0.99827707 0.00024636666
5601345.116352201 0.19274709 -0.055246525 0.035263997 -0.05795629 -0.021820502 0.9980796 -0.0014500829
5651363.116352201 0.20027694 -0.063297294 0.039473675 -0.060622975 -0.02317285 0.9978917 8.140974e-05
5701380.116352201 0.20475858 -0.07441927 0.04577591 -0.05884861 -0.025700537 0.99793524 0.0012972801
5751397.116352201 0.209528 -0.081821285 0.050591763 -0.060061432 -0.026500553 0.99783105 0.0048565846
5801414.116352201 0.2115045 -0.08892564 0.056568198 -0.058775175 -0.027459802 0.9978569 0.008551117
5851432.116352201 0.20718539 -0.09521337 0.06383403 -0.057007555 -0.029966313 0.99785477 0.011753137
5901449.116352201 0.2050297 -0.10204692 0.07135022 -0.057635248 -0.03188861 0.9977392 0.013338342
5951466.116352201 0.19603114 -0.1029159 0.080124244 -0.056590356 -0.03179777 0.99776804 0.015663967
6001483.116352201 0.18141581 -0.10598839 0.093690455 -0.054689806 -0.032948837 0.9978521 0.014650709
6051501.116352201 0.17315437 -0.114025496 0.10323522 -0.057393827 -0.03320335 0.99774116 0.010776614
6101518.116352201 0.16349423 -0.11597074 0.11446147 -0.0681656 -0.031435866 0.9971439 0.008328143
6151535.116352201 0.14897676 -0.120406084 0.12433405 -0.07737237 -0.030346692 0.99653685 0.0026258223
6201552.116352201 0.1336517 -0.12514566 0.13491192 -0.08531074 -0.030109352 0.9958937 -0.0033576959
6251569.116352201 0.114292555 -0.12548558 0.14644955 -0.08833486 -0.033320714 0.9955035 -0.0077170758
6301587.116352201 0.09816167 -0.122231565 0.15595338 -0.09272208 -0.03941075 0.9948554 -0.010594272
6351604.116352201 0.07992282 -0.12206915 0.16307637 -0.09747203 -0.0455457 0.99409366 -0.014237197
6401621.116352201 0.06418837 -0.12179143 0.16698362 -0.10253556 -0.05210397 0.99322397 -0.01667133
6451638.116352201 0.047760792 -0.11960514 0.1701528 -0.10984482 -0.05828394 0.9920693 -0.01832345
6501656.116352201 0.035677366 -0.11802117 0.16914745 -0.11903478 -0.06400976 0.9906216 -0.020059269
6551673.116352201 0.022547234 -0.11652534 0.16600496 -0.12983088 -0.06956336 0.988827 -0.022936959
6601690.116352201 0.010521242 -0.11472207 0.16245352 -0.13957125 -0.07459255 0.9870563 -0.025995458
6651707.116352201 -0.0014193694 -0.11147386 0.15585601 -0.15001176 -0.07984586 0.98501784 -0.029344311
6701725.116352201 -0.013794109 -0.107608974 0.15076102 -0.1589678 -0.08592987 0.9829851 -0.03295101
6751742.116352201 -0.024144692 -0.1023865 0.14075726 -0.1669233 -0.09232191 0.9810275 -0.034619138
6801759.116352201 -0.031825237 -0.095612556 0.13087043 -0.17409159 -0.096551 0.9793573 -0.035061616
6851776.116352201 -0.0384524 -0.085842416 0.11965289 -0.17857781 -0.10028697 0.97821975 -0.03374417
6901794.116352201 -0.041025653 -0.0757387 0.10562041 -0.18296224 -0.101796106 0.9773111 -0.032024827
6951811.116352201 -0.04064414 -0.0669332 0.08962104 -0.18676087 -0.10076906 0.976701 -0.0319554
7001828.116352201 -0.04132199 -0.057299167 0.07393271 -0.18832086 -0.099478036 0.9765004 -0.032960713
7051845.116352201 -0.037643112 -0.04518156 0.054745384 -0.18934897 -0.096362494 0.97660375 -0.033262406
7101862.116352201 -0.035380192 -0.03534777 0.038980465 -0.1882969 -0.09455658 0.97692835 -0.034847725
7151880.116352201 -0.027422728 -0.023941763 0.02102745 -0.18811634 -0.09091896 0.9772861 -0.035466094
7201897.116352201 -0.01866872 -0.013670318 0.005344462 -0.18562827 -0.08861123 0.9779637 -0.03573931
7251914.116352201 -0.010344945 -0.00613645 -0.010171917 -0.17937207 -0.0839981 0.97950596 -0.03658091
7301931.116352201 -0.0014421032 0.0019766036 -0.023690071 -0.17210223 -0.077903755 0.9813068 -0.03672527
7351949.116352201 0.011424477 0.006944696 -0.037482902 -0.16373393 -0.07034026 0.98329204 -0.037152242
7401966.116352201 0.025456805 0.0106956465 -0.048110783 -0.15438192 -0.063434705 0.98525584 -0.037593927
7451983.116352201 0.03889428 0.014019138 -0.05677025 -0.14293729 -0.05680202 0.9873644 -0.038131904
7502000.116352201 0.055338323 0.018051462 -0.06363685 -0.13134143 -0.050703555 0.98930293 -0.03818783
7552018.116352201 0.07056272 0.019675374 -0.06677497 -0.119894475 -0.043354817 0.9910561 -0.039415624
7602035.116352201 0.08657434 0.020421827 -0.06917754 -0.106579244 -0.03558829 0.9928068 -0.041341048
7652052.116352201 0.10214348 0.020624015 -0.06840928 -0.0949035 -0.028407695 0.99416244 -0.042748585
7702069.116352201 0.11542385 0.020459298 -0.064168595 -0.08124732 -0.021871964 0.9954985 -0.043626968
7752086.116352201 0.13033865 0.018802872 -0.060010638 -0.07120801 -0.015856726 0.996372 -0.043828394
7802104.116352201 0.14259116 0.01434021 -0.052956656 -0.06153104 -0.009685307 0.997073 -0.04433625
7852121.116352201 0.15256949 0.00866821 -0.045227192 -0.05256118 -0.004156524 0.9976157 -0.044532254
7902138.116352201 0.16330868 0.0022904929 -0.03621122 -0.045865957 0.000250558 0.9979964 -0.043583542
7952155.116352201 0.16915385 -0.005893217 -0.025486289 -0.03788012 0.0030962506 0.9983393 -0.043292694
8002173.116352201 0.172142 -0.0112159755 -0.014852951 -0.033810183 0.0062037143 0.9986591 -0.038709976
8052190.116352201 0.17416754 -0.020015568 -0.0023255618 -0.029504463 0.00782411 0.9988944 -0.035753492
8102207.116352201 0.17498082 -0.027721267 0.011916646 -0.027411321 0.011485635 0.9990563 -0.03167545
8152224.116352201 0.17553098 -0.03759102 0.025058199 -0.025485046 0.015279858 0.99915683 -0.02833168
8202242.116352201 0.17491345 -0.048710562 0.04097778 -0.022750864 0.018834213 0.9992493 -0.025071701
8252259.116352201 0.17391713 -0.057574276 0.05600641 -0.018609617 0.021494823 0.999378 -0.020866038
8302276.116352201 0.17509103 -0.067394406 0.070749216 -0.013139936 0.024293235 0.999461 -0.017746361
8352293.116352201 0.17352024 -0.077776656 0.086069055 -0.010265408 0.025436554 0.9995028 -0.015554449
8402311.1163522 0.1702488 -0.08403106 0.10131991 -0.006640683 0.026518907 0.9995536 -0.012055661
8452328.1163522 0.1681946 -0.093321495 0.11205069 -0.0069939946 0.02762693 0.99954355 -0.010027434
8502345.1163522 0.16190806 -0.100743786 0.122879826 -0.005043328 0.027503962 0.9995825 -0.007276465
8552362.1163522 0.15456317 -0.10432635 0.13241276 -0.0049357135 0.026810542 0.99962306 -0.0032751989
8602379.1163522 0.14492995 -0.108052656 0.13863745 -0.0071517653 0.024878768 0.9996646 -0.00076817005
8652397.1163522 0.13616022 -0.110079825 0.14142793 -0.009640837 0.022608852 0.9996959 0.0019891036
8702414.1163522 0.12588409 -0.1095093 0.14720508 -0.0161629 0.019633591 0.99967235 0.0029142043
8752431.1163522 0.11685028 -0.108752616 0.14681605 -0.023426253 0.017834295 0.9995609 0.0033418161
8802448.1163522 0.10595253 -0.10925954 0.14538822 -0.03125426 0.01434497 0.999407 0.0017677539
8852466.1163522 0.09288875 -0.1063682 0.14220664 -0.038783696 0.011156506 0.99918526 0.0005004561
8902483.1163522 0.078344695 -0.102184795 0.13696322 -0.046139523 0.0056559076 0.9989183 -0.0011944914
8952500.1163522 0.06481361 -0.09741658 0.13072757 -0.055924147 0.0012096697 0.9984282 -0.0034947905
9002517.1163522 0.050788246 -0.092703596 0.121011645 -0.06190804 -0.0040595206 0.998059 -0.0054180617
9052535.1163522 0.036847178 -0.08401768 0.110229455 -0.069078974 -0.0082619265 0.9975592 -0.0059628617
9102552.1163522 0.024791062 -0.076943375 0.09562146 -0.077015676 -0.011692614 0.99693835 -0.0067744455
9152569.1163522 0.013003779 -0.07031347 0.08257895 -0.08288745 -0.0145458905 0.99642295 -0.007708835
9202586.1163522 0.0026408548 -0.06266075 0.066098735 -0.08672628 -0.016497754 0.99606884 -0.0073020766
9252603.1163522 -0.0062899 -0.053571634 0.05109603 -0.08906331 -0.017899772 0.99584234 -0.006739819
9302621.1163522 -0.011012891 -0.044048324 0.03251157 -0.09153671 -0.017918978 0.995626 -0.0053767865
9352638.1163522 -0.01460606 -0.03823095 0.01913311 -0.09132028 -0.015787259 0.9956787 -0.0059466413
9402655.1163522 -0.01716284 -0.029886289 0.00995936 -0.08945844 -0.014564126 0.9958647 -0.0062217847
9452672.1163522 -0.0144474525 -0.026761109 -0.0013616111 -0.088603646 -0.010564013 0.9959666 -0.009401394
9502690.1163522 -0.011386955 -0.018218705 -0.00646184 -0.08691057 -0.0077952757 0.9961307 -0.0104643395
9552707.1163522 -0.008543642 -0.013730606 -0.01411089 -0.08156221 -0.0039549586 0.9965898 -0.011868866
9602724.1163522 -0.004914099 -0.010042179 -0.020948403 -0.07548446 -0.002482557 0.9970586 -0.013049111
9652741.1163522 0.0030908324 -0.008765994 -0.02482561 -0.06527219 0.0015008999 0.9977775 -0.013318379
9702759.1163522 0.008376199 -0.009447734 -0.026590366 -0.05729602 0.004321699 0.99826485 -0.01287763
9752776.1163522 0.01619305 -0.012479498 -0.025366362 -0.050376687 0.007213311 0.99862075 -0.012919921
9802793.1163522 0.023836825 -0.014245384 -0.024513397 -0.043510538 0.0105364695 0.9989283 -0.0117483055
9852810.1163522 0.031362623 -0.019711982 -0.022319615 -0.037078235 0.012312507 0.9991772 -0.010891212
9902828.1163522 0.038198337 -0.02711625 -0.016433107 -0.029753136 0.013514813 0.9994165 -0.009945074
9952845.1163522 0.041422166 -0.03601781 -0.009100693 -0.02638574 0.012302021 0.99954015 -0.008485011
10002862.1163522 0.045271665 -0.043730408 0.00094473845 -0.022966476 0.012549687 0.99963987 -0.005947908
10052879.1163522 0.050291985 -0.0554486 0.010812883 -0.023394557 0.010788567 0.9996581 -0.0044831736
10102896.1163522 0.05539635 -0.06474667 0.023652578 -0.022641657 0.010504335 0.99968785 -0.0011683304
10152914.1163522 0.05741237 -0.07491909 0.0379457 -0.021189654 0.009499886 0.99972767 0.002346212
10202931.1163522 0.058056004 -0.083303206 0.051693354 -0.020180143 0.0075899116 0.9997321 0.008426085
10252948.1163522 0.061180588 -0.08976935 0.06627805 -0.02062101 0.007588478 0.9996461 0.014999801
10302965.1163522 0.060189076 -0.096050665 0.081750356 -0.024468293 0.0067112595 0.99948627 0.019584695
10352983.1163522 0.061668277 -0.10758702 0.0982499 -0.024082726 0.0072120945 0.9994698 0.02068905
10403000.1163522 0.061522286 -0.11432464 0.113219514 -0.026977351 0.008429607 0.99935824 0.022006864
10453017.1163522 0.05892834 -0.11545719 0.12651622 -0.032086883 0.008886475 0.9991594 0.023915866
10503034.1163522 0.0554486 -0.12093251 0.13862263 -0.036020566 0.0073333615 0.9990968 0.021315228
10553052.1163522 0.04882041 -0.12030006 0.1476435 -0.04096024 0.004414346 0.9989472 0.020181242
10603069.1163522 0.042397104 -0.12079107 0.15686011 -0.045030955 1.52419725e-05 0.99884033 0.017037245
10653086.1163522 0.03689857 -0.118259065 0.16210254 -0.05170987 -0.0054911165 0.9985573 0.01339108
10703103.1163522 0.029434726 -0.11419273 0.16215737 -0.057607338 -0.011636569 0.99822557 0.009574507
10753120.1163522 0.022173498 -0.10441262 0.16243404 -0.062966175 -0.01712363 0.99784166 0.007360274
10803138.1163522 0.016398989 -0.093913205 0.16159545 -0.06807614 -0.019800417 0.99747056 0.005111955
10853155.1163522 0.011696164 -0.087952174 0.15597093 -0.07179044 -0.023150599 0.997151 1.3884434e-05
10903172.1163522 0.006857914 -0.07738752 0.14572635 -0.07821485 -0.025169643 0.99661094 -0.003957038
10953189.1163522 -0.00025470962 -0.06291751 0.1384796 -0.0807132 -0.028226275 0.9963132 -0.006979492
11003207.1163522 -0.0015000206 -0.04972071 0.12424291 -0.08652483 -0.0295525 0.9957525 -0.010821286
11053224.1163522 -0.0056511187 -0.046378568 0.11186726 -0.088595726 -0.028450672 0.99547756 -0.019129835
11103241.1163522 -0.007916079 -0.030083012 0.09712798 -0.09007116 -0.029390527 0.9952183 -0.023750728
11153258.1163522 -0.011864389 -0.016622068 0.08076019 -0.0899477 -0.028671546 0.995097 -0.029487627
11203276.1163522 -0.011431736 -0.00046168244 0.06617274 -0.08733363 -0.028348368 0.9952216 -0.03321381
11253293.1163522 -0.0043576644 0.009265586 0.05069849 -0.087042406 -0.025807008 0.99515146 -0.037831966
11303310.1163522 -0.002463961 0.02069075 0.03598597 -0.08207209 -0.022171818 0.9955423 -0.0408433
11353327.1163522 0.0046527856 0.030295024 0.02257417 -0.07775105 -0.01632511 0.9959645 -0.041748628
11403345.1163522 0.008753634 0.035705853 0.009671455 -0.06840546 -0.009911576 0.99676067 -0.041117188
11453362.1163522 0.017607369 0.033942923 -0.004444 -0.058440506 -0.0061092777 0.9974604 -0.040250733
11503379.1163522 0.029038124 0.028036911 -0.011783536 -0.0513448 -0.0025429116 0.99792856 -0.038676996
11553396.1163522 0.044649914 0.030374119 -0.02091918 -0.04743844 -0.00038233606 0.9983212 -0.033233948
11603413.1163522 0.04865554 0.026715845 -0.028574811 -0.040138703 0.001748703 0.99871606 -0.030855902
11653431.1163522 0.061379176 0.021298662 -0.033918306 -0.033729404 0.0040105805 0.99901515 -0.02854861
11703448.1163522 0.073479876 0.011760933 -0.03776227 -0.027506746 0.0058479076 0.9992339 -0.027220255
11753465.1163522 0.079452306 0.0040575685 -0.03718681 -0.0225957 0.007176068 0.999401 -0.02521302
11803482.1163522 0.08696485 -0.005506943 -0.03940869 -0.019233387 0.009112938 0.99953705 -0.021745572
11853500.1163522 0.09537513 -0.013363593 -0.03854112 -0.01642677 0.011312874 0.9996454 -0.017644778
11903517.1163522 0.10085381 -0.020287985 -0.033716902 -0.011893673 0.014451409 0.9997461 -0.012551492
11953534.1163522 0.10978524 -0.032135535 -0.031121481 -0.009199483 0.017310591 0.9997639 -0.009377039
12003551.1163522 0.11452382 -0.041154634 -0.023654861 -0.0070751384 0.019960586 0.99975836 -0.0059033637
12053569.1163522 0.12227257 -0.051143903 -0.015930839 -0.007539668 0.020592656 0.9997549 -0.0030604561
12103586.1163522 0.12065569 -0.059441835 -0.008433269 -0.0045893234 0.021627275 0.9997556 -3.63462e-05
12153603.1163522 0.12404444 -0.06877718 -0.00037326026 -0.0043690777 0.021303723 0.9997618 0.0018737754
12203620.1163522 0.12927315 -0.07620753 0.010700007 -0.004438855 0.02187087 0.99973947 0.0047941194
12253637.1163522 0.12444902 -0.07793869 0.023727061 -0.0030908727 0.021656027 0.99971795 0.009252007
12303655.1163522 0.1228038 -0.084056124 0.034171104 -0.006046306 0.020589469 0.99970794 0.011120336
12353672.1163522 0.119149275 -0.08787558 0.041628305 -0.011704864 0.019826971 0.9996504 0.0130039975
12403689.1163522 0.11412427 -0.08463556 0.054360945 -0.018672824 0.01539008 0.9995821 0.015815157
12453706.1163522 0.10414887 -0.09025068 0.06349259 -0.02386203 0.012168006 0.99953425 0.014622765
12503724.1163522 0.09807177 -0.09420522 0.07699448 -0.03275433 0.00917017 0.99934745 0.012157902
12553741.1163522 0.08753093 -0.09706944 0.087816685 -0.039465673 0.0060191555 0.99913967 0.011231616
12603758.1163522 0.08209645 -0.098717846 0.097599596 -0.047100667 0.0052389097 0.99882555 0.010084026
12653775.1163522 0.071098775 -0.10148877 0.10381926 -0.05275137 0.0028661913 0.99855906 0.0094292285
12703793.1163522 0.064162895 -0.105165996 0.1158758 -0.05805345 0.0021284448 0.9982813 0.0077336887
12753810.1163522 0.05594933 -0.10599606 0.12201576 -0.06238509 -0.00041767381 0.99802446 0.0074252295
12803827.1163522 0.048111994 -0.10743836 0.12623033 -0.0665285 -0.001345029 0.99775875 0.0070501417
12853844.1163522 0.040544983 -0.106550284 0.13166556 -0.07306144 -0.003192849 0.9972985 0.0069047366
12903862.1163522 0.033956315 -0.10590985 0.13023946 -0.07910069 -0.0024544783 0.9968435 0.0063364096
12953879.1163522 0.02746025 -0.10212749 0.1318095 -0.082879424 -0.003754784 0.9965404 0.004920252
13003896.1163522 0.025707038 -0.095849395 0.12917419 -0.089971244 -0.0029312193 0.99593306 0.00374852
13053913.1163522 0.021480318 -0.08813783 0.1279935 -0.09326166 -0.00289417 0.99563634 0.0015251588
13103930.1163522 0.021669114 -0.07276531 0.12354954 -0.09871684 -0.005272698 0.9951016 0.00015388326
13153948.1163522 0.02233524 -0.06581437 0.11536471 -0.10114839 -0.006547863 0.994833 -0.0057881647
13203965.1163522 0.027969964 -0.056559335 0.11160719 -0.10339049 -0.007725588 0.9945393 -0.011929992
13253982.1163522 0.03411153 -0.047562104 0.10729031 -0.103692606 -0.008391982 0.9944006 -0.018571734
13303999.1163522 0.044762295 -0.040474508 0.10082284 -0.1025392 -0.007433041 0.9943865 -0.025018327
13354017.1163522 0.05720984 -0.034029003 0.09458681 -0.103093565 -0.0059200833 0.994187 -0.030478187
13404034.1163522 0.06920182 -0.026750538 0.08391543 -0.10200217 -0.0056160837 0.99422985 -0.032727797
13454051.1163522 0.085260294 -0.021153117 0.07473731 -0.106853776 -0.005104244 0.9936754 -0.03413806
13504068.1163522 0.0998758 -0.014794776 0.060694017 -0.109436214 -0.004799829 0.9934402 -0.0328206
13554086.1163522 0.117994286 -0.013849833 0.04874316 -0.11224423 -0.0077124713 0.99313694 -0.031952154
13604103.1163522 0.13526052 -0.012625465 0.03368604 -0.11451474 -0.010971301 0.9929255 -0.029411955
13654120.1163522 0.15162168 -0.008879994 0.020270277 -0.1163593 -0.017673712 0.99270505 -0.026170522
13704137.1163522 0.17017227 -0.009753533 0.008559594 -0.11737065 -0.023835493 0.99249804 -0.024568748
13754154.1163522 0.18884988 -0.013114469 -0.0012085548 -0.11494425 -0.028785449 0.99267864 -0.02341628
13804172.1163522 0.20832603 -0.016576808 -0.0113011785 -0.11297717 -0.032720547 0.992803 -0.022536263
13854189.1163522 0.22620115 -0.018338695 -0.018343033 -0.10833123 -0.03435341 0.99330395 -0.020772405
13904206.1163522 0.24239033 -0.020340037 -0.02273769 -0.10301485 -0.033860765 0.9939088 -0.019666227
13954223.1163522 0.2564114 -0.025442833 -0.027695661 -0.09978922 -0.03282067 0.9942838 -0.01909647
14004241.1163522 0.27024347 -0.027488966 -0.03214018 -0.09961801 -0.031143272 0.99441195 -0.01585184
14054258.1163522 0.28370577 -0.034594625 -0.032495994 -0.09863054 -0.028788662 0.9946014 -0.014538128
14104275.1163522 0.29526678 -0.03974958 -0.036811367 -0.09878071 -0.02803551 0.9946552 -0.010837634
14154292.1163522 0.29995635 -0.04418899 -0.03775513 -0.09920488 -0.027865263 0.99465597 -0.0064377496
14204310.1163522 0.29791072 -0.04842657 -0.03764293 -0.100295864 -0.027695868 0.9945703 -0.0018957166
14254327.1163522 0.29352105 -0.049520746 -0.03869417 -0.10177738 -0.028707722 0.99438435 0.0041183624
14304344.1163522 0.29011276 -0.05659146 -0.039477658 -0.10579679 -0.02919367 0.9939303 0.0075716274
14354361.1163522 0.28667375 -0.05723037 -0.039250325 -0.11111408 -0.030221496 0.99326086 0.013166639
14404379.1163522 0.27972716 -0.06062678 -0.037345756 -0.115878426 -0.030368557 0.99266404 0.016375493
14454396.1163522 0.27033517 -0.064707555 -0.0364821 -0.123092435 -0.031708036 0.99172264 0.018141689
14504413.1163522 0.25672725 -0.06262484 -0.03510987 -0.12897107 -0.031414103 0.9909397 0.02045215
14554430.1163522 0.24066481 -0.06565913 -0.038068425 -0.13534397 -0.032315347 0.9900581 0.020559747
14604447.1163522 0.22846097 -0.062121104 -0.038035445 -0.141952 -0.033731386 0.9890678 0.02137103
14654465.1163522 0.2121966 -0.06340289 -0.037067644 -0.14592135 -0.033486452 0.98855406 0.018616429
14704482.1163522 0.19746587 -0.057167973 -0.03786611 -0.14952758 -0.033521622 0.9880218 0.018186413
14754499.1163522 0.18717499 -0.05471144 -0.03488104 -0.15137602 -0.03269122 0.9878119 0.015628602
14804516.1163522 0.17208944 -0.048501138 -0.034687046 -0.15039185 -0.03165173 0.9880369 0.012791339
14854534.1163522 0.16176774 -0.042808358 -0.036961116 -0.15147768 -0.029883329 0.98796225 0.009602339
14904551.1163522 0.15644991 -0.035249703 -0.037838038 -0.15280466 -0.026447807 0.9878822 0.00633349
14954568.1163522 0.15028608 -0.027669966 -0.038527414 -0.1497817 -0.022788208 0.9884498 0.0036240628
15004585.1163522 0.14752322 -0.019248301 -0.038148988 -0.14440432 -0.020501517 0.9893053 0.0014482854
15054603.1163522 0.1498975 -0.0142397955 -0.041093774 -0.1417815 -0.015650362 0.98977387 -0.0009444633
15104620.1163522 0.14975066 -0.008128781 -0.046486996 -0.13428645 -0.011067718 0.99087673 -0.0028209067
15154637.1163522 0.15268108 -0.0017362692 -0.048019286 -0.12710103 -0.0066108247 0.99185956 -0.0040378324
15204654.1163522 0.1594788 0.0031259828 -0.052358877 -0.11766438 -0.0030042916 0.993027 -0.006597448
15254671.1163522 0.16821378 0.0053768214 -0.05359778 -0.107385896 0.0010584391 0.9941703 -0.009618722
15304689.1163522 0.1783142 0.0071053705 -0.057433978 -0.10042334 0.0028135744 0.99485874 -0.012782187
15354706.1163522 0.1890157 0.00584545 -0.05891877 -0.09076963 0.004958277 0.9957199 -0.016679572
15404723.1163522 0.2000033 0.0066303764 -0.057938978 -0.08356436 0.0059101763 0.9963159 -0.018350817
15454740.1163522 0.21255702 0.0077722613 -0.05640136 -0.07675376 0.004300012 0.99685067 -0.019473448
15504758.1163522 0.22918813 0.0014560772 -0.05748738 -0.07398237 0.0027961074 0.99703336 -0.021055484
15554775.1163522 0.24158326 -0.0009281029 -0.056002263 -0.07346632 0.0003700312 0.99710006 -0.019851018
15604792.1163522 0.25438315 -0.01095663 -0.051042702 -0.072582364 -0.0038814077 0.9971473 -0.020347046
15654809.1163522 0.2644163 -0.021475784 -0.05063717 -0.07413109 -0.005688858 0.9970537 -0.01887354
15704827.1163522 0.2761175 -0.026960112 -0.04917983 -0.07410545 -0.009026025 0.9971048 -0.014457231
15754844.1163522 0.28620026 -0.032995593 -0.045579467 -0.07498755 -0.010503625 0.9970756 -0.010333018
15804861.1163522 0.29385963 -0.0425053 -0.042158715 -0.07605191 -0.011281846 0.9970088 -0.007898228
15854878.1163522 0.299399 -0.050409142 -0.038323153 -0.07761554 -0.013258498 0.9968823 -0.0050849756
15904896.1163522 0.3059646 -0.057415206 -0.036532816 -0.08132168 -0.01515625 0.99656874 -0.0028104773
15954913.1163522 0.30574644 -0.059667177 -0.030604858 -0.083192885 -0.017948741 0.99637103 0.0013089174
16004930.1163522 0.3037586 -0.063911416 -0.026305836 -0.08696169 -0.020269895 0.99599713 0.0040663886
16054947.1163522 0.29985365 -0.06775378 -0.018664265 -0.09010645 -0.023415102 0.99564046 0.0057132095
16104964.1163522 0.29251996 -0.07139617 -0.014027088 -0.09397672 -0.026085962 0.99520683 0.0071647814
16154982.1163522 0.2830603 -0.07635629 -0.008279293 -0.09704064 -0.02804971 0.99485505 0.0077427784
16204999.1163522 0.27104053 -0.077429675 -0.0039225332 -0.10228149 -0.030584576 0.9942391 0.009579127
16255016.1163522 0.25836596 -0.08082252 0.0018214178 -0.10739571 -0.032719005 0.9936284 0.00991348
16305033.1163522 0.24704686 -0.0842469 0.00428572 -0.11183778 -0.0333764 0.9931104 0.010491653
16355051.1163522 0.23171157 -0.08867614 0.008887924 -0.11460783 -0.034290414 0.99276245 0.010585849
16405068.1163522 0.21455757 -0.08921994 0.013051416 -0.1149426 -0.034929663 0.9926916 0.011473264
16455085.1163522 0.197889 -0.093031384 0.02108556 -0.1139258 -0.034751397 0.9928157 0.011415585
16505102.1163522 0.1791343 -0.09846022 0.02669957 -0.112056 -0.031923886 0.99313456 0.010398765
16555120.1163522 0.16550691 -0.10226787 0.03136169 -0.11213852 -0.028541336 0.99323016 0.010206016
16605137.1163522 0.14975223 -0.10293492 0.036141552 -0.1121666 -0.024410902 0.993323 0.011498381
16655154.1163522 0.13576122 -0.10107405 0.038501956 -0.1135695 -0.022103736 0.9932018 0.012797311
16705171.1163522 0.11890141 -0.101892285 0.040193066 -0.11267222 -0.01963171 0.99334705 0.013465484
16755188.1163522 0.10900102 -0.10474421 0.04222721 -0.111975975 -0.01530104 0.9935243 0.01169367
16805206.1163522 0.09942766 -0.09627445 0.040199883 -0.11267106 -0.014677249 0.99342334 0.014136587
16855223.1163522 0.09453633 -0.093104504 0.04019519 -0.11445931 -0.013788347 0.99326575 0.011497378
16905240.1163522 0.08714771 -0.083618976 0.03620857 -0.113059506 -0.014160973 0.99342865 0.010800752
16955257.1163522 0.081855 -0.0752212 0.034307342 -0.11310999 -0.016623173 0.9934222 0.00648718
17005275.1163522 0.07825742 -0.06675446 0.03035193 -0.11324809 -0.0186802 0.99339116 -0.00018030788
17055292.1163522 0.072960004 -0.053625964 0.02476143 -0.11317794 -0.02117067 0.99332803 -0.006475435
17105309.1163522 0.070653036 -0.037307575 0.020396722 -0.11358876 -0.019568047 0.9932573 -0.012438245
17155326.1163522 0.07140526 -0.024018575 0.012056591 -0.11450994 -0.018652689 0.9930837 -0.018007407
17205344.1163522 0.07512525 -0.009044415 0.0042112805 -0.11394378 -0.015961297 0.99309164 -0.023044296
17255361.1163522 0.08029517 0.0034221665 -0.0061553265 -0.11200132 -0.013113054 0.99316597 -0.0300866
17305378.1163522 0.08791312 0.020187814 -0.016209938 -0.107210904 -0.00964793 0.99357355 -0.034991093
17355395.1163522 0.09735357 0.03136446 -0.02611594 -0.099298336 -0.0036141197 0.9941756 -0.041733753
17405413.1163522 0.10922688 0.040200263 -0.038300324 -0.09204559 0.0033298852 0.99466103 -0.046540678
17455430.1163522 0.121151604 0.045590032 -0.047024842 -0.08309055 0.0110635245 0.99517787 -0.050938416
17505447.1163522 0.13747096 0.04902217 -0.05426326 -0.0728381 0.017232183 0.9957914 -0.052888524
17555464.1163522 0.1531832 0.04959469 -0.0648107 -0.059557877 0.02264362 0.99658996 -0.05242856
17605481.1163522 0.16906965 0.048667386 -0.0746157 -0.04874699 0.027543059 0.99714345 -0.050697017
17655499.1163522 0.18420623 0.04856178 -0.08282532 -0.036944054 0.03192367 0.99765074 -0.048052154
17705516.1163522 0.19954082 0.0446405 -0.08490175 -0.024088826 0.034327462 0.9980123 -0.04704135
17755533.1163522 0.21386814 0.038952667 -0.08980123 -0.013612302 0.03542177 0.998274 -0.044822607
17805550.1163522 0.22544695 0.034505658 -0.09178626 -0.0032694903 0.036502305 0.9984254 -0.04246836
17855568.1163522 0.23726402 0.027648814 -0.09412452 0.0034278082 0.037624918 0.9984848 -0.04001058
17905585.1163522 0.24714056 0.0148910405 -0.093890764 0.010005369 0.037344363 0.99851674 -0.038336717
17955602.1163522 0.25073197 0.010076308 -0.08876132 0.016675739 0.03797862 0.9985888 -0.033166178
18005619.1163522 0.25805634 -0.0014330538 -0.08434219 0.021157717 0.037536476 0.99863636 -0.029474624
18055637.1163522 0.25729555 -0.00913191 -0.0753618 0.0276796 0.037845492 0.9985927 -0.024783837
18105654.1163522 0.25578508 -0.020303763 -0.06552918 0.030525042 0.037177168 0.9986071 -0.021682214
18155671.1163522 0.25354138 -0.03242372 -0.051401794 0.032913435 0.035732694 0.9986102 -0.020434309
18205688.1163522 0.24786133 -0.036265027 -0.035261426 0.033093587 0.035587214 0.99868333 -0.016430665
18255705.1163522 0.23897114 -0.052126665 -0.018512957 0.035288844 0.03350671 0.9986392 -0.018752556
18305723.1163522 0.23119915 -0.062255636 -0.0015101852 0.03598213 0.03335435 0.9986289 -0.018250424
18355740.1163522 0.22384217 -0.07613947 0.016965216 0.036464453 0.033175614 0.99859446 -0.019465273
18405757.1163522 0.21706623 -0.08595066 0.031645898 0.036812373 0.034918886 0.99853677 -0.01870634
18455774.1163522 0.20875739 -0.097250454 0.050158825 0.037455253 0.03801481 0.9984216 -0.017503805
18505792.1163522 0.19871761 -0.10730168 0.06769493 0.03971027 0.038906347 0.9983326 -0.015534827
18555809.1163522 0.19084188 -0.11626266 0.082884274 0.038820177 0.041384883 0.99829507 -0.01368649
18605826.1163522 0.18014947 -0.12425465 0.09624982 0.038951445 0.041681178 0.99829775 -0.012133347
18655843.1163522 0.16619423 -0.12879905 0.108976364 0.03821443 0.042188827 0.9983238 -0.010460692
18705861.1163522 0.15544745 -0.1347365 0.12061098 0.03515225 0.04127956 0.998478 -0.010103876
18755878.1163522 0.14190035 -0.13603716 0.1277812 0.032941658 0.039144162 0.99865294 -0.008657423
18805895.1163522 0.12716646 -0.13985837 0.1369072 0.029725235 0.037418097 0.99880856 -0.009893479
18855912.1163522 0.11242577 -0.13994361 0.14179565 0.027119385 0.036437247 0.99892044 -0.009734771
18905930.1163522 0.096447214 -0.14282474 0.14565083 0.022623764 0.035262518 0.9990566 -0.011434732
18955947.1163522 0.08097154 -0.1450857 0.14829028 0.02030875 0.03434619 0.99910885 -0.013767045
19005964.1163522 0.06403215 -0.14314489 0.15000387 0.015013669 0.032480534 0.999272 -0.0132305585
19055981.1163522 0.04529419 -0.14348388 0.14999226 0.01107477 0.03134883 0.9993644 -0.012863343
19105998.1163522 0.027225265 -0.14393121 0.14675969 0.0037710436 0.028450815 0.9995231 -0.011400773
19156016.1163522 0.0066583427 -0.14269972 0.14326417 -0.0036339585 0.026318282 0.9995997 -0.009731471
19206033.1163522 -0.013392417 -0.14071594 0.13952744 -0.010192289 0.022021877 0.9996726 -0.008126762
19256050.1163522 -0.03613558 -0.13909942 0.13493621 -0.017223883 0.017599873 0.99966556 -0.007905061
19306067.1163522 -0.057031836 -0.13697733 0.12974688 -0.025198182 0.014682507 0.99954003 -0.008320147
19356085.1163522 -0.07505079 -0.13364747 0.12715039 -0.03122135 0.011930958 0.9993997 -0.00911979
19406102.1163522 -0.09301602 -0.13072143 0.12244308 -0.036333255 0.011677516 0.99922174 -0.0099750925
19456119.1163522 -0.10892401 -0.12959613 0.118931964 -0.041866854 0.012713302 0.9989794 -0.011215185
19506136.1163522 -0.1237746 -0.12681437 0.11653574 -0.04821416 0.0154388305 0.9986543 -0.011253579
19556154.1163522 -0.13736379 -0.12703246 0.1158321 -0.049583223 0.019433737 0.9985163 -0.011356805
19606171.1163522 -0.14730321 -0.12700784 0.116513394 -0.045677148 0.02270496 0.99864703 -0.010109889
19656188.1163522 -0.14889464 -0.12347998 0.11924517 -0.04265009 0.027672164 0.9986858 -0.0064790584
19706205.1163522 -0.15314692 -0.12158184 0.1180435 -0.03691252 0.03086432 0.998839 -0.0023504046
19756222.1163522 -0.15759851 -0.12226495 0.11681067 -0.028290447 0.03329405 0.99904495 -0.0006117956
19806240.1163522 -0.1578695 -0.1214401 0.11464002 -0.020574773 0.034945566 0.99917686 0.0011078829
19856257.1163522 -0.1550055 -0.12280725 0.11623106 -0.009226619 0.035731476 0.99931884 0.00023374679
19906274.1163522 -0.14941329 -0.12217451 0.115612976 -0.0003901208 0.036640238 0.99932843 -5.0017807e-05
19956291.1163522 -0.14185368 -0.117023245 0.114504 0.006935456 0.03880728 0.999222 0.0011698912
20006309.1163522 -0.13513237 -0.11885655 0.11055145 0.01359291 0.04153466 0.99904394 -0.0011912311
20056326.1163522 -0.12315582 -0.11592792 0.11054401 0.019571228 0.044153567 0.9988289 -0.0028914341
20106343.1163522 -0.10950051 -0.11353415 0.110689 0.024628805 0.047002178 0.9985832 -0.0039754305
20156360.1163522 -0.097417 -0.109730914 0.10739337 0.027324846 0.04827499 0.9984519 -0.004089114
20206378.1163522 -0.08210772 -0.10673863 0.1034088 0.026754979 0.048127208 0.99847394 -0.0042281803
20256395.1163522 -0.06822622 -0.09846306 0.09935699 0.023779893 0.046284333 0.99864435 -0.0013342809
20306412.1163522 -0.051940694 -0.09525481 0.09297324 0.019592822 0.046189293 0.99874043 -0.00043874874
20356429.1163522 -0.03344619 -0.09676751 0.085348085 0.012428548 0.04482475 0.9989138 -0.002725617
20406447.1163522 -0.015803088 -0.090564445 0.08021799 0.0069683655 0.04023052 0.99916476 -0.0016628192
20456464.1163522 0.0050629424 -0.08630991 0.075673245 -0.002478428 0.035022985 0.9993777 -0.0033948685
20506481.1163522 0.02282083 -0.08454404 0.070856094 -0.010573395 0.0270567 0.99955916 -0.006137989
20556498.1163522 0.042472657 -0.08257671 0.060676184 -0.016613424 0.017476488 0.99966824 -0.009056733
20606515.1163522 0.06478865 -0.07959631 0.051548615 -0.026256558 0.008003875 0.9995604 -0.011207064
20656533.1163522 0.08309037 -0.07762176 0.04305849 -0.03044886 -0.0011249641 0.9994363 -0.014098177
20706550.1163522 0.10513697 -0.073078595 0.034685943 -0.040346157 -0.0084606 0.9990259 -0.015749618
20756567.1163522 0.122919485 -0.07227099 0.029105194 -0.045227405 -0.014961845 0.9986675 -0.019846844
20806584.1163522 0.14488244 -0.07066106 0.022958435 -0.048427437 -0.02069043 0.9983375 -0.023431323
20856602.1163522 0.16528127 -0.069453426 0.018428823 -0.04833083 -0.023905111 0.99820316 -0.026137963
20906619.1163522 0.18570575 -0.070184276 0.016920144 -0.046537086 -0.024504522 0.99820185 -0.028759053
20956636.1163522 0.20731317 -0.06327442 0.010770182 -0.04535264 -0.021985378 0.9984044 -0.025465855
21006653.1163522 0.22804505 -0.06393893 0.012771649 -0.043431003 -0.017731879 0.9986119 -0.023951687
21056671.1163522 0.247441 -0.06586919 0.015129986 -0.04157611 -0.01323123 0.9987898 -0.022701984
21106688.1163522 0.26865518 -0.06790117 0.019303314 -0.040655386 -0.0074758357 0.9988876 -0.022692475
21156705.1163522 0.28580424 -0.06659202 0.023669826 -0.039617315 -0.0027129452 0.9989483 -0.022923416
21206722.1163522 0.3021477 -0.07024206 0.030932432 -0.03922734 0.0009771995 0.99885494 -0.027371973
21256739.1163522 0.31391138 -0.07586824 0.039276965 -0.037922774 0.0007634973 0.99874127 -0.03282056
21306757.1163522 0.3261595 -0.0759806 0.047835454 -0.036893856 0.0013628156 0.9987103 -0.034855507
21356774.1163522 0.339511 -0.07727271 0.05594727 -0.03629836 -0.0009550813 0.99876034 -0.034048498
21406791.1163522 0.34331393 -0.08411194 0.06479489 -0.035975806 -0.004339204 0.9987187 -0.03532602
21456808.1163522 0.3446698 -0.08689235 0.07482345 -0.0373624 -0.0061569526 0.99868834 -0.034464594
21506826.1163522 0.34597644 -0.089668766 0.08380702 -0.040781833 -0.008814667 0.9985822 -0.033058286
21556843.1163522 0.34438965 -0.09000617 0.0894786 -0.044794995 -0.01023879 0.9984621 -0.031017527
21606860.1163522 0.34787393 -0.09271459 0.09074681 -0.051272843 -0.012366631 0.99818015 -0.029233081
21656877.1163522 0.34086093 -0.09051659 0.092200294 -0.057475206 -0.014452489 0.9978718 -0.027197316
21706895.1163522 0.3349704 -0.09211932 0.09097357 -0.063066006 -0.015618869 0.9975228 -0.026965037
21756912.1163522 0.3283311 -0.09242595 0.090978034 -0.07004654 -0.01843846 0.9970357 -0.025950497
21806929.1163522 0.31522405 -0.09232938 0.089157134 -0.07616505 -0.021795722 0.9964967 -0.026800988
21856946.1163522 0.30269188 -0.09145723 0.08062799 -0.08307937 -0.026678558 0.9958051 -0.027537527
21906964.1163522 0.28739688 -0.09554575 0.07496404 -0.090975866 -0.031416982 0.99485034 -0.03176861
21956981.1163522 0.27230215 -0.08184501 0.07388074 -0.0959052 -0.03334241 0.9944135 -0.02885007
22006998.1163522 0.26063785 -0.0771799 0.06461371 -0.10350478 -0.034797527 0.9936321 -0.027773298
22057015.1163522 0.24526644 -0.07263567 0.056239635 -0.108404845 -0.03600077 0.9930794 -0.027304832
22107032.1163522 0.23071492 -0.06509923 0.043978862 -0.11266152 -0.03795894 0.99260676 -0.024462666
22157050.1163522 0.2166649 -0.061121084 0.03317099 -0.11768802 -0.03858855 0.991987 -0.024944782
22207067.1163522 0.20335045 -0.057052653 0.024834234 -0.120441325 -0.03546938 0.9917765 -0.024802437
22257084.1163522 0.19101126 -0.050208792 0.017835 -0.12405967 -0.0326692 0.99146897 -0.023050232
22307101.1163522 0.1795001 -0.046140023 0.0107734185 -0.12668216 -0.02848347 0.99128366 -0.022296466
22357119.1163522 0.17067255 -0.0425248 0.0025162366 -0.12867989 -0.024980593 0.9911759 -0.019694228
22407136.1163522 0.16096684 -0.038963176 -0.00022911327 -0.13056149 -0.01850211 0.9911133 -0.017491162
22457153.1163522 0.15455022 -0.03822966 -0.0059338408 -0.13193914 -0.012870445 0.9910482 -0.015809424
22507170.1163522 0.14604214 -0.042425178 -0.011948078 -0.13129823 -0.009767729 0.9911635 -0.016134797
22557188.1163522 0.13247563 -0.043082472 -0.01480374 -0.13168614 -0.007890529 0.9910983 -0.017909387
22607205.1163522 0.123152256 -0.03535182 -0.014997987 -0.13202554 -0.0072479956 0.9910813 -0.016574219
22657222.1163522 0.123966895 -0.041820407 -0.017341767 -0.13430957 -0.0053762444 0.9907089 -0.020687368
22707239.1163522 0.11511467 -0.03754499 -0.017370988 -0.13417679 -0.0069412095 0.9907154 -0.020771423
22757256.1163522 0.11088533 -0.04036191 -0.013667884 -0.13446961 -0.0053462735 0.9906538 -0.022236941
22807274.1163522 0.10396389 -0.04028122 -0.008256267 -0.13525414 -0.001461136 0.99057347 -0.02164231
22857291.1163522 0.09701111 -0.047148254 -0.009000017 -0.13216178 0.0022462006 0.99097556 -0.02226552
22907308.1163522 0.083988756 -0.048654743 -0.0033031674 -0.12721877 0.0058179493 0.991667 -0.01945018
22957325.1163522 0.08102828 -0.05027863 -0.0009791099 -0.122692935 0.010743995 0.99223393 -0.017405765
23007343.1163522 0.07439499 -0.04998273 0.0006821052 -0.11323789 0.015007217 0.99335074 -0.014362628
23057360.1163522 0.06429937 -0.054727715 0.004934247 -0.10589349 0.0204793 0.9940638 -0.014296356
23107377.1163522 0.068257056 -0.055653717 0.0055110096 -0.09787347 0.023109417 0.9948429 -0.013207481
23157394.1163522 0.0665587 -0.05991623 0.008715185 -0.08741638 0.024461126 0.9957632 -0.014688782
23207412.1163522 0.07249025 -0.059059322 0.0100024585 -0.078943454 0.025943378 0.99644023 -0.014205378
23257429.1163522 0.07651902 -0.057344284 0.011505753 -0.06643684 0.023845257 0.99740964 -0.013842084
23307446.1163522 0.08550038 -0.060976394 0.011804034 -0.06049121 0.02365145 0.99776393 -0.015769076
23357463.1163522 0.09356964 -0.061375614 0.01209214 -0.053544182 0.022738004 0.9981572 -0.017270807
23407481.1163522 0.10634801 -0.06571638 0.01407168 -0.0539286 0.02236855 0.99808323 -0.020524373
23457498.1163522 0.11194262 -0.06013656 0.016654788 -0.050284665 0.019029504 0.99837154 -0.019068994
23507515.1163522 0.1264488 -0.06951712 0.018599622 -0.05216184 0.01687053 0.99825674 -0.021864755
23557532.1163522 0.13086075 -0.0684555 0.016919672 -0.055027694 0.010931217 0.9982084 -0.02079649
23607549.1163522 0.14773081 -0.07059362 0.013540203 -0.057307094 0.005946825 0.9981251 -0.020662231
23657567.1163522 0.16078976 -0.06994195 0.011931372 -0.057338167 0.0009480934 0.998146 -0.020396225
23707584.1163522 0.17993926 -0.072082125 0.011604719 -0.058527198 -0.0023085512 0.99804604 -0.02175932
23757601.1163522 0.1962759 -0.06340914 0.010501286 -0.060173493 -0.00616007 0.9979795 -0.019447483
23807618.1163522 0.21190074 -0.074070245 0.00944912 -0.06045754 -0.0062298765 0.9978736 -0.023545196
23857636.1163522 0.22948681 -0.072474055 0.007527138 -0.059589826 -0.00805137 0.99793327 -0.022659509
23907653.1163522 0.246789 -0.06845004 0.0054574073 -0.059243083 -0.007978489 0.99799484 -0.020808427
23957670.1163522 0.25532117 -0.07056444 0.0043140184 -0.055571254 -0.009286017 0.99819124 -0.020973828
24007687.1163522 0.27058005 -0.064047895 0.0016696654 -0.054212417 -0.007654791 0.9983289 -0.018488357
24057705.1163522 0.28227785 -0.06379077 -0.0026288999 -0.053323776 -0.004851349 0.9983981 -0.018281989
24107722.1163522 0.2890756 -0.059913866 -0.0034639752 -0.049906325 -0.002382331 0.9986108 -0.01674152
24157739.1163522 0.29867452 -0.064067446 -0.0036791777 -0.04919987 0.0028339026 0.99860173 -0.019131938
24207756.1163522 0.30546936 -0.05895168 -0.0057702553 -0.048002902 0.005551477 0.99867374 -0.017768333
24257773.1163522 0.31038827 -0.059788883 -0.0039028218 -0.046835158 0.008444824 0.99866 -0.020332204
24307791.1163522 0.3055309 -0.05692938 -0.007473044 -0.046363004 0.0117205195 0.99863976 -0.020779766
24357808.1163522 0.30303302 -0.056238618 -0.0133765545 -0.047106445 0.011784482 0.9985619 -0.022719713
24407825.1163522 0.29819956 -0.054060824 -0.016985187 -0.04845398 0.014317737 0.99843884 -0.02381691
24457842.1163522 0.29776093 -0.050818555 -0.01868741 -0.05247959 0.016537305 0.9981948 -0.024074743
24507860.1163522 0.29482022 -0.0486023 -0.020138295 -0.054402627 0.018535396 0.99801975 -0.025561836
24557877.1163522 0.28288272 -0.04446577 -0.021792905 -0.055206306 0.020104807 0.99794984 -0.02538149
24607894.1163522 0.27505141 -0.04549995 -0.02934921 -0.05402874 0.020158881 0.9980261 -0.024873037
24657911.1163522 0.26388016 -0.047087092 -0.029562764 -0.055065602 0.020193981 0.99799454 -0.02381029
24707929.1163522 0.2580525 -0.050913177 -0.034779962 -0.058025952 0.019347053 0.9978959 -0.021508818
24757946.1163522 0.24748729 -0.05234564 -0.036542255 -0.05638596 0.01986097 0.9980666 -0.017009765
24807963.1163522 0.23685329 -0.056031507 -0.047205314 -0.05464845 0.018889273 0.9982376 -0.013357578
24857980.1163522 0.22707771 -0.053625945 -0.053457852 -0.049774397 0.018284215 0.9985645 -0.0075646993
24907998.1163522 0.219527 -0.05194976 -0.059474222 -0.046131376 0.018659329 0.99875975 -0.0016697352
24958015.1163522 0.20652804 -0.053726904 -0.060565844 -0.039886653 0.018529814 0.99902165 0.0046314127
25008032.1163522 0.19025853 -0.056928392 -0.0669985 -0.033010677 0.016800635 0.99927455 0.008851143
25058049.1163522 0.17388287 -0.05986972 -0.074732855 -0.027977448 0.015383239 0.99941504 0.012255621
25108066.1163522 0.16869064 -0.060209293 -0.07895256 -0.028742773 0.013943529 0.99938285 0.014608488
25158084.1163522 0.15049957 -0.06338805 -0.07838352 -0.027834555 0.012715201 0.9994559 0.012309986
25208101.1163522 0.14150043 -0.0625023 -0.078639746 -0.028690327 0.012437899 0.9994389 0.012007537
25258118.1163522 0.12326021 -0.058320418 -0.079725735 -0.027955564 0.010878662 0.9994721 0.012478772
25308135.1163522 0.1077502 -0.06011217 -0.08083121 -0.028155826 0.011261159 0.9994869 0.010312544
25358153.1163522 0.091117196 -0.06625177 -0.08266589 -0.030514833 0.011845461 0.99944234 0.0066028866
25408170.1163522 0.07710942 -0.06522657 -0.082544595 -0.03381755 0.012237425 0.99933684 0.0057120244
25458187.1163522 0.06642562 -0.06553769 -0.08028942 -0.036758784 0.012443267 0.9992376 0.004268142
25508204.1163522 0.058480687 -0.060768742 -0.07870623 -0.042129006 0.013053546 0.99901193 0.005468192
25558222.1163522 0.0477334 -0.059610117 -0.078127116 -0.04639037 0.01235921 0.9988294 0.005924978
25608239.1163522 0.038007762 -0.059887536 -0.07537689 -0.052833337 0.011194595 0.99852234 0.0060401894
25658256.1163522 0.031369228 -0.061306197 -0.07323481 -0.06034531 0.0089161545 0.99811214 0.0071455897
25708273.1163522 0.022783147 -0.06233198 -0.07177431 -0.0657263 0.0074975877 0.997769 0.008994376
25758290.1163522 0.01867778 -0.06797735 -0.068071306 -0.07103989 0.004897921 0.9974149 0.009645027
25808308.1163522 0.013227728 -0.07206825 -0.0612182 -0.07144071 0.0027667119 0.99738157 0.010894726
25858325.1163522 0.008727582 -0.07078247 -0.056575846 -0.07285949 0.0011982501 0.99724394 0.013949381
25908342.1163522 0.005427671 -0.07907719 -0.051768437 -0.07374007 9.417266e-05 0.9971857 0.013529142
25958359.1163522 0.0034268307 -0.07298673 -0.04610115 -0.07627955 -0.00042848923 0.9969291 0.017710257
26008377.1163522 0.012509693 -0.08599478 -0.03882115 -0.08096707 -0.00050048856 0.99661577 0.014181243
26058394.1163522 0.015252187 -0.08877507 -0.019953456 -0.082071364 -6.3859916e-05 0.9965248 0.014234751
26108411.1163522 0.0155528085 -0.09388226 -0.013156572 -0.08276001 -0.00015830665 0.9964967 0.012050775
26158428.1163522 0.019656805 -0.094141565 -0.0032514976 -0.07972569 0.000343751 0.9967418 0.0122314505
26208446.1163522 0.03234763 -0.0947 0.008677784 -0.07589152 0.0011718135 0.9970437 0.011958589
26258463.1163522 0.044725608 -0.09747926 0.018958753 -0.06840698 0.004519918 0.997588 0.0108807925
26308480.1163522 0.055478808 -0.1007795 0.027078813 -0.057969194 0.006735625 0.99824226 0.010329211
26358497.1163522 0.065045044 -0.105253555 0.037216187 -0.045892656 0.010857885 0.9988415 0.009569874
26408515.1163522 0.08844053 -0.10449406 0.044396926 -0.034226008 0.01556092 0.9992293 0.011285879
26458532.1163522 0.10323175 -0.10892399 0.051580478 -0.020837758 0.019332092 0.9995356 0.010980197
26508549.1163522 0.11905423 -0.11291448 0.05959894 -0.008373226 0.023719246 0.9996294 0.010413234
26558566.1163522 0.13399053 -0.11857079 0.06367902 0.004047674 0.027519608 0.99956584 0.009717056
26608583.1163522 0.14867705 -0.12325149 0.06949318 0.017264416 0.030108597 0.9993592 0.008760723
26658601.1163522 0.15915003 -0.12606527 0.07389723 0.029621432 0.03172773 0.99901795 0.008900582
26708618.1163522 0.16940813 -0.13102254 0.077382244 0.039188676 0.03411158 0.99860466 0.009455169
26758635.1163522 0.1768928 -0.13648672 0.084943116 0.049598895 0.03573692 0.99807686 0.010269079
26808652.1163522 0.18497771 -0.13991238 0.08536058 0.06062488 0.037936565 0.99735993 0.01259832
26858670.1163522 0.18804224 -0.14763203 0.0913758 0.071993805 0.04127194 0.9964696 0.01272246
26908687.1163522 0.19470416 -0.15152894 0.09502647 0.08178559 0.044904426 0.99553305 0.014447841
26958704.1163522 0.19529368 -0.15761122 0.10145375 0.09366013 0.047784127 0.9943562 0.014149632
27008721.1163522 0.19562939 -0.15998374 0.10785012 0.1041392 0.05081698 0.9931465 0.015257987
27058739.1163522 0.19577715 -0.16216615 0.1161438 0.11626646 0.053889625 0.9916226 0.016205756
27108756.1163522 0.19224541 -0.16396646 0.12133084 0.12897323 0.058718 0.9897565 0.017326877
27158773.1163522 0.19014674 -0.16537336 0.12926492 0.13967377 0.06409421 0.9879486 0.018460728
27208790.1163522 0.18719529 -0.16407771 0.13923435 0.15352815 0.07121977 0.9853712 0.020013638
27258807.1163522 0.18266304 -0.16828829 0.14705773 0.1638295 0.07749365 0.9832477 0.019458648
27308825.1163522 0.17981866 -0.16685903 0.1530156 0.17264454 0.084473014 0.9811457 0.020285225
27358842.1163522 0.16949503 -0.16288169 0.16685574 0.17955512 0.09085755 0.9793153 0.02112941
27408859.1163522 0.15725982 -0.16571818 0.1709809 0.18396175 0.093471214 0.97828233 0.019621931
27458876.1163522 0.15602191 -0.16891389 0.18115047 0.18636529 0.09732487 0.9775151 0.016129564
27508894.1163522 0.15257108 -0.16543871 0.18167989 0.1821874 0.09878397 0.9781591 0.015944254
27558911.1163522 0.14173852 -0.16669497 0.19217327 0.18320717 0.09970538 0.9779305 0.012086621
27608928.1163522 0.12219866 -0.16439573 0.20469826 0.18409072 0.100648 0.9776796 0.011096853
27658945.1163522 0.11528548 -0.16708454 0.21152177 0.18124434 0.10178686 0.9781294 0.0072814105
27708963.1163522 0.10166355 -0.16600384 0.22073464 0.17914563 0.10295675 0.9783969 0.006812888
27758980.1163522 0.09487739 -0.16879453 0.22321479 0.17012848 0.102509476 0.98006195 0.0051730075
27808997.1163522 0.07850433 -0.17244369 0.23397245 0.16697577 0.09808307 0.98106384 0.0035451432
27859014.1163522 0.06648882 -0.17313966 0.2404589 0.1604789 0.09322224 0.98261946 0.0039016877
27909032.1163522 0.05582404 -0.17614283 0.24822895 0.15436304 0.08833676 0.98405457 0.0022923565
27959049.1163522 0.048583955 -0.18080385 0.25244814 0.14589074 0.08527697 0.9856179 0.0011275067
28009066.1163522 0.04184871 -0.18441899 0.2565433 0.13677305 0.08130233 0.9872604 2.3892453e-05
28059083.1163522 0.03622109 -0.18589592 0.26184824 0.13042416 0.07759502 0.9884169 0.0007553144
28109100.1163522 0.02865002 -0.18904229 0.26774198 0.12628204 0.073577896 0.9892615 0.00091732974
28159118.1163522 0.022252582 -0.19031341 0.27087736 0.12162934 0.07126629 0.9900111 0.0023502384
28209135.1163522 0.01863799 -0.19357145 0.27466348 0.11665369 0.069943294 0.9907038 0.0024424877
28259152.1163522 0.016072199 -0.19561394 0.27738535 0.1112841 0.06946406 0.99135375 0.0028961676
28309169.1163522 0.013026416 -0.19567667 0.27924997 0.10819139 0.067152165 0.99185115 0.0040794476
28359187.1163522 0.009446094 -0.20220283 0.28277507 0.10619949 0.064840466 0.9922258 0.002314232
28409204.1163522 0.010740464 -0.20387986 0.28062314 0.10272704 0.062930174 0.99271387 0.0025008228
28459221.1163522 0.0148812095 -0.20481794 0.27802512 0.0994341 0.061201338 0.9931566 0.0026876277
28509238.1163522 0.017102515 -0.20368968 0.27773657 0.097453624 0.058927253 0.99349266 0.0016625557
28559256.1163522 0.020218343 -0.20154482 0.26889172 0.0959188 0.057441834 0.99372804 0.002165448
28609273.1163522 0.028919145 -0.20221792 0.2680349 0.09410052 0.056720827 0.993943 0.0022830311
28659290.1163522 0.034502305 -0.20067221 0.26434672 0.09351996 0.05618973 0.99402624 0.0029421386
28709307.1163522 0.038110033 -0.20196909 0.26449814 0.09677777 0.05559528 0.99375 0.0020698884
28759324.1163522 0.05028254 -0.20353505 0.25719684 0.097097926 0.056250554 0.9936828 0.0015368875
28809342.1163522 0.05468602 -0.19579539 0.25130558 0.098921604 0.056755416 0.9934656 0.0044261273
28859359.1163522 0.07210846 -0.1901728 0.24297191 0.0972447 0.058420874 0.9935284 0.005637622
28909376.1163522 0.09024493 -0.18345368 0.23170458 0.09366954 0.06115825 0.9936961 0.0073339147
28959393.1163522 0.10047079 -0.17760085 0.22102328 0.09239572 0.06036169 0.99385995 0.007867108
29009411.1163522 0.105949074 -0.17577012 0.21549511 0.09105176 0.058428787 0.99411625 0.0053409943
29059428.1163522 0.12166931 -0.16791214 0.20298088 0.08619971 0.057829447 0.9945851 0.005098405
29109445.1163522 0.1302733 -0.15992023 0.19374861 0.085694455 0.053919032 0.9948534 0.004012296
29159462.1163522 0.14504084 -0.16892608 0.18268755 0.08123808 0.051942393 0.99532783 -0.0049894964
29209480.1163522 0.15143466 -0.16180755 0.17502517 0.0784107 0.04849899 0.9957178 -0.0067562703
29259497.1163522 0.15635377 -0.15706415 0.16728574 0.0749775 0.047047913 0.9960256 -0.0098939445
29309514.1163522 0.15946312 -0.15121843 0.15985957 0.07047535 0.04437287 0.99645495 -0.011909479
29359531.1163522 0.16714334 -0.14774668 0.15248552 0.06572071 0.04294752 0.996809 -0.014425889
29409549.1163522 0.17074864 -0.14026412 0.14882833 0.058204714 0.042648394 0.9972958 -0.013945126
29459566.1163522 0.1676533 -0.13394491 0.14458944 0.052795697 0.042131525 0.9976274 -0.013314882
29509583.1163522 0.16599852 -0.1305136 0.14060435 0.046986077 0.04176631 0.99793154 -0.013433755
29559600.1163522 0.16171147 -0.12812722 0.13939643 0.037852116 0.042280197 0.99829847 -0.013410262
29609617.1163522 0.15685533 -0.12574454 0.13958211 0.029104942 0.04131373 0.9986247 -0.0139596425
29659635.1163522 0.14828843 -0.12423193 0.13979179 0.022800522 0.040845953 0.99879175 -0.015060974
29709652.1163522 0.1434529 -0.12472948 0.14510867 0.018464362 0.040779565 0.99884665 -0.017365908
29759669.1163522 0.13152291 -0.12532376 0.15161057 0.015742574 0.041606385 0.9988295 -0.01899632
29809686.1163522 0.12289688 -0.12317945 0.16037516 0.010465967 0.04129257 0.9988883 -0.020190446
29859704.1163522 0.11458059 -0.121705204 0.16538286 0.008008087 0.040004887 0.9989306 -0.021754777
29909721.1163522 0.103820145 -0.12408332 0.17733021 0.007648006 0.038945567 0.9988982 -0.025044631
29959738.1163522 0.08702018 -0.12523824 0.19147572 0.012290525 0.036685985 0.998873 -0.027495492
30009755.1163522 0.07325728 -0.12911925 0.20176357 0.015566135 0.038389925 0.998691 -0.030003043
30059773.1163522 0.06024225 -0.12577409 0.22076279 0.021219641 0.039103765 0.99860185 -0.028547395
30109790.1163522 0.052356143 -0.13042901 0.23393989 0.02794565 0.043677803 0.99823606 -0.028914437
30159807.1163522 0.04143109 -0.14121331 0.24445598 0.033865217 0.050061747 0.997726 -0.029828822
30209824.1163522 0.033601727 -0.14650354 0.25910315 0.038439285 0.056345537 0.9972537 -0.028855722
30259841.1163522 0.024705656 -0.15296227 0.27075264 0.04385597 0.062052093 0.9967257 -0.027645674
30309859.1163522 0.017102009 -0.1563187 0.280749 0.048420392 0.06620225 0.99628556 -0.026227826
30359876.1163522 0.009579647 -0.16256495 0.28692713 0.055582352 0.066273294 0.9958995 -0.026508575
30409893.1163522 0.005562438 -0.16867405 0.2960384 0.057913534 0.07040626 0.9954567 -0.027478125
30459910.1163522 -0.002963906 -0.174147 0.30617926 0.0617863 0.07063447 0.9951729 -0.028709402
30509928.1163522 -0.007252003 -0.17728347 0.3128309 0.061975196 0.07233928 0.9950425 -0.028576352
30559945.1163522 -0.013464395 -0.18456453 0.3158625 0.06168423 0.07226953 0.9950158 -0.030262116
30609962.1163522 -0.023375321 -0.18530732 0.3255118 0.064861804 0.07151155 0.9949022 -0.029133081
30659979.1163522 -0.024305964 -0.1924402 0.33187327 0.063743494 0.07276017 0.99482054 -0.031224707
30709997.1163522 -0.024297992 -0.20127463 0.33712903 0.0642298 0.07246223 0.9947258 -0.033828754
30760014.1163522 -0.02963091 -0.20302472 0.34329796 0.06840091 0.07176688 0.9945543 -0.032135323
30810031.1163522 -0.024530564 -0.2086154 0.3443202 0.07272251 0.07375974 0.99412507 -0.031406283
30860048.1163522 -0.017058164 -0.21157812 0.3429579 0.07820336 0.07589438 0.9936345 -0.028545752
30910066.1163522 -0.012972148 -0.21617176 0.34242776 0.083405174 0.078066796 0.9931019 -0.02641599
30960083.1163522 -0.005903185 -0.21855453 0.3402114 0.089200325 0.07831708 0.99262756 -0.024502765
31010100.1163522 0.0013641851 -0.22164732 0.3371513 0.09582623 0.07799357 0.9920428 -0.024196148
31060117.1163522 0.011657732 -0.22142352 0.33184028 0.09944689 0.07800797 0.991707 -0.023289746
31110134.1163522 0.019226834 -0.22007892 0.32857734 0.107202664 0.07688294 0.99096936 -0.024007713
31160152.1163522 0.0322194 -0.21622851 0.32550386 0.11530229 0.07739195 0.9899989 -0.024863873
31210169.1163522 0.043394566 -0.21357243 0.32130998 0.123736545 0.077918045 0.9888978 -0.02644313
31260186.1163522 0.05551383 -0.21167205 0.31640583 0.13261037 0.07928457 0.987611 -0.027442137
31310203.1163522 0.06765625 -0.20888337 0.30915505 0.14138883 0.0809455 0.98623914 -0.028095981
31360221.1163522 0.07857264 -0.20532888 0.30366462 0.14963262 0.08251362 0.98488253 -0.028425192
31410238.1163522 0.09198891 -0.20155585 0.2978067 0.15570718 0.08486115 0.9837034 -0.029691035
31460255.1163522 0.10665609 -0.1948693 0.2918004 0.16159675 0.08588163 0.98259985 -0.031755544
31510272.1163522 0.11765034 -0.1908507 0.28665578 0.16900854 0.08520941 0.9812595 -0.03612914
31560290.1163522 0.12886743 -0.18343426 0.28344253 0.16813095 0.085092284 0.98128706 -0.039586984
31610307.1163522 0.13436455 -0.18103828 0.28029513 0.16602826 0.082911916 0.98162615 -0.044389907
31660324.1163522 0.14096995 -0.17313862 0.27989036 0.16441531 0.08174376 0.98183894 -0.047726925
31710341.1163522 0.13920005 -0.16661395 0.28224576 0.16240552 0.08075402 0.9821075 -0.05067568
31760358.1163522 0.14304997 -0.16070032 0.28670394 0.15716688 0.08049269 0.9828527 -0.053104192
31810376.1163522 0.14225756 -0.16102391 0.2959305 0.1552095 0.078810096 0.9829794 -0.058740553
31860393.1163522 0.1433116 -0.16287805 0.30731246 0.1549657 0.07674992 0.9828634 -0.06383284
31910410.1163522 0.1452333 -0.1505178 0.3143414 0.15190056 0.07785873 0.98349833 -0.05996086
31960427.1163522 0.14291869 -0.15029903 0.32595935 0.14949027 0.07670397 0.98393756 -0.060299814
32010445.1163522 0.14031085 -0.15712589 0.3387633 0.14482038 0.07568269 0.9846539 -0.06128599
32060462.1163522 0.13865034 -0.16359104 0.35349387 0.14126691 0.07466056 0.98529536 -0.060518187
32110479.1163522 0.1389501 -0.1704253 0.3705443 0.14127468 0.07553626 0.98535085 -0.058477107
32160496.1163522 0.14203618 -0.17861514 0.38496363 0.13993105 0.0778419 0.98551697 -0.055824183
32210514.1163522 0.14399779 -0.19071122 0.40049282 0.14433268 0.07953093 0.9847691 -0.055432376
32260531.1163522 0.15208952 -0.19485506 0.4174232 0.14506768 0.084448785 0.98444927 -0.051802643
32310548.1163522 0.15821598 -0.20357889 0.43086204 0.15023018 0.08900829 0.98333853 -0.050534952
32360565.1163522 0.16573638 -0.21090272 0.4444183 0.15627562 0.09222804 0.9821441 -0.04964855
32410583.1163522 0.17418994 -0.21561739 0.45744255 0.1638267 0.0942321 0.980739 -0.04931772
32460600.1163522 0.18394874 -0.22212256 0.4676908 0.1730665 0.09521261 0.9789542 -0.051296692
32510617.1163522 0.193152 -0.22458069 0.47517693 0.1811146 0.09515021 0.97748613 -0.051622186
32560634.1163522 0.2026626 -0.2274901 0.4804711 0.19157128 0.094628684 0.9754541 -0.053246494
32610651.1163522 0.2102888 -0.23009256 0.48620448 0.19917165 0.09308176 0.9739353 -0.05582616
32660669.1163522 0.21735454 -0.23208565 0.49017322 0.20643285 0.09247058 0.97228086 -0.05920074
32710686.1163522 0.22082943 -0.23092502 0.492183 0.21235548 0.09249235 0.9708523 -0.061612464
32760703.1163522 0.22617039 -0.22733665 0.4925186 0.21639757 0.09422527 0.9696439 -0.06390963
32810720.1163522 0.23177017 -0.22738698 0.49333394 0.2175287 0.097348355 0.96870184 -0.06943625
32860738.1163522 0.23112027 -0.2218149 0.49261326 0.21485125 0.10106698 0.968766 -0.07153257
32910755.1163522 0.23258698 -0.21266143 0.49514282 0.21271582 0.10390301 0.9688636 -0.07252207
32960772.1163522 0.22614177 -0.2070497 0.49899647 0.20503098 0.105258346 0.9702642 -0.07396192
33010789.1163522 0.21907319 -0.20389082 0.50171345 0.19414538 0.10586297 0.9722847 -0.0759158
33060807.1163522 0.20816663 -0.2016663 0.5059514 0.18184327 0.10295963 0.9748015 -0.078067265
33110824.1163522 0.1941354 -0.19822495 0.5085047 0.16783953 0.100754455 0.97751534 -0.07837252
33160841.1163522 0.17916957 -0.19738114 0.5106597 0.15295056 0.094608456 0.9803696 -0.08081365
33210858.1163522 0.16261119 -0.19590658 0.513423 0.13655882 0.08864077 0.98317623 -0.08281951
33260875.1163522 0.14436516 -0.19263934 0.5151749 0.121298335 0.08163415 0.9856831 -0.08397277
33310893.1163522 0.12715895 -0.19203894 0.51480967 0.10455808 0.0752507 0.9878736 -0.08666488
33360910.1163522 0.10842161 -0.19121478 0.51451224 0.08698186 0.0699908 0.9897877 -0.08863272
33410927.1163522 0.09120319 -0.18974237 0.5139795 0.07105607 0.064130545 0.991389 -0.08936581
33460944.1163522 0.07276554 -0.18761446 0.51189584 0.055738136 0.05886303 0.9927361 -0.08890138
33510962.1163522 0.055554587 -0.18815582 0.50950944 0.041659866 0.053975813 0.99369437 -0.08900917
33560979.1163522 0.03716824 -0.18668061 0.50763416 0.029483117 0.048834834 0.99455404 -0.087225184
33610996.1163522 0.02124943 -0.1887476 0.5072043 0.015513131 0.043757897 0.9951033 -0.08725858
33661013.1163522 0.0059841373 -0.18939681 0.5060064 0.0042398833 0.0389553 0.99556637 -0.08551101
33711031.1163522 -0.0074809277 -0.19340388 0.50606656 -0.006328449 0.034326624 0.9957302 -0.0854583
33761048.1163522 -0.016552709 -0.20026362 0.5070351 -0.015121153 0.032520305 0.9956564 -0.08591938
33811065.1163522 -0.029128203 -0.20061189 0.51061296 -0.018864011 0.030449115 0.99601066 -0.08173029
33861082.1163522 -0.036113627 -0.20519355 0.5134297 -0.022695018 0.029441101 0.9961739 -0.07909384
33911100.1163522 -0.04271109 -0.21212587 0.51858664 -0.022851827 0.027475629 0.99646103 -0.07608079
33961117.1163522 -0.0442688 -0.21745838 0.52530015 -0.021726856 0.026240338 0.9968473 -0.07165908
34011134.1163522 -0.042047516 -0.2278575 0.5317124 -0.02106853 0.02659637 0.9970063 -0.06947854
34061151.1163522 -0.043049213 -0.23240058 0.5383398 -0.019097138 0.026853103 0.9973501 -0.06486248
34111168.1163522 -0.046696566 -0.23901683 0.54517007 -0.012921516 0.02505418 0.9976476 -0.06248829
34161186.1163522 -0.042522363 -0.24819261 0.55167377 -0.0033527694 0.02633145 0.9977328 -0.061843947
34211203.1163522 -0.036446612 -0.2522039 0.5573624 0.0044559063 0.02874356 0.9978303 -0.059066556
34261220.1163522 -0.031575553 -0.25604632 0.56377643 0.012656116 0.031832814 0.9977654 -0.05736479
34311237.1163522 -0.022981232 -0.25904277 0.56834465 0.02023303 0.03562672 0.9975282 -0.05708679
34361255.1163522 -0.014815774 -0.25884378 0.57117146 0.027484156 0.03922699 0.99721557 -0.057158027
34411272.1163522 -0.010095499 -0.2556473 0.5748581 0.039450917 0.039761536 0.99673337 -0.05818396
34461289.1163522 -0.00255342 -0.25467142 0.5784566 0.046991352 0.04271835 0.9960004 -0.06285018
34511306.1163522 0.0035731585 -0.24983336 0.58116734 0.05545165 0.045305375 0.9951485 -0.06746899
34561324.1163522 0.008978511 -0.24352796 0.5828417 0.061380733 0.048225503 0.99428684 -0.072804205
34611341.1163522 0.014673526 -0.23857224 0.5833336 0.065092646 0.051545598 0.9934252 -0.07881938
34661358.1163522 0.016372956 -0.230759 0.58430254 0.06786369 0.054794397 0.9927498 -0.08270412
34711375.1163522 0.018670931 -0.22254913 0.58160746 0.06229888 0.05809245 0.99275845 -0.08470418
34761392.1163522 0.015589798 -0.21812603 0.5776089 0.057603702 0.058548197 0.9926927 -0.08840366
34811410.1163522 0.009518327 -0.21080218 0.5743713 0.04883444 0.05799362 0.9930558 -0.089956805
34861427.1163522 0.0020964032 -0.20853584 0.5715537 0.036387656 0.05697295 0.9932419 -0.09434297
34911444.1163522 -0.009001631 -0.2018378 0.56703675 0.021873338 0.053080786 0.9936996 -0.09625566
34961461.1163522 -0.020902416 -0.19576286 0.5616298 0.00519147 0.04854087 0.9939029 -0.09886229
35011479.1163522 -0.034955777 -0.18970296 0.5576517 -0.0076317606 0.041511532 0.9938427 -0.10244599
35061496.1163522 -0.046729673 -0.18437912 0.5510702 -0.024290299 0.036844034 0.99339014 -0.10596459
35111513.1163522 -0.05892747 -0.18138371 0.5432143 -0.039521974 0.031913903 0.99265236 -0.109821714
35161530.1163522 -0.07297129 -0.17653027 0.53356236 -0.05231246 0.027737005 0.9921348 -0.11028437
35211548.1163522 -0.08525473 -0.16989836 0.5225337 -0.063402526 0.02422921 0.9918645 -0.10769375
35261565.1163522 -0.096120276 -0.16844475 0.50758415 -0.076075956 0.021849893 0.991403 -0.10418838
35311582.1163522 -0.10450022 -0.16929603 0.48980948 -0.09333833 0.019795604 0.99040765 -0.09994468
35361599.1163522 -0.114792496 -0.16548672 0.47253552 -0.103187785 0.014602059 0.990313 -0.09175663
35411617.1163522 -0.11628969 -0.17169745 0.45348144 -0.11119673 0.012279186 0.9898521 -0.08762054
35461634.1163522 -0.12121839 -0.17261976 0.43830386 -0.11176502 0.011606312 0.9903801 -0.08075364
35511651.1163522 -0.124045365 -0.17336732 0.41984546 -0.11087901 0.010214884 0.9910129 -0.07412862
35561668.1163522 -0.11726277 -0.1741343 0.4103737 -0.10703362 0.009488416 0.99185556 -0.06838426
35611685.1163522 -0.10924765 -0.17261824 0.39589146 -0.097831115 0.010011545 0.9932351 -0.061748143
35661703.1163522 -0.099021815 -0.1737562 0.38625357 -0.08570918 0.010707439 0.99458176 -0.0578496
35711720.1163522 -0.08996085 -0.17172466 0.37273756 -0.07305053 0.011479517 0.99582887 -0.053448096
35761737.1163522 -0.079725176 -0.16925243 0.36023378 -0.060184002 0.012672515 0.99679035 -0.051249154
35811754.1163522 -0.07150666 -0.1672558 0.3460683 -0.043451108 0.014627944 0.99766713 -0.050580617
35861772.1163522 -0.063369885 -0.1596759 0.33270776 -0.030397575 0.018356744 0.99809986 -0.0503561
35911789.1163522 -0.057063222 -0.15242448 0.31877866 -0.019094834 0.022792792 0.9982351 -0.051406458
35961806.1163522 -0.04948443 -0.14192718 0.30565125 -0.008763824 0.025387768 0.9982752 -0.05220468
36011823.1163522 -0.040238205 -0.13473313 0.29230574 -0.00044598416 0.029897444 0.9980341 -0.05508124
36061841.1163522 -0.037600238 -0.12706903 0.2791319 0.007176045 0.032857418 0.9977849 -0.05739501
36111858.1163522 -0.031080948 -0.11882426 0.26772487 0.009561213 0.038709726 0.99737597 -0.060426243
36161875.1163522 -0.026921876 -0.10858342 0.25773937 0.012823296 0.04246615 0.99704397 -0.062733814
36211892.1163522 -0.022002535 -0.10276632 0.24747989 0.014603777 0.04645027 0.9965108 -0.067789055
36261909.1163522 -0.026941283 -0.09333498 0.24478817 0.015321681 0.048851565 0.9961575 -0.071056165
36311927.1163522 -0.023213634 -0.09041144 0.23522861 0.011938898 0.051660813 0.99578255 -0.074871905
36361944.1163522 -0.02482059 -0.08524524 0.2279633 0.004198327 0.05099872 0.99581665 -0.075701274
36411961.1163522 -0.032158736 -0.08219661 0.22256832 -0.0052551725 0.04822989 0.99597555 -0.07535942
36461978.1163522 -0.035900813 -0.08295224 0.21824314 -0.0151907215 0.04344226 0.9960325 -0.07616692
36511996.1163522 -0.042201683 -0.08165025 0.21063907 -0.025819428 0.03713886 0.9962036 -0.07438076
36562013.1163522 -0.046586208 -0.08238715 0.20279662 -0.034646608 0.03152085 0.99622345 -0.07310946
36612030.1163522 -0.046427958 -0.083107285 0.1927733 -0.0432885 0.026656797 0.99624765 -0.07004396
36662047.1163522 -0.043986343 -0.08609133 0.18711323 -0.048768718 0.022159759 0.99628156 -0.0674811
36712065.1163522 -0.03069695 -0.0886584 0.18076856 -0.054480497 0.017735062 0.99636644 -0.06301823
36762082.1163522 -0.019341476 -0.08633896 0.17113534 -0.05648888 0.012215385 0.99676394 -0.055871
36812099.1163522 -0.0025912635 -0.08746825 0.15845527 -0.058716264 0.008097708 0.99704427 -0.04888283
36862116.1163522 0.0148343565 -0.08862538 0.14230065 -0.061764874 0.0032639098 0.99714565 -0.043301046
36912134.1163522 0.03355976 -0.08819134 0.13011977 -0.059021425 -0.0011234103 0.9975128 -0.03851653
36962151.1163522 0.056061957 -0.08374136 0.11920616 -0.05705296 -0.005680762 0.9977416 -0.034991503
37012168.1163522 0.07969892 -0.08623613 0.10753329 -0.054791152 -0.009761518 0.9977922 -0.036240816
37062185.1163522 0.10047382 -0.08330487 0.097645774 -0.05143163 -0.01177728 0.99791425 -0.037192944
37112202.1163522 0.12266381 -0.0811063 0.089190744 -0.04915782 -0.014130571 0.99790204 -0.039690416
37162220.1163522 0.14669818 -0.07743618 0.08008982 -0.04542746 -0.01584493 0.9979024 -0.043315306
37212237.1163522 0.16698465 -0.07211727 0.07337098 -0.043087453 -0.014821217 0.9978706 -0.046669405
37262254.1163522 0.18795316 -0.06762492 0.06721922 -0.038745705 -0.011555093 0.9978749 -0.05109702
37312271.1163522 0.20931233 -0.06353556 0.061607145 -0.033114597 -0.0076411893 0.9979704 -0.053852767
37362289.1163522 0.22586027 -0.05551963 0.058048494 -0.024561381 -0.0011540204 0.9982607 -0.05358216
37412306.1163522 0.24832077 -0.05273665 0.052566096 -0.0198715 0.0064970287 0.99833363 -0.05378606
37462323.1163522 0.2650653 -0.049750574 0.04593707 -0.016347332 0.0144612035 0.99834734 -0.053162776
37512340.1163522 0.2750523 -0.044438694 0.039956562 -0.011467997 0.021833887 0.9983824 -0.051229827
37562358.1163522 0.28561443 -0.041953634 0.034701396 -0.009844104 0.029598916 0.99823695 -0.05049783
37612375.1163522 0.29314354 -0.035827678 0.033010885 -0.0074849674 0.036570948 0.99809444 -0.049133833
37662392.1163522 0.2895786 -0.03686099 0.023802442 -0.0050888387 0.042214684 0.9979048 -0.048765387
37712409.1163522 0.29358518 -0.031693768 0.023835583 -0.010635848 0.046060693 0.99778897 -0.046717472
37762426.1163522 0.28269565 -0.029049283 0.02178061 -0.012546314 0.046232205 0.99783444 -0.0450729
37812444.1163522 0.27758652 -0.03255261 0.017367922 -0.021904156 0.042944144 0.99783355 -0.04476881
37862461.1163522 0.26405296 -0.031630084 0.016276432 -0.028060932 0.039051123 0.9979421 -0.042417757
37912478.1163522 0.24960767 -0.033260185 0.0140262395 -0.034377664 0.033949606 0.99802476 -0.04015335
37962495.1163522 0.23727584 -0.034765635 0.006944603 -0.03988544 0.029452106 0.99809694 -0.036665037
38012513.1163522 0.22413328 -0.03705131 0.0028595596 -0.044492718 0.02511224 0.9981837 -0.03192309
38062530.1163522 0.20808014 -0.041725036 -0.0034618895 -0.048240494 0.020324048 0.99825114 -0.027469836
38112547.1163522 0.19186144 -0.043514423 -0.009982724 -0.04964478 0.016607301 0.99838674 -0.021989979
38162564.1163522 0.17991613 -0.04512307 -0.018806059 -0.05010333 0.013309779 0.998516 -0.016680272
38212582.1163522 0.16644776 -0.045771353 -0.022389526 -0.045748085 0.011422476 0.99879926 -0.013292519
38262599.1163522 0.16613418 -0.049430262 -0.027949737 -0.04455754 0.011821846 0.99886924 -0.0116265835
38312616.1163522 0.1679137 -0.051304627 -0.026887724 -0.039823372 0.011522218 0.9990758 -0.011357542
38362633.1163522 0.16855106 -0.050801642 -0.026677955 -0.032483224 0.012627132 0.999342 -0.010045955
38412651.1163522 0.1721416 -0.053543963 -0.027803885 -0.025764806 0.014348721 0.99952066 -0.009423809
38462668.1163522 0.17697163 -0.053028837 -0.025077498 -0.018759506 0.01434234 0.9996856 -0.008438326
38512685.1163522 0.19113615 -0.05744526 -0.02660468 -0.016046567 0.017508646 0.99967587 -0.009169532
38562702.1163522 0.19627136 -0.054051686 -0.020715227 -0.008830354 0.0205199 0.9997138 -0.008569953
38612719.1163522 0.20577042 -0.056629084 -0.013948768 -0.0023843606 0.021748975 0.99969244 -0.011678937
38662737.1163522 0.21763994 -0.052967586 -0.0070831235 0.0024963277 0.025003199 0.99958277 -0.0142500065
38712754.1163522 0.22795206 -0.052416507 0.0043316176 0.008269632 0.026267605 0.99942386 -0.019841762
38762771.1163522 0.24074572 -0.050769553 0.018025577 0.011931992 0.028590353 0.99918187 -0.02599776
38812788.1163522 0.25367096 -0.048513502 0.034311187 0.01593718 0.029546626 0.9989088 -0.032469586
38862806.1163522 0.2669736 -0.049292967 0.04820707 0.019672759 0.030944739 0.9985767 -0.038731463
38912823.1163522 0.2797825 -0.047054958 0.06519753 0.024192534 0.032417674 0.99823403 -0.043505423
38962840.1163522 0.2822637 -0.052903146 0.08121516 0.027469832 0.034010306 0.99782765 -0.049283102
39012857.1163522 0.29580206 -0.04914617 0.09555199 0.023370367 0.035566386 0.99775577 -0.051695377
39062875.1163522 0.2934665 -0.05000814 0.113601044 0.024665013 0.034835838 0.9976618 -0.053376187
39112892.1163522 0.28477424 -0.05338802 0.117035516 0.024581475 0.032776125 0.9976292 -0.055293906
39162909.1163522 0.28606236 -0.05672715 0.13137531 0.020785749 0.03257877 0.9977201 -0.055327762
39212926.1163522 0.28158695 -0.06271339 0.14410077 0.01799816 0.032211695 0.99778473 -0.055355296
39262943.1163522 0.28195 -0.07462522 0.16053733 0.015334757 0.03246257 0.9977393 -0.05681027
39312961.1163522 0.2822175 -0.08422213 0.17410807 0.014785615 0.03133839 0.9978098 -0.056347158
39362978.1163522 0.2802766 -0.089329265 0.18941075 0.014553012 0.033235896 0.99789023 -0.053840347
39412995.1163522 0.2748209 -0.09888923 0.2041901 0.017738149 0.03374902 0.9979289 -0.051809665
39463012.1163522 0.2746766 -0.108446695 0.21890818 0.023121702 0.035257295 0.99791104 -0.048949234
39513030.1163522 0.27269775 -0.11708411 0.2365708 0.032911524 0.039703466 0.99762535 -0.045652527
39563047.1163522 0.27691662 -0.12651087 0.25203246 0.039033014 0.047095276 0.99719757 -0.04307551
39613064.1163522 0.27834183 -0.13769627 0.2673972 0.0478601 0.053198103 0.9965044 -0.043109767
39663081.1163522 0.2801903 -0.14964391 0.28041828 0.05983943 0.05818338 0.99549204 -0.045051664
39713099.1163522 0.2838338 -0.15502495 0.29439187 0.06969645 0.060413465 0.9946949 -0.0455501
39763116.1163522 0.28902003 -0.15871143 0.30465233 0.07913959 0.061289325 0.993925 -0.045758333
39813133.1163522 0.29211822 -0.16319858 0.31488276 0.08729897 0.06052363 0.9931484 -0.048705157
39863150.1163522 0.2934716 -0.16236784 0.3248373 0.09629249 0.057391346 0.9923286 -0.052135147
39913168.1163522 0.29645428 -0.15990257 0.33602995 0.10724142 0.05438446 0.9910927 -0.057244655
39963185.1163522 0.3002643 -0.15533368 0.3488543 0.11582736 0.05240286 0.98982716 -0.06387714
40013202.1163522 0.3002591 -0.14959137 0.35919747 0.12372145 0.04966246 0.98840904 -0.07262412
40063219.1163522 0.2997017 -0.1413676 0.37120673 0.127222 0.04994381 0.9872131 -0.08204027
40113236.1163522 0.29597726 -0.13574487 0.3817141 0.12953225 0.050085254 0.98598284 -0.09247051
40163254.1163522 0.2963473 -0.12431019 0.39092195 0.12520379 0.054260995 0.98564774 -0.09939031
40213271.1163522 0.28958616 -0.11745283 0.3978631 0.12038451 0.056679882 0.9853864 -0.10634228
40263288.1163522 0.27847558 -0.10957569 0.40521985 0.11423853 0.061195247 0.9853632 -0.1107435
40313305.1163522 0.2665169 -0.105966166 0.4122036 0.10158673 0.06421822 0.9860364 -0.11527512
40363323.1163522 0.25458896 -0.10268688 0.4210949 0.090534024 0.06485728 0.98656964 -0.119488955
40413340.1163522 0.24519967 -0.10101612 0.4265636 0.07444614 0.06556437 0.9874902 -0.12256557
40463357.1163522 0.23134011 -0.10124284 0.43321082 0.061448112 0.06447406 0.98810583 -0.12535644
40513374.1163522 0.21612138 -0.10430173 0.438083 0.04689329 0.061854172 0.9889477 -0.1263237
40563392.1163522 0.20660526 -0.10644894 0.4428211 0.030656619 0.05645637 0.9899911 -0.12566021
40613409.1163522 0.19493885 -0.11102491 0.44542137 0.022578947 0.050503872 0.9908572 -0.12305151
40663426.1163522 0.19313677 -0.116209835 0.4472469 0.018122701 0.047671095 0.99150985 -0.1196136
40713443.1163522 0.19069484 -0.12248777 0.45303154 0.02078366 0.048762463 0.99192107 -0.11525164
40763460.1163522 0.19641231 -0.12937465 0.46027616 0.024921127 0.05149913 0.992003 -0.112503
40813478.1163522 0.20480843 -0.13569969 0.470797 0.035870608 0.05471529 0.99161625 -0.11143078
40863495.1163522 0.21745381 -0.13857993 0.48189995 0.048748333 0.05735797 0.9911513 -0.10932887
40913512.1163522 0.23650421 -0.14228639 0.49476674 0.06328639 0.06154397 0.9903163 -0.10714889
40963529.1163522 0.2580106 -0.14708555 0.5077051 0.08236919 0.06565009 0.9889581 -0.104245774
41013547.1163522 0.28084975 -0.15170835 0.5204471 0.10325236 0.072031446 0.98687905 -0.10109495
41063564.1163522 0.30470654 -0.1578808 0.53410286 0.123016566 0.079723276 0.9842527 -0.098781735
41113581.1163522 0.32907653 -0.16466011 0.54511076 0.14065757 0.089187525 0.9812469 -0.09703463
41163598.1163522 0.35342258 -0.17012502 0.55643505 0.15760559 0.098150514 0.9779289 -0.09582342
41213616.1163522 0.37505686 -0.17503017 0.5659853 0.17334154 0.10592706 0.9746155 -0.09411084
41263633.1163522 0.39777887 -0.17947324 0.57565576 0.18573698 0.113480195 0.9715343 -0.09351531
41313650.1163522 0.41807583 -0.18245785 0.5835894 0.20064667 0.11824932 0.96811485 -0.09225907
41363667.1163522 0.4347673 -0.1867377 0.5901627 0.21082124 0.121591836 0.9655772 -0.09181844
41413685.1163522 0.44972885 -0.18720497 0.5968723 0.21842703 0.1242128 0.96376646 -0.08952708
41463702.1163522 0.46183607 -0.19144225 0.60381365 0.22202067 0.12421759 0.96292496 -0.08973564
41513719.1163522 0.47121033 -0.19131173 0.61069703 0.22516108 0.12495585 0.962255 -0.08805585
41563736.1163522 0.47781807 -0.19368166 0.61839676 0.2261771 0.1264026 0.9618184 -0.0881576
41613753.1163522 0.4823143 -0.19097988 0.62610286 0.22401774 0.1295166 0.9621358 -0.085652605
41663771.1163522 0.47993106 -0.1937485 0.62953275 0.22199072 0.12892367 0.9627117 -0.08535267
41713788.1163522 0.4750123 -0.19361039 0.63499117 0.2145657 0.13016151 0.96435636 -0.0838831
41763805.1163522 0.46486962 -0.19614688 0.6406379 0.20881411 0.12819013 0.96571034 -0.08583409
41813822.1163522 0.453334 -0.194929 0.6461365 0.19660254 0.12688212 0.96844345 -0.08582355
41863840.1163522 0.4387547 -0.19565642 0.6534654 0.18521956 0.12518105 0.9706849 -0.08828516
41913857.1163522 0.42199117 -0.1967239 0.6603577 0.17411149 0.1218371 0.9729521 -0.09058232
41963874.1163522 0.4026326 -0.19774452 0.6651697 0.16110013 0.11719628 0.97563404 -0.091924466
42013891.1163522 0.38106328 -0.19838461 0.67031366 0.14890276 0.111201085 0.9782875 -0.09173823
42063909.1163522 0.3593159 -0.19818924 0.6725768 0.13291775 0.107178986 0.9811658 -0.090328425
42113926.1163522 0.33541554 -0.19947818 0.67434275 0.11601194 0.10187635 0.98393905 -0.08959067
42163943.1163522 0.30947012 -0.2002086 0.6752124 0.09903314 0.09688274 0.9863363 -0.08914652
42213960.1163522 0.2837172 -0.20113596 0.67521465 0.08192934 0.09209169 0.9882934 -0.089905165
42263978.1163522 0.25711405 -0.20045516 0.6729767 0.068235666 0.08588837 0.9898844 -0.0899778
42313995.1163522 0.22872758 -0.19907916 0.6685137 0.05225084 0.08027855 0.9914008 -0.08916105
42364012.1163522 0.19901922 -0.19860505 0.66380763 0.03607003 0.07498457 0.9925423 -0.08908524
42414029.1163522 0.17130576 -0.19673543 0.6576426 0.020456215 0.07014694 0.9934127 -0.08827445
42464046.1163522 0.14232726 -0.19264856 0.6518338 0.0067998148 0.06658776 0.99397105 -0.08684093
42514064.1163522 0.11605605 -0.19235481 0.64554363 -0.0074563967 0.06448407 0.9940083 -0.08794181
42564081.1163522 0.09100419 -0.18897934 0.64033043 -0.021222265 0.06538442 0.9937641 -0.087792054
42614098.1163522 0.06541659 -0.18672493 0.634188 -0.032595344 0.06616401 0.9933205 -0.08873697
42664115.1163522 0.04330945 -0.18176107 0.6286197 -0.043912753 0.06899029 0.99270636 -0.08857835
42714133.1163522 0.022323985 -0.18312803 0.62470055 -0.05212201 0.07161983 0.9917547 -0.09260965
42764150.1163522 0.0061095394 -0.18059531 0.62092215 -0.05934346 0.07541354 0.9908999 -0.09438558
42814167.1163522 -0.010210598 -0.17782734 0.6204172 -0.06479794 0.077754624 0.9901831 -0.09639967
42864184.1163522 -0.02632103 -0.17822503 0.6202626 -0.06439476 0.077823676 0.9898539 -0.09993026
42914202.1163522 -0.038682148 -0.17840782 0.61964846 -0.06557419 0.07924888 0.98941725 -0.1023392
42964219.1163522 -0.050456244 -0.18439612 0.6199739 -0.061023865 0.07837979 0.9890993 -0.108697705
43014236.1163522 -0.05536256 -0.1821654 0.61595595 -0.061437115 0.08005508 0.9891864 -0.106428556
43064253.1163522 -0.06400644 -0.17744659 0.61202914 -0.05443993 0.07991299 0.9899639 -0.10306188
43114270.1163522 -0.06306534 -0.17565154 0.60490817 -0.044453356 0.07944867 0.9908573 -0.09956779
43164288.1163522 -0.05509579 -0.17265649 0.59671116 -0.036599357 0.08287571 0.99118847 -0.096631125
43214305.1163522 -0.04579041 -0.16346185 0.58981586 -0.01958398 0.08559354 0.991943 -0.09131999
43264322.1163522 -0.02853249 -0.15685731 0.5775276 -0.0086648185 0.08909217 0.99211454 -0.087728955
43314339.1163522 -0.011255093 -0.15026338 0.56498015 0.005133512 0.09108387 0.9922244 -0.084665105
43364357.1163522 0.009051935 -0.14296982 0.551808 0.018305192 0.091881976 0.99228823 -0.081158966
43414374.1163522 0.03257162 -0.13849227 0.5395503 0.027409406 0.09405513 0.9919451 -0.08029602
43464391.1163522 0.05813695 -0.13225102 0.52677923 0.039110836 0.09471422 0.99160856 -0.07881747
43514408.1163522 0.08707805 -0.12692662 0.51516473 0.047724597 0.09667703 0.9910556 -0.0786435
43564426.1163522 0.11982373 -0.12095098 0.50390077 0.060230743 0.09957449 0.9900627 -0.078950375
43614443.1163522 0.15123886 -0.11747355 0.4929499 0.07119148 0.10246324 0.98904604 -0.07887447
43664460.1163522 0.18425882 -0.11228375 0.48243773 0.08188103 0.10408454 0.98817927 -0.077224776
43714477.1163522 0.21887802 -0.110584594 0.47003034 0.090669006 0.10397145 0.98755085 -0.07558016
43764494.1163522 0.251833 -0.10790396 0.45960778 0.09826677 0.10456759 0.98695064 -0.07305965
43814512.1163522 0.28317797 -0.10845109 0.4507383 0.10553385 0.10502932 0.9862186 -0.07214173
43864529.1163522 0.31190634 -0.11012936 0.4450627 0.111112654 0.10552984 0.9855474 -0.07220679
43914546.1163522 0.33786398 -0.11321932 0.44155002 0.11715479 0.10527637 0.98484504 -0.072607584
43964563.1163522 0.3592736 -0.11883381 0.44084015 0.12362857 0.10503656 0.98399794 -0.073697954
44014581.1163522 0.3779611 -0.12506299 0.4420545 0.12896362 0.1051907 0.9833471 -0.07301899
44064598.1163522 0.39156342 -0.133708 0.445261 0.13298571 0.10707131 0.9827049 -0.07170608
44114615.1163522 0.40500718 -0.14377631 0.44955933 0.13528062 0.110912584 0.9821158 -0.069614254
44164632.1163522 0.41324922 -0.15272658 0.45989317 0.13384117 0.113053665 0.98234284 -0.06563501
44214650.1163522 0.41173834 -0.16439307 0.46847534 0.13368289 0.11463402 0.9823644 -0.06283382
44264667.1163522 0.40809956 -0.17416471 0.4814698 0.13061135 0.11468743 0.98295677 -0.05986277
44314684.1163522 0.4015476 -0.18575503 0.494961 0.12540182 0.11339102 0.98380286 -0.059572555
44364701.1163522 0.3904215 -0.19116284 0.51200724 0.11998255 0.111000575 0.9847813 -0.05906636
44414719.1163522 0.37791905 -0.20007712 0.5295327 0.116942324 0.10917889 0.9851591 -0.06217751
44464736.1163522 0.36012787 -0.20584738 0.5490653 0.118244074 0.10597677 0.98514307 -0.0654261
44514753.1163522 0.34311745 -0.2109157 0.5670343 0.12001059 0.10181861 0.98510724 -0.06923989
44564770.1163522 0.32138854 -0.21479675 0.58590454 0.11894392 0.09896226 0.9852878 -0.072573654
44614787.1163522 0.2998218 -0.21828228 0.6029786 0.113114655 0.09710534 0.9859354 -0.07554551
44664805.1163522 0.2779393 -0.22189093 0.61995065 0.106916025 0.096901014 0.9863577 -0.07923196
44714822.1163522 0.25693208 -0.2265285 0.63583225 0.09821892 0.09648988 0.9869022 -0.084065095
44764839.1163522 0.23466906 -0.22989693 0.6520962 0.09166717 0.094838284 0.9872411 -0.08920687
44814856.1163522 0.21254651 -0.23189975 0.6662029 0.07881362 0.09266704 0.988132 -0.09378908
44864874.1163522 0.19036242 -0.23276237 0.6779511 0.06722244 0.08778941 0.9889283 -0.09896909
44914891.1163522 0.16571581 -0.23269288 0.689055 0.057012107 0.081790194 0.98954964 -0.10417071
44964908.1163522 0.1431969 -0.23147967 0.69881153 0.045418207 0.0749006 0.99008316 -0.10982976
45014925.1163522 0.12122453 -0.2307218 0.706984 0.035059255 0.067066 0.9904465 -0.11527686
45064943.1163522 0.100133784 -0.22839738 0.71416384 0.023827888 0.059290033 0.99069047 -0.12020538
45114960.1163522 0.081072874 -0.2273606 0.71754044 0.014682337 0.051501144 0.9908228 -0.124105915
45164977.1163522 0.061706334 -0.22602174 0.7185264 0.0063803503 0.0450665 0.9907932 -0.1275034
45214994.1163522 0.045522336 -0.22315477 0.71625197 -0.0022242074 0.040743243 0.9908702 -0.12849668
45265011.1163522 0.028700596 -0.2189826 0.71119875 -0.009934982 0.038264863 0.99093354 -0.12840547
45315029.1163522 0.01776658 -0.21410616 0.7019348 -0.018652586 0.038246162 0.99091107 -0.1276113
45365046.1163522 0.0044934433 -0.2085144 0.6940337 -0.022533929 0.0383651 0.99081635 -0.1276847
45415063.1163522 -0.0014965273 -0.20600976 0.6796577 -0.02869201 0.039238464 0.9904075 -0.12934478
45465080.1163522 -0.012196561 -0.19703253 0.664905 -0.03034978 0.039358243 0.9904909 -0.12828699
45515098.1163522 -0.01848682 -0.18676229 0.64672947 -0.034995575 0.039916147 0.9902767 -0.12858506
45565115.1163522 -0.024118744 -0.17419297 0.62749153 -0.037956536 0.03842376 0.9900978 -0.12957358
45615132.1163522 -0.02647071 -0.15785494 0.6093405 -0.03467754 0.038240444 0.990178 -0.12993363
45665149.1163522 -0.028478246 -0.1463897 0.5873782 -0.028134122 0.038898107 0.9900004 -0.13264444
45715167.1163522 -0.022177894 -0.13282338 0.56814265 -0.017311726 0.041166574 0.99007624 -0.13324693
45765184.1163522 -0.014117578 -0.1170109 0.5482991 -0.006451859 0.045725815 0.9903422 -0.13072799
45815201.1163522 -0.00097478507 -0.1063359 0.5288744 0.006422456 0.053429265 0.9901465 -0.12928258
45865218.1163522 0.016821187 -0.09672461 0.5095959 0.02100134 0.062403373 0.98963195 -0.12764566
45915236.1163522 0.035532437 -0.0901675 0.49200067 0.033801768 0.07310306 0.98867947 -0.12659557
45965253.1163522 0.05788316 -0.08176206 0.477966 0.051073816 0.08541515 0.98723114 -0.12438018
46015270.1163522 0.08075129 -0.07804432 0.46381164 0.061228953 0.097517475 0.98562664 -0.1236185
46065287.1163522 0.10062438 -0.07398951 0.45390335 0.07821477 0.10492277 0.9836943 -0.12336624
46115304.1163522 0.1176619 -0.07124527 0.44413644 0.093321994 0.109529465 0.98214245 -0.121205196
46165322.1163522 0.13341126 -0.07024648 0.43617642 0.105654195 0.11164939 0.98096865 -0.11862618
46215339.1163522 0.15097818 -0.07087743 0.42941433 0.11805158 0.11168404 0.9799134 -0.11558665
46265356.1163522 0.16518477 -0.07786823 0.42667842 0.12775709 0.11235868 0.9786987 -0.11490295
46315373.1163522 0.17915766 -0.08636589 0.42541134 0.13825911 0.11247154 0.9773322 -0.11426467
46365391.1163522 0.19081935 -0.095916204 0.42811662 0.14435166 0.112761386 0.97658616 -0.11281398
46415408.1163522 0.19741179 -0.10217685 0.43222505 0.1537249 0.11190067 0.9757624 -0.108326614
46465425.1163522 0.20539452 -0.11537413 0.43779 0.15987255 0.11083397 0.97509193 -0.10654766
46515442.1163522 0.2112538 -0.12541081 0.44753706 0.16514641 0.11005516 0.9746747 -0.103072055
46565460.1163522 0.22013283 -0.13472004 0.45954627 0.16797763 0.108440116 0.9748182 -0.09876061
46615477.1163522 0.22654659 -0.14392215 0.47195822 0.16803993 0.10713462 0.97551346 -0.09305066
46665494.1163522 0.23344418 -0.15755741 0.48417342 0.16963534 0.10625377 0.9755747 -0.09048871
46715511.1163522 0.23754212 -0.169025 0.50013304 0.17015424 0.105595216 0.9758986 -0.086713076
46765528.1163522 0.24229194 -0.18103068 0.5159866 0.16997609 0.10433903 0.97632957 -0.08367913
46815546.1163522 0.24492739 -0.19007906 0.5313936 0.1697684 0.10242863 0.97705513 -0.0777839
46865563.1163522 0.24536459 -0.20090795 0.5458532 0.1657715 0.10142895 0.97818244 -0.07342415
46915580.1163522 0.24425583 -0.21149379 0.56019145 0.16298884 0.0981264 0.9792488 -0.06984088
46965597.1163522 0.24149166 -0.21912625 0.57303554 0.15854849 0.095474415 0.9805446 -0.065416634
47015615.1163522 0.2335745 -0.22873661 0.5868179 0.15530099 0.09097869 0.98157066 -0.064215906
47065632.1163522 0.22682148 -0.23581076 0.5974809 0.15073177 0.08691614 0.9827406 -0.06282161
47115649.1163522 0.21975642 -0.24015793 0.6083102 0.14258213 0.08211968 0.98438036 -0.06262594
47165666.1163522 0.21110721 -0.2408362 0.61750954 0.13673016 0.07718506 0.985688 -0.061372206
47215684.1163522 0.20230998 -0.24236245 0.62642586 0.12952875 0.0728916 0.98691696 -0.062482238
47265701.1163522 0.19221953 -0.2415112 0.6338026 0.12336012 0.06893826 0.9878537 -0.06461327
47315718.1163522 0.18378602 -0.24172248 0.6394474 0.11761734 0.066883504 0.988566 -0.0665592
47365735.1163522 0.17648786 -0.2371089 0.642252 0.11121522 0.065935254 0.9893436 -0.06695611
47415753.1163522 0.16847983 -0.23255007 0.6451365 0.10593608 0.06535614 0.9898473 -0.06861877
47465770.1163522 0.16163018 -0.22661003 0.6464929 0.09765042 0.064747706 0.9906324 -0.07013981
47515787.1163522 0.15407372 -0.22069757 0.64664423 0.091060385 0.0638806 0.9911058 -0.073052876
47565804.1163522 0.14801703 -0.21328588 0.64531606 0.08568692 0.062498122 0.9914005 -0.0766605
47615821.1163522 0.14082533 -0.20449454 0.6429222 0.08053182 0.06109214 0.9915658 -0.081115805
47665839.1163522 0.13491648 -0.19421177 0.6391658 0.07759928 0.05998792 0.9914497 -0.08606546
47715856.1163522 0.12922001 -0.18392843 0.6342877 0.07575073 0.05993027 0.99110854 -0.09151014
