1541976466263336.0 -0.0 -0.0 -0.0 -0.0 -0.0 1.0 -0.0
1541976466289024.0 -0.009979234 0.00444214 -0.038591407 -0.0052295136 0.005426149 0.99990284 0.011730376
1541976466314657.0 -0.022891056 0.0091706375 -0.081423506 -0.006985609 0.0039570206 0.9997745 0.019658348
1541976466340200.0 -0.022891056 0.0091706375 -0.081423506 -0.006985609 0.0039570206 0.9997745 0.019658348
1541976466365628.0 -0.062517054 0.027660819 -0.16903593 -0.0060578194 -0.016107503 0.99964005 0.020581821
1541976466390925.0 -0.062517054 0.027660819 -0.16903593 -0.0060578194 -0.016107503 0.99964005 0.020581821
1541976466416104.0 -0.10374428 0.057941552 -0.25120184 -0.008356678 -0.022652907 0.99936354 0.026258495
1541976466441201.0 -0.12866937 0.08260391 -0.28414837 -0.009945593 -0.025789969 0.99940616 0.020577407
1541976466466246.0 -0.15800655 0.107783884 -0.3085466 -0.01512044 -0.02972477 0.9993574 0.013142025
1541976466491259.0 -0.19014217 0.13289326 -0.33575323 -0.01984358 -0.037311476 0.9990824 0.0069754
1541976466516265.0 -0.21864602 0.15795954 -0.3577601 -0.023248384 -0.04443353 0.99873644 0.003265677
1541976466541295.0 -0.24712783 0.18485709 -0.38110763 -0.024983902 -0.045636788 0.99864477 0.0013301283
1541976466566363.0 -0.26737523 0.21486133 -0.4044763 -0.025921475 -0.043091305 0.9987341 -0.0011961414
1541976466591435.0 -0.28762358 0.24913116 -0.4298014 -0.025480252 -0.042146396 0.9987748 -0.0048335884
1541976466616426.0 -0.30686107 0.28492516 -0.45438084 -0.025603585 -0.0402907 0.99882376 -0.00850666
1541976466641258.0 -0.32419676 0.31854653 -0.47861648 -0.024859546 -0.037623078 0.9989199 -0.011203936
1541976466665897.0 -0.3375917 0.35257316 -0.5081162 -0.024384659 -0.033956274 0.9990489 -0.012398916
1541976466690378.0 -0.35151815 0.38453797 -0.53450733 -0.023896938 -0.029582478 0.9991982 -0.012523252
1541976466714794.0 -0.36451787 0.4187968 -0.56344837 -0.023185886 -0.02540234 0.999306 -0.014304773
1541976466739212.0 -0.38056153 0.4505998 -0.59086955 -0.022878606 -0.021066848 0.9993901 -0.01588102
1541976466763670.0 -0.3991929 0.47872096 -0.62238747 -0.022060307 -0.018217223 0.99945146 -0.016684204
1541976466788212.0 -0.41611 0.503826 -0.65292656 -0.021331314 -0.014879202 0.9995297 -0.016245361
1541976466812906.0 -0.43567416 0.52829427 -0.68500555 -0.020425422 -0.010980477 0.99959856 -0.01627647
1541976466837807.0 -0.4563747 0.5495665 -0.7172077 -0.020722797 -0.009420551 0.9996048 -0.016494766
1541976466862944.0 -0.47641388 0.56691813 -0.75279707 -0.020037597 -0.0077110846 0.99964315 -0.015897404
1541976466888335.0 -0.49447826 0.58280563 -0.7897364 -0.018926263 -0.0056703696 0.9996946 -0.0148497345
1541976466914018.0 -0.51283926 0.59665006 -0.82715064 -0.0160282 -0.004160886 0.9997656 -0.013952571
1541976466940043.0 -0.5306152 0.6087842 -0.8679078 -0.012197765 -0.0044236104 0.9998007 -0.015173467
1541976466966421.0 -0.54754436 0.61935866 -0.90483963 -0.0102592725 -0.0032160578 0.99982303 -0.015435422
1541976466993129.0 -0.5706717 0.62453234 -0.947413 -0.007956404 -0.0026777652 0.9998579 -0.014622189
1541976467020132.0 -0.5911957 0.6266428 -0.98615146 -0.0055449856 -0.008245189 0.99984545 -0.014506111
1541976467047402.0 -0.6142409 0.6297074 -1.0313519 -0.001597684 -0.015916118 0.99973214 -0.016727487
1541976467074898.0 -0.63703775 0.62928045 -1.0682068 -0.0014322981 -0.020441838 0.9996336 -0.017684812
1541976467102555.0 -0.6530947 0.6332086 -1.1009991 -0.0037712008 -0.026948534 0.999462 -0.018310048
1541976467130319.0 -0.6788935 0.634748 -1.1482034 -0.0010681642 -0.034366094 0.99916553 -0.022047766
1541976467158163.0 -0.69807094 0.63752854 -1.1905121 -0.0008609065 -0.034849126 0.9991317 -0.022821948
1541976467186087.0 -0.7228748 0.6410962 -1.2269493 -0.0015594449 -0.034686517 0.9991527 -0.022098172
1541976467214091.0 -0.74159604 0.647385 -1.263397 -0.00065673946 -0.039607815 0.9989533 -0.022873733
1541976467242175.0 -0.7688265 0.65292156 -1.3057076 0.0006693319 -0.042688765 0.998801 -0.0239569
1541976467270328.0 -0.7951835 0.6613419 -1.3447049 0.00027719498 -0.042911217 0.9988024 -0.023502206
1541976467298547.0 -0.8277326 0.67278075 -1.3873422 0.0004968555 -0.043374315 0.99881095 -0.02225427
1541976467326830.0 -0.8599133 0.6841163 -1.4215646 0.0002899024 -0.0462162 0.99867475 -0.022646021
1541976467355177.0 -0.90538836 0.6985876 -1.4578805 0.0013507816 -0.052458372 0.9983141 -0.024806356
1541976467383593.0 -0.95037234 0.7122343 -1.4871765 0.0006585724 -0.05578778 0.9981159 -0.02553357
1541976467412095.0 -0.998536 0.7309177 -1.5156698 0.00033940823 -0.059320483 0.99790174 -0.025946649
1541976467440722.0 -1.0511551 0.74802047 -1.5422512 0.0018341796 -0.06347013 0.997558 -0.029092142
1541976467469521.0 -1.1012547 0.76699996 -1.5709535 0.0017534603 -0.06398118 0.99749535 -0.030108606
1541976467498541.0 -1.1602141 0.7829419 -1.595316 0.0013694214 -0.0617063 0.9976135 -0.030949006
1541976467527817.0 -1.2222131 0.7992138 -1.6252052 0.0006978104 -0.06360605 0.99745816 -0.032111228
1541976467557359.0 -1.2953553 0.8109307 -1.6567296 0.0004125056 -0.06737594 0.9971039 -0.035271198
1541976467587153.0 -1.3731006 0.8210403 -1.6827873 -0.0016899459 -0.06976245 0.9969268 -0.035600886
1541976467617184.0 -1.4459978 0.8249533 -1.7010098 -0.0030566424 -0.07215706 0.9967812 -0.034803335
1541976467647432.0 -1.5204208 0.8287613 -1.7204534 -0.0043407637 -0.0745556 0.99662554 -0.034061883
1541976467677879.0 -1.589933 0.82967615 -1.7444735 -0.005073216 -0.07829745 0.99629486 -0.03522059
1541976467708515.0 -1.6459708 0.82692397 -1.76542 -0.0051642633 -0.07738436 0.99637026 -0.035090707
1541976467739321.0 -1.6939688 0.8264071 -1.7885262 -0.0036767065 -0.074728064 0.996514 -0.036904823
1541976467770269.0 -1.7317059 0.83436114 -1.8094407 -0.0008405332 -0.07088753 0.99675333 -0.03817208
1541976467801332.0 -1.7715293 0.8381385 -1.8334522 0.0012479674 -0.06626904 0.9969719 -0.040668476
1541976467832481.0 -1.8040473 0.84643376 -1.858695 0.0042564613 -0.064059354 0.99701315 -0.04293192
1541976467863695.0 -1.8317896 0.8370994 -1.8748938 0.007947744 -0.060516443 0.99710137 -0.04542601
1541976467894965.0 -1.8619142 0.8386228 -1.8998822 0.008922171 -0.057098344 0.99724436 -0.04651777
1541976467926275.0 -1.8953559 0.8426593 -1.921365 0.010961524 -0.05771774 0.997062 -0.049151488
1541976467957604.0 -1.9224255 0.84931856 -1.9504696 0.013229373 -0.05887148 0.99683875 -0.05168874
1541976467988942.0 -1.9365556 0.8530197 -1.9679466 0.0150234895 -0.055465244 0.9969745 -0.052342813
1541976468020294.0 -1.959515 0.859866 -1.9962609 0.017045096 -0.052767772 0.9969726 -0.054503463
1541976468051663.0 -1.977602 0.8740373 -2.0256658 0.019636465 -0.04994953 0.9969787 -0.05615101
1541976468083039.0 -1.988125 0.8767218 -2.0566301 0.022196949 -0.04241583 0.9971774 -0.057838827
1541976468114415.0 -2.0070844 0.88353235 -2.0898652 0.025749365 -0.03501472 0.9972912 -0.059340492
1541976468145780.0 -2.0223649 0.88933784 -2.12038 0.029113967 -0.025246015 0.99736035 -0.061541837
1541976468177124.0 -2.0469012 0.8976937 -2.1390715 0.031612284 -0.009228465 0.99744093 -0.06345947
1541976468208433.0 -2.0631855 0.91057 -2.1624477 0.03320131 0.009677327 0.9972292 -0.06586279
1541976468239696.0 -2.0778258 0.91844213 -2.183115 0.035745725 0.024045434 0.9967611 -0.06790732
1541976468270913.0 -2.097567 0.9194671 -2.2092776 0.037078306 0.033685338 0.9963997 -0.06839725
1541976468302089.0 -2.1179147 0.90148294 -2.2330754 0.038858946 0.040360346 0.99610424 -0.06809839
1541976468333235.0 -2.1412463 0.8847608 -2.2502737 0.040452965 0.04440328 0.99595714 -0.06679277
1541976468364363.0 -2.1610024 0.8767447 -2.2784004 0.04120095 0.04723767 0.9959554 -0.064374015
1541976468395486.0 -2.1831253 0.8698422 -2.305999 0.042004988 0.051912412 0.99582756 -0.062195197
1541976468426600.0 -2.2033296 0.87252754 -2.3240042 0.042289577 0.05713751 0.99564874 -0.060253385
1541976468457687.0 -2.2211142 0.87844217 -2.3522112 0.042414814 0.0568521 0.9954918 -0.06296718
1541976468488732.0 -2.2348788 0.89412236 -2.3814106 0.04184659 0.060143277 0.9952396 -0.0642634
1541976468519719.0 -2.2420168 0.9144045 -2.4085324 0.041980736 0.0647764 0.99487925 -0.06524605
1541976468550651.0 -2.2385178 0.939172 -2.4376457 0.042616777 0.06509436 0.99464875 -0.06797349
1541976468581549.0 -2.2268362 0.97054803 -2.4526327 0.042327683 0.064226314 0.99469143 -0.06835477
1541976468612431.0 -2.1946628 0.9724062 -2.4294522 0.045919344 0.062295347 0.9946455 -0.06849168
1541976468643318.0 -2.1447382 0.98504955 -2.4187708 0.05106163 0.060870323 0.99448884 -0.06840734
1541976468674230.0 -2.0840218 1.0080256 -2.3981962 0.0552406 0.061673194 0.99429363 -0.067269124
1541976468705169.0 -2.0240257 1.020042 -2.368122 0.059941504 0.06348208 0.99405485 -0.06505436
1541976468736101.0 -1.9617025 1.0285974 -2.3396263 0.067313164 0.060963575 0.99382323 -0.063779525
1541976468767007.0 -1.9207338 1.0275363 -2.2886121 0.075711876 0.061220292 0.9934331 -0.060087934
1541976468797877.0 -1.8663924 1.0253981 -2.247818 0.080503754 0.06043819 0.9934114 -0.054774478
1541976468828700.0 -1.8110678 1.0106292 -2.1940258 0.08374237 0.060119137 0.9932828 -0.05255687
1541976468859448.0 -1.7613032 1.0073836 -2.1643875 0.08854854 0.057261664 0.9931955 -0.049427513
1541976468890095.0 -1.7118928 1.0052204 -2.1416929 0.09437572 0.05225682 0.9929195 -0.049732808
1541976468920642.0 -1.6749452 1.0073922 -2.115893 0.096261345 0.053045332 0.9927316 -0.04903098
1541976468951080.0 -1.6346135 0.99539703 -2.0647373 0.099517375 0.053554088 0.9923917 -0.048856813
1541976468981398.0 -1.6011353 0.99133193 -2.0422678 0.103803664 0.052239027 0.9920866 -0.04754165
1541976469011616.0 -1.5734977 0.98585755 -2.0173936 0.10929565 0.051159233 0.9916288 -0.045929804
1541976469041748.0 -1.5456772 0.9772097 -1.9898548 0.11254623 0.05117834 0.99123853 -0.046479527
1541976469071786.0 -1.5237905 0.9753195 -1.9771924 0.1118592 0.053023178 0.99119836 -0.04692425
1541976469101714.0 -1.4830909 0.9552716 -1.9327348 0.11254316 0.053480417 0.991156 -0.045648366
1541976469131532.0 -1.460028 0.942163 -1.898755 0.11329501 0.054703146 0.9911124 -0.043221205
1541976469161277.0 -1.4386245 0.92819893 -1.8673928 0.10927136 0.059966322 0.99139583 -0.03997727
1541976469190980.0 -1.4202489 0.90220374 -1.8188549 0.106767304 0.058468122 0.9917553 -0.040046196
1541976469220641.0 -1.3973937 0.8646457 -1.7739872 0.10869047 0.051122885 0.9919339 -0.0404976
1541976469250264.0 -1.36118 0.8384411 -1.7274332 0.10456232 0.04742132 0.99267244 -0.037675332
1541976469279872.0 -1.3390434 0.8181234 -1.6782541 0.10177532 0.049374495 0.9930041 -0.03386591
1541976469309473.0 -1.2849689 0.7892691 -1.6370552 0.09768761 0.047115404 0.99363476 -0.030452456
1541976469339044.0 -1.2417846 0.7660456 -1.6001315 0.09485396 0.04230178 0.99423087 -0.026803724
1541976469368554.0 -1.1800991 0.73350877 -1.5938208 0.0931221 0.034848876 0.9946908 -0.026536709
1541976469397944.0 -1.1635268 0.72113883 -1.5760115 0.09000827 0.029352834 0.99521124 -0.02432399
1541976469427102.0 -1.1538733 0.7153652 -1.5679127 0.086904615 0.024052555 0.9956167 -0.024833241
1541976469455927.0 -1.1574137 0.70982164 -1.5696056 0.08411564 0.020893319 0.9958959 -0.026063163
1541976469484393.0 -1.1607251 0.7153817 -1.58266 0.08015871 0.02066484 0.9962378 -0.025648234
1541976469512578.0 -1.1613994 0.7182894 -1.6008711 0.0750717 0.021895735 0.99661076 -0.02553215
1541976469540609.0 -1.1725795 0.72651523 -1.6104578 0.06922834 0.023487823 0.99699146 -0.025765939
1541976469568602.0 -1.1886308 0.7291685 -1.6143085 0.065396234 0.020323668 0.99727607 -0.027400946
1541976469596644.0 -1.2042202 0.7300189 -1.6134422 0.059187267 0.017407559 0.99773717 -0.0267277
1541976469624815.0 -1.2400013 0.7400835 -1.6728485 0.071781985 0.03291453 0.9966259 -0.02237895
1541976469653179.0 -1.2698505 0.7420707 -1.6820598 0.06710914 0.028521938 0.9970998 -0.021792527
1541976469681775.0 -1.2850597 0.7423592 -1.6866716 0.06204114 0.028740667 0.9974714 -0.019385021
1541976469710626.0 -1.309626 0.74168587 -1.698991 0.06003024 0.026502538 0.9976853 -0.017834116
1541976469739752.0 -1.334558 0.7359558 -1.7621785 0.049903926 0.029134028 0.9981703 -0.017802535
1541976469769153.0 -1.3565745 0.7328895 -1.7768314 0.04860816 0.026594244 0.99833333 -0.016145285
1541976469798779.0 -1.376404 0.7262848 -1.7929299 0.048771005 0.023570571 0.9983929 -0.016659424
1541976469828553.0 -1.3818492 0.7270089 -1.8056899 0.04750872 0.024351945 0.99846816 -0.014536748
1541976469858405.0 -1.403715 0.72996145 -1.8406506 0.04801756 0.028212588 0.9983614 -0.013153954
1541976469888265.0 -1.5409958 0.7256378 -1.9368157 0.05634574 0.039943118 0.99748206 -0.016104763
1541976469918060.0 -1.5602516 0.7275243 -1.9715531 0.05917986 0.050245423 0.9968319 -0.017304745
1541976469947741.0 -1.5791235 0.7315251 -1.9936684 0.06023923 0.059676528 0.9962672 -0.016176315
1541976469977303.0 -1.641261 0.7341432 -2.0843177 0.062742434 0.06363968 0.9957761 -0.021057012
1541976470006748.0 -1.7172488 0.7654914 -2.217614 0.061308727 0.06883325 0.99553275 -0.020438872
1541976470036059.0 -1.7557625 0.6981947 -2.2393203 0.07010934 0.05861166 0.9950594 -0.03881065
1541976470065241.0 -1.8020781 0.6998565 -2.279092 0.06697246 0.062706195 0.9950207 -0.03894174
1541976470094312.0 -1.8511498 0.69462645 -2.3103418 0.061907437 0.0638549 0.99530137 -0.038278796
1541976470123302.0 -1.9930128 0.68914247 -2.4191086 0.05704863 0.059094306 0.99577475 -0.04106089
1541976470152250.0 -2.0589597 0.6843107 -2.4395478 0.051116485 0.0532797 0.9963752 -0.0422479
1541976470181197.0 -2.1879463 0.670041 -2.460173 0.0477096 0.049583625 0.9967018 -0.043023042
1541976470210209.0 -2.2448018 0.67157 -2.4771562 0.043957874 0.04497851 0.9970088 -0.04492342
1541976470239351.0 -2.3989413 0.68528485 -2.4973063 0.042503938 0.043323305 0.99717355 -0.0442883
1541976470268663.0 -2.4858308 0.7144323 -2.5609796 0.032639306 0.037396982 0.99771774 -0.045776434
1541976470298161.0 -2.570621 0.7285255 -2.5674453 0.028545786 0.031974 0.99802756 -0.045868587
1541976470327837.0 -2.7283058 0.70650005 -2.4990938 0.035862055 0.033691954 0.9978668 -0.042902872
1541976470357677.0 -2.7840304 0.70756966 -2.5120864 0.034534592 0.03023371 0.9980407 -0.04252188
1541976470387662.0 -2.8366063 0.7034394 -2.5077572 0.037549194 0.029199798 0.99797845 -0.042148065
1541976470417767.0 -2.9182518 0.6991407 -2.5243957 0.030135555 0.028149368 0.9983022 -0.04113642
1541976470447956.0 -2.970189 0.6814832 -2.5400918 0.036896452 0.027948227 0.9979187 -0.04489739
1541976470478195.0 -2.9699912 0.712124 -2.6031165 0.03347747 0.022543926 0.998107 -0.04640643
1541976470508455.0 -3.0169055 0.70234555 -2.62645 0.038194105 0.026715716 0.99766105 -0.049999975
1541976470538713.0 -3.0531902 0.69934607 -2.6239464 0.041908257 0.030616945 0.9973229 -0.051511206
1541976470568944.0 -3.0747547 0.6947735 -2.6298168 0.045257352 0.03138565 0.99700266 -0.054335874
1541976470599126.0 -3.1496923 0.6789734 -2.650245 0.05068034 0.032885965 0.9964988 -0.05779353
1541976470629238.0 -3.249917 0.64421046 -2.6735287 0.057028778 0.04214982 0.9956232 -0.060874015
1541976470659266.0 -3.2782223 0.6341132 -2.6892915 0.059513804 0.04807351 0.9950424 -0.063543506
1541976470689205.0 -3.3205836 0.6215263 -2.695468 0.062425163 0.053398423 0.99449295 -0.06508049
1541976470719049.0 -3.347794 0.62058175 -2.717738 0.06330872 0.054492567 0.99426025 -0.06685235
1541976470748794.0 -3.381333 0.60677415 -2.72751 0.06494472 0.05648043 0.9939473 -0.0682709
1541976470778445.0 -3.3890865 0.60505724 -2.736581 0.066599905 0.059457447 0.9936492 -0.06848725
1541976470808005.0 -3.3564193 0.6220941 -2.791502 0.057586964 0.06041741 0.994155 -0.0684793
1541976470837484.0 -3.3606627 0.6332105 -2.800663 0.05711523 0.063659094 0.99401194 -0.06801252
1541976470866894.0 -3.3444414 0.6425041 -2.812186 0.05684584 0.067075886 0.99399203 -0.06518621
1541976470896244.0 -3.3147883 0.6554282 -2.827495 0.058671433 0.07027365 0.993847 -0.062349185
1541976470925550.0 -3.2681952 0.67420805 -2.8177075 0.059162527 0.075616 0.993534 -0.060599152
1541976470954830.0 -3.2347088 0.716046 -2.827423 0.0667751 0.0781128 0.9929145 -0.059668984
1541976470984088.0 -3.176866 0.7401633 -2.8253977 0.0688562 0.08160325 0.9925361 -0.058922026
1541976471013344.0 -3.118685 0.7551764 -2.8093839 0.07179867 0.08371329 0.99221694 -0.057816233
1541976471042633.0 -2.981128 0.7520386 -2.720605 0.07018652 0.08527328 0.9922699 -0.056594033
1541976471071987.0 -2.9224823 0.7663892 -2.7039707 0.07455756 0.08440124 0.9920698 -0.055814356
1541976471101430.0 -2.9020982 0.77011275 -2.6853437 0.07758418 0.087063506 0.99164253 -0.05518883
1541976471130961.0 -2.8035324 0.7946845 -2.6468573 0.08000903 0.0860322 0.9916111 -0.053893168
1541976471160558.0 -2.7606835 0.8040226 -2.6401646 0.08984592 0.08921732 0.9904431 -0.054684915
1541976471190208.0 -2.683051 0.80735826 -2.6259878 0.09383986 0.08520958 0.99037933 -0.055517282
1541976471219891.0 -2.591931 0.77767855 -2.5472379 0.09790973 0.08472847 0.98989147 -0.057877634
1541976471249587.0 -2.4979348 0.7685953 -2.5053246 0.10314155 0.08332919 0.9896303 -0.05522721
1541976471279275.0 -2.5078669 0.7801964 -2.5303795 0.11280689 0.07888296 0.98904616 -0.05329088
1541976471308943.0 -2.431458 0.7713595 -2.4981115 0.11749317 0.07276554 0.9889876 -0.052954406
1541976471338556.0 -2.433263 0.77710193 -2.5098593 0.11833118 0.06810811 0.98911977 -0.05478354
1541976471368054.0 -2.354958 0.780605 -2.4661283 0.12254039 0.065274626 0.98890275 -0.05286226
1541976471397366.0 -2.317648 0.77323407 -2.4644308 0.12336998 0.06693028 0.9887972 -0.050797343
1541976471426458.0 -2.203796 0.7726602 -2.4311192 0.12704794 0.06387322 0.9885373 -0.05072582
1541976471455306.0 -2.120374 0.7766238 -2.4189496 0.12704639 0.06306887 0.9886691 -0.04914328
1541976471483887.0 -2.154034 0.7689101 -2.4061923 0.13674363 0.06785206 0.9870267 -0.049755663
1541976471512172.0 -2.1795428 0.76834023 -2.4466887 0.1384726 0.06402945 0.9868194 -0.053972647
1541976471540148.0 -2.1665413 0.7627841 -2.439626 0.13593921 0.063290186 0.9873321 -0.05186725
1541976471567845.0 -2.1685038 0.754419 -2.438907 0.1303951 0.06306525 0.9881568 -0.050656017
1541976471595312.0 -2.1767008 0.7443504 -2.4365156 0.1224264 0.06201517 0.9893387 -0.048732776
1541976471622600.0 -2.1893523 0.7538928 -2.4379096 0.11471877 0.06027867 0.9905348 -0.04524454
1541976471649766.0 -2.2912083 0.71896744 -2.4125805 0.116548896 0.06851262 0.9898173 -0.044542678
1541976471676875.0 -2.3209257 0.7091366 -2.4194596 0.10779434 0.067850545 0.99099845 -0.04121708
1541976471703989.0 -2.3671238 0.6892193 -2.4467852 0.097035 0.06645351 0.9922517 -0.040059533
1541976471731162.0 -2.321734 0.7065965 -2.433839 0.08043284 0.061213266 0.99423844 -0.03568525
1541976471758431.0 -2.3535864 0.696278 -2.4468246 0.07183455 0.05925651 0.9951137 -0.032823425
1541976471785828.0 -2.3611743 0.698202 -2.4523368 0.06290585 0.057860866 0.9959222 -0.02887869
1541976471813371.0 -2.4112434 0.6867694 -2.4921088 0.057351463 0.054450404 0.99646795 -0.02824209
1541976471841070.0 -2.4488082 0.6812599 -2.512432 0.051018458 0.053662777 0.99694735 -0.02476825
1541976471868916.0 -2.4917994 0.6777835 -2.53425 0.044849925 0.053344842 0.9973123 -0.022607815
1541976471896887.0 -2.4799342 0.68178344 -2.527149 0.03790377 0.050913896 0.9977738 -0.020458985
1541976471924951.0 -2.549553 0.6709034 -2.54472 0.03994742 0.053701837 0.9975515 -0.0202825
1541976471953080.0 -2.581144 0.6694656 -2.561554 0.03755095 0.055106387 0.9975998 -0.01865235
1541976471981269.0 -2.6308405 0.6653884 -2.5832684 0.03672916 0.055909004 0.9975752 -0.019205663
1541976472009523.0 -2.6535027 0.6650858 -2.597404 0.033335052 0.05822062 0.99760735 -0.016696729
1541976472037830.0 -2.6414852 0.66819036 -2.6012003 0.027902747 0.058375783 0.99780715 -0.0139554255
1541976472066186.0 -2.6778603 0.65746987 -2.6476877 0.024609106 0.061501898 0.99768233 -0.015555357
1541976472094585.0 -2.7042294 0.6540073 -2.6661506 0.023034932 0.06358535 0.99762464 -0.013092972
1541976472123013.0 -2.7478788 0.64743793 -2.6975017 0.020807274 0.06435948 0.99765044 -0.010885623
1541976472151444.0 -2.7758536 0.6479699 -2.7255998 0.016867928 0.0638082 0.9977847 -0.0083540175
1541976472179846.0 -2.743376 0.655821 -2.7058363 0.013394336 0.06274937 0.9979258 -0.0052302126
1541976472208163.0 -2.7884872 0.6577872 -2.744826 0.0119352285 0.063496396 0.9979104 -0.00084652787
1541976472236334.0 -2.8470366 0.6523415 -2.80457 0.012605436 0.06613188 0.9977312 -0.0004467181
1541976472264326.0 -2.8693528 0.6574383 -2.8389094 0.010519821 0.06655132 0.9977263 0.001590822
1541976472292122.0 -2.8854983 0.6593235 -2.865484 0.008326834 0.066544555 0.9977399 0.004195789
1541976472319722.0 -2.889536 0.66336745 -2.877852 0.005904162 0.068833314 0.99758357 0.007358857
1541976472347143.0 -2.9231935 0.6748602 -2.9328928 0.0053842016 0.07389934 0.99719507 0.010580046
1541976472374410.0 -2.9410164 0.68348956 -2.9635706 0.0019388944 0.079486564 0.9967514 0.012834887
1541976472401542.0 -2.972299 0.69389313 -2.994464 -0.0009286397 0.081928894 0.99651134 0.015875932
1541976472428547.0 -2.98441 0.69751894 -3.0169373 -0.0069182063 0.08309201 0.99633825 0.01892047
1541976472455436.0 -3.005287 0.7014332 -3.041963 -0.011196259 0.08280088 0.99625117 0.022414444
1541976472482216.0 -3.0385764 0.70589226 -3.0847158 -0.015746884 0.082440816 0.99613404 0.025935756
1541976472508901.0 -3.0873184 0.70638084 -3.1321669 -0.018130021 0.08191502 0.9960644 0.028584542
1541976472535485.0 -3.1022227 0.71157026 -3.1532936 -0.022426961 0.08209263 0.99587744 0.03140126
1541976472561966.0 -3.1035812 0.7198263 -3.1595807 -0.025307396 0.08409157 0.9955061 0.035437554
1541976472588339.0 -3.1382587 0.71529067 -3.2209759 -0.023948345 0.08328763 0.99558777 0.035982218
1541976472614618.0 -3.1662533 0.7235672 -3.258503 -0.024709063 0.0858229 0.9952685 0.038268715
1541976472640824.0 -3.1914067 0.73465925 -3.2955558 -0.027362369 0.08615633 0.99515474 0.03867215
1541976472666970.0 -3.2099006 0.7441939 -3.3193738 -0.028334621 0.08618434 0.9950836 0.03972689
1541976472693066.0 -3.2323616 0.75600433 -3.3551366 -0.02860974 0.087104104 0.99495316 0.040776793
1541976472719133.0 -3.2566314 0.7707471 -3.3964906 -0.029599573 0.08820181 0.9948281 0.040761393
1541976472745202.0 -3.2894256 0.7732394 -3.436758 -0.028554281 0.085174784 0.99522257 0.038237482
1541976472771291.0 -3.3174956 0.7890733 -3.461166 -0.028436162 0.082430854 0.9955089 0.036859065
1541976472797406.0 -3.3536415 0.8002449 -3.514089 -0.029404664 0.08147419 0.9956759 0.0335672
1541976472823559.0 -3.3790746 0.8187411 -3.5508685 -0.029467883 0.08186916 0.9957071 0.031569008
1541976472849771.0 -3.3975668 0.84087276 -3.5840607 -0.030167615 0.083299875 0.99561125 0.030156588
1541976472876067.0 -3.4229043 0.85826886 -3.60898 -0.029994799 0.0830812 0.9957107 0.02753503
1541976472902459.0 -3.4729192 0.88430476 -3.6683166 -0.028612873 0.081031434 0.99600565 0.024247922
1541976472928966.0 -3.4906619 0.8894161 -3.6790957 -0.028780675 0.07866443 0.99622357 0.022851434
1541976472955606.0 -3.513766 0.8967573 -3.7016354 -0.028300717 0.07407101 0.99661386 0.021758793
1541976472982396.0 -3.5519845 0.9142812 -3.7412505 -0.029256776 0.068245664 0.9970544 0.01921404
1541976473009346.0 -3.5991564 0.9325387 -3.7742624 -0.029839585 0.062504 0.99746335 0.016425826
1541976473036440.0 -3.6501744 0.9449102 -3.797878 -0.030795375 0.05602394 0.9978716 0.012858972
1541976473063663.0 -3.707003 0.9605161 -3.8138607 -0.03225632 0.048451737 0.99825716 0.00972592
1541976473091019.0 -3.7422128 0.97508067 -3.830382 -0.036656834 0.041742746 0.99844855 0.0037945716
1541976473118525.0 -3.7814581 0.9996396 -3.8545015 -0.03744332 0.041141182 0.99845153 1.9086672e-05
1541976473146206.0 -3.8224316 1.0079243 -3.872133 -0.035884567 0.044615537 0.998358 -0.0017413603
1541976473174097.0 -3.8639164 1.0035772 -3.8956378 -0.035324197 0.047225814 0.9982556 -0.0027785578
1541976473202220.0 -3.9085693 0.99693364 -3.90175 -0.037381973 0.043664724 0.9983449 -0.0018496162
1541976473230559.0 -3.9336488 0.98581076 -3.902147 -0.044259056 0.0376787 0.9983093 0.00010870465
1541976473259064.0 -3.9722128 0.9722452 -3.898858 -0.04871323 0.03023151 0.9983529 0.0021468927
1541976473287657.0 -4.006449 0.95843846 -3.8872437 -0.053685237 0.024192113 0.99825436 0.004568922
1541976473316263.0 -4.0261807 0.94202256 -3.8718371 -0.059579194 0.018979462 0.99801296 0.007766149
1541976473344818.0 -4.0285525 0.9242421 -3.845331 -0.064870276 0.012330288 0.9977593 0.0107802125
1541976473373290.0 -4.03245 0.9084076 -3.8273737 -0.06777548 0.006222593 0.99758524 0.0138379885
1541976473401676.0 -4.025933 0.8938201 -3.8076882 -0.07145152 0.0016949627 0.997303 0.016690169
1541976473429985.0 -4.0195923 0.8833413 -3.7839823 -0.07365519 -0.0047053527 0.9971291 0.016924975
1541976473458223.0 -3.999889 0.87249607 -3.763389 -0.07559541 -0.009613994 0.99693304 0.017816542
1541976473486406.0 -3.9786131 0.8623743 -3.7372339 -0.07741423 -0.0132754985 0.9967216 0.019412328
1541976473514569.0 -3.9552503 0.8636919 -3.7203763 -0.080367416 -0.015884744 0.9964697 0.018358639
1541976473542745.0 -3.9378054 0.86151296 -3.6875284 -0.08018742 -0.021369962 0.99641883 0.016215554
1541976473570950.0 -3.9139166 0.8636762 -3.6569414 -0.07918607 -0.025520103 0.9964346 0.014017213
1541976473599200.0 -3.8747451 0.8678678 -3.6210835 -0.078986205 -0.026306966 0.99645555 0.012059057
1541976473627527.0 -3.8433962 0.8733599 -3.585994 -0.0769932 -0.025323922 0.9966689 0.009054658
1541976473655955.0 -3.8115542 0.87763786 -3.5528483 -0.07387516 -0.024432784 0.99695647 0.0048330384
1541976473684489.0 -3.776429 0.8834563 -3.5168633 -0.07138935 -0.022299752 0.9971982 0.0014093014
1541976473713120.0 -3.7462494 0.8898409 -3.4874415 -0.06832953 -0.019370025 0.9974742 -0.0011244237
1541976473741840.0 -3.7140214 0.8950311 -3.4556568 -0.06515812 -0.016693097 0.9977261 -0.004305443
1541976473770642.0 -3.6820502 0.9044113 -3.4231763 -0.061537255 -0.013003125 0.9979935 -0.007281439
1541976473799509.0 -3.6505637 0.9119274 -3.392142 -0.060094297 -0.008505829 0.9981128 -0.009334731
1541976473828420.0 -3.6256309 0.91803956 -3.3547046 -0.058036644 -0.007586419 0.99822176 -0.011290964
1541976473857363.0 -3.6020777 0.9265573 -3.3312924 -0.057352167 -0.008068656 0.9982218 -0.0141018005
1541976473886330.0 -3.5784078 0.9276319 -3.2921085 -0.05636633 -0.0076387026 0.9982544 -0.015895188
1541976473915317.0 -3.5500143 0.9282515 -3.2634788 -0.055491906 -0.006174993 0.99828213 -0.01775873
1541976473944330.0 -3.5181112 0.9335693 -3.2315009 -0.054191418 -0.0035526273 0.9983573 -0.018260775
1541976473973380.0 -3.484454 0.9403469 -3.200482 -0.053814773 -0.00031980508 0.9983914 -0.0178517
1541976474002468.0 -3.440644 0.9370072 -3.1703272 -0.053294025 0.0029318465 0.9984207 -0.017528336
1541976474031574.0 -3.4067793 0.93893486 -3.1409683 -0.051208463 0.0043083406 0.99853086 -0.017184395
1541976474060687.0 -3.3674295 0.94102687 -3.115304 -0.050369896 0.0043909545 0.9985596 -0.017955065
1541976474089806.0 -3.333326 0.9418176 -3.0901105 -0.04943193 0.0046949373 0.9985989 -0.018294882
1541976474118925.0 -3.2948573 0.944176 -3.0645208 -0.048785713 0.0035704677 0.99865144 -0.017395021
1541976474148048.0 -3.2563474 0.94725394 -3.0447183 -0.049493443 0.0058179726 0.9986131 -0.016984776
1541976474177174.0 -3.2238796 0.95438904 -3.0295577 -0.050565798 0.006841206 0.9985869 -0.014853931
1541976474206297.0 -3.1931415 0.95802283 -3.016517 -0.052480046 0.005610934 0.99849135 -0.015146758
1541976474235415.0 -3.167551 0.9656615 -3.0042136 -0.0560527 0.0030606387 0.998335 -0.013266614
1541976474264522.0 -3.143204 0.97081447 -2.9699774 -0.06240038 0.0008133212 0.9980128 -0.00872238
1541976474293617.0 -3.122475 0.9774019 -2.9647064 -0.06638064 -0.006166385 0.9977443 -0.007876135
1541976474322703.0 -3.100351 0.98582983 -2.9599617 -0.07031312 -0.010542394 0.9974493 -0.006319367
1541976474351779.0 -3.076333 1.0010684 -2.9587243 -0.07387026 -0.014792137 0.9971479 -0.0045190626
1541976474380847.0 -3.0638623 0.9986861 -2.9194512 -0.0760347 -0.01768482 0.99694306 -0.0032445278
1541976474409904.0 -3.0385578 1.0057844 -2.905147 -0.078528725 -0.023324493 0.9966341 -0.0031062667
1541976474438963.0 -3.0095246 1.0113755 -2.8903596 -0.08075917 -0.02915624 0.9963045 -0.0022926857
1541976474468049.0 -2.979455 1.0110512 -2.876577 -0.08432036 -0.03090964 0.9959587 -0.0010159913
1541976474497181.0 -2.9441352 1.0119054 -2.862131 -0.08593333 -0.03487435 0.99568975 0.0011243005
1541976474526367.0 -2.9067981 1.012338 -2.8570805 -0.08939994 -0.039142285 0.99522334 0.002463467
1541976474555599.0 -2.8689854 1.0122768 -2.8423567 -0.09146017 -0.04394742 0.99483424 0.0029323036
1541976474584846.0 -2.833387 1.0103257 -2.8379166 -0.090379365 -0.049786944 0.9946553 0.0037003495
1541976474614091.0 -2.7904317 1.0073689 -2.8288183 -0.09050254 -0.053294737 0.99444604 0.006781395
1541976474643332.0 -2.7443879 1.0078396 -2.8144193 -0.091728725 -0.05637175 0.9941539 0.00813382
1541976474672569.0 -2.7281103 1.0134498 -2.7931774 -0.08963493 -0.058462873 0.99421775 0.008880991
1541976474701783.0 -2.6850033 1.0143384 -2.7901628 -0.08814797 -0.06735583 0.9938077 0.0062915212
1541976474730961.0 -2.6409106 1.0152745 -2.786661 -0.08656711 -0.07208683 0.9936245 0.004473995
1541976474760121.0 -2.596967 1.0214913 -2.7786276 -0.08510788 -0.07669489 0.9934089 0.0036575021
1541976474789299.0 -2.5574067 1.0270765 -2.780128 -0.07905042 -0.082312174 0.993466 -0.0009955188
1541976474818514.0 -2.509603 1.0342792 -2.772226 -0.07470368 -0.08270534 0.9937682 -0.001979124
1541976474847788.0 -2.47379 1.0389184 -2.7781417 -0.07104716 -0.0841686 0.99390197 -0.0051922067
1541976474877149.0 -2.4296198 1.0431758 -2.7683454 -0.069430254 -0.08528073 0.99392235 -0.0050137783
1541976474906619.0 -2.402225 1.0495453 -2.7757978 -0.06334836 -0.08894741 0.99398607 -0.008191123
1541976474936211.0 -2.3800688 1.0492272 -2.769754 -0.057430383 -0.093441166 0.99389154 -0.01225943
1541976474965923.0 -2.363376 1.0509913 -2.7832026 -0.04297064 -0.10487829 0.99338514 -0.018440647
1541976474995759.0 -2.3099582 1.0582687 -2.7764854 -0.055477206 -0.0972702 0.99360865 -0.014237871
1541976475025729.0 -2.2810493 1.0628512 -2.7735517 -0.05445135 -0.09919537 0.9934564 -0.015484232
1541976475055833.0 -2.266004 1.067151 -2.7704964 -0.051791955 -0.09962334 0.99354297 -0.016285481
1541976475086059.0 -2.244317 1.0692414 -2.7641053 -0.05313583 -0.10172036 0.99327713 -0.015172209
1541976475116406.0 -2.235722 1.0605896 -2.7377002 -0.05428606 -0.1026686 0.99316096 -0.0119819995
1541976475146869.0 -2.2221086 1.0467132 -2.7485597 -0.059238993 -0.10683583 0.99245024 -0.010930618
1541976475177421.0 -2.2231631 1.0352128 -2.7433922 -0.06446693 -0.111390226 0.99164945 -0.008227424
1541976475208003.0 -2.2327619 1.0221611 -2.7347188 -0.069898225 -0.11574383 0.99080825 -0.004087445
