# timestamp[secs] tx ty tz qx qy qz qw
1542145548.597695 -0.0 -0.0 -0.0 -0.0 -0.0 -0.0 1.0
1542145548.622706 0.005707368720322847 0.001025043660774827 -0.00296241813339293 0.0050064134411513805 0.0031605830881744623 0.023598017171025276 0.9997040033340454
1542145548.647708 0.013348800130188465 0.002915791003033519 -0.007401989307254553 0.01199136022478342 0.001761186053045094 0.05132703110575676 0.998608410358429
1542145548.672679 0.0214699674397707 0.005504067987203598 -0.012733050622045994 0.020767919719219208 -0.0013869702816009521 0.08516141027212143 0.9961497783660889
1542145548.697595 0.03067731112241745 0.008750833570957184 -0.019104599952697754 0.029927169904112816 -0.003549004904925823 0.1226765438914299 0.9919890761375427
1542145548.722445 0.04521510750055313 0.008173894137144089 -0.029136354103684425 0.04068661853671074 -0.002241833135485649 0.1520080268383026 0.9875389933586121
1542145548.747234 0.054922524839639664 0.0084756538271904 -0.03358636796474457 0.04904020205140114 -0.004341186955571175 0.17043477296829224 0.9841383695602417
1542145548.77198 0.054922524839639664 0.0084756538271904 -0.03358636796474457 0.04904020205140114 -0.004341186955571175 0.17043477296829224 0.9841383695602417
1542145548.796695 0.045577432960271835 0.010030347853899002 -0.024993745610117912 0.04300912842154503 -0.012802178971469402 0.15554721653461456 0.986808717250824
1542145548.82138 0.03677519038319588 0.010300485417246819 -0.022709090262651443 0.03732813149690628 -0.012567426078021526 0.14181867241859436 0.9891088008880615
1542145548.846047 0.03136133402585983 0.010522608645260334 -0.019117135554552078 0.03033236786723137 -0.009099780581891537 0.12547509372234344 0.9915912747383118
1542145548.87072 0.02710118517279625 0.010326697491109371 -0.017828788608312607 0.0249940175563097 -0.007009160239249468 0.11439905315637589 0.9930957555770874
1542145548.895408 0.02699444629251957 0.010241993702948093 -0.01498927641659975 0.023077191784977913 -0.007106203120201826 0.11320539563894272 0.9932781457901001
1542145548.92011 0.029528645798563957 0.010728547349572182 -0.01784982532262802 0.024833090603351593 -0.007159180473536253 0.11904378980398178 0.9925525784492493
1542145548.944821 0.0331013947725296 0.010906617157161236 -0.02047804370522499 0.027133727446198463 -0.007861473597586155 0.1259511113166809 0.99163419008255
1542145548.969536 0.034504860639572144 0.011293897405266762 -0.020504307001829147 0.028977995738387108 -0.009719573892652988 0.1308443695306778 0.9909316897392273
1542145548.994254 0.03330344706773758 0.013403838500380516 -0.020316630601882935 0.02851741388440132 -0.01103035919368267 0.12937673926353455 0.9911239743232727
1542145549.018977 0.029958458617329597 0.009893616661429405 -0.019351201131939888 0.027486147359013557 -0.008289039134979248 0.12424149364233017 0.9918366074562073
1542145549.0437 0.031962115317583084 0.009979363530874252 -0.017380475997924805 0.026697663590312004 -0.009449702687561512 0.12264589965343475 0.9920463562011719
1542145549.068419 0.0322185754776001 0.009240022860467434 -0.019821228459477425 0.025270605459809303 -0.008968623355031013 0.12325415760278702 0.9920127987861633
1542145549.093134 0.035735853016376495 0.01659226045012474 -0.018145008012652397 0.02829159051179886 -0.008750238455832005 0.1258503794670105 0.9916071891784668
1542145549.11784 0.04636535421013832 0.03256075084209442 -0.016026878729462624 0.030561251565814018 -0.013560927473008633 0.1290653944015503 0.9910722970962524
1542145549.142536 0.038770176470279694 0.20725460350513458 -0.1745653599500656 0.03062364086508751 -0.019338257610797882 0.13877737522125244 0.9896611571311951
1542145549.167226 0.053181953728199005 0.2059059888124466 -0.19013318419456482 0.02488000877201557 -0.022331060841679573 0.1354442983865738 0.990220844745636
1542145549.191914 0.06917411834001541 0.2114155888557434 -0.18556936085224152 0.028068771585822105 -0.01845148392021656 0.1358122080564499 0.9901649951934814
1542145549.216597 0.081835076212883 0.21026337146759033 -0.18195600807666779 0.029207248240709305 -0.020741688087582588 0.13651826977729797 0.989989697933197
1542145549.24127 0.08856295049190521 0.20463179051876068 -0.17307032644748688 0.02960248850286007 -0.015150102786719799 0.1405285745859146 0.9895181059837341
1542145549.265932 0.09409309923648834 0.19765043258666992 -0.16375108063220978 0.030567508190870285 -0.007876346819102764 0.13575932383537292 0.9902389049530029
1542145549.290585 0.04938508942723274 0.18551528453826904 -0.17132359743118286 0.031260162591934204 0.006492926273494959 0.14386087656021118 0.9890828132629395
1542145549.315232 0.07734580338001251 0.18503080308437347 -0.16835609078407288 0.03326592594385147 0.008643561974167824 0.138118714094162 0.9898191690444946
1542145549.339878 0.06967320293188095 0.18852314352989197 -0.1627928763628006 0.03763333335518837 0.02143828012049198 0.12867143750190735 0.9907410740852356
1542145549.364525 0.08097677677869797 0.1853727400302887 -0.15523360669612885 0.040282949805259705 0.026592513546347618 0.12301116436719894 0.9912307858467102
1542145549.389181 0.08233249187469482 0.20055705308914185 -0.18049879372119904 0.04359826818108559 0.0346582792699337 0.1159491017460823 0.9916924238204956
1542145549.413851 -0.06415005028247833 -0.3010908365249634 -0.28878146409988403 -0.11031278967857361 0.0983666330575943 0.14503216743469238 0.9783255457878113
1542145549.438536 -0.06994280964136124 -0.30231693387031555 -0.28725960850715637 -0.10760768502950668 0.10882565379142761 0.13415929675102234 0.9790704250335693
1542145549.463235 -0.060780636966228485 -0.3075031638145447 -0.30702731013298035 -0.1076960489153862 0.10963791608810425 0.13754712045192719 0.9784998297691345
1542145549.487951 -0.0595993846654892 -0.3103356659412384 -0.3150908648967743 -0.10628315061330795 0.11545941233634949 0.13214296102523804 0.9787294268608093
1542145549.512679 -0.0695335641503334 -0.3124164640903473 -0.3136976957321167 -0.10454989969730377 0.12342610210180283 0.1347639113664627 0.9775857925415039
1542145549.53742 -0.069064661860466 -0.3137264847755432 -0.3195127546787262 -0.10439452528953552 0.12687234580516815 0.13553908467292786 0.9770538806915283
1542145549.562169 -0.0717419981956482 -0.31042200326919556 -0.31860002875328064 -0.10212107002735138 0.13246262073516846 0.13684989511966705 0.976369321346283
1542145549.586921 -0.06857368350028992 -0.3072461485862732 -0.33944880962371826 -0.10253272950649261 0.13537752628326416 0.1294708251953125 0.9769325852394104
1542145549.611673 -0.0653504729270935 -0.3065139651298523 -0.34005749225616455 -0.10119685530662537 0.13739892840385437 0.12959298491477966 0.9767735004425049
1542145549.63643 -0.06048763170838356 -0.30202844738960266 -0.34102103114128113 -0.1010541245341301 0.13915222883224487 0.12515750527381897 0.9771183729171753
1542145549.661185 -0.06465810537338257 -0.3049342632293701 -0.3382040858268738 -0.10261566936969757 0.14302892982959747 0.11898132413625717 0.9771674871444702
1542145549.685937 -0.059899307787418365 -0.31509140133857727 -0.3450706899166107 -0.10763221234083176 0.14285509288311005 0.11623487621545792 0.9769837856292725
1542145549.710681 0.2883824110031128 -0.3925476372241974 -0.36340993642807007 -0.14070381224155426 0.0439559631049633 0.08043965697288513 0.9857990741729736
1542145549.735424 0.28687557578086853 -0.39057058095932007 -0.4048274755477905 -0.14134657382965088 0.04467059671878815 0.08377604186534882 0.9853970408439636
1542145549.76017 0.2855120301246643 -0.389447957277298 -0.4138672649860382 -0.14117825031280518 0.046250082552433014 0.07868357002735138 0.9857680201530457
1542145549.784915 0.28080013394355774 -0.3982573449611664 -0.4181032180786133 -0.14269685745239258 0.049877095967531204 0.07525750249624252 0.9856399893760681
1542145549.809654 0.29107406735420227 -0.42294734716415405 -0.4261523187160492 -0.15309463441371918 0.04159014672040939 0.08698898553848267 0.9834964275360107
1542145549.834375 0.27693071961402893 -0.41663917899131775 -0.44301295280456543 -0.14988110959529877 0.04395723715424538 0.08243771642446518 0.9842802286148071
1542145549.859083 0.194050133228302 -0.46579745411872864 -0.47031038999557495 -0.1618186980485916 0.06724559515714645 0.08935780823230743 0.9804631471633911
1542145549.883788 0.2082722783088684 -0.47991663217544556 -0.47514796257019043 -0.16655419766902924 0.06037229672074318 0.09733232855796814 0.9793576002120972
1542145549.908489 0.2025410234928131 -0.501715898513794 -0.499634325504303 -0.17134971916675568 0.060489755123853683 0.0959591194987297 0.9786583781242371
1542145549.933182 0.17931820452213287 -0.5242091417312622 -0.5256606340408325 -0.17686009407043457 0.06479516625404358 0.10277614742517471 0.9767083525657654
1542145549.957867 0.15989330410957336 -0.5273670554161072 -0.5309168696403503 -0.17678487300872803 0.06853440403938293 0.10259019583463669 0.9764862656593323
1542145549.982544 0.15696769952774048 -0.525553822517395 -0.5326764583587646 -0.17531505227088928 0.0664341002702713 0.11051249504089355 0.9760318994522095
1542145550.007217 0.1554734706878662 -0.5441362857818604 -0.5285627841949463 -0.17995449900627136 0.06289617717266083 0.11684084683656693 0.9746838808059692
1542145550.031884 0.1710454523563385 -0.5638918280601501 -0.5289996266365051 -0.18434010446071625 0.054187480360269547 0.12568573653697968 0.973285973072052
1542145550.056537 0.16246134042739868 -0.5688195824623108 -0.5323865413665771 -0.18704473972320557 0.05479815602302551 0.1278839409351349 0.9724490642547607
1542145550.081178 0.07923521846532822 -0.6659612655639648 -0.5026537775993347 -0.20902490615844727 0.07838419824838638 0.12950798869132996 0.9661222696304321
1542145550.105813 0.0739581435918808 -0.6837553977966309 -0.5100663900375366 -0.2140876054763794 0.07758072018623352 0.13663139939308167 0.9640952348709106
1542145550.130446 0.07935313880443573 -0.681919515132904 -0.5043206810951233 -0.21504779160022736 0.0736815333366394 0.14211727678775787 0.9633941650390625
1542145550.155073 0.07961539179086685 -0.6622493267059326 -0.4790295958518982 -0.21148574352264404 0.07127971947193146 0.14560799300670624 0.96384197473526
1542145550.179687 0.05467265099287033 -0.6528345942497253 -0.4928647577762604 -0.20901134610176086 0.07397319376468658 0.14591729640960693 0.9641320109367371
1542145550.204295 0.03723353147506714 -0.6106720566749573 -0.49509140849113464 -0.19867581129074097 0.07645836472511292 0.1503639668226242 0.9654391407966614
1542145550.228901 0.010765556246042252 -0.5793713331222534 -0.4674767851829529 -0.1913108229637146 0.08169130235910416 0.15233343839645386 0.9661890268325806
1542145550.253511 0.011587351560592651 -0.5607166886329651 -0.47453075647354126 -0.18830132484436035 0.07842268794775009 0.15944604575634003 0.9659034609794617
1542145550.278124 -0.014439806342124939 -0.5320535898208618 -0.46023374795913696 -0.18130505084991455 0.08309032022953033 0.1612577885389328 0.9665508270263672
1542145550.302744 0.04356459900736809 -0.5247411727905273 -0.47804397344589233 -0.18420270085334778 0.06659287214279175 0.16544362902641296 0.9665729403495789
1542145550.327374 0.0009662024676799774 -0.5045974254608154 -0.4667593836784363 -0.178114116191864 0.07695217430591583 0.1657758504152298 0.9668878316879272
1542145550.352012 0.008193820714950562 -0.4932013750076294 -0.4619801342487335 -0.17351087927818298 0.07562991976737976 0.1613752692937851 0.968572199344635
1542145550.376653 -0.019714191555976868 -0.47777384519577026 -0.48635339736938477 -0.16855506598949432 0.07996115833520889 0.16637344658374786 0.9682537317276001
1542145550.401291 -0.013364426791667938 -0.5103784203529358 -0.4751133322715759 -0.17606478929519653 0.08047277480363846 0.16134952008724213 0.9677250385284424
1542145550.425927 -0.025255806744098663 -0.4832835793495178 -0.4354747235774994 -0.1669469177722931 0.08419863134622574 0.16253750026226044 0.9688245058059692
1542145550.450555 0.028057198971509933 -0.48104405403137207 -0.42171579599380493 -0.16893066465854645 0.06959164142608643 0.161052867770195 0.9698873162269592
1542145550.475186 -0.015351559966802597 -0.45536357164382935 -0.41372770071029663 -0.15787774324417114 0.08333919942378998 0.1536780148744583 0.9718602895736694
1542145550.499819 0.0006949417293071747 -0.4452509880065918 -0.3824055790901184 -0.15464866161346436 0.07869237661361694 0.1548716127872467 0.9725770950317383
1542145550.524451 0.05351750925183296 -0.45275047421455383 -0.36631980538368225 -0.15695984661579132 0.0645277127623558 0.15364022552967072 0.9734447002410889
1542145550.549081 0.041778989136219025 -0.47519758343696594 -0.3598068058490753 -0.16056478023529053 0.06897524744272232 0.15406697988510132 0.9724838137626648
1542145550.573711 0.07123833894729614 -0.4957057237625122 -0.35357651114463806 -0.16610994935035706 0.06139026954770088 0.15327996015548706 0.9721851944923401
1542145550.598342 0.07585647702217102 -0.49251991510391235 -0.3348901569843292 -0.16405321657657623 0.06102259084582329 0.15151432156562805 0.9728341698646545
1542145550.622975 0.013341167941689491 -0.5095553994178772 -0.31164005398750305 -0.1635391265153885 0.08008132874965668 0.14788712561130524 0.9720963835716248
1542145550.647611 0.00958213023841381 -0.5116219520568848 -0.3233015239238739 -0.1634472757577896 0.08092550933361053 0.15002749860286713 0.9717139005661011
1542145550.672252 -0.006416790187358856 -0.4810953140258789 -0.2975578010082245 -0.1544017195701599 0.08263933658599854 0.15315240621566772 0.9725611805915833
1542145550.696896 -0.10238435119390488 -0.4119912385940552 -0.2756270468235016 -0.1302051693201065 0.1161174327135086 0.13937033712863922 0.9747509360313416
1542145550.72155 -0.10716530680656433 -0.40526512265205383 -0.256911963224411 -0.12921829521656036 0.11737876385450363 0.13892579078674316 0.9747946262359619
1542145550.746206 -0.12187331914901733 -0.3654537498950958 -0.22259657084941864 -0.11627638339996338 0.12221468240022659 0.1344117820262909 0.9764614105224609
1542145550.770865 -0.12637998163700104 -0.3356627821922302 -0.20281319320201874 -0.1074431985616684 0.12151035666465759 0.1387256681919098 0.9769577383995056
1542145550.795531 -0.125239297747612 -0.2963102161884308 -0.18979096412658691 -0.09644197672605515 0.11818632483482361 0.14210805296897888 0.9780267477035522
1542145550.820205 -0.14184817671775818 -0.2817777991294861 -0.1837841272354126 -0.0932624563574791 0.12116125226020813 0.14461782574653625 0.9776031374931335
1542145550.844891 -0.16199174523353577 -0.26203468441963196 -0.18976359069347382 -0.08986827731132507 0.12463607639074326 0.14482049643993378 0.9774541258811951
1542145550.86959 -0.17868584394454956 -0.23433947563171387 -0.18611189723014832 -0.08378131687641144 0.12548595666885376 0.14729173481464386 0.9775168895721436
1542145550.894298 -0.2149563580751419 -0.18347308039665222 -0.14833414554595947 -0.06638715416193008 0.1350395679473877 0.14913615584373474 0.9773001074790955
1542145550.91901 -0.2601892650127411 -0.16285555064678192 -0.1298377364873886 -0.059407301247119904 0.14575499296188354 0.1538657546043396 0.9754750728607178
1542145550.943726 -0.28489950299263 -0.12136787921190262 -0.08954954147338867 -0.045012738555669785 0.15381480753421783 0.15084527432918549 0.9754796624183655
1542145550.968439 -0.3207186758518219 -0.08892057836055756 -0.05303499102592468 -0.0326845720410347 0.16401557624340057 0.15001115202903748 0.9744369387626648
1542145550.993144 -0.34741780161857605 -0.07718794047832489 -0.023789815604686737 -0.02634221874177456 0.17036758363246918 0.15492868423461914 0.9727683067321777
1542145551.017841 -0.3727908432483673 -0.07110162079334259 -0.011081808246672153 -0.024383123964071274 0.17649982869625092 0.15485532581806183 0.9717372059822083
1542145551.04253 -0.40185022354125977 -0.07462016493082047 -0.005106773227453232 -0.02308153361082077 0.17889901995658875 0.16599111258983612 0.9694892764091492
1542145551.067209 -0.4097369909286499 -0.08473673462867737 -0.010290578007698059 -0.0257182028144598 0.17654654383659363 0.17133142054080963 0.968924880027771
1542145551.091875 -0.4217900037765503 -0.11453081667423248 -0.03195452690124512 -0.035253968089818954 0.17259763181209564 0.18210697174072266 0.967369794845581
1542145551.116525 -0.4508061408996582 -0.11622731387615204 -0.010834349319338799 -0.032186057418584824 0.18126606941223145 0.18210278451442719 0.9658909440040588
1542145551.141152 -0.470486581325531 -0.16077090799808502 -0.032738346606492996 -0.0442357212305069 0.18050718307495117 0.1940479874610901 0.9632267951965332
1542145551.165755 -0.5293030738830566 -0.1653916984796524 -0.0074533578008413315 -0.041500966995954514 0.2002662867307663 0.1913120150566101 0.9599848389625549
1542145551.190341 -0.5448920130729675 -0.1775427609682083 -8.618459105491638e-05 -0.04283928498625755 0.20283421874046326 0.19454553723335266 0.9587362408638
1542145551.214912 -0.5715001225471497 -0.19954615831375122 0.005650857463479042 -0.046293724328279495 0.2092314511537552 0.19865402579307556 0.9563554525375366
1542145551.239468 -0.5969001650810242 -0.22359095513820648 -0.011525828391313553 -0.05373189225792885 0.21226458251476288 0.20125295221805573 0.9547533392906189
1542145551.264012 -0.6228746771812439 -0.21395735442638397 0.014020312577486038 -0.046769995242357254 0.22062097489833832 0.20291787385940552 0.9528711438179016
1542145551.288551 -0.5966444611549377 -0.25577428936958313 -0.010259225964546204 -0.05909757688641548 0.20864756405353546 0.2100599706172943 0.9533354640007019
1542145551.313091 -0.5781713128089905 -0.2989351153373718 -0.03921817988157272 -0.07293827086687088 0.19888822734355927 0.21836797893047333 0.9525958895683289
1542145551.337636 -0.6181098222732544 -0.2969760000705719 -0.02571358159184456 -0.0709233209490776 0.21136336028575897 0.21686021983623505 0.95040363073349
1542145551.36218 -0.611501157283783 -0.35265490412712097 -0.07308776676654816 -0.0865531712770462 0.20400172472000122 0.2284555435180664 0.9479978680610657
1542145551.386732 -0.5937262177467346 -0.3759201169013977 -0.11384142190217972 -0.09645801037549973 0.19583816826343536 0.22985009849071503 0.9484261870384216
1542145551.411289 -0.5866653919219971 -0.34264373779296875 -0.07587440311908722 -0.08714737743139267 0.20026318728923798 0.22157609462738037 0.9503704905509949
1542145551.435849 -0.5717501044273376 -0.40065404772758484 -0.1258009970188141 -0.10599386692047119 0.19291161000728607 0.22528217732906342 0.9491040110588074
1542145551.46041 -0.5772727727890015 -0.3884439170360565 -0.1282154619693756 -0.10192888975143433 0.1947384625673294 0.22422471642494202 0.949426531791687
1542145551.484972 -0.5885573625564575 -0.37189704179763794 -0.11678826808929443 -0.09634029865264893 0.20203261077404022 0.21737420558929443 0.9500789046287537
1542145551.50954 -0.5369158983230591 -0.3746034502983093 -0.14051438868045807 -0.10139710456132889 0.18890134990215302 0.21404045820236206 0.9530066251754761
1542145551.534103 -0.545392632484436 -0.36201897263526917 -0.13953815400600433 -0.09798752516508102 0.19517956674098969 0.20583033561706543 0.9539062976837158
1542145551.558658 -0.5266263484954834 -0.3938448131084442 -0.17484340071678162 -0.10969695448875427 0.19052889943122864 0.20466278493404388 0.9538230895996094
1542145551.583201 -0.46605026721954346 -0.44999444484710693 -0.22496911883354187 -0.12891453504562378 0.1745060682296753 0.20543359220027924 0.9543195366859436
1542145551.607735 -0.41907674074172974 -0.49857044219970703 -0.25269633531570435 -0.14464624226093292 0.16355980932712555 0.20814019441604614 0.953416645526886
1542145551.632267 -0.38037335872650146 -0.5017327666282654 -0.2709631323814392 -0.1463007628917694 0.15615373849868774 0.20434503257274628 0.9552252888679504
1542145551.656803 -0.2892611622810364 -0.5297874212265015 -0.301268994808197 -0.15867039561271667 0.13334281742572784 0.20105932652950287 0.9574019908905029
1542145551.68134 -0.20103195309638977 -0.5777527093887329 -0.333802729845047 -0.17546707391738892 0.11129593849182129 0.2011410892009735 0.9572705030441284
1542145551.705877 -0.17250648140907288 -0.596839964389801 -0.3436076045036316 -0.1823352724313736 0.1095191165804863 0.1900709569454193 0.9584531784057617
1542145551.730418 -0.16848823428153992 -0.5905716419219971 -0.3479938507080078 -0.18021497130393982 0.11402107775211334 0.1810145527124405 0.9600810408592224
1542145551.75497 -0.12041493505239487 -0.583837628364563 -0.3619110882282257 -0.1794470250606537 0.10368652641773224 0.17345699667930603 0.962787926197052
1542145551.779537 -0.10327284038066864 -0.5711638331413269 -0.3466596305370331 -0.17545931041240692 0.10546450316905975 0.1635325700044632 0.9650639891624451
1542145551.804114 -0.05855802819132805 -0.6036856174468994 -0.3782905340194702 -0.18610835075378418 0.09713098406791687 0.1586485505104065 0.9647590517997742
1542145551.828706 0.03368368744850159 -0.6071196794509888 -0.3755769431591034 -0.19111068546772003 0.07445144653320312 0.15700362622737885 0.9660660624504089
1542145551.853315 0.06835547089576721 -0.6215181350708008 -0.38586539030075073 -0.19584934413433075 0.06930916011333466 0.15211354196071625 0.9662820100784302
1542145551.877939 0.17364534735679626 -0.6323682069778442 -0.3739360272884369 -0.20375365018844604 0.04281512647867203 0.15064850449562073 0.966414213180542
1542145551.902578 0.19997474551200867 -0.6357852816581726 -0.3972412347793579 -0.20523308217525482 0.04030073806643486 0.14211229979991913 0.9675016403198242
1542145551.927234 0.22363010048866272 -0.6200539469718933 -0.4069528579711914 -0.20182371139526367 0.036557476967573166 0.13972586393356323 0.9687143564224243
1542145551.951902 0.21131311357021332 -0.5762394070625305 -0.41143307089805603 -0.18996141850948334 0.04246068745851517 0.13014671206474304 0.9722003936767578
1542145551.976574 0.22660624980926514 -0.5535057187080383 -0.42028263211250305 -0.18444225192070007 0.040703754872083664 0.1251363903284073 0.9739944338798523
1542145552.00125 0.15382245182991028 -0.5396332740783691 -0.4325266182422638 -0.1772628128528595 0.06621900200843811 0.11500602215528488 0.9751752018928528
1542145552.025928 0.20068499445915222 -0.51227205991745 -0.42375922203063965 -0.17281462252140045 0.053684428334236145 0.11478063464164734 0.9767694473266602
1542145552.050604 0.2128268927335739 -0.5060185194015503 -0.43472886085510254 -0.17262279987335205 0.0528605654835701 0.10851674526929855 0.9775639772415161
1542145552.075277 0.2728215456008911 -0.48830920457839966 -0.43396198749542236 -0.1715959757566452 0.03545974940061569 0.11180508881807327 0.9781600832939148
1542145552.099943 0.29793575406074524 -0.4693344533443451 -0.4279635548591614 -0.16855061054229736 0.029460782185196877 0.11194436997175217 0.9788724184036255
1542145552.124599 0.3044561445713043 -0.4680548906326294 -0.4447392225265503 -0.1706993579864502 0.028169531375169754 0.11372934281826019 0.9783322215080261
1542145552.149243 0.3193896412849426 -0.43301790952682495 -0.42165201902389526 -0.16190147399902344 0.023546667769551277 0.11293697357177734 0.9800401926040649
1542145552.173877 0.3573916554450989 -0.4291934370994568 -0.429483562707901 -0.16530802845954895 0.010395255871117115 0.11992473155260086 0.9788684248924255
1542145552.198508 0.35899460315704346 -0.407487154006958 -0.4448593556880951 -0.1601530909538269 0.011015002615749836 0.1165427640080452 0.9801262617111206
1542145552.223135 0.32492661476135254 -0.409317284822464 -0.4505709111690521 -0.16098041832447052 0.019331861287355423 0.11950062215328217 0.9795056581497192
1542145552.247755 0.2742316722869873 -0.39988425374031067 -0.4619258940219879 -0.15614350140094757 0.03426417335867882 0.11736304312944412 0.9801383018493652
1542145552.27237 0.2643302083015442 -0.4052228629589081 -0.4838048815727234 -0.15976902842521667 0.03907575085759163 0.11310036480426788 0.9798752069473267
1542145552.296981 0.20595534145832062 -0.3772348463535309 -0.49286678433418274 -0.14966003596782684 0.055240754038095474 0.11095830053091049 0.9809376001358032
1542145552.32159 0.20384007692337036 -0.3954811990261078 -0.515239417552948 -0.15575899183750153 0.05602965131402016 0.11051057279109955 0.9799935221672058
1542145552.346199 0.2001659870147705 -0.4097101092338562 -0.5401586890220642 -0.16068784892559052 0.05484284088015556 0.11710000038146973 0.9784985184669495
1542145552.370808 0.23334193229675293 -0.4154796004295349 -0.5330842733383179 -0.16428714990615845 0.043702177703380585 0.12173289060592651 0.9778962135314941
1542145552.395421 0.22495853900909424 -0.40635374188423157 -0.5118513107299805 -0.16023525595664978 0.04393567517399788 0.12556910514831543 0.978073000907898
1542145552.420041 0.2229394018650055 -0.42655760049819946 -0.5064941048622131 -0.16551578044891357 0.04481974244117737 0.12553191184997559 0.9771578907966614
1542145552.444664 0.21606968343257904 -0.4406895935535431 -0.5280130505561829 -0.16884367167949677 0.04490857571363449 0.12827648222446442 0.9762275218963623
1542145552.469286 0.1855461448431015 -0.4653122127056122 -0.5232560038566589 -0.17264746129512787 0.05403529107570648 0.12505050003528595 0.9755180478096008
1542145552.493913 0.22339755296707153 -0.48846444487571716 -0.5357359647750854 -0.18037313222885132 0.04237275570631027 0.12752747535705566 0.9743751287460327
1542145552.518548 0.19460904598236084 -0.48572325706481934 -0.5208296179771423 -0.17867740988731384 0.04765123501420021 0.13122133910655975 0.9739531874656677
1542145552.543186 0.05626881122589111 -0.5075018405914307 -0.5527796745300293 -0.17698737978935242 0.08692717552185059 0.12197098135948181 0.9727498292922974
1542145552.567828 0.11015896499156952 -0.5512534379959106 -0.5457041263580322 -0.1897759884595871 0.07037339359521866 0.12958641350269318 0.9706905484199524
1542145552.59247 0.1310286670923233 -0.5707892775535583 -0.5410391092300415 -0.1944921314716339 0.06342986226081848 0.13485629856586456 0.9695170521736145
1542145552.617108 0.1267334371805191 -0.5625990629196167 -0.5195350050926208 -0.19203603267669678 0.06336161494255066 0.13315381109714508 0.9702461957931519
1542145552.641744 0.1739576756954193 -0.6024712324142456 -0.5195811986923218 -0.20385140180587769 0.048236168920993805 0.1437566727399826 0.9671876430511475
1542145552.666375 0.13474507629871368 -0.5800190567970276 -0.5105459094047546 -0.1949465423822403 0.05627068504691124 0.14401189982891083 0.9685505032539368
1542145552.691 0.12558721005916595 -0.6025940775871277 -0.4985891282558441 -0.19889141619205475 0.05927393585443497 0.14273323118686676 0.967758297920227
1542145552.71562 0.09426609426736832 -0.5934054851531982 -0.48379459977149963 -0.1942099779844284 0.06627244502305984 0.14092081785202026 0.9685204029083252
1542145552.740237 -0.006827041506767273 -0.5877863764762878 -0.47373688220977783 -0.1883818805217743 0.09422677010297775 0.13971774280071259 0.9675291180610657
1542145552.764852 -0.05196835473179817 -0.5620834827423096 -0.4518589377403259 -0.17923004925251007 0.1052061915397644 0.14000976085662842 0.9680938124656677
1542145552.789469 -0.047631219029426575 -0.623357355594635 -0.4760599136352539 -0.19485390186309814 0.10282488912343979 0.14127463102340698 0.9651427865028381
1542145552.814083 -0.05212826281785965 -0.5818194150924683 -0.44720587134361267 -0.18371406197547913 0.10187545418739319 0.1451854109764099 0.9668462872505188
1542145552.838695 -0.08797172456979752 -0.5800925493240356 -0.43077319860458374 -0.18101383745670319 0.11173616349697113 0.1452137678861618 0.9662619233131409
1542145552.863305 -0.08893971890211105 -0.5640525817871094 -0.41363316774368286 -0.17642748355865479 0.11044526100158691 0.1469375491142273 0.9669976830482483
1542145552.887918 -0.13676884770393372 -0.5853806734085083 -0.41118285059928894 -0.18003539741039276 0.12335999310016632 0.14718641340732574 0.9647309184074402
1542145552.912542 -0.09481137990951538 -0.6005417108535767 -0.401151180267334 -0.18595172464847565 0.11026671528816223 0.1515844613313675 0.9645130634307861
1542145552.93718 -0.10266077518463135 -0.5910558700561523 -0.38519856333732605 -0.18331871926784515 0.11056016385555267 0.15447156131267548 0.9645254015922546
1542145552.961827 -0.1171271950006485 -0.577164888381958 -0.3728071451187134 -0.1787351369857788 0.1136711835861206 0.1535632610321045 0.9651688933372498
1542145552.986482 -0.1542479544878006 -0.5718697905540466 -0.3643943667411804 -0.17444317042827606 0.12222549319267273 0.1558760702610016 0.9645377993583679
1542145553.011131 -0.2293429970741272 -0.5165271759033203 -0.32292458415031433 -0.1556520313024521 0.1446712464094162 0.15066875517368317 0.9654748439788818
1542145553.035772 -0.24717269837856293 -0.5077076554298401 -0.31269368529319763 -0.15193158388137817 0.14684900641441345 0.1558329463005066 0.964918851852417
