1541978820368298.2 -0.0 -0.0 -0.0 -0.0 -0.0 1.0 -0.0
1541978820400231.2 -0.021348575 -0.09138183 -0.19247058 -0.030811146 0.051891718 0.99643034 -0.059030138
1541978820432229.2 -0.007365606 -0.08753467 -0.20913067 -0.023467684 0.061891932 0.9974784 -0.025601966
1541978820464276.2 0.036443498 -0.0742232 -0.17403254 -0.02554454 0.050200664 0.9976162 0.039867494
1541978820496331.2 0.05448716 -0.06251079 -0.17560963 -0.029440286 0.038856767 0.99736935 0.05364582
1541978820528393.2 0.0510208 -0.057669945 -0.1889202 -0.021017684 0.04435121 0.9987355 -0.010892972
1541978820560535.2 0.05436352 -0.057826493 -0.19571921 -0.025034538 0.06580527 0.996904 -0.03500452
1541978820592820.2 0.1029404 -0.05613164 -0.20861909 -0.03780777 0.07719028 0.99629027 -0.0042359848
1541978820625138.2 0.1253166 -0.054399084 -0.21534917 -0.035456195 0.06510905 0.9972396 0.00410942
1541978820657374.2 0.13929799 -0.046404716 -0.22276296 -0.045566007 0.062808715 0.99605584 -0.043030676
1541978820689527.2 0.15645067 -0.042615257 -0.2285465 -0.05192025 0.07890181 0.9946131 -0.0427045
1541978820721625.2 0.1713791 -0.04146904 -0.23170464 -0.034361187 0.078351595 0.99632776 -0.0033941432
1541978820753688.2 0.18738487 -0.041746944 -0.23620716 -0.025839284 0.07571685 0.9967764 0.0060164356
1541978820785734.2 0.20240748 -0.03304579 -0.24068254 -0.038930774 0.08150819 0.99521184 -0.037339836
1541978820817772.2 0.21662295 -0.029136809 -0.24530943 -0.038982935 0.08871264 0.9938732 -0.053164978
1541978820849804.2 0.22577994 -0.031137627 -0.24863197 -0.0171589 0.092486076 0.9955362 -0.007719777
1541978820881800.2 0.23375651 -0.03377075 -0.25167415 0.0003224091 0.084316134 0.996364 0.012229747
1541978820913754.2 0.2479232 -0.022600422 -0.25474063 -0.014529237 0.09495574 0.9950443 -0.025676092
1541978820945625.2 0.26014876 -0.016612662 -0.25898695 -0.020553425 0.1078941 0.99221265 -0.058741745
1541978820977375.2 0.26831886 -0.018039662 -0.26341027 -0.007767113 0.113377295 0.99317044 -0.026417403
1541978821008977.2 0.27394107 -0.020087648 -0.26700848 0.012847579 0.099342294 0.9949001 0.011828487
1541978821040484.2 0.28465736 -0.013008767 -0.26878977 0.007768734 0.10307151 0.9946339 -0.0044006985
1541978821071932.2 0.29637164 -0.0059481934 -0.2734498 -0.0013521601 0.11703599 0.9913383 -0.05957539
1541978821103254.2 0.30393323 -0.0017267097 -0.27828023 0.0031279048 0.13186713 0.98985666 -0.052774426
1541978821134389.2 0.30943286 -0.0016063851 -0.28272927 0.0185972 0.11704872 0.9928204 -0.016169023
1541978821165361.2 0.3162379 0.00012605562 -0.28806865 0.028235052 0.09821274 0.9946052 -0.017821126
1541978821196292.2 0.3218945 0.0063371276 -0.2929619 0.02348477 0.11401776 0.9922681 -0.043040313
1541978821227151.2 0.32829326 0.0090694325 -0.2981415 0.021814298 0.12759158 0.99079806 -0.03954506
1541978821257868.2 0.33118305 0.0094616655 -0.30413082 0.033526845 0.10474301 0.993509 -0.029065432
1541978821288487.2 0.33483893 0.015669089 -0.31004757 0.03803261 0.098953396 0.993646 -0.037807032
1541978821319072.2 0.33660775 0.021349376 -0.31809384 0.02772191 0.12527153 0.9899908 -0.058796044
1541978821349608.2 0.33699462 0.024221485 -0.32739204 0.022347126 0.12437612 0.9899241 -0.06388675
1541978821380056.2 0.33321035 0.026147675 -0.33095905 0.03332595 0.087785415 0.9946678 -0.042651262
1541978821410449.2 0.3308916 0.033476695 -0.33673534 0.041232288 0.05591406 0.9972401 -0.02618571
1541978821440866.2 0.3319436 0.042109102 -0.34272173 0.02770259 0.0734914 0.9926567 -0.09200106
1541978821471305.2 0.3331545 0.054317124 -0.35063586 0.015676083 0.09898083 0.9821021 -0.15947619
1541978821501697.2 0.3287071 0.056630068 -0.3589894 0.012041278 0.1140601 0.9797775 -0.16395557
1541978821531995.2 0.326574 0.059731815 -0.36652884 0.01210907 0.091752544 0.9865759 -0.13454713
1541978821562233.2 0.32295665 0.061397273 -0.3735786 0.00846748 0.06991099 0.9914 -0.11030354
1541978821592506.2 0.31772462 0.0640723 -0.38274902 -0.0017425292 0.06282717 0.9914678 -0.11419925
1541978821622819.2 0.31473026 0.06886899 -0.38969675 -0.0178159 0.064218506 0.9851592 -0.15817669
1541978821653175.2 0.31016722 0.071997195 -0.3982207 -0.029443456 0.07479209 0.9804751 -0.17946567
1541978821683580.2 0.30480292 0.07194295 -0.40504616 -0.036158428 0.07187731 0.98492426 -0.15313558
1541978821713969.2 0.30352214 0.069041714 -0.41086033 -0.033556204 0.02170762 0.9905506 -0.13119633
1541978821744335.2 0.29770797 0.07418688 -0.41703525 -0.028966019 -0.014026233 0.99161935 -0.12512107
1541978821774697.2 0.29903293 0.0777535 -0.42166883 -0.045477293 0.0022237012 0.97952 -0.19613118
1541978821805014.2 0.2939042 0.082444586 -0.4285358 -0.046640225 0.01692959 0.97149473 -0.23181051
1541978821835236.2 0.2902585 0.08159103 -0.43371874 -0.043251812 0.011481963 0.9741578 -0.2213911
1541978821865354.2 0.28855634 0.08142402 -0.43746403 -0.046463303 -0.015527805 0.97945136 -0.19564062
1541978821895583.2 0.28705984 0.078799576 -0.44296882 -0.05939981 -0.03811396 0.9806679 -0.18250923
1541978821926078.2 0.28585088 0.08138504 -0.44831344 -0.071916066 -0.05229 0.9743505 -0.20672429
1541978821956694.2 0.28556725 0.082443684 -0.45478952 -0.078026816 -0.04948674 0.9645447 -0.24721746
1541978821987339.2 0.28375033 0.0829431 -0.46168867 -0.07988315 -0.043838095 0.960851 -0.261653
1541978822017966.2 0.28244883 0.08135679 -0.4660452 -0.08686146 -0.05331821 0.96446216 -0.24377243
1541978822048570.2 0.28172165 0.07619986 -0.4706155 -0.10168019 -0.077809386 0.9684508 -0.21379885
1541978822079290.2 0.28458306 0.074398965 -0.4744455 -0.11926352 -0.10903871 0.96809554 -0.19151455
1541978822110104.2 0.28169844 0.079428144 -0.47741368 -0.12359456 -0.13093545 0.9632523 -0.19931225
1541978822140846.2 0.2856371 0.08730091 -0.48176187 -0.13151214 -0.13170278 0.9533824 -0.23753121
1541978822171502.2 0.2813688 0.09915784 -0.48957688 -0.12860516 -0.12488691 0.946829 -0.26716802
1541978822202126.2 0.27926826 0.10047178 -0.49443415 -0.12735721 -0.13573323 0.9435666 -0.2739319
1541978822232724.2 0.27856174 0.098475285 -0.49393338 -0.1383212 -0.14550178 0.9485546 -0.24482815
1541978822263419.2 0.27553627 0.0906013 -0.49367857 -0.15625006 -0.16338016 0.9511599 -0.21020876
1541978822294334.2 0.27323076 0.092048064 -0.49414983 -0.17056434 -0.18932042 0.949797 -0.18152499
1541978822325346.2 0.26968277 0.09846529 -0.49320772 -0.17340139 -0.20487784 0.9442785 -0.19051315
1541978822356300.2 0.2690047 0.11158144 -0.49457684 -0.16869211 -0.21409044 0.93785876 -0.21477726
1541978822387222.2 0.25978616 0.121022575 -0.4954753 -0.16666275 -0.20213626 0.93888223 -0.22330394
1541978822418120.2 0.2535873 0.12551841 -0.49413124 -0.17644058 -0.19669303 0.9417724 -0.2079552
1541978822448987.2 0.24547416 0.12345991 -0.49139863 -0.18926679 -0.20109725 0.944331 -0.1788212
1541978822479909.2 0.23687893 0.12127627 -0.48955595 -0.20062464 -0.20613866 0.9466453 -0.14532475
1541978822510898.2 0.23054549 0.12533392 -0.48701277 -0.20425029 -0.20960629 0.94647235 -0.13615137
1541978822541822.2 0.22288647 0.13557655 -0.48437735 -0.20177115 -0.19670247 0.94637454 -0.15802492
1541978822572637.2 0.21796618 0.1422242 -0.4803186 -0.21190566 -0.1690246 0.9466756 -0.17416087
1541978822603397.2 0.2051779 0.14445597 -0.47874573 -0.2167984 -0.16060339 0.948761 -0.16449186
1541978822634129.2 0.19610372 0.13895008 -0.47415704 -0.21965067 -0.16814974 0.9510163 -0.1380117
1541978822664896.2 0.18643276 0.13116968 -0.4685639 -0.21649306 -0.17341511 0.9539006 -0.114594035
1541978822695748.2 0.17936692 0.13504672 -0.46205354 -0.20851204 -0.17586192 0.9554745 -0.11253367
1541978822726631.2 0.17218088 0.13905157 -0.45775956 -0.20864686 -0.15602162 0.9551481 -0.14076878
1541978822757502.2 0.16563466 0.14286986 -0.45172626 -0.22156878 -0.12468861 0.9537175 -0.1605706
1541978822788352.2 0.15560633 0.1379843 -0.44947967 -0.22534159 -0.11354129 0.9562959 -0.14774208
1541978822819168.2 0.14328009 0.12202676 -0.44723946 -0.22397283 -0.12102987 0.96076155 -0.11011483
1541978822850026.2 0.13245328 0.10533187 -0.4445165 -0.2206435 -0.13416347 0.96369797 -0.06784506
1541978822880960.2 0.12606686 0.096112266 -0.44207042 -0.21943015 -0.13656561 0.9653752 -0.03537051
1541978822911855.2 0.11766929 0.09080149 -0.43918735 -0.21519306 -0.1303375 0.96702194 -0.039657414
1541978822942617.2 0.11123448 0.09132894 -0.4355119 -0.21365117 -0.123565204 0.96676123 -0.066765584
1541978822973243.2 0.10523657 0.08939187 -0.43122047 -0.21922901 -0.110853225 0.966633 -0.072600506
1541978823003777.2 0.095474415 0.08082055 -0.43128005 -0.21879603 -0.10651693 0.96840894 -0.054467045
1541978823034258.2 0.08637682 0.069447726 -0.43193159 -0.21215172 -0.11254736 0.9704562 -0.02323035
1541978823064728.2 0.08208854 0.06183436 -0.43137917 -0.2048888 -0.1108004 0.9724363 0.010561898
1541978823095188.2 0.07990745 0.0548762 -0.42885646 -0.19944248 -0.096354075 0.97490436 0.022364046
1541978823125647.2 0.07775757 0.05493432 -0.4228903 -0.1950828 -0.086665735 0.9769027 0.009640068
1541978823156127.2 0.07833744 0.057646606 -0.4210562 -0.20030518 -0.072671436 0.976785 -0.022086814
1541978823186626.2 0.07939417 0.055052727 -0.42055893 -0.2085995 -0.060655657 0.9755804 -0.03240509
1541978823217106.2 0.082076125 0.0504655 -0.41866922 -0.21092191 -0.06398579 0.9753383 -0.011531869
1541978823247545.2 0.08025729 0.037270475 -0.42064402 -0.2023369 -0.076969884 0.97612137 0.017959716
1541978823277961.2 0.07987839 0.029598221 -0.4220204 -0.19126625 -0.085938014 0.9767069 0.04555808
1541978823308378.2 0.08814384 0.028100932 -0.4173588 -0.18522197 -0.08056635 0.9781856 0.04852748
1541978823338822.2 0.103745244 0.033661358 -0.4105833 -0.19286461 -0.05392594 0.9795505 0.019395724
1541978823369281.2 0.115068495 0.044988055 -0.40577924 -0.19118463 -0.028648155 0.9810358 -0.01401508
1541978823399687.2 0.12522358 0.052679718 -0.4032653 -0.19012204 -0.007551712 0.9811944 -0.032469016
1541978823430028.2 0.13351253 0.0534775 -0.4022913 -0.18611987 -0.009204107 0.9818878 -0.034219943
1541978823460377.2 0.13824798 0.049592946 -0.4054613 -0.18235686 -0.022968704 0.98266447 -0.024270434
1541978823490799.2 0.14099535 0.04419704 -0.40810898 -0.1783379 -0.04234694 0.98300123 -0.010535066
1541978823521332.2 0.147672 0.04337089 -0.4089634 -0.17545596 -0.06442904 0.9823746 0.0020774165
1541978823551987.2 0.15503617 0.043458283 -0.41217408 -0.17202415 -0.07130216 0.9824933 0.0055411826
1541978823582762.2 0.16379192 0.04883681 -0.41179878 -0.16630153 -0.064061366 0.983989 -0.0023815585
1541978823613663.2 0.17988127 0.05536463 -0.41219327 -0.1616504 -0.051219847 0.98525196 -0.022897951
1541978823644701.2 0.19645146 0.06222408 -0.4139339 -0.15493077 -0.037931535 0.98622173 -0.04386906
1541978823675827.2 0.20934507 0.06578928 -0.4176378 -0.1407755 -0.033444952 0.98731035 -0.0654368
1541978823706960.2 0.22028409 0.06936058 -0.42208895 -0.12736748 -0.031732578 0.9881321 -0.07978493
1541978823738034.2 0.22530569 0.072472505 -0.42871583 -0.11979343 -0.026231354 0.9885366 -0.08807344
1541978823769004.2 0.2268474 0.07798903 -0.4334592 -0.116244 -0.029023573 0.98823655 -0.09504507
1541978823799870.2 0.22848558 0.084643885 -0.43863562 -0.11829505 -0.02939755 0.9877087 -0.09784563
1541978823830688.2 0.22195989 0.08834956 -0.443189 -0.12040462 -0.024602989 0.9876038 -0.097654015
1541978823861488.2 0.21250623 0.094469786 -0.45091555 -0.12632972 -0.027042015 0.9871276 -0.09427979
1541978823892282.2 0.20034446 0.10199393 -0.45647335 -0.13654971 -0.030063478 0.9862084 -0.08856361
1541978823923072.2 0.18346803 0.110845506 -0.462666 -0.14598028 -0.02998951 0.98520386 -0.08463895
1541978823953833.2 0.17163569 0.11830776 -0.46572214 -0.15452126 -0.02635948 0.9841927 -0.08242014
1541978823984542.2 0.15932474 0.123094395 -0.4655115 -0.15600798 -0.01958682 0.9846789 -0.07540118
1541978824015192.2 0.16193807 0.11554343 -0.46668917 -0.1608693 -0.009722538 0.98442066 -0.07030383
1541978824045836.2 0.16201632 0.1043179 -0.47253594 -0.15594704 -0.0067750006 0.9854247 -0.06762288
1541978824076531.2 0.16728792 0.09357178 -0.4714623 -0.15092501 -0.0030525269 0.9865309 -0.06300066
1541978824107284.2 0.16625126 0.08821947 -0.47147346 -0.14666092 0.013980642 0.9876172 -0.053920936
1541978824138052.2 0.1636206 0.08847243 -0.4748127 -0.14724734 0.025962608 0.9872765 -0.054123078
1541978824168802.2 0.16133244 0.094875805 -0.47492084 -0.15446305 0.03666995 0.98578715 -0.054956518
1541978824199552.2 0.1547456 0.10534058 -0.4741979 -0.16182306 0.04725495 0.9841031 -0.05587008
1541978824230304.2 0.14294884 0.11460705 -0.47946638 -0.16500543 0.05144793 0.9831132 -0.060123045
1541978824261006.2 0.1321496 0.13069467 -0.48424748 -0.16579255 0.04356538 0.98325914 -0.061776925
1541978824291603.2 0.12506318 0.14543216 -0.4898774 -0.16366228 0.030089559 0.9838409 -0.06607938
