# timestamp[secs] tx ty tz qx qy qz qw
0.039104898148148146 -0.0 -0.0 -0.0 -0.0 -0.0 -0.0 1.0
0.07676389814814814 -0.01713925413787365 -0.43894636631011963 0.15411703288555145 0.004659599624574184 0.002908593975007534 0.0006265011033974588 0.9999847412109375
0.11478889814814815 -0.01405357290059328 -0.45738887786865234 0.1736173927783966 0.010521432384848595 0.004987055901437998 0.005015280097723007 0.9999196529388428
0.15300989814814814 -0.01405357290059328 -0.45738887786865234 0.1736173927783966 0.010521432384848595 0.004987055901437998 0.005015280097723007 0.9999196529388428
0.19117889814814815 -0.028105828911066055 -0.45911481976509094 0.16291682422161102 0.011865923181176186 0.01145674753934145 0.005996032152324915 0.9998460412025452
0.22901589814814816 -0.028105828911066055 -0.45911481976509094 0.16291682422161102 0.011865923181176186 0.01145674753934145 0.005996032152324915 0.9998460412025452
0.26632389814814816 -0.05856801196932793 -0.4551492929458618 0.12604309618473053 0.014728013426065445 0.019076237455010414 0.010140948928892612 0.9996581673622131
0.30308489814814815 -0.05856801196932793 -0.4551492929458618 0.12604309618473053 0.014728013426065445 0.019076237455010414 0.010140948928892612 0.9996581673622131
0.3393878981481481 -0.08744293451309204 -0.439915269613266 0.10908519476652145 0.007441224530339241 0.03733769804239273 0.019026363268494606 0.9990938901901245
0.37531789814814814 -0.16350752115249634 -0.4449218511581421 0.06586208939552307 0.0025786058977246284 0.047517575323581696 0.027350395917892456 0.9984925985336304
0.4109838981481481 -0.17391763627529144 -0.41884845495224 -0.003414404345676303 -0.0005437848740257323 0.05089419707655907 0.03785742446780205 0.9979861974716187
0.44657489814814816 -0.07505196332931519 -0.41412630677223206 0.07490065693855286 0.006037937942892313 0.05010557919740677 0.05102566257119179 0.997421383857727
0.48226789814814813 -0.08547571301460266 -0.3943236470222473 0.04480397701263428 0.0013548763236030936 0.05942689999938011 0.06248067319393158 0.9962745308876038
0.5181448981481481 -0.09286532551050186 -0.3923593759536743 0.04120185971260071 -0.00039947102777659893 0.0647168755531311 0.07420369237661362 0.9951409101486206
0.5542128981481481 -0.08119576424360275 -0.4014672636985779 0.054482027888298035 0.0019152832683175802 0.06928861886262894 0.0867842435836792 0.9938128590583801
0.590444898148148 -0.0811997801065445 -0.40117090940475464 0.04648413136601448 0.0035431261640042067 0.07356046885251999 0.09285543859004974 0.992952287197113
0.6267778981481481 -0.0895238071680069 -0.4059256911277771 0.049645937979221344 0.004768866114318371 0.07567202299833298 0.09858457744121552 0.9922359585762024
0.6630868981481481 -0.08016374707221985 -0.41524574160575867 0.07267970591783524 0.01377438846975565 0.07016906887292862 0.10356082022190094 0.9920492768287659
0.6992108981481481 -0.07952532917261124 -0.4147473871707916 0.07234077900648117 0.01901938021183014 0.0645488053560257 0.10688906162977219 0.9919912219047546
0.7350318981481481 -0.08792676776647568 -0.4132484793663025 0.061739981174468994 0.024220872670412064 0.055232562124729156 0.10038618743419647 0.9931190609931946
0.7704788981481481 -0.10297995060682297 -0.41091683506965637 0.050175972282886505 0.02434138022363186 0.06342197954654694 0.10699557512998581 0.9919360876083374
0.8055628981481481 -0.10155940055847168 -0.40902185440063477 0.04625328257679939 0.02789953351020813 0.056328412145376205 0.10613718628883362 0.9923626780509949
0.840371898148148 -0.10607092827558517 -0.40792447328567505 0.04065757244825363 0.02972864732146263 0.05109437555074692 0.10136312991380692 0.9930917024612427
0.8750128981481481 -0.1379718780517578 -0.40210235118865967 0.006683210842311382 0.031131774187088013 0.050880637019872665 0.10121520608663559 0.9930747747421265
0.9095378981481481 -0.21310387551784515 -0.3691968321800232 -0.06613021343946457 0.03200576826930046 0.04724428430199623 0.10350856184959412 0.992990255355835
0.943962898148148 -0.19660456478595734 -0.3953143358230591 -0.033608581870794296 0.028723163530230522 0.047797154635190964 0.11015702039003372 0.9923486709594727
0.9783308981481481 -0.2333761602640152 -0.39796337485313416 -0.05020298808813095 0.02888653241097927 0.047196973115205765 0.11513835191726685 0.9918070435523987
1.0127228981481482 -0.24661213159561157 -0.4034028947353363 -0.057769179344177246 0.03020879067480564 0.048977166414260864 0.12480442225933075 0.9905112981796265
1.0472718981481481 -0.25943267345428467 -0.40834930539131165 -0.06236983463168144 0.031803444027900696 0.053153008222579956 0.14030872285366058 0.9881684184074402
1.0820788981481484 -0.26159799098968506 -0.4296247363090515 -0.04807256534695625 0.03062315098941326 0.057673130184412 0.1577109694480896 0.985323965549469
1.1170818981481483 -0.336055189371109 -0.4588819444179535 -0.09042078256607056 0.028658296912908554 0.06282366812229156 0.16811420023441315 0.983346164226532
1.1521138981481482 -0.35869577527046204 -0.42596447467803955 -0.18804973363876343 0.02895098552107811 0.07003859430551529 0.18133874237537384 0.9804961681365967
1.1870308981481483 -0.22250279784202576 -0.393848717212677 -0.07858805358409882 0.03312932699918747 0.07030477374792099 0.2082187682390213 0.9749895334243774
1.2217278981481483 -0.2195359170436859 -0.4055200219154358 -0.05547572672367096 0.03767652437090874 0.0754251778125763 0.23002225160598755 0.9695263504981995
1.2561028981481484 -0.186097651720047 -0.4001977741718292 -0.05102460831403732 0.04004724696278572 0.08078868687152863 0.24232007563114166 0.9659971594810486
1.2900508981481482 -0.1933288425207138 -0.39653632044792175 -0.05865562707185745 0.04160630702972412 0.07957866042852402 0.2438143789768219 0.9656556248664856
1.3235168981481482 -0.19929730892181396 -0.39103198051452637 -0.06520248204469681 0.04327985644340515 0.08141358941793442 0.2504934072494507 0.9637176990509033
1.3565108981481484 -0.22662478685379028 -0.38577908277511597 -0.08283974975347519 0.04833576828241348 0.07833420485258102 0.2613151967525482 0.9608547687530518
1.3890578981481483 -0.2398824691772461 -0.42905256152153015 -0.044241275638341904 0.046903837472200394 0.07641002535820007 0.2648625671863556 0.9601090550422668
1.4212188981481484 -0.2279435247182846 -0.4280354976654053 -0.03284534066915512 0.049944985657930374 0.07393145561218262 0.2566506266593933 0.9623773694038391
1.4530888981481482 -0.24851754307746887 -0.5314394235610962 0.060559481382369995 0.049386195838451385 0.07861589640378952 0.2611577808856964 0.9608211517333984
1.4847778981481483 -0.2703031003475189 -0.7225885987281799 0.235399067401886 0.04857645928859711 0.07669193297624588 0.2519643306732178 0.9634690880775452
1.5163578981481483 -0.2567727267742157 -0.5503841042518616 -0.0478963740170002 0.03472262620925903 0.07925424724817276 0.24603469669818878 0.9653911590576172
1.5478188981481482 -0.19880695641040802 -0.6024624705314636 0.049068037420511246 0.03329291567206383 0.08146045356988907 0.24337536096572876 0.96593177318573
1.5790988981481484 -0.0423012375831604 -0.7069814205169678 0.18788570165634155 0.032717328518629074 0.08316227048635483 0.24621261656284332 0.9650870561599731
1.6101638981481483 0.2484869658946991 -0.9282458424568176 0.3982676863670349 0.03217489644885063 0.08604571968317032 0.24944396317005157 0.964022159576416
1.6410168981481483 -0.1429668664932251 -0.6172512173652649 0.04154942184686661 0.03374319151043892 0.08784255385398865 0.25104790925979614 0.9633899331092834
1.6716668981481484 0.010713879019021988 -0.6957188844680786 0.14276474714279175 0.0318906269967556 0.09019574522972107 0.2505408525466919 0.9633675813674927
1.7021018981481484 0.1325692981481552 -0.751375675201416 0.2373434603214264 0.029974056407809258 0.09296024590730667 0.2522156238555908 0.9627290964126587
1.7322958981481482 0.21675650775432587 -0.7624123096466064 0.2966707944869995 0.027500277385115623 0.09579530358314514 0.25642579793930054 0.9614118933677673
1.7622048981481484 -0.02021162211894989 -0.6574133038520813 0.13385100662708282 0.024358456954360008 0.09787924587726593 0.2612098455429077 0.959997832775116
1.7918278981481484 0.02665344998240471 -0.6555582284927368 0.1731945276260376 0.01900557428598404 0.099594347178936 0.26681002974510193 0.9584009051322937
1.8211938981481484 0.04161674901843071 -0.6515421867370605 0.1903294026851654 0.013095839880406857 0.10180168598890305 0.27379679679870605 0.9562951326370239
1.8503408981481484 0.04152636229991913 -0.654636025428772 0.19363205134868622 0.009740808047354221 0.10437510162591934 0.28252848982810974 0.9535138010978699
1.8793338981481482 0.06803511083126068 -0.6516765356063843 0.21084526181221008 0.008596056140959263 0.105925053358078 0.28940853476524353 0.9512879252433777
1.9082678981481482 0.08839856833219528 -0.6527560949325562 0.22864674031734467 0.0068661728873848915 0.10809585452079773 0.2946723997592926 0.949440062046051
1.9372218981481484 0.10200315713882446 -0.6530675292015076 0.24169501662254333 0.0054657310247421265 0.10816871374845505 0.2994877099990845 0.9479329586029053
1.9662298981481483 0.12581388652324677 -0.6534374356269836 0.26502707600593567 0.00331350089982152 0.10797787457704544 0.30333229899406433 0.9467414617538452
1.9952778981481483 0.13940668106079102 -0.6558330059051514 0.28203579783439636 0.000922994629945606 0.10847248136997223 0.3073604702949524 0.9453901648521423
2.0243168981481485 0.16283494234085083 -0.66258704662323 0.3081722855567932 -0.0023591413628309965 0.11028159409761429 0.3094274699687958 0.9445036053657532
2.053308898148148 0.18413253128528595 -0.664458155632019 0.3299727439880371 -0.003806308377534151 0.11058404296636581 0.3117801249027252 0.9436895251274109
2.082246898148148 0.20095747709274292 -0.6629563570022583 0.343307226896286 -0.0057420888915658 0.11077394336462021 0.3132261335849762 0.9431784749031067
2.1111308981481485 0.23694901168346405 -0.6604762077331543 0.3735673427581787 -0.006260962225496769 0.11209674179553986 0.3147502541542053 0.942511260509491
2.1399648981481483 0.263478547334671 -0.6585682034492493 0.3915814757347107 -0.005901993252336979 0.11346456408500671 0.3169180750846863 0.9416230916976929
2.168751898148148 0.2965376377105713 -0.6582148671150208 0.4151478707790375 -0.007101784460246563 0.11403844505548477 0.3177403211593628 0.941268265247345
2.1974868981481483 0.3252756893634796 -0.6542988419532776 0.4334089159965515 -0.009938742034137249 0.11456315964460373 0.316965788602829 0.9414399862289429
2.226161898148148 0.35420674085617065 -0.6461083292961121 0.45515990257263184 -0.010391759686172009 0.1147875189781189 0.3175513446331024 0.9412103891372681
2.2547898981481485 0.3824513554573059 -0.6387425661087036 0.4724358916282654 -0.011150959879159927 0.11517094075679779 0.3202219307422638 0.9402495622634888
2.2833898981481484 0.41126787662506104 -0.6294325590133667 0.48693060874938965 -0.011983356438577175 0.1150892823934555 0.32280951738357544 0.9393641352653503
2.3119668981481483 0.4351036250591278 -0.6199896335601807 0.5030466318130493 -0.01257569994777441 0.1157754436135292 0.327338308095932 0.9377033710479736
2.3405128981481482 0.45990118384361267 -0.6101213693618774 0.5144127607345581 -0.014348329976201057 0.11653708666563034 0.3316744565963745 0.9360584020614624
2.3690548981481485 0.4915662705898285 -0.6006647944450378 0.5250514149665833 -0.01755957491695881 0.11749978363513947 0.33273881673812866 0.9355055093765259
2.3976628981481483 0.5203813910484314 -0.5919302701950073 0.5354459881782532 -0.01758408173918724 0.11810743808746338 0.3354460597038269 0.9344610571861267
2.426411898148148 0.5457669496536255 -0.5836915373802185 0.5464064478874207 -0.015742143616080284 0.11765649169683456 0.34234118461608887 0.9320470094680786
3.0118488981481484 0.8187035322189331 -0.6225976943969727 0.6478646993637085 1.741296728141606e-05 0.10769467800855637 0.3125889003276825 0.9437638521194458
3.0410278981481484 0.8080914616584778 -0.6259831190109253 0.6432393193244934 -0.0010931517463177443 0.10754385590553284 0.31204691529273987 0.943959653377533
3.070188898148148 0.7954469919204712 -0.6272064447402954 0.63756263256073 -0.0019204828422516584 0.10633892565965652 0.3116552531719208 0.9442242383956909
3.0993188981481485 0.780813992023468 -0.628258466720581 0.6317093372344971 -0.0017678397707641125 0.10497751086950302 0.31111839413642883 0.9445538520812988
3.1284138981481484 0.7695916891098022 -0.6313615441322327 0.624175488948822 -0.0027743657119572163 0.10305304825305939 0.3096386194229126 0.9452493190765381
3.157491898148148 0.7555205821990967 -0.636525571346283 0.6169866323471069 -0.006080196239054203 0.10277289897203445 0.3084449768066406 0.945654571056366
3.1865698981481483 0.740902841091156 -0.6380360126495361 0.6130839586257935 -0.006023580674082041 0.10244634747505188 0.3080699145793915 0.9458125829696655
3.2156628981481483 0.7252100110054016 -0.6415692567825317 0.6085671186447144 -0.006971025839447975 0.10242792218923569 0.30811306834220886 0.9457940459251404
3.2447788981481485 0.7141944766044617 -0.6429687738418579 0.6044427156448364 -0.007011189591139555 0.10168272256851196 0.30723685026168823 0.9461591243743896
3.2739128981481485 0.6982201933860779 -0.6411856412887573 0.5960388779640198 -0.008005540817975998 0.10114120692014694 0.30556949973106384 0.9467490911483765
3.3030628981481485 0.6848106980323792 -0.6444674730300903 0.5911260843276978 -0.009701201692223549 0.10103389620780945 0.30375316739082336 0.9473289847373962
3.3322258981481485 0.672487199306488 -0.6466367840766907 0.5894442796707153 -0.010148332454264164 0.10104094445705414 0.3027894198894501 0.9476319551467896
3.3613968981481483 0.661840558052063 -0.6480003595352173 0.581394374370575 -0.01171159092336893 0.10062834620475769 0.30023476481437683 0.9484702944755554
3.390570898148148 0.6511877179145813 -0.647026538848877 0.5738029479980469 -0.013590991497039795 0.1000267043709755 0.2969076335430145 0.9495556354522705
3.4197578981481485 0.6405276656150818 -0.6449792385101318 0.5672200918197632 -0.014177326112985611 0.09971833229064941 0.29518741369247437 0.9501156210899353
3.4489738981481484 0.6368982195854187 -0.6432334184646606 0.562423586845398 -0.015500933863222599 0.10023505985736847 0.2924899458885193 0.9508745074272156
3.4782218981481483 0.6321936249732971 -0.6439409255981445 0.5618603229522705 -0.014830222353339195 0.10049878805875778 0.29242825508117676 0.9508762955665588
3.5074908981481485 0.6291356086730957 -0.6457936763763428 0.5571468472480774 -0.016075918450951576 0.10087145864963531 0.2905096709728241 0.9514046311378479
3.5367728981481483 0.6221230030059814 -0.6463872790336609 0.5509270429611206 -0.01711503602564335 0.10150374472141266 0.2890983819961548 0.9517490863800049
3.5660668981481485 0.6253050565719604 -0.6461114287376404 0.5505045652389526 -0.016414664685726166 0.10202303528785706 0.2889705002307892 0.9517447352409363
3.5953728981481485 0.627471387386322 -0.6436318755149841 0.5466050505638123 -0.015882760286331177 0.10196620970964432 0.2884747087955475 0.9519101977348328
3.6246878981481485 0.6253822445869446 -0.6451184749603271 0.541679322719574 -0.01633262261748314 0.10182598978281021 0.2873542010784149 0.952256441116333
3.6540058981481485 0.6284289360046387 -0.6444841623306274 0.5414993762969971 -0.0157934483140707 0.1029367446899414 0.2870129346847534 0.9522490501403809
3.683324898148148 0.6333487629890442 -0.644313395023346 0.5371932983398438 -0.014850272797048092 0.10272017121315002 0.286268025636673 0.9525118470191956
3.7126378981481483 0.6384326815605164 -0.6436127424240112 0.5350834727287292 -0.014356293715536594 0.10327843576669693 0.2859427332878113 0.9525567293167114
3.741942898148148 0.646056056022644 -0.6433840394020081 0.5316600799560547 -0.013892559334635735 0.1031457781791687 0.28477293252944946 0.952928364276886
3.7712318981481485 0.6521804332733154 -0.645503044128418 0.5283970832824707 -0.01405089721083641 0.10400956124067307 0.28374889492988586 0.9531375765800476
3.800502898148148 0.6595993041992188 -0.6479325890541077 0.5290186405181885 -0.012703944928944111 0.10461071133613586 0.2837407886981964 0.9530931115150452
3.8297598981481484 0.6684598326683044 -0.6502935886383057 0.5329008102416992 -0.011108159087598324 0.10565634816884995 0.28415265679359436 0.952875018119812
3.8590058981481485 0.6758005023002625 -0.6486104726791382 0.5321533679962158 -0.010688784532248974 0.10595331341028214 0.2834048867225647 0.9530693888664246
3.8882308981481484 0.6818675398826599 -0.6497266888618469 0.5318614840507507 -0.010671050287783146 0.10632336139678955 0.2837636172771454 0.9529216885566711
3.9174288981481484 0.684668779373169 -0.6504774689674377 0.5289455056190491 -0.009973746724426746 0.10649003088474274 0.28413087129592896 0.9528011679649353
3.9465948981481485 0.6883447170257568 -0.6507161855697632 0.5265060663223267 -0.008771542459726334 0.1066751703619957 0.28401151299476624 0.9528278708457947
3.975732898148148 0.6931291818618774 -0.6509864330291748 0.5241867899894714 -0.008442522957921028 0.10648719221353531 0.284575492143631 0.9526835680007935
