# timestamp[secs] tx ty tz qx qy qz qw
1541977105.4762423 -0.0 -0.0 -0.0 -0.0 -0.0 -0.0 1.0
1541977105.5084991 -0.007777329068630934 0.010087558999657631 -0.013629503548145294 -0.010760771110653877 0.005110207479447126 0.0022565466351807117 0.9999265670776367
1541977105.5406902 -0.014498496428132057 0.0177543293684721 -0.033038750290870667 -0.015266870148479939 0.010474186390638351 0.012534634210169315 0.999750018119812
1541977105.5728352 -0.014498496428132057 0.0177543293684721 -0.033038750290870667 -0.015266870148479939 0.010474186390638351 0.012534634210169315 0.999750018119812
1541977105.6049414 -0.015349073335528374 0.036403119564056396 -0.054755304008722305 -0.01833052560687065 0.015624750405550003 0.021263159811496735 0.9994837641716003
1541977105.6370304 -0.015349073335528374 0.036403119564056396 -0.054755304008722305 -0.01833052560687065 0.015624750405550003 0.021263159811496735 0.9994837641716003
1541977105.6691322 -0.015349073335528374 0.036403119564056396 -0.054755304008722305 -0.01833052560687065 0.015624750405550003 0.021263159811496735 0.9994837641716003
1541977105.7012472 -0.01784573309123516 0.06133463233709335 -0.0890311747789383 -0.012478211894631386 0.011954274959862232 0.04369726404547691 0.9988954663276672
1541977105.7333703 -0.01784573309123516 0.06133463233709335 -0.0890311747789383 -0.012478210963308811 0.011954274028539658 0.04369726404547691 0.9988954067230225
1541977105.7654943 -0.04276461526751518 0.08392269164323807 -0.0915229395031929 -0.011707548052072525 0.00819358043372631 0.06089359521865845 0.9980419874191284
1541977105.7976081 -0.04276461526751518 0.08392269164323807 -0.0915229395031929 -0.011707548052072525 0.00819358043372631 0.06089359521865845 0.9980419874191284
1541977105.8296843 -0.06313621252775192 0.0916578397154808 -0.09036846458911896 -0.01132973749190569 -0.0004410455876495689 0.0465225987136364 0.9988529682159424
1541977105.8617032 -0.06313621252775192 0.0916578397154808 -0.09036846458911896 -0.01132973749190569 -0.0004410455876495689 0.0465225987136364 0.9988529682159424
1541977105.8936913 -0.06313621252775192 0.0916578397154808 -0.09036846458911896 -0.01132973749190569 -0.0004410455876495689 0.0465225987136364 0.9988529682159424
1541977105.9256864 -0.034816283732652664 0.07130900770425797 -0.10375425219535828 0.004268670920282602 0.003127284813672304 0.06583064794540405 0.997816801071167
1541977105.9577093 -0.019634682685136795 0.06946423649787903 -0.10929960757493973 0.02734585665166378 -0.0015937688294798136 0.08528365194797516 0.9959800839424133
1541977105.9897413 -0.012937144376337528 0.09941201657056808 -0.09209739416837692 0.06103665754199028 -0.009272046387195587 0.10608375817537308 0.9924388527870178
1541977106.0217252 -0.006473722867667675 0.09600736200809479 -0.09431704133749008 0.09131237864494324 -0.02627822570502758 0.1206643208861351 0.9881354570388794
1541977106.0536044 3.7141144275665283e-06 0.1065540537238121 -0.06091785058379173 0.1403973400592804 -0.04357537254691124 0.12668591737747192 0.9809895753860474
1541977106.0853062 0.008712848648428917 0.10218331962823868 -0.05846167355775833 0.17413677275180817 -0.04389198124408722 0.11543545126914978 0.9769465923309326
1541977106.1166823 0.0108565054833889 0.09316246956586838 -0.04738751798868179 0.168908953666687 -0.013591909781098366 0.0858573317527771 0.9817910194396973
1541977106.1475132 0.00849113892763853 0.08466090261936188 -0.04135233908891678 0.14229737222194672 0.021473290398716927 0.0683494582772255 0.9872277975082397
1541977106.1776192 0.0013654991053044796 0.07897533476352692 -0.0460975281894207 0.12515497207641602 0.03594040125608444 0.09424605220556259 0.9869965314865112
1541977106.2070522 0.002537176012992859 0.07664451748132706 -0.0452018640935421 0.11277895420789719 0.04203297942876816 0.11778182536363602 0.985718846321106
1541977106.2361443 0.0027745217084884644 0.07126586884260178 -0.04135395959019661 0.10191790014505386 0.053985584527254105 0.124596506357193 0.9854816794395447
1541977106.2652583 0.0024921216536313295 0.06517745554447174 -0.03540656715631485 0.08744759857654572 0.06509532034397125 0.11279060691595078 0.9876202940940857
1541977106.2946303 0.007701384834945202 0.06317347288131714 -0.015067839063704014 0.07509864866733551 0.06686443090438843 0.10127980262041092 0.9897634983062744
1541977106.3243673 0.010560194030404091 0.05746210366487503 0.005556158255785704 0.06216803565621376 0.06028728559613228 0.09720934182405472 0.9914892911911011
1541977106.3544803 0.007762037683278322 0.05183751508593559 0.02432120032608509 0.04001076519489288 0.051507461816072464 0.08957309275865555 0.9938424825668335
1541977106.3849301 0.015391575172543526 0.047035422176122665 0.04189034551382065 0.01564106158912182 0.0455559641122818 0.07904766499996185 0.9957065582275391
1541977106.4156353 0.016361352056264877 0.044727496802806854 0.06639322638511658 0.0021385098807513714 0.0411553755402565 0.0751955658197403 0.9963168501853943
1541977106.4465241 0.016955005005002022 0.04216250777244568 0.09470445662736893 -0.007135080639272928 0.034028973430395126 0.0742817148566246 0.9966310262680054
1541977106.4775672 0.01562800444662571 0.04435574263334274 0.12506665289402008 -0.017847426235675812 0.029793642461299896 0.06632564961910248 0.997193455696106
1541977106.5087442 0.010384345427155495 0.04350409284234047 0.15577054023742676 -0.025515779852867126 0.02508976310491562 0.060921769589185715 0.9975008964538574
1541977106.5400243 -0.002612531650811434 0.0449930839240551 0.19482606649398804 -0.02881736122071743 0.019678780809044838 0.05680690333247185 0.9977751970291138
1541977106.5713823 -0.007799864746630192 0.043244458734989166 0.22695481777191162 -0.03297840431332588 0.013764136470854282 0.045153941959142685 0.9983407258987427
1541977106.6028042 -0.023148544132709503 0.0372878760099411 0.25705504417419434 -0.03429184854030609 0.011799342930316925 0.030868971720337868 0.9988653063774109
1541977106.6342793 -0.03287211433053017 0.030006887391209602 0.28609615564346313 -0.03194865211844444 0.008230531588196754 0.017453182488679886 0.9993032813072205
1541977106.6658092 -0.051245611160993576 0.025409894064068794 0.3146460950374603 -0.029872488230466843 0.006504027638584375 0.008564917370676994 0.9994958639144897
1541977106.6974063 -0.06592707335948944 0.02247089520096779 0.33856409788131714 -0.029356900602579117 0.004404120612889528 0.0027022750582545996 0.9995556473731995
1541977106.7290733 -0.07728094607591629 0.012461848556995392 0.35502320528030396 -0.02883036993443966 0.0027904135640710592 -0.0024751059245318174 0.9995774030685425
1541977106.7608252 -0.08462858945131302 0.0038279672153294086 0.37180373072624207 -0.027946103364229202 0.0019787068013101816 -0.010682440362870693 0.999550461769104
1541977106.7926803 -0.09307906031608582 -0.00029753835406154394 0.38651806116104126 -0.02934335358440876 0.0029808077961206436 -0.019306916743516922 0.999378502368927
1541977106.8246453 -0.09966257959604263 -0.0037512292619794607 0.40141189098358154 -0.031589798629283905 0.004688498564064503 -0.023425273597240448 0.9992154240608215
1541977106.8567123 -0.1031806543469429 -0.00854121707379818 0.4156966507434845 -0.03398900479078293 0.006966132204979658 -0.023452218621969223 0.9991227388381958
1541977106.8888772 -0.07510024309158325 -0.01095628272742033 0.4455878734588623 -0.030247081071138382 0.005342553369700909 -0.023138845339417458 0.9992603063583374
1541977106.9211361 -0.07051277160644531 -0.017390523105859756 0.4555675983428955 -0.031914081424474716 0.00795866921544075 -0.022443892434239388 0.9992069005966187
1541977106.9534771 -0.06724792718887329 -0.021169396117329597 0.463596373796463 -0.03388259932398796 0.010862831026315689 -0.023277832195162773 0.9990956783294678
1541977106.9858813 -0.059757716953754425 -0.024465298280119896 0.47283172607421875 -0.0355931855738163 0.012331097386777401 -0.02408372052013874 0.9990000128746033
1541977107.0183253 -0.05732036754488945 -0.030987843871116638 0.48194730281829834 -0.034295570105314255 0.01572795771062374 -0.02254350855946541 0.9990336894989014
1541977107.0507872 -0.05033762380480766 -0.03721562772989273 0.4860598146915436 -0.032123710960149765 0.015195422805845737 -0.021117035299539566 0.9991452693939209
1541977107.0832562 -0.045760221779346466 -0.0451609343290329 0.4911825954914093 -0.029379235580563545 0.014900829643011093 -0.021575765684247017 0.9992243647575378
1541977107.1157262 -0.04116363823413849 -0.055528294295072556 0.49165838956832886 -0.028429122641682625 0.01747855171561241 -0.026726633310317993 0.9990856051445007
1541977107.1481872 -0.06616365909576416 -0.08884788304567337 0.4691341817378998 -0.03463302552700043 0.02992187812924385 -0.028914613649249077 0.9985335469245911
1541977107.1806183 -0.04987478256225586 -0.10142523795366287 0.4600863754749298 -0.028397610411047935 0.03371349349617958 -0.03332831710577011 0.9984719157218933
1541977107.2129862 -0.03364333510398865 -0.10826771706342697 0.4480736255645752 -0.02394213154911995 0.03780422359704971 -0.035071853548288345 0.9983825087547302
1541977107.2452533 0.0015125563368201256 -0.0954313576221466 0.44566094875335693 -0.01589537225663662 0.040959857404232025 -0.03578081727027893 0.9983934164047241
1541977107.2774122 0.018742693588137627 -0.09700564295053482 0.4296325445175171 -0.014111915603280067 0.04635272175073624 -0.026023097336292267 0.9984863996505737
1541977107.3095033 0.030244950205087662 -0.09524289518594742 0.41122713685035706 -0.013570580631494522 0.052815306931734085 -0.014498600736260414 0.9984068274497986
1541977107.3415613 0.03798593953251839 -0.09353753179311752 0.3926532566547394 -0.01405966468155384 0.05888011306524277 -0.0084562161937356 0.998130202293396
1541977107.3736022 0.05381869524717331 -0.08765701949596405 0.3720203638076782 -0.014793848618865013 0.06327442824840546 -0.010503659956157207 0.9978312253952026
1541977107.4056222 0.06322800368070602 -0.08596955984830856 0.34806808829307556 -0.019487004727125168 0.07350809872150421 -0.01667528785765171 0.9969647526741028
1541977107.4376082 0.07270921766757965 -0.08530748635530472 0.32106974720954895 -0.023507827892899513 0.08451734483242035 -0.018612954765558243 0.9959707856178284
1541977107.4695253 0.11074228584766388 -0.07951507717370987 0.2985619306564331 -0.025591740384697914 0.08904470503330231 -0.016437308862805367 0.9955632090568542
1541977107.5013301 0.12043040245771408 -0.07563081383705139 0.2690025269985199 -0.02963523007929325 0.10052098333835602 -0.016135552898049355 0.9943625926971436
1541977107.5329933 0.12935586273670197 -0.07785676419734955 0.23528768122196198 -0.037838615477085114 0.11298233270645142 -0.018669841811060905 0.9927007555961609
1541977107.5644982 0.1646118313074112 -0.07135643810033798 0.2066710740327835 -0.04081567004323006 0.12050391733646393 -0.023666145280003548 0.9915910959243774
1541977107.5958443 0.1723034530878067 -0.07237830013036728 0.16962966322898865 -0.04588765278458595 0.13339076936244965 -0.02600794844329357 0.9896590113639832
1541977107.6270282 0.18179143965244293 -0.07022607326507568 0.1322680413722992 -0.052556321024894714 0.14436069130897522 -0.027348194271326065 0.9877499938011169
1541977107.6580582 0.241458460688591 -0.053380049765110016 0.11260447651147842 -0.053311094641685486 0.14128749072551727 -0.03100203163921833 0.9880459308624268
1541977107.6889594 0.24496987462043762 -0.054546963423490524 0.07735444605350494 -0.059956908226013184 0.151473730802536 -0.032689787447452545 0.9860995411872864
1541977107.7197733 0.26626911759376526 -0.051253437995910645 0.04806943237781525 -0.06401637941598892 0.15597382187843323 -0.03517843037843704 0.9850566387176514
1541977107.7505262 0.26572325825691223 -0.05593596026301384 0.017974741756916046 -0.06936508417129517 0.16460415720939636 -0.03663812577724457 0.9832353591918945
1541977107.7812493 0.3033198416233063 -0.05195290595293045 0.0027241199277341366 -0.07028106600046158 0.1631033718585968 -0.03928951174020767 0.9833179712295532
1541977107.8119583 0.2996409237384796 -0.059998903423547745 -0.016782239079475403 -0.07307799905538559 0.1704694777727127 -0.03917377442121506 0.9818682670593262
1541977107.8426542 0.30186447501182556 -0.06082449480891228 -0.017743822187185287 -0.069294773042202 0.17460544407367706 -0.04057532176375389 0.9813587069511414
1541977107.8733392 0.3009588122367859 -0.06457991898059845 -0.025344807654619217 -0.06424124538898468 0.1786232441663742 -0.0524459071457386 0.9804163575172424
1541977107.9040303 0.29800906777381897 -0.08694647252559662 -0.018029291182756424 -0.057269640266895294 0.18633846938610077 -0.06829248368740082 0.978434681892395
1541977107.9347293 0.3250933885574341 -0.17308218777179718 -0.05012747645378113 -0.06483287364244461 0.17651009559631348 -0.07076798379421234 0.9796084761619568
1541977107.9653802 0.33412185311317444 -0.18936263024806976 -0.043253518640995026 -0.05145074799656868 0.18037590384483337 -0.08283229917287827 0.9787523746490479
1541977107.9959333 0.3300192356109619 -0.24291720986366272 -0.049513667821884155 -0.048944804817438126 0.1831108033657074 -0.08971388638019562 0.9777659773826599
1541977108.0263872 0.3342371881008148 -0.27673736214637756 -0.048880480229854584 -0.03864217922091484 0.1839018017053604 -0.09825259447097778 0.9772580862045288
1541977108.0567532 0.3323216438293457 -0.31075000762939453 -0.043407339602708817 -0.028709538280963898 0.18506203591823578 -0.10771670192480087 0.976383626461029
1541977108.0870333 0.3258844017982483 -0.34848111867904663 -0.043888915330171585 -0.025829317048192024 0.1857261061668396 -0.116824209690094 0.9752901196479797
1541977108.1172101 0.32431313395500183 -0.3741872012615204 -0.03991461172699928 -0.02269657328724861 0.1844811737537384 -0.12688475847244263 0.974346935749054
1541977108.1472611 0.3143630027770996 -0.40012723207473755 -0.0367250069975853 -0.02226950228214264 0.18336138129234314 -0.13670603930950165 0.973239004611969
1541977108.1771994 0.3034517168998718 -0.4218178987503052 -0.022094406187534332 -0.025801071897149086 0.18471162021160126 -0.15198242664337158 0.9706273078918457
1541977108.2070622 0.2915821373462677 -0.4373024106025696 -0.01581740751862526 -0.03688014671206474 0.18666408956050873 -0.1728561371564865 0.9663938879966736
1541977108.2368853 0.2687782049179077 -0.4740208089351654 -0.011227808892726898 -0.05301010236144066 0.18596243858337402 -0.19019241631031036 0.9625148177146912
1541977108.2667081 0.2523018419742584 -0.4820419251918793 0.0009021405130624771 -0.06483671069145203 0.1856488734483719 -0.20761054754257202 0.9582424759864807
1541977108.2965693 0.23688527941703796 -0.4867999255657196 0.013728179037570953 -0.0761045590043068 0.18330350518226624 -0.2237849086523056 0.9542160630226135
1541977108.3264852 0.22614061832427979 -0.4942226707935333 0.02498514950275421 -0.08817214518785477 0.17674130201339722 -0.23946604132652283 0.9506020545959473
1541977108.3564513 0.20775379240512848 -0.4926765263080597 0.036216918379068375 -0.09753191471099854 0.16729475557804108 -0.2524622976779938 0.9480310082435608
1541977108.3864644 0.19863373041152954 -0.4917777180671692 0.04887549579143524 -0.10462450981140137 0.15198321640491486 -0.25923609733581543 0.9480250477790833
1541977108.4165332 0.18032601475715637 -0.48333579301834106 0.060907527804374695 -0.11003583669662476 0.13779999315738678 -0.26401272416114807 0.9482619166374207
1541977108.4466631 0.1643284261226654 -0.4738900661468506 0.07269448041915894 -0.11438611894845963 0.12260057777166367 -0.26655155420303345 0.9491233825683594
1541977108.4768713 0.146779403090477 -0.4662476181983948 0.080609992146492 -0.11991098523139954 0.10899201780557632 -0.2672422528266907 0.9499071836471558
1541977108.5071793 0.13566212356090546 -0.42867252230644226 0.09502679109573364 -0.11361362040042877 0.09717033803462982 -0.26452410221099854 0.9527207612991333
1541977108.5376213 0.11522527784109116 -0.4173070788383484 0.10034003108739853 -0.1140628531575203 0.08410908281803131 -0.258593887090683 0.9555336236953735
1541977108.5682483 0.1041104644536972 -0.4005087912082672 0.10359056293964386 -0.11413811892271042 0.0715421512722969 -0.2551768720149994 0.9574649333953857
1541977108.5990772 0.09170667827129364 -0.36595115065574646 0.11254094541072845 -0.10925585776567459 0.06443210691213608 -0.25149035453796387 0.9595125913619995
1541977108.6301033 0.08475106954574585 -0.3414583206176758 0.1141335740685463 -0.10444794595241547 0.052285246551036835 -0.24306459724903107 0.9629520177841187
1541977108.6613152 0.0681433230638504 -0.32135969400405884 0.1151069924235344 -0.10220345109701157 0.044283054769039154 -0.2363985776901245 0.9652508497238159
1541977108.6926882 0.06053604185581207 -0.30860579013824463 0.10660380870103836 -0.10293234139680862 0.038226161152124405 -0.23362022638320923 0.9661083221435547
1541977108.7242002 0.044062912464141846 -0.2927197217941284 0.10292260348796844 -0.10494799166917801 0.037671227008104324 -0.23004499077796936 0.9667710065841675
1541977108.7558653 0.03617827221751213 -0.26873335242271423 0.09409462660551071 -0.105563685297966 0.036702148616313934 -0.22534215450286865 0.9678482413291931
1541977108.7876992 0.02753368206322193 -0.24819117784500122 0.08313463628292084 -0.10740230977535248 0.03809673339128494 -0.2164122760295868 0.9696283936500549
1541977108.8196852 0.03712775558233261 -0.2189410775899887 0.0683043897151947 -0.1062764823436737 0.03712626174092293 -0.2047109156847 0.9723273515701294
1541977108.8517673 0.06228964775800705 -0.17607198655605316 0.056291695684194565 -0.09955150634050369 0.03413465991616249 -0.19070793688297272 0.9759891629219055
1541977108.8838832 0.07116716355085373 -0.14912083745002747 0.038021475076675415 -0.09784461557865143 0.03494211658835411 -0.17450565099716187 0.9791594743728638
1541977108.9159813 0.08811275660991669 -0.1268748641014099 0.01829950138926506 -0.09528239071369171 0.03480207920074463 -0.15997940301895142 0.9818944931030273
1541977108.9480433 0.10761494934558868 -0.09339313209056854 0.005579664371907711 -0.08893902599811554 0.03579888492822647 -0.148255854845047 0.9842908978462219
1541977108.9800553 0.11792188882827759 -0.06923023611307144 -0.008098016493022442 -0.08649203926324844 0.04029838740825653 -0.1395031064748764 0.9856135845184326
1541977109.0120223 0.13278725743293762 -0.050898414105176926 -0.01977403275668621 -0.08346474915742874 0.042715948075056076 -0.13202427327632904 0.9868022203445435
1541977109.0439591 0.1437203288078308 -0.030934497714042664 -0.02965398132801056 -0.07821018248796463 0.04497319459915161 -0.12339266389608383 0.988248348236084
1541977109.0758662 0.1583862155675888 -0.022017793729901314 -0.041165538132190704 -0.07838603109121323 0.04774056747555733 -0.11869990080595016 0.9886793494224548
1541977109.1077502 0.16479817032814026 -0.006539787631481886 -0.04516793414950371 -0.07697508484125137 0.05175161734223366 -0.11714024841785431 0.9887744188308716
1541977109.1396232 0.18615290522575378 0.0077933636493980885 -0.04644665867090225 -0.07325080037117004 0.05292145535349846 -0.11768365651369095 0.988930881023407
1541977109.1714911 0.2076294869184494 -0.0029370358679443598 -0.06771517544984818 -0.07421544194221497 0.048830389976501465 -0.11280705779790878 0.9896374344825745
1541977109.2033603 0.22400082647800446 -0.005931731313467026 -0.07689116895198822 -0.07222243398427963 0.04826509952545166 -0.1130930557847023 0.9897800087928772
1541977109.2352383 0.2313375174999237 0.00272917072288692 -0.08352161198854446 -0.06717236340045929 0.0500551201403141 -0.11446128785610199 0.9898894429206848
1541977109.2671232 0.24722246825695038 0.01359498966485262 -0.08331941068172455 -0.06209979206323624 0.050098106265068054 -0.11725638061761856 0.9898912906646729
1541977109.2990043 0.2634127140045166 0.028007838875055313 -0.08659826964139938 -0.05591017007827759 0.049489110708236694 -0.12252726405858994 0.9896525144577026
1541977109.3308823 0.2714070975780487 0.03795770928263664 -0.08355744183063507 -0.04985830560326576 0.05097313970327377 -0.13116218149662018 0.9887934327125549
1541977109.3627694 0.2842407822608948 0.046194545924663544 -0.08232821524143219 -0.043156057596206665 0.04857829585671425 -0.13893818855285645 0.9881669878959656
1541977109.3946552 0.2886599600315094 0.05006745457649231 -0.0757826566696167 -0.039017945528030396 0.04883668199181557 -0.1486111432313919 0.9869181513786316
1541977109.4265192 0.31832924485206604 0.05568259581923485 -0.07267089933156967 -0.035569265484809875 0.04406266286969185 -0.15930971503257751 0.9856032729148865
1541977109.4583511 0.3271273672580719 0.054601266980171204 -0.07329784333705902 -0.03501500189304352 0.04183311387896538 -0.16661010682582855 0.9845126271247864
1541977109.4901502 0.33691877126693726 0.05057908594608307 -0.07390348613262177 -0.035783182829618454 0.039783451706171036 -0.17281906306743622 0.9834991097450256
1541977109.5219233 0.34220969676971436 0.04705145210027695 -0.07398658245801926 -0.037188734859228134 0.03760986402630806 -0.1772855967283249 0.9827371835708618
1541977109.5536892 0.3478553593158722 0.05240565538406372 -0.07112576812505722 -0.0355454720556736 0.03488132730126381 -0.18360592424869537 0.9817376732826233
1541977109.5854683 0.34621661901474 0.057925473898649216 -0.06865288317203522 -0.03587211295962334 0.03266286849975586 -0.18811555206775665 0.9809479713439941
1541977109.6172612 0.3532727360725403 0.08707627654075623 -0.04593202844262123 -0.02877834066748619 0.029766712337732315 -0.19348925352096558 0.9802283644676208
1541977109.6490753 0.3437977135181427 0.0976661741733551 -0.039373934268951416 -0.027888959273695946 0.028177410364151 -0.1938837319612503 0.9802231788635254
1541977109.6809154 0.34691670536994934 0.11505274474620819 -0.034431301057338715 -0.025516539812088013 0.02421109564602375 -0.19610048830509186 0.9799526929855347
1541977109.7127693 0.3423515558242798 0.11257369816303253 -0.037934526801109314 -0.029131438583135605 0.01921173930168152 -0.19277113676071167 0.9806230664253235
1541977109.7446332 0.3343047797679901 0.12617003917694092 -0.04109852761030197 -0.028839269652962685 0.015203344635665417 -0.18545672297477722 0.9821114540100098
1541977109.7765172 0.32251352071762085 0.14017459750175476 -0.04180018976330757 -0.027194112539291382 0.011572916060686111 -0.17643533647060394 0.9838684797286987
1541977109.8084192 0.29998013377189636 0.15063118934631348 -0.04064463451504707 -0.027545001357793808 0.011166254989802837 -0.1694943755865097 0.9850828647613525
1541977109.8403373 0.27630048990249634 0.16161130368709564 -0.04096081107854843 -0.02774454839527607 0.01011458970606327 -0.16476041078567505 0.9858914613723755
1541977109.8722804 0.2504926323890686 0.17231157422065735 -0.03975856676697731 -0.024885624647140503 0.007361964322626591 -0.1586170792579651 0.9869990944862366
1541977109.9042492 0.2259630411863327 0.16366541385650635 -0.053040921688079834 -0.025875749066472054 0.004534005653113127 -0.1509968638420105 0.9881851673126221
1541977109.9362483 0.2000942826271057 0.1622164100408554 -0.06114323437213898 -0.026304611936211586 0.005189026705920696 -0.14494451880455017 0.9890764951705933
1541977109.9682891 0.18072178959846497 0.15723495185375214 -0.0719999223947525 -0.029707089066505432 0.005792074371129274 -0.1386958509683609 0.989872395992279
1541977110.0004094 0.1729336827993393 0.16171254217624664 -0.0816926434636116 -0.029116995632648468 0.0077844527550041676 -0.12942668795585632 0.9911308884620667
1541977110.0326324 0.1574925035238266 0.15953028202056885 -0.0835023820400238 -0.029428526759147644 0.014388829469680786 -0.11722136288881302 0.9925654530525208
1541977110.0649562 0.1437751054763794 0.15311726927757263 -0.09216316044330597 -0.031841445714235306 0.020889434963464737 -0.10280628502368927 0.9939721822738647
1541977110.0973723 0.13264165818691254 0.15571019053459167 -0.0969877615571022 -0.03488241881132126 0.029925808310508728 -0.09200266748666763 0.9946975708007812
1541977110.1298532 0.12971676886081696 0.15517574548721313 -0.1055268868803978 -0.03947404399514198 0.03235100954771042 -0.08210156857967377 0.9953163266181946
1541977110.1623642 0.12575969099998474 0.15135826170444489 -0.10868637263774872 -0.04343456029891968 0.0344078429043293 -0.0736837089061737 0.995741069316864
1541977110.1948872 0.1043623611330986 0.1494525521993637 -0.10573136806488037 -0.042995892465114594 0.04486897960305214 -0.0647040382027626 0.9959676265716553
1541977110.2274203 0.08676128834486008 0.14132492244243622 -0.09709054976701736 -0.04131707921624184 0.05558406189084053 -0.05821249261498451 0.995898962020874
1541977110.2599673 0.08272542804479599 0.13795223832130432 -0.08878441900014877 -0.03990472853183746 0.059691157191991806 -0.05584197863936424 0.9958546161651611
1541977110.2925243 0.07256286591291428 0.13856031000614166 -0.08113741874694824 -0.0390692874789238 0.06474532186985016 -0.0570470429956913 0.9955036044120789
1541977110.3250833 0.0767146497964859 0.1396884024143219 -0.07151330262422562 -0.03844078630208969 0.06635009497404099 -0.05719389766454697 0.9954138994216919
1541977110.3576393 0.07465170323848724 0.14188459515571594 -0.07152599841356277 -0.038884151726961136 0.06996489316225052 -0.05753753334283829 0.995129406452179
1541977110.3901904 0.07176267355680466 0.13616657257080078 -0.06194062530994415 -0.040004439651966095 0.07630334794521332 -0.05756475776433945 0.9946174621582031
1541977110.4227343 0.07899783551692963 0.12552616000175476 -0.06907794624567032 -0.04543348774313927 0.08312128484249115 -0.05871108919382095 0.9937704205513
1541977110.4552681 0.09135899692773819 0.13419398665428162 -0.06012769043445587 -0.04341369494795799 0.09425421059131622 -0.05948813632130623 0.9928205013275146
1541977110.4877663 0.11576280742883682 0.1336715966463089 -0.05552525445818901 -0.04226255044341087 0.10412689298391342 -0.06243870407342911 0.9917020201683044
1541977110.5201952 0.1344355195760727 0.1349896341562271 -0.05464719980955124 -0.043334174901247025 0.11371434479951859 -0.06653790175914764 0.9903352856636047
1541977110.5525134 0.14625613391399384 0.10598962754011154 -0.07052718847990036 -0.05014587938785553 0.12015485018491745 -0.062190279364585876 0.9895355701446533
1541977110.5846972 0.16389021277427673 0.10285864025354385 -0.06980141997337341 -0.04793374240398407 0.12978766858577728 -0.06160372868180275 0.9884647130966187
1541977110.6167612 0.1846805214881897 0.10267698764801025 -0.07008518278598785 -0.04764709621667862 0.13756762444972992 -0.06534666568040848 0.9871852993965149
1541977110.6487134 0.20602427423000336 0.10159850865602493 -0.06881914287805557 -0.04833398014307022 0.1422095000743866 -0.06756158173084259 0.9863446354866028
1541977110.6805522 0.22721588611602783 0.07779145240783691 -0.07908991724252701 -0.051274847239255905 0.14077112078666687 -0.061845969408750534 0.9867773056030273
1541977110.7122843 0.24264207482337952 0.07508434355258942 -0.07287020981311798 -0.050136029720306396 0.1425771713256836 -0.06346675008535385 0.986473560333252
1541977110.7439222 0.25880351662635803 0.07106291502714157 -0.06345665454864502 -0.04697779566049576 0.14417314529418945 -0.0708724856376648 0.9858927130699158
1541977110.7754803 0.27310657501220703 0.07137245684862137 -0.055617209523916245 -0.041075449436903 0.14351439476013184 -0.07820785790681839 0.9856977462768555
1541977110.8069663 0.28438329696655273 0.0654069185256958 -0.05364207923412323 -0.0385618656873703 0.13963966071605682 -0.08326177299022675 0.9859418272972107
1541977110.8383682 0.2922998368740082 0.05274280905723572 -0.04132774844765663 -0.03465169295668602 0.1384565234184265 -0.08912627398967743 0.9857411980628967
1541977110.8696961 0.30124902725219727 0.03866270184516907 -0.0277524646371603 -0.029603885486721992 0.1353483498096466 -0.09971443563699722 0.9853230714797974
1541977110.9009752 0.30479300022125244 0.001341177150607109 -0.030706103891134262 -0.030068349093198776 0.1300765872001648 -0.11019878089427948 0.9849021434783936
1541977110.9321961 0.31558650732040405 -0.006807759404182434 -0.015026470646262169 -0.018897049129009247 0.12746407091617584 -0.12568941712379456 0.9836656451225281
1541977110.9633422 0.32712942361831665 -0.014573155902326107 0.002614005468785763 -0.007489852141588926 0.12224694341421127 -0.14297741651535034 0.9821186661720276
1541977110.9943902 0.3058340549468994 -0.055045973509550095 0.0059534721076488495 -0.006978076882660389 0.12030650675296783 -0.15476557612419128 0.9805740118026733
1541977111.0252922 0.30986133217811584 -0.0642777755856514 0.021609334275126457 0.0020118842367082834 0.11410121619701385 -0.16753216087818146 0.9792394042015076
1541977111.0560362 0.31488680839538574 -0.07328464090824127 0.036216795444488525 0.011565545573830605 0.10704606026411057 -0.1774916648864746 0.9782148003578186
1541977111.0866501 0.3158120810985565 -0.08430192619562149 0.04872080311179161 0.017347853630781174 0.09846583008766174 -0.18648990988731384 0.9773561954498291
1541977111.1171763 0.30134716629981995 -0.1206289678812027 0.04786236956715584 0.013848464004695415 0.09027474373579025 -0.19286678731441498 0.9769652485847473
1541977111.1476552 0.3024035394191742 -0.12812112271785736 0.05863701552152634 0.02098444476723671 0.08071885257959366 -0.19930781424045563 0.9763813614845276
1541977111.1781332 0.30180537700653076 -0.13572266697883606 0.06925830245018005 0.026253782212734222 0.07183696329593658 -0.20596358180046082 0.9755660891532898
1541977111.2086563 0.30216285586357117 -0.14298303425312042 0.07921615242958069 0.030158570036292076 0.06089913100004196 -0.21238960325717926 0.9748191833496094
1541977111.2392452 0.3023228645324707 -0.14949434995651245 0.09028355777263641 0.034138619899749756 0.04994550347328186 -0.21642322838306427 0.9744234681129456
1541977111.2699153 0.2555181086063385 -0.16595344245433807 0.09850942343473434 0.031742166727781296 0.05242491140961647 -0.21781131625175476 0.9740648865699768
1541977111.3006802 0.2542475759983063 -0.16960732638835907 0.10535824298858643 0.03653273731470108 0.043011970818042755 -0.21996071934700012 0.9738750457763672
1541977111.3315504 0.2516460418701172 -0.17158028483390808 0.11023003607988358 0.041485998779535294 0.03286187723278999 -0.22115519642829895 0.9738015532493591
1541977111.3625233 0.24931612610816956 -0.17071440815925598 0.11389842629432678 0.04658403992652893 0.02318069152534008 -0.22190017998218536 0.9736800789833069
1541977111.3935802 0.24037641286849976 -0.17262011766433716 0.12447027862071991 0.051304884254932404 0.015527932904660702 -0.2221895456314087 0.9735289216041565
1541977111.4246922 0.19303739070892334 -0.17881399393081665 0.12424812465906143 0.04935826361179352 0.016856830567121506 -0.2205858677625656 0.9739720821380615
1541977111.4558403 0.18011170625686646 -0.16700629889965057 0.1310250610113144 0.053990889340639114 0.009785324335098267 -0.22094786167144775 0.9737408757209778
1541977111.4870253 0.16791561245918274 -0.16119074821472168 0.1370784342288971 0.05598971247673035 0.003122293157503009 -0.22133153676986694 0.9735850095748901
1541977111.5182402 0.15551137924194336 -0.150584414601326 0.14026863873004913 0.05831984058022499 -0.0029109588358551264 -0.22177192568778992 0.9733486175537109
1541977111.5494893 0.1364135593175888 -0.1393476128578186 0.14359554648399353 0.060411497950553894 -0.006578471977263689 -0.22130800783634186 0.973308801651001
1541977111.5808012 0.12867236137390137 -0.12679710984230042 0.14874207973480225 0.06361966580152512 -0.011909021995961666 -0.22010788321495056 0.9733259081840515
1541977111.6121984 0.0985812172293663 -0.1307980865240097 0.1471473127603531 0.06000646576285362 -0.010021400637924671 -0.2175835520029068 0.9741438627243042
1541977111.6436992 0.0896293893456459 -0.12246864289045334 0.14777827262878418 0.0614730566740036 -0.01142274122685194 -0.21535807847976685 0.9745314717292786
1541977111.6753182 0.08088418841362 -0.12152528762817383 0.14492419362068176 0.06108803674578667 -0.012457114644348621 -0.21100737154483795 0.9754942059516907
1541977111.7070763 0.07764765620231628 -0.11375583708286285 0.13885954022407532 0.06166310980916023 -0.014789111912250519 -0.2063865065574646 0.9764136672019958
1541977111.7389863 0.07922250032424927 -0.10259505361318588 0.13651823997497559 0.06342840939760208 -0.01659141480922699 -0.20192888379096985 0.9772033095359802
1541977111.7710302 0.07991049438714981 -0.10188392549753189 0.12958240509033203 0.06166648864746094 -0.016653520986437798 -0.19774267077445984 0.97817063331604
1541977111.8031871 0.08494435995817184 -0.09097304195165634 0.12181513756513596 0.06175609305500984 -0.01753338612616062 -0.19197510182857513 0.9792978763580322
1541977111.8354483 0.08045245707035065 -0.08623388409614563 0.11359771341085434 0.05975530669093132 -0.0176698025316 -0.18362930417060852 0.9810185432434082
1541977111.8678033 0.06983140110969543 -0.08284460008144379 0.10204635560512543 0.0578768290579319 -0.018088752403855324 -0.1754380762577057 0.9826212525367737
1541977111.9002383 0.05305378511548042 -0.0816328376531601 0.08913878351449966 0.055657558143138885 -0.017449960112571716 -0.17079682648181915 0.9835782647132874
1541977111.9327493 0.03690190613269806 -0.07285769283771515 0.0791393592953682 0.05388540029525757 -0.017665935680270195 -0.16791868209838867 0.9841684699058533
1541977111.9653513 0.03361225500702858 -0.05609320104122162 0.06748681515455246 0.05166323110461235 -0.021707259118556976 -0.16750258207321167 0.9842777252197266
1541977111.9980512 0.01135670393705368 -0.050672028213739395 0.054028723388910294 0.045785922557115555 -0.02362004481256008 -0.16568021476268768 0.9848329424858093
1541977112.0308423 -0.009687734767794609 -0.0450454019010067 0.040363822132349014 0.0390867255628109 -0.02758648991584778 -0.1667262613773346 0.9848419427871704
1541977112.0637233 -0.014747599139809608 -0.037571024149656296 0.03220941126346588 0.03305882215499878 -0.03649376332759857 -0.17161187529563904 0.9839332699775696
1541977112.0967133 -0.04251759126782417 -0.033089060336351395 0.019069859758019447 0.0264802984893322 -0.039570536464452744 -0.17388105392456055 0.9836149215698242
1541977112.1298523 -0.05430081486701965 -0.02338610216975212 0.00918792188167572 0.02152947708964348 -0.045661646872758865 -0.1784299612045288 0.9826567769050598
1541977112.1631732 -0.08103515207767487 -0.019769713282585144 -0.0004931685980409384 0.015913624316453934 -0.0494108572602272 -0.1791771650314331 0.9824463725090027
1541977112.1966953 -0.10654179006814957 -0.01580119878053665 -0.009561040438711643 0.010260471142828465 -0.04932699352502823 -0.18067122995853424 0.9822522401809692
1541977112.2303932 -0.09476974606513977 0.008229230530560017 -0.01397999469190836 0.007953661493957043 -0.05239525064826012 -0.18720608949661255 0.9808900952339172
1541977112.2642372 -0.11942891776561737 0.015887940302491188 -0.025268573313951492 0.001270358799956739 -0.04936646670103073 -0.18613433837890625 0.9812825322151184
1541977112.2981913 -0.13626429438591003 0.020575663074851036 -0.03329390659928322 -0.006886390969157219 -0.04564362391829491 -0.1845272183418274 0.9817428588867188
1541977112.3322043 -0.13716723024845123 0.025555023923516273 -0.04148420691490173 -0.016707666218280792 -0.039766550064086914 -0.1837097406387329 0.9820337295532227
1541977112.3662252 -0.1277385652065277 0.02671578899025917 -0.04991820454597473 -0.02847391553223133 -0.03534044697880745 -0.18074031174182892 0.9824832081794739
1541977112.4002223 -0.06377232074737549 0.0259088184684515 -0.0565376840531826 -0.03781519830226898 -0.04451880604028702 -0.1773684173822403 0.9824095964431763
1541977112.4341762 -0.07628676295280457 0.037074849009513855 -0.06419623643159866 -0.049007900059223175 -0.0347486212849617 -0.16828280687332153 0.9839063286781311
1541977112.4680643 -0.08431447297334671 0.04791715741157532 -0.06669645011425018 -0.05973983556032181 -0.025487186387181282 -0.1609923094511032 0.9848162531852722
1541977112.5018702 -0.026034191250801086 0.059434980154037476 -0.06762555241584778 -0.065196193754673 -0.03182537108659744 -0.15968726575374603 0.9844982028007507
1541977112.5355682 -0.03248776122927666 0.06840267032384872 -0.06986448913812637 -0.07014835625886917 -0.02266109548509121 -0.15520140528678894 0.9851285815238953
1541977112.5691473 -0.03844944387674332 0.07631012052297592 -0.06962303072214127 -0.07338875532150269 -0.012239036150276661 -0.1526595652103424 0.985474169254303
1541977112.6026423 -0.04392774775624275 0.08360971510410309 -0.06787461787462234 -0.07500025629997253 -0.0013300598366186023 -0.14981050789356232 0.9858651161193848
1541977112.6361082 -0.03992215916514397 0.08580314368009567 -0.06315621733665466 -0.07613588869571686 0.009502798318862915 -0.14894923567771912 0.9858636856079102
1541977112.6695802 0.05695435404777527 0.08187171816825867 -0.07299401611089706 -0.07512856274843216 -0.0005840607918798923 -0.15184862911701202 0.9855442047119141
1541977112.7030482 0.05279756337404251 0.08644677698612213 -0.07287131994962692 -0.07567350566387177 0.012668867595493793 -0.1485135406255722 0.9859294295310974
1541977112.7364762 0.05171756073832512 0.08835722506046295 -0.0706087052822113 -0.07637760788202286 0.02474658191204071 -0.14417091012001038 0.9862905144691467
1541977112.7698224 0.04999563470482826 0.09055441617965698 -0.06973741203546524 -0.07701980322599411 0.03843587636947632 -0.1417839378118515 0.9861481189727783
1541977112.8030553 0.16065430641174316 0.07691243290901184 -0.08185815066099167 -0.0770171657204628 0.02510353922843933 -0.1433451622724533 0.9863520860671997
1541977112.8361661 0.15790784358978271 0.08062255382537842 -0.08292368799448013 -0.07634136080741882 0.0370221771299839 -0.1355382800102234 0.9871326088905334
1541977112.8691392 0.1550540328025818 0.08697448670864105 -0.08560647070407867 -0.07650318741798401 0.048761483281850815 -0.12917394936084747 0.9874632954597473
1541977112.9019573 0.15275028347969055 0.09231969714164734 -0.08849062770605087 -0.07699812948703766 0.059018515050411224 -0.12342115491628647 0.9876008033752441
1541977112.9346223 0.14828115701675415 0.10001391917467117 -0.09335353225469589 -0.07531499117612839 0.06588324159383774 -0.11647394299507141 0.9881401062011719
1541977112.9671543 0.23683501780033112 0.10590613633394241 -0.08851256966590881 -0.07385607063770294 0.051349882036447525 -0.11707935482263565 0.9890404343605042
1541977112.9995682 0.23860855400562286 0.11086640506982803 -0.0889912098646164 -0.07908745110034943 0.05592423304915428 -0.11173098534345627 0.989006519317627
1541977113.0318882 0.24383363127708435 0.1250530332326889 -0.08840764313936234 -0.0782179906964302 0.05869365483522415 -0.10751397162675858 0.9893825650215149
1541977113.0641222 0.25050216913223267 0.13367360830307007 -0.07789584249258041 -0.07601779699325562 0.06104537844657898 -0.1040281131863594 0.989784300327301
1541977113.0962653 0.26860910654067993 0.14030221104621887 -0.06519141048192978 -0.07295633107423782 0.0625176951289177 -0.10608889162540436 0.9897040128707886
1541977113.1283321 0.2866528034210205 0.1485447734594345 -0.056610871106386185 -0.0693051666021347 0.06545177847146988 -0.10922500491142273 0.9894356727600098
1541977113.1603572 0.2964187562465668 0.13456295430660248 -0.05666310340166092 -0.07057193666696548 0.06852658838033676 -0.10375847667455673 0.989726185798645
1541977113.1923532 0.31084200739860535 0.14109916985034943 -0.045991573482751846 -0.06712935864925385 0.07328537851572037 -0.09876599162817001 0.9901354908943176
1541977113.2243123 0.337242990732193 0.1474195271730423 -0.037627924233675 -0.06359334290027618 0.07429499179124832 -0.09864091873168945 0.9903060793876648
1541977113.2562203 0.35794365406036377 0.1467747986316681 -0.027754660695791245 -0.06043727323412895 0.07608134299516678 -0.10134688019752502 0.9900948405265808
1541977113.2880702 0.3894480764865875 0.14918658137321472 -0.015849456191062927 -0.056393418461084366 0.07467763870954514 -0.10821662843227386 0.989713191986084
1541977113.3198552 0.3797840476036072 0.12329904735088348 -0.015508969314396381 -0.05838887393474579 0.07887335121631622 -0.10789094865322113 0.9893075227737427
1541977113.3515723 0.3963163197040558 0.12028156220912933 -0.0020498894155025482 -0.052974898368120193 0.08110425621271133 -0.11439801007509232 0.9887006282806396
1541977113.3832312 0.4052368402481079 0.12219539284706116 0.01255141943693161 -0.04711125046014786 0.08638200163841248 -0.12383636087179184 0.9874123930931091
1541977113.4148312 0.4140128195285797 0.11883219331502914 0.02525901049375534 -0.04096543788909912 0.0895889401435852 -0.13239170610904694 0.9862900972366333
1541977113.4463823 0.4228631556034088 0.11382277309894562 0.03815494105219841 -0.036594901233911514 0.09378274530172348 -0.13976778090000153 0.9850535988807678
1541977113.4778922 0.43448519706726074 0.10887604206800461 0.0484623946249485 -0.032103728502988815 0.09709332883358002 -0.14638033509254456 0.983928382396698
1541977113.5093663 0.4497795104980469 0.10308524966239929 0.05834897235035896 -0.025460004806518555 0.09712497144937515 -0.1535516381263733 0.9830262064933777
1541977113.5408223 0.47169744968414307 0.02270887978374958 0.036917053163051605 -0.03986622020602226 0.08726661652326584 -0.1521061807870865 0.9836966395378113
1541977113.5722682 0.47785452008247375 0.01924431510269642 0.04791221022605896 -0.03165162354707718 0.09045213460922241 -0.15930525958538055 0.9825672507286072
1541977113.6036942 0.48661649227142334 0.015816712751984596 0.05916888639330864 -0.02109198085963726 0.09077706187963486 -0.16828995943069458 0.9813222289085388
1541977113.6350822 0.49470680952072144 0.010489100590348244 0.070586659014225 -0.011408987455070019 0.0907030776143074 -0.17758721113204956 0.9798498153686523
1541977113.6664174 0.5001510381698608 0.0008747540414333344 0.08015749603509903 -0.005919206887483597 0.09151612967252731 -0.18530507385730743 0.978392481803894
1541977113.6976843 0.5019479990005493 -0.007052387110888958 0.08583188056945801 -0.0013544384855777025 0.09239254891872406 -0.18948937952518463 0.9775252342224121
1541977113.7288942 0.5071687698364258 -0.01903408206999302 0.09401123970746994 0.0012168454704806209 0.09240571409463882 -0.19415457546710968 0.9766083359718323
1541977113.7600663 0.5083909630775452 -0.07748707383871078 0.07341701537370682 -0.012490528635680676 0.08676450699567795 -0.19330595433712006 0.9772148132324219
1541977113.7912252 0.5114603042602539 -0.08125020563602448 0.08175421506166458 -0.010048153810203075 0.0874629020690918 -0.19819258153438568 0.9762013554573059
1541977113.8223913 0.515801191329956 -0.09455056488513947 0.08863522857427597 -0.013981453143060207 0.08720408380031586 -0.20218756794929504 0.9753565192222595
1541977113.8535674 0.5171328186988831 -0.10236073285341263 0.09219840914011002 -0.017407188192009926 0.08896121382713318 -0.20452569425106049 0.9746549129486084
1541977113.8847651 0.516497790813446 -0.10770749300718307 0.09690116345882416 -0.019132856279611588 0.09290813654661179 -0.20651981234550476 0.9738335013389587
1541977113.9160092 0.5219975113868713 -0.11346565186977386 0.10000892728567123 -0.0206159520894289 0.09696401655673981 -0.20692582428455353 0.9733214974403381
1541977113.9473042 0.5234821438789368 -0.11641215533018112 0.09932662546634674 -0.025070911273360252 0.10128931701183319 -0.20575332641601562 0.9730249047279358
1541977113.9786282 0.5286186337471008 -0.1207452118396759 0.09810294210910797 -0.031009163707494736 0.10577653348445892 -0.20592887699604034 0.9723389744758606
1541977114.0099552 0.5400857925415039 -0.12573418021202087 0.0958559513092041 -0.03831024840474129 0.11261597275733948 -0.2072356641292572 0.9710321426391602
1541977114.0412703 0.5623111128807068 -0.12238256633281708 0.10069380700588226 -0.04110591858625412 0.1166926771402359 -0.2051306515932083 0.9708834290504456
1541977114.0725582 0.5862781405448914 -0.12490445375442505 0.10085686296224594 -0.046234190464019775 0.11884099990129471 -0.20303048193454742 0.9708335995674133
1541977114.1038103 0.5971735715866089 -0.12724202871322632 0.09739936888217926 -0.054482635110616684 0.12688030302524567 -0.20699259638786316 0.9685489535331726
1541977114.1350312 0.6160705089569092 -0.130013108253479 0.09380801022052765 -0.060658447444438934 0.13337057828903198 -0.20991599559783936 0.9666789770126343
1541977114.1662273 0.6351482272148132 -0.13164500892162323 0.09193199127912521 -0.06470310688018799 0.1396840214729309 -0.20460018515586853 0.966664731502533
1541977114.1974063 0.6533385515213013 -0.1292126327753067 0.08507272601127625 -0.06998148560523987 0.14554253220558167 -0.19625301659107208 0.9671632647514343
1541977114.2285793 0.6664807200431824 -0.1286768615245819 0.07809487730264664 -0.07778662443161011 0.1557842195034027 -0.19239148497581482 0.9657464027404785
1541977114.2597504 0.6813055872917175 -0.13246342539787292 0.06717272847890854 -0.08378247916698456 0.16360341012477875 -0.18824851512908936 0.9647678136825562
1541977114.2909303 0.6922266483306885 -0.12925325334072113 0.06111111491918564 -0.08621156215667725 0.1698266565799713 -0.18327580392360687 0.964435875415802
1541977114.3221424 0.6927164793014526 -0.12906576693058014 0.056059591472148895 -0.09241825342178345 0.1785522997379303 -0.17961595952510834 0.9629725217819214
1541977114.3534093 0.6987404227256775 -0.12451650202274323 0.050040099769830704 -0.09740595519542694 0.18480397760868073 -0.1787383258342743 0.9614635705947876
1541977114.3847442 0.703682005405426 -0.12237681448459625 0.04574446752667427 -0.09982601553201675 0.1876423954963684 -0.17686918377876282 0.9610111713409424
1541977114.4161403 0.7029738426208496 -0.12002046406269073 0.045818641781806946 -0.10085398703813553 0.19000385701656342 -0.17545576393604279 0.9606988430023193
