1542145548597695.0 -0.0 -0.0 -0.0 -0.0 -0.0 1.0 -0.0
1542145548622706.0 0.0045645493 0.0011102159 -0.0023069829 0.0032153851 0.023195257 0.999714 0.0048711556
1542145548647708.0 0.010294169 0.0025627797 -0.005712605 0.0019391304 0.05089911 0.9986332 0.011716109
1542145548672679.0 0.016530106 0.0045638876 -0.009643461 -0.0012487267 0.08419154 0.9962421 0.020296644
1542145548697595.0 0.023692032 0.0070971735 -0.014450688 -0.0038833607 0.121453196 0.99215895 0.029237587
1542145548722445.0 0.034910806 0.00659545 -0.0220698 -0.0033135985 0.15031382 0.98783946 0.03959867
1542145548747234.0 0.04321991 0.0069754324 -0.024757046 -0.0063155796 0.16860498 0.9845047 0.0477805
1542145548771980.0 0.04321991 0.0069754324 -0.024757046 -0.0063155796 0.16860498 0.9845047 0.0477805
1542145548796695.0 0.035496924 0.007913804 -0.02062621 -0.013817905 0.15458688 0.9869969 0.041822996
1542145548821380.0 0.02854866 0.0077921976 -0.017456954 -0.013359839 0.14019917 0.9893753 0.03608737
1542145548846047.0 0.024558093 0.007780705 -0.015224336 -0.0099899545 0.124356255 0.9917482 0.029519208
1542145548870720.0 0.02123011 0.007460889 -0.014054523 -0.007312819 0.11417431 0.9931348 0.02437235
1542145548895408.0 0.01998941 0.0070434567 -0.012347971 -0.005751786 0.11180616 0.99346775 0.022093913
1542145548920110.0 0.023107197 0.008681203 -0.014158914 -0.0075850617 0.11760785 0.9927341 0.02428983
1542145548944821.0 0.02581929 0.009311173 -0.015203569 -0.008673503 0.12448329 0.9918221 0.026787527
1542145548969536.0 0.027386447 0.009531675 -0.01689901 -0.010858649 0.1298503 0.9910628 0.028557552
1542145548994254.0 0.024500864 0.009337852 -0.0133529445 -0.010694082 0.12779248 0.9913427 0.02818578
1542145549018977.0 0.023434745 0.0078002014 -0.015392565 -0.008782504 0.12304883 0.99199903 0.026828894
1542145549043700.0 0.023922658 0.008382244 -0.015537599 -0.009447078 0.1220804 0.9921387 0.025846364
1542145549068419.0 0.020441858 0.010475729 -0.014719894 -0.0055162045 0.12187121 0.9922019 0.025541604
1542145549093134.0 0.030233601 0.020940155 -0.016493013 -0.011140335 0.12385801 0.99175847 0.030826401
1542145549117840.0 0.031428657 0.043074075 -0.02363836 -0.008943209 0.12681106 0.99121916 0.036382742
1542145549142536.0 0.039245814 0.1460966 -0.11178102 -0.026233733 0.14031531 0.98906904 0.036957987
1542145549167226.0 0.042091526 0.14904164 -0.12390663 -0.023602113 0.13388593 0.99013275 0.03398096
1542145549191914.0 0.048118692 0.1488537 -0.14928061 -0.023428287 0.13897572 0.9896914 0.025453726
1542145549216597.0 0.06087567 0.16082399 -0.15049255 -0.025886135 0.13135125 0.99050975 0.03110119
1542145549241270.0 0.049931183 0.16203064 -0.14978479 -0.007819621 0.12772472 0.99115103 0.03528344
1542145549265932.0 0.015477886 0.15167028 -0.14469165 0.0070693153 0.14397171 0.9888343 0.037801474
1542145549290585.0 0.057967234 0.13985978 -0.09108342 0.007372067 0.13214713 0.9902835 0.042678405
1542145549315232.0 0.010488527 0.14649023 -0.13925041 0.018236969 0.15097424 0.98751783 0.04102192
1542145549339878.0 0.06624084 0.14239326 -0.14287972 0.019680854 0.124330275 0.99116695 0.04174609
1542145549364525.0 0.05294348 0.14404596 -0.11841843 0.02888613 0.11903735 0.9912543 0.04909848
1542145549389181.0 0.035508115 0.1417269 -0.13122456 0.04349677 0.119754195 0.99073243 0.04707693
1542145549413851.0 0.047617126 0.12989567 -0.1290502 0.04851392 0.11210721 0.9914388 0.046124652
1542145549438536.0 0.033020213 0.15004846 -0.12690149 0.061903276 0.106839634 0.9906605 0.057837706
1542145549463235.0 0.06171764 0.13884282 -0.12670077 0.058737665 0.09739344 0.9919578 0.05553595
1542145549487951.0 0.04425732 0.14201926 -0.13546963 0.07350008 0.09490713 0.9910177 0.05894328
1542145549512679.0 0.04354016 0.13055252 -0.13328144 0.07600685 0.10207524 0.990229 0.05701057
1542145549537420.0 0.03716789 0.13579378 -0.14068085 0.08261315 0.10446749 0.9892942 0.05965516
1542145549562169.0 0.034187805 0.1309462 -0.14334612 0.08490754 0.11279767 0.9882395 0.058737446
1542145549586921.0 0.03507138 0.15469788 -0.15614289 0.09048607 0.10299867 0.98841584 0.06509813
1542145549611673.0 0.035467073 0.15751019 -0.16022134 0.09487301 0.09866467 0.98838156 0.06607887
1542145549636430.0 0.03594488 0.15974906 -0.15991193 0.09898059 0.09422578 0.9883749 0.06662998
1542145549661185.0 0.03672812 0.16139962 -0.15551718 0.10320189 0.08764797 0.98848045 0.0676291
1542145549685937.0 0.03733586 0.16652246 -0.15857424 0.10367041 0.088346645 0.9883636 0.0677107
1542145549710681.0 0.03853648 0.1691632 -0.16270366 0.105726615 0.085514165 0.9883243 0.06873386
1542145549735424.0 0.03660833 0.17127295 -0.18437612 0.10482052 0.086710095 0.98857075 0.06497605
1542145549760170.0 0.042380504 0.16644652 -0.19333205 0.10477179 0.08047957 0.9893342 0.06134911
1542145549784915.0 0.036959253 0.16827215 -0.19476858 0.106602535 0.08225334 0.98897177 0.061686095
1542145549809654.0 0.035470393 0.17116755 -0.21136431 0.102054894 0.09027155 0.9890045 0.057498246
1542145549834375.0 0.041614853 0.17580402 -0.19931117 0.09667849 0.09242249 0.9890567 0.062274765
1542145549859083.0 0.04334248 0.18282418 -0.22689702 0.08983486 0.09934989 0.9891994 0.05953042
1542145549883788.0 0.045089643 0.18522337 -0.2402005 0.08435351 0.104656085 0.98922956 0.057935555
1542145549908489.0 0.038613472 0.18295878 -0.23916641 0.08480573 0.10519669 0.9890319 0.059645746
1542145549933182.0 0.040771235 0.17982382 -0.2372141 0.08066431 0.1078908 0.98914754 0.058652025
1542145549957867.0 0.041121066 0.18786567 -0.24541049 0.07731753 0.10916549 0.9890973 0.061575122
1542145549982544.0 0.040979017 0.18824594 -0.2495881 0.073243074 0.11063997 0.98918176 0.06255972
1542145550007217.0 0.04087104 0.19108789 -0.2481328 0.06791249 0.11360403 0.9891413 0.06388682
1542145550031884.0 0.05041287 0.18801343 -0.24764626 0.057400823 0.12210643 0.98884106 0.063155495
1542145550056537.0 0.037659828 0.18792641 -0.2487968 0.06308888 0.116921365 0.9890162 0.064778514
1542145550081178.0 0.03583638 0.18807851 -0.25094086 0.05786582 0.12406963 0.98845327 0.06494959
1542145550105813.0 0.03799164 0.18653168 -0.24667715 0.055298325 0.124317996 0.9886297 0.064019196
1542145550130446.0 0.037096556 0.18844497 -0.25184426 0.048776653 0.13456605 0.98774004 0.0623095
1542145550155073.0 0.038028333 0.181308 -0.24187839 0.04633127 0.13778518 0.987592 0.0594215
1542145550179687.0 0.03768699 0.18586393 -0.24512145 0.043804094 0.13534215 0.98801297 0.059951283
1542145550204295.0 0.040817212 0.18236858 -0.2380166 0.038996477 0.14110087 0.9875662 0.05729702
1542145550228901.0 0.04068171 0.1807261 -0.22818123 0.036374554 0.14464712 0.98721653 0.0561925
1542145550253511.0 0.040903706 0.18577588 -0.23176397 0.032983996 0.14964901 0.9866516 0.055098787
1542145550278124.0 0.04380065 0.18648213 -0.2340827 0.031687137 0.14732605 0.98714244 0.053299654
1542145550302744.0 0.042575087 0.18857673 -0.22856021 0.030942852 0.15008213 0.98674166 0.053468443
1542145550327374.0 0.046390973 0.18713017 -0.24077408 0.025542032 0.15555629 0.98632216 0.048150375
1542145550352012.0 0.041259225 0.18095687 -0.22293861 0.02937651 0.15308623 0.98658526 0.048488956
1542145550376653.0 0.036328644 0.19999029 -0.2485771 0.0283932 0.15526624 0.98618954 0.05016408
1542145550401291.0 0.024823911 0.17800133 -0.20591055 0.040291026 0.14307722 0.98744106 0.05353295
1542145550425927.0 0.01959497 0.16569531 -0.17857869 0.049667973 0.13120751 0.98858595 0.054914534
1542145550450555.0 0.025976129 0.156056 -0.17182554 0.048239026 0.1327271 0.9886014 0.05219063
1542145550475186.0 0.025352906 0.15151612 -0.15886064 0.049377784 0.12984455 0.9888145 0.05429767
1542145550499819.0 0.022646595 0.14479479 -0.14860068 0.054890722 0.12220428 0.98943555 0.05541213
1542145550524451.0 0.021699218 0.14117269 -0.14600602 0.059918385 0.114011385 0.99005574 0.056576468
1542145550549081.0 0.02130004 0.13694291 -0.13869222 0.06130613 0.11196037 0.9901273 0.057917185
1542145550573711.0 0.018793322 0.13673219 -0.13888668 0.0638406 0.10891707 0.9901503 0.0605298
1542145550598342.0 0.020224452 0.1338539 -0.13884556 0.061954584 0.1125684 0.98991096 0.05971864
1542145550622975.0 0.018307606 0.12773284 -0.13855584 0.0652745 0.10597896 0.9904252 0.059712768
1542145550647611.0 0.009262909 0.11191498 -0.123046696 0.068523295 0.10862215 0.99001086 0.058174834
1542145550672252.0 0.011230383 0.10377451 -0.115482725 0.06113658 0.12026337 0.9893795 0.05410445
1542145550696896.0 0.011194641 0.1336537 -0.15591525 0.054050256 0.12731212 0.9889423 0.053510413
1542145550721550.0 0.009254038 0.11140162 -0.11334867 0.063153766 0.11618071 0.9898281 0.052479036
1542145550746206.0 0.009441996 0.08800463 -0.0752803 0.07005033 0.10376105 0.99088913 0.049651943
1542145550770865.0 0.0068692653 0.082286656 -0.053237464 0.06966428 0.10875639 0.9903365 0.05052352
1542145550795531.0 0.0070931492 0.086088896 -0.044494983 0.06853891 0.10854114 0.99038374 0.05158786
1542145550820205.0 0.0043385196 0.08839624 -0.044293396 0.06746712 0.11234178 0.9901308 0.04968424
1542145550844891.0 0.0036377339 0.09632173 -0.055439007 0.062929414 0.115484096 0.990195 0.047087774
1542145550869590.0 -0.0062988643 0.11562909 -0.057626612 0.0710783 0.09963878 0.99112284 0.05191916
1542145550894298.0 -0.009667707 0.112033255 -0.046254553 0.07093826 0.100549445 0.9911343 0.050104816
1542145550919010.0 -0.014410922 0.11849962 -0.052189246 0.07129087 0.09669044 0.99159044 0.048135664
1542145550943726.0 -0.017337123 0.11529252 -0.039095007 0.07271549 0.09298908 0.9919329 0.046200868
1542145550968439.0 -0.023216864 0.11872376 -0.043942194 0.07339406 0.08808482 0.9924422 0.04373802
1542145550993144.0 -0.028148856 0.11878568 -0.036628284 0.073267154 0.08747542 0.9925292 0.043195955
1542145551017841.0 -0.034293823 0.12209447 -0.034517765 0.070615314 0.091167785 0.99235815 0.043900844
1542145551042530.0 -0.03736949 0.12629598 -0.042061552 0.06525074 0.0966997 0.9922522 0.042745642
1542145551067209.0 -0.038387142 0.12205494 -0.03560113 0.060581483 0.10117588 0.9920664 0.043563493
1542145551091875.0 -0.042260718 0.12649474 -0.04945151 0.05287124 0.11379918 0.9910683 0.04514529
1542145551116525.0 -0.045020614 0.12891136 -0.055981413 0.047905885 0.11859789 0.9907438 0.04545723
1542145551141152.0 -0.048714016 0.12718335 -0.062525555 0.04416169 0.12313294 0.9903861 0.044982046
1542145551165755.0 -0.051351625 0.12527654 -0.06498856 0.039826732 0.12770352 0.9900186 0.04437209
1542145551190341.0 -0.054128256 0.12167342 -0.058648627 0.040735517 0.12305463 0.99053854 0.045073833
1542145551214912.0 -0.058478717 0.124914855 -0.068165675 0.040125575 0.12133031 0.99074286 0.045797803
1542145551239468.0 -0.059746046 0.12823944 -0.07533772 0.034923296 0.1247762 0.9904609 0.046889316
1542145551264012.0 -0.064502396 0.12880932 -0.07465124 0.037042517 0.11977924 0.99098945 0.047125027
1542145551288551.0 -0.06344926 0.11772358 -0.06980928 0.031147255 0.13244256 0.98961616 0.04635467
1542145551313091.0 -0.06573286 0.12990808 -0.0943148 0.027742466 0.13487968 0.98923266 0.049564544
1542145551337636.0 -0.07043863 0.1309194 -0.09680268 0.028972203 0.13315484 0.9894919 0.048334904
1542145551362180.0 -0.06952411 0.13004054 -0.09838484 0.027170008 0.14176661 0.9883001 0.049265463
1542145551386732.0 -0.07221346 0.15344724 -0.12669311 0.026331892 0.13874239 0.9885074 0.05394823
1542145551411289.0 -0.07321233 0.13310431 -0.09506816 0.03246972 0.13688107 0.9888066 0.04970763
1542145551435849.0 -0.072805725 0.14451449 -0.12500444 0.029262457 0.13945217 0.98844254 0.051750775
1542145551460410.0 -0.07281511 0.14223343 -0.117380545 0.027728366 0.1488376 0.9870084 0.053786993
1542145551484972.0 -0.06799115 0.1385064 -0.11317977 0.03187188 0.13950475 0.9882594 0.053535294
1542145551509540.0 -0.06372899 0.13248318 -0.11020389 0.034725383 0.13691597 0.9886407 0.051359653
1542145551534103.0 -0.06757749 0.14007916 -0.12082195 0.041911084 0.12829693 0.98946893 0.05229379
1542145551558658.0 -0.059153296 0.14539556 -0.13172138 0.04234994 0.124134146 0.9899789 0.052335594
1542145551583201.0 -0.06150409 0.14008547 -0.13596076 0.0483055 0.12250491 0.98989856 0.052535426
1542145551607735.0 -0.036068346 0.12828422 -0.13965587 0.036281098 0.13532136 0.9889683 0.048099052
1542145551632267.0 -0.033644658 0.12870307 -0.14032355 0.039694946 0.13584727 0.9886462 0.05048408
1542145551656803.0 -0.029403305 0.12599854 -0.13916974 0.042220253 0.13555308 0.9885083 0.05190596
1542145551681340.0 -0.029773856 0.13284078 -0.14933576 0.048772454 0.12930417 0.98886365 0.055231277
1542145551705877.0 -0.02594791 0.13246688 -0.15356545 0.05483395 0.120669 0.9895936 0.056007
1542145551730418.0 -0.028024599 0.13749829 -0.15927087 0.0624735 0.1158778 0.9895758 0.058388196
1542145551754970.0 -0.021705966 0.13977405 -0.15796307 0.06653896 0.10865233 0.9899848 0.06080555
1542145551779537.0 -0.020060875 0.13392521 -0.15520158 0.07464812 0.099366054 0.9903412 0.06146906
1542145551804114.0 -0.013396589 0.13807932 -0.15990666 0.07623614 0.09791274 0.990246 0.06335642
1542145551828706.0 -0.009511163 0.1386548 -0.16111656 0.07972576 0.09535944 0.99017185 0.06411004
1542145551853315.0 -0.0031308113 0.1353133 -0.15977345 0.080546394 0.09688138 0.98996496 0.06399794
1542145551877939.0 0.005549575 0.13266236 -0.15631741 0.080192015 0.10136673 0.98955214 0.06388054
1542145551902578.0 0.0078118145 0.14036444 -0.16857184 0.08528418 0.093666 0.9897945 0.065269776
1542145551927234.0 0.010317682 0.1482044 -0.17421332 0.08860143 0.09198131 0.9895557 0.06684819
1542145551951902.0 0.015902396 0.1467147 -0.16892515 0.08962639 0.09090346 0.9896177 0.06603454
1542145551976574.0 0.023864454 0.14842698 -0.17221977 0.08775597 0.09304335 0.9896937 0.06440742
1542145552001250.0 0.024159757 0.15025525 -0.1652146 0.09520885 0.08218145 0.989856 0.06608096
1542145552025928.0 0.02520121 0.14916585 -0.16161667 0.095769234 0.0856904 0.9895827 0.06489626
1542145552050604.0 0.026916333 0.15794958 -0.17163953 0.09855965 0.079427995 0.989841 0.06474608
1542145552075277.0 0.030332882 0.16011652 -0.17296603 0.09496315 0.088070646 0.98951054 0.06398805
1542145552099943.0 0.031731967 0.16224472 -0.16407815 0.09833538 0.08619607 0.9893149 0.0644703
1542145552124599.0 0.03817538 0.16618505 -0.17283027 0.091334626 0.09622357 0.9892223 0.061954673
1542145552149243.0 0.039066896 0.16566221 -0.1658887 0.09402606 0.09168627 0.9894041 0.061905857
1542145552173877.0 0.04310037 0.1718265 -0.17050977 0.09053396 0.09422222 0.9895164 0.06150765
1542145552198508.0 0.04060169 0.18217403 -0.17697886 0.094745025 0.08692556 0.9896794 0.06326258
1542145552223135.0 0.035582133 0.18823695 -0.18574354 0.095752686 0.08632289 0.98965526 0.06294695
1542145552247755.0 0.03342059 0.18465722 -0.1788536 0.09801749 0.08185618 0.9898346 0.06260748
1542145552272370.0 0.0267817 0.19827566 -0.19669849 0.101618774 0.07867004 0.9897046 0.063004084
1542145552296981.0 0.031397395 0.20534807 -0.20429309 0.0967619 0.084754854 0.9896101 0.06423171
1542145552321590.0 0.03202611 0.20928109 -0.21179727 0.09378416 0.08786238 0.98967505 0.06346697
1542145552346199.0 0.036695037 0.21552408 -0.22947136 0.08179483 0.1044357 0.98921674 0.062073257
1542145552370808.0 0.040350694 0.20980684 -0.22725962 0.07731796 0.10866629 0.9892809 0.059472036
1542145552395421.0 0.040090106 0.20635253 -0.21787679 0.07583589 0.11094802 0.9890736 0.060605478
1542145552420041.0 0.031183746 0.20031033 -0.21039444 0.08196174 0.10434631 0.98930883 0.06051559
1542145552444664.0 0.033179715 0.21516779 -0.2314735 0.07919111 0.10457328 0.9894161 0.06204075
1542145552469286.0 0.03327734 0.19397482 -0.20747235 0.07600773 0.109171055 0.98931664 0.0596428
1542145552493913.0 0.030816913 0.19176129 -0.20233652 0.076176904 0.10623058 0.9895822 0.060326733
1542145552518548.0 0.03064891 0.19186601 -0.20634331 0.0717415 0.11005753 0.9895167 0.059977464
1542145552543186.0 0.025641372 0.19397944 -0.21255147 0.07365515 0.10851104 0.9894238 0.061975054
1542145552567828.0 0.022670353 0.18359086 -0.19937304 0.073667675 0.108956195 0.98939246 0.06167782
1542145552592470.0 0.026263114 0.18041933 -0.19967923 0.06927807 0.112734 0.989338 0.06084487
1542145552617108.0 0.0169578 0.17251217 -0.18359052 0.07688542 0.10051207 0.9899829 0.062608644
1542145552641744.0 0.023466306 0.17409524 -0.20285852 0.0650889 0.119519964 0.9888496 0.060456455
1542145552666375.0 0.013309052 0.17172976 -0.19351551 0.07268043 0.1078777 0.989489 0.06317824
1542145552691000.0 0.0146718435 0.16537522 -0.19243392 0.06960432 0.11130878 0.9893866 0.062286995
1542145552715620.0 0.015984546 0.15502839 -0.1792077 0.06632799 0.11325774 0.98943436 0.06158783
1542145552740237.0 0.010699851 0.15266056 -0.17462395 0.0678934 0.1111422 0.9895702 0.061553422
1542145552764852.0 -0.00531476 0.16403669 -0.18556322 0.08274179 0.09270965 0.9901428 0.06462168
1542145552789469.0 -0.006080561 0.16718379 -0.1949958 0.081747465 0.08977366 0.99041057 0.0659165
1542145552814083.0 -0.008810367 0.16126697 -0.18395932 0.0821223 0.08991522 0.99040455 0.06534631
1542145552838695.0 -0.009118377 0.15313737 -0.17042767 0.0820051 0.09066753 0.9903894 0.06467925
1542145552863305.0 -0.012860124 0.15513127 -0.17707607 0.08230685 0.08831002 0.9905745 0.06472378
1542145552887918.0 -0.015444199 0.1532945 -0.17676502 0.080824435 0.08993932 0.9906118 0.06377119
1542145552912542.0 -0.01292811 0.13998228 -0.15791947 0.07885774 0.09276168 0.9906259 0.061944067
1542145552937180.0 -0.013489287 0.13966838 -0.15706873 0.0763538 0.094122864 0.9907192 0.061535347
1542145552961827.0 -0.018369371 0.13620484 -0.15278001 0.078333244 0.093660876 0.9906387 0.061046757
1542145552986482.0 -0.023182843 0.13951431 -0.15545295 0.078288645 0.09173211 0.9907298 0.062535025
1542145553011131.0 -0.023398666 0.1348283 -0.14019309 0.07885818 0.087719485 0.9910435 0.06260577
1542145553035772.0 -0.02901988 0.13427377 -0.1336302 0.079984464 0.08761672 0.9909311 0.063099355
