# timestamp[secs] tx ty tz qx qy qz qw
0.006725 0.0 0.0 0.0 -0.0 0.0 0.0 1.0
0.01174 0.000191 -0.000895 0.000174 0.001089 4.7e-05 -0.000177 0.999999
0.016752 0.000285 -0.001744 0.000424 0.002463 0.000344 -0.000502 0.999997
0.021765 0.000292 -0.00258 0.000756 0.003718 0.000883 -0.000964 0.999992
0.026776 0.000415 -0.004279 0.001335 0.006197 0.001433 -0.001687 0.999978
0.031783 0.000266 -0.005907 0.00213 0.008657 0.002689 -0.00279 0.999955
0.03679 -0.001061 -0.008839 0.004609 0.01388 0.006382 -0.00553 0.999868
0.041796 -0.001297 -0.009602 0.005141 0.015217 0.007267 -0.006173 0.999839
0.046796 -0.002278 -0.010953 0.006674 0.0179 0.009432 -0.007544 0.999767
0.051795 -0.003486 -0.012224 0.008432 0.020464 0.011751 -0.008859 0.999682
0.056791 -0.004916 -0.013399 0.010393 0.02308 0.014077 -0.009987 0.999585
0.061785 -0.005859 -0.013867 0.011603 0.024492 0.015146 -0.010225 0.999533
0.06678 -0.007613 -0.014886 0.013903 0.027244 0.017565 -0.010751 0.999417
0.071774 -0.009572 -0.015786 0.016404 0.030187 0.019793 -0.010982 0.999288
0.076765 -0.011741 -0.016574 0.019119 0.033191 0.022013 -0.010843 0.999148
0.081749 -0.012763 -0.017009 0.020412 0.034619 0.023221 -0.010933 0.999071
0.086738 -0.015248 -0.017606 0.023438 0.037916 0.025361 -0.010333 0.998906
0.091743 -0.017949 -0.018082 0.026658 0.041381 0.027456 -0.009372 0.998722
0.096754 -0.020864 -0.018439 0.030058 0.044947 0.029555 -0.008051 0.99852
0.101769 -0.025521 -0.018817 0.035414 0.050701 0.032874 -0.005589 0.998157
0.106775 -0.033082 -0.018679 0.043416 0.058808 0.037765 -0.00159 0.997553
0.111778 -0.034868 -0.018689 0.045365 0.060787 0.038941 -0.000617 0.997391
0.116778 -0.038976 -0.018491 0.049539 0.064839 0.041537 0.001476 0.99703
0.121778 -0.043354 -0.0182 0.053839 0.069012 0.04445 0.003628 0.996618
0.126776 -0.047999 -0.017836 0.058242 0.072921 0.047652 0.005713 0.996182
0.13177 -0.050628 -0.017576 0.060544 0.074735 0.049685 0.006566 0.995943
0.136765 -0.055673 -0.017113 0.065055 0.078455 0.053139 0.008477 0.995464
0.141758 -0.060997 -0.016589 0.069633 0.081851 0.056962 0.01022 0.994963
0.146759 -0.066592 -0.01601 0.074263 0.084982 0.061039 0.011763 0.994442
0.151755 -0.072464 -0.015369 0.078946 0.088103 0.065408 0.013252 0.993873
0.156754 -0.07861 -0.014705 0.083645 0.09068 0.069968 0.014487 0.993314
0.161752 -0.085023 -0.013995 0.088347 0.092856 0.074719 0.01553 0.992751
0.166743 -0.091717 -0.013244 0.093093 0.094762 0.079954 0.016482 0.992147
0.171735 -0.098677 -0.012449 0.097846 0.096205 0.085596 0.017225 0.991525
0.176724 -0.105877 -0.011603 0.10258 0.097342 0.091287 0.01778 0.990896
0.181717 -0.109406 -0.011199 0.104965 0.098019 0.09416 0.018122 0.990554
0.186716 -0.11698 -0.010272 0.109701 0.098895 0.100324 0.018493 0.989855
0.191716 -0.124808 -0.009285 0.114453 0.099424 0.10704 0.01868 0.989095
0.19672 -0.132839 -0.008218 0.119183 0.099669 0.114025 0.018671 0.988289
0.201723 -0.145146 -0.00649 0.126308 0.100382 0.125076 0.018591 0.986881
0.20673 -0.153596 -0.005165 0.130988 0.100982 0.132481 0.018079 0.985862
0.211734 -0.16216 -0.00372 0.135642 0.102003 0.139803 0.017392 0.984758
0.216738 -0.170804 -0.002163 0.140272 0.103442 0.147173 0.016592 0.983547
0.221743 -0.179503 -0.000495 0.144883 0.104962 0.15454 0.015448 0.982274
0.226751 -0.188168 0.001271 0.149414 0.106842 0.161426 0.01412 0.980983
0.231756 -0.196791 0.003123 0.15389 0.108945 0.16794 0.012758 0.979676
0.23676 -0.20532 0.005021 0.15828 0.110893 0.174189 0.011369 0.978382
0.24176 -0.213736 0.006934 0.162604 0.112374 0.180201 0.010134 0.977137
0.24676 -0.221978 0.008852 0.166829 0.113754 0.185425 0.009483 0.976006
0.251761 -0.230014 0.010743 0.170917 0.114531 0.189873 0.009404 0.97506
0.256762 -0.237804 0.012574 0.174839 0.11467 0.193364 0.010164 0.97435
0.261764 -0.245365 0.014344 0.178636 0.114364 0.19612 0.012026 0.973814
0.266763 -0.252646 0.016043 0.182278 0.114074 0.197487 0.01536 0.973525
0.271766 -0.262882 0.0184 0.187318 0.11257 0.196384 0.023042 0.973771
0.276769 -0.269488 0.019909 0.190531 0.111318 0.194664 0.028947 0.974103
0.281769 -0.275831 0.021336 0.193565 0.109869 0.192037 0.035683 0.974565
0.286766 -0.281933 0.022695 0.196435 0.108329 0.188563 0.043161 0.975113
0.291764 -0.284747 0.023294 0.197693 0.107524 0.186065 0.047378 0.975486
0.296761 -0.290535 0.024545 0.200344 0.106087 0.181662 0.055561 0.976042
0.301753 -0.296089 0.025721 0.202826 0.104682 0.17646 0.064111 0.976623
0.306747 -0.30146 0.026803 0.205164 0.102845 0.171087 0.072606 0.97718
0.311741 -0.304203 0.027381 0.206391 0.101988 0.1686 0.076887 0.977374
0.316741 -0.30928 0.028338 0.208507 0.100165 0.162458 0.085675 0.977872
0.321741 -0.314195 0.029187 0.210509 0.098345 0.156205 0.094469 0.978266
0.326744 -0.318963 0.029917 0.212431 0.096241 0.150054 0.10322 0.978553
0.331749 -0.325909 0.030852 0.215179 0.092673 0.140423 0.116326 0.978857
0.336754 -0.330269 0.03124 0.216819 0.089607 0.133433 0.125028 0.979048
0.341762 -0.334507 0.031472 0.218375 0.086004 0.126274 0.1337 0.979174
0.34677 -0.338624 0.031553 0.219811 0.081942 0.118981 0.142207 0.979238
0.351776 -0.344657 0.031281 0.221791 0.075152 0.108684 0.154899 0.979054
0.356779 -0.348681 0.030985 0.223063 0.070264 0.102355 0.163065 0.978773
0.361778 -0.352702 0.030546 0.224232 0.064906 0.096504 0.170822 0.978414
0.366772 -0.35675 0.029965 0.225329 0.05924 0.091563 0.178151 0.977941
0.37177 -0.358838 0.029528 0.225779 0.05597 0.090066 0.181121 0.977727
0.376769 -0.363 0.028764 0.226771 0.049929 0.086834 0.187349 0.977173
0.381764 -0.367212 0.027889 0.227666 0.043534 0.084526 0.192712 0.976638
0.386758 -0.371509 0.026923 0.228526 0.036946 0.083517 0.197159 0.976109
0.391751 -0.375846 0.025881 0.229282 0.029908 0.08337 0.200457 0.97569
0.396746 -0.378006 0.025373 0.229683 0.026387 0.082975 0.202532 0.975397
0.401747 -0.382383 0.024261 0.230263 0.019027 0.08396 0.204291 0.975117
0.40675 -0.386743 0.023179 0.230729 0.01205 0.085225 0.205339 0.974899
0.41175 -0.391064 0.02215 0.231082 0.005254 0.086775 0.205696 0.974747
0.416752 -0.397503 0.020693 0.231482 -0.00456 0.089543 0.205448 0.974552
0.421757 -0.405438 0.01963 0.231162 -0.013266 0.092362 0.206334 0.974022
0.426763 -0.407472 0.019274 0.231135 -0.015999 0.093067 0.206185 0.973946
0.431762 -0.411263 0.018981 0.230744 -0.019258 0.094136 0.207289 0.97355
0.436763 -0.414913 0.018847 0.230205 -0.022198 0.095201 0.208706 0.97308
0.441758 -0.418403 0.018869 0.22951 -0.024855 0.095991 0.210665 0.972516
0.446749 -0.41995 0.019062 0.228954 -0.025611 0.095892 0.212267 0.972158
0.451744 -0.423175 0.019349 0.227989 -0.02718 0.096077 0.215219 0.971448
0.456741 -0.426214 0.019779 0.22686 -0.028693 0.09601 0.218474 0.970684
0.461736 -0.427806 0.019955 0.226342 -0.029352 0.096057 0.220037 0.970307
0.466729 -0.430568 0.020624 0.22496 -0.030401 0.09549 0.223804 0.969469
0.471731 -0.4331 0.021461 0.223371 -0.031085 0.094104 0.227964 0.968613
0.476739 -0.43544 0.022458 0.221634 -0.03156 0.092516 0.232303 0.967719
0.481753 -0.438668 0.024206 0.21877 -0.031023 0.089199 0.23953 0.966285
0.486769 -0.440498 0.02567 0.216598 -0.030136 0.086682 0.244348 0.965335
0.491782 -0.442119 0.027337 0.214232 -0.028897 0.083652 0.249111 0.964422
0.496796 -0.443585 0.029224 0.211725 -0.026849 0.080541 0.253945 0.963486
0.501804 -0.445471 0.032572 0.207625 -0.022347 0.076102 0.260968 0.962084
0.506812 -0.446651 0.034975 0.204798 -0.018854 0.073498 0.265545 0.961108
0.511815 -0.447725 0.037591 0.201827 -0.014611 0.070862 0.27011 0.960107
0.516812 -0.448735 0.040407 0.198777 -0.00982 0.068647 0.274693 0.959028
0.521804 -0.449171 0.042014 0.197146 -0.006936 0.067846 0.276885 0.95848
0.526793 -0.450082 0.04511 0.193948 -0.001448 0.065882 0.281269 0.957364
0.531787 -0.450926 0.048368 0.190681 0.004572 0.064191 0.285729 0.956147
0.536781 -0.451682 0.051792 0.18734 0.01076 0.06247 0.290137 0.954883
0.541774 -0.452335 0.055361 0.183929 0.017217 0.06065 0.294712 0.953504
0.546769 -0.452892 0.059053 0.180482 0.023755 0.058913 0.299507 0.951977
0.551763 -0.453342 0.062872 0.176984 0.030567 0.056939 0.304535 0.950306
0.556761 -0.453686 0.066796 0.173432 0.037387 0.054753 0.309683 0.948526
0.561762 -0.453911 0.070846 0.169855 0.044875 0.052199 0.315214 0.946521
0.566758 -0.454066 0.072842 0.168076 0.04842 0.051001 0.317821 0.945539
0.571756 -0.454102 0.077041 0.164439 0.055985 0.047773 0.323749 0.943276
0.576756 -0.454015 0.081339 0.160778 0.063879 0.044222 0.329687 0.940888
0.581758 -0.453843 0.085707 0.157125 0.071868 0.040664 0.335722 0.938335
0.586761 -0.453497 0.092366 0.151654 0.084158 0.035201 0.344696 0.934271
0.591763 -0.453121 0.096938 0.148015 0.092465 0.031332 0.350216 0.931567
0.596765 -0.452386 0.103919 0.142693 0.10486 0.025821 0.357647 0.927592
0.601767 -0.451861 0.108586 0.139187 0.112785 0.022298 0.362203 0.924982
0.60677 -0.451284 0.113275 0.13576 0.120734 0.019106 0.366461 0.922369
0.611767 -0.450703 0.117982 0.13242 0.128625 0.01644 0.370541 0.91972
0.616765 -0.450326 0.120378 0.130752 0.132704 0.014818 0.372334 0.918443
0.621762 -0.453069 0.108497 0.137101 -0.135498 0.221605 0.371599 0.891317
0.62676 -0.452342 0.10582 0.151722 -0.386857 0.404801 0.324862 0.762196
0.631759 -0.451467 0.108152 0.154849 -0.441572 0.444299 0.30728 0.716374
0.636753 -0.44606 0.122505 0.170086 0.652775 -0.578486 -0.195343 -0.448419
0.641755 -0.439419 0.146628 0.172527 0.76897 -0.626555 -0.051108 -0.1162
0.646758 -0.434983 0.169258 0.159063 0.773806 -0.580271 0.10376 0.231828
0.651761 -0.438374 0.175004 0.117353 0.496428 -0.273191 0.337122 0.751848
0.656764 -0.44449 0.157396 0.105957 0.191657 0.00227 0.401136 0.895741
0.661769 -0.443539 0.161804 0.102963 0.197657 0.001327 0.404434 0.892952
0.666773 -0.442505 0.166191 0.099974 0.203317 2.5e-05 0.407658 0.890212
0.671774 -0.441381 0.170506 0.097002 0.208331 -0.001422 0.410773 0.887616
0.676775 -0.4402 0.174722 0.094066 0.212659 -0.002382 0.413724 0.885213
0.681777 -0.438914 0.1789 0.091127 0.216581 -0.003485 0.416449 0.882978
0.686786 -0.437537 0.183026 0.088216 0.219771 -0.004661 0.418679 0.881128
0.691795 -0.436082 0.187132 0.085326 0.222782 -0.005843 0.420481 0.879506
0.696803 -0.434537 0.191284 0.082455 0.225681 -0.007574 0.421574 0.878229
0.701808 -0.432135 0.197438 0.078295 0.22935 -0.008856 0.421615 0.877246
0.706812 -0.430518 0.201569 0.075584 0.231669 -0.009778 0.421025 0.87691
0.711811 -0.428892 0.205723 0.072946 0.234199 -0.01066 0.419951 0.876743
0.716811 -0.427258 0.209888 0.070379 0.236684 -0.011477 0.418416 0.876799
0.721805 -0.426457 0.211986 0.069187 0.23795 -0.011768 0.417377 0.876948
0.726795 -0.424863 0.21618 0.066752 0.24072 -0.012327 0.415592 0.877032
0.731783 -0.423318 0.220386 0.064442 0.243475 -0.012562 0.41366 0.877182
0.73677 -0.421867 0.224552 0.062287 0.246515 -0.011597 0.411996 0.877129
0.741765 -0.419785 0.230863 0.059282 0.251218 -0.010661 0.409993 0.876745
0.746762 -0.419706 0.230859 0.059139 0.25114 -0.010947 0.40948 0.877004
0.751758 -0.418332 0.235076 0.057177 0.254362 -0.010344 0.408325 0.87662
0.756761 -0.416988 0.239317 0.055307 0.257695 -0.009891 0.407461 0.876054
0.761765 -0.416354 0.241472 0.054467 0.259477 -0.009878 0.407334 0.875588
0.766764 -0.413849 0.249978 0.05109 0.26667 -0.008269 0.406818 0.87368
0.771765 -0.412606 0.254266 0.049531 0.270564 -0.008206 0.407672 0.872084
0.77677 -0.411288 0.258588 0.047976 0.27417 -0.009353 0.408708 0.87046
0.781773 -0.409957 0.262905 0.046501 0.277915 -0.010751 0.410218 0.868544
0.786782 -0.408634 0.267201 0.04512 0.281876 -0.012173 0.412307 0.866257
0.79179 -0.407322 0.271445 0.043807 0.285941 -0.013383 0.41482 0.863703
0.7968 -0.405962 0.275655 0.04248 0.289732 -0.015253 0.41741 0.861157
0.801805 -0.403885 0.281905 0.040461 0.295152 -0.018985 0.421006 0.857484
0.806809 -0.402533 0.286028 0.039169 0.298895 -0.021112 0.423413 0.854949
0.811806 -0.401172 0.290134 0.037845 0.302563 -0.023392 0.425348 0.852636
0.816801 -0.399821 0.294193 0.036493 0.306165 -0.025507 0.426921 0.8505
0.821797 -0.399194 0.296159 0.035862 0.307989 -0.026173 0.427246 0.849658
0.826788 -0.397939 0.300094 0.034585 0.311788 -0.027336 0.428262 0.847722
0.831777 -0.396653 0.304003 0.033266 0.314953 -0.029047 0.428506 0.846371
0.836769 -0.396013 0.305979 0.032615 0.316747 -0.029851 0.42901 0.845417
0.841761 -0.394787 0.309758 0.031317 0.320311 -0.030455 0.428997 0.844059
0.846763 -0.393576 0.313499 0.030047 0.323661 -0.031115 0.428301 0.84311
0.851768 -0.392385 0.317127 0.028736 0.32671 -0.031267 0.427087 0.842544
0.856772 -0.390723 0.322392 0.026876 0.331432 -0.03033 0.425176 0.8417
0.86178 -0.389645 0.325725 0.025603 0.334195 -0.028919 0.423438 0.841533
0.866784 -0.388084 0.330458 0.023668 0.33775 -0.025648 0.419455 0.842214
0.871788 -0.387061 0.33352 0.022361 0.340129 -0.023017 0.416336 0.84288
0.876788 -0.386094 0.336445 0.021099 0.341946 -0.019702 0.412288 0.844218
0.881785 -0.385145 0.339212 0.019744 0.343567 -0.015433 0.407282 0.846076
0.886781 -0.384702 0.340436 0.019046 0.344119 -0.012525 0.4035 0.84771
0.891777 -0.383869 0.342941 0.017771 0.345754 -0.006428 0.397053 0.850154
0.89677 -0.383016 0.345325 0.016422 0.346819 -0.000128 0.389082 0.853423
0.901764 -0.382204 0.347542 0.015044 0.347642 0.007011 0.379772 0.857245
0.906761 -0.381418 0.349592 0.013648 0.347817 0.014477 0.369156 0.861706
0.911759 -0.380996 0.35068 0.012953 0.347871 0.01804 0.36414 0.863749
0.916756 -0.3803 0.35243 0.011572 0.34744 0.026979 0.351788 0.868794
0.921754 -0.37966 0.35399 0.010171 0.346532 0.036476 0.338524 0.874063
0.92676 -0.379059 0.355374 0.008756 0.344733 0.0458 0.324226 0.879738
0.931762 -0.37815 0.357238 0.006537 0.340406 0.059084 0.301527 0.888659
0.936765 -0.377656 0.358166 0.005029 0.335772 0.067395 0.285925 0.894965
0.941773 -0.377211 0.358905 0.00345 0.329963 0.075161 0.270193 0.901371
0.946781 -0.376746 0.359584 0.000985 0.319951 0.085364 0.248054 0.910392
0.951778 -0.376536 0.359884 -0.000622 0.312552 0.091981 0.233724 0.916092
0.956782 -0.376376 0.360037 -0.002299 0.304746 0.097493 0.220081 0.921515
0.961778 -0.376338 0.360029 -0.003939 0.296554 0.102859 0.207243 0.926567
0.966774 -0.37644 0.359884 -0.004756 0.292631 0.105334 0.20158 0.928783
0.971769 -0.376548 0.359698 -0.00639 0.284101 0.109873 0.189467 0.933443
0.976764 -0.376741 0.359379 -0.008038 0.275854 0.114247 0.177909 0.937657
0.981761 -0.377032 0.358946 -0.009645 0.267792 0.118349 0.166858 0.941509
0.986755 -0.377421 0.358396 -0.011229 0.259901 0.122581 0.155975 0.945038
0.991754 -0.377889 0.357743 -0.012806 0.251708 0.126897 0.144731 0.948469
0.996746 -0.378398 0.357 -0.014433 0.243845 0.130736 0.133419 0.951655
1.001744 -0.378987 0.356146 -0.016042 0.235972 0.134931 0.121793 0.954609
1.006745 -0.379604 0.355171 -0.017703 0.227834 0.138743 0.109859 0.957483
1.011741 -0.380243 0.354083 -0.019375 0.219482 0.141957 0.097658 0.960281
1.016733 -0.380545 0.353585 -0.020219 0.215382 0.143615 0.091643 0.961554
1.021727 -0.375951 0.369003 -0.015296 0.543257 0.001791 0.106428 0.832791
1.026728 -0.372859 0.374576 -0.000229 0.79507 -0.132465 0.108574 0.581833
1.031733 -0.373449 0.366431 0.015273 0.93343 -0.241089 0.100699 0.245854
1.036742 -0.381108 0.337534 0.018597 0.878233 -0.332005 0.074663 -0.336012
1.041748 -0.387286 0.322669 0.001376 -0.637256 0.326279 -0.049146 0.696442
1.046748 -0.389595 0.324492 -0.020882 -0.273521 0.263077 -0.021415 0.924942
1.051752 -0.386995 0.340223 -0.033076 0.143983 0.155619 0.006615 0.977245
1.05676 -0.388764 0.336362 -0.035635 0.130744 0.15625 -0.002719 0.979022
1.061766 -0.389972 0.333679 -0.037402 0.121949 0.156188 -0.008096 0.980137
1.066764 -0.391216 0.330863 -0.039234 0.113656 0.155638 -0.012219 0.981178
1.071756 -0.391829 0.329473 -0.040137 0.109416 0.155445 -0.014459 0.98166
1.076758 -0.392522 0.327909 -0.041085 0.10576 0.155198 -0.015269 0.982087
1.081753 -0.3939 0.324815 -0.042922 0.098044 0.154959 -0.01747 0.982889
1.086757 -0.3961 0.31988 -0.045724 0.086511 0.154417 -0.019523 0.984017
1.09176 -0.396909 0.318107 -0.046609 0.082712 0.154718 -0.019847 0.98429
1.096763 -0.399951 0.311261 -0.050325 0.067822 0.154577 -0.021625 0.985413
1.101758 -0.401634 0.307547 -0.052087 0.060526 0.15561 -0.021844 0.985721
1.106754 -0.402529 0.305552 -0.052948 0.057075 0.156433 -0.021787 0.985797
1.111745 -0.404286 0.301664 -0.054669 0.049761 0.157798 -0.022052 0.98597
1.11673 -0.40515 0.299754 -0.055535 0.045971 0.158351 -0.022209 0.986062
1.121719 -0.40698 0.295709 -0.057229 0.038716 0.160003 -0.02258 0.986099
1.12672 -0.408871 0.291566 -0.058852 0.031513 0.162158 -0.02307 0.985992
1.131727 -0.410812 0.287333 -0.060478 0.024644 0.164545 -0.023704 0.985777
1.136741 -0.413789 0.280881 -0.062845 0.014225 0.168343 -0.0249 0.985311
1.141752 -0.415835 0.276482 -0.064372 0.007207 0.170865 -0.026298 0.984917
1.146766 -0.419041 0.269792 -0.066496 -0.003361 0.175281 -0.028994 0.984086
1.151778 -0.421201 0.265299 -0.06789 -0.010031 0.178228 -0.030715 0.983459
1.156779 -0.423388 0.260771 -0.069256 -0.016439 0.1812 -0.032267 0.982779
1.161776 -0.425598 0.256199 -0.070593 -0.022655 0.184338 -0.033832 0.982019
1.166764 -0.426717 0.25389 -0.071211 -0.025617 0.185834 -0.034426 0.981644
1.171754 -0.428945 0.249284 -0.072448 -0.031921 0.188797 -0.035786 0.980845
1.176745 -0.431181 0.244663 -0.073633 -0.038088 0.191709 -0.036979 0.980015
1.181738 -0.43343 0.239997 -0.074749 -0.04406 0.194891 -0.037838 0.979104
1.186736 -0.434546 0.237675 -0.075362 -0.046843 0.196326 -0.038334 0.978669
1.191729 -0.436794 0.232974 -0.076377 -0.052996 0.199482 -0.038973 0.977691
1.19673 -0.439005 0.228235 -0.077348 -0.058865 0.202385 -0.039077 0.976754
1.201737 -0.441203 0.223469 -0.07822 -0.065022 0.205298 -0.039099 0.975754
1.206747 -0.444479 0.216292 -0.079393 -0.074605 0.209587 -0.03882 0.974167
1.21175 -0.446611 0.211475 -0.080011 -0.081258 0.212379 -0.038302 0.97305
1.21676 -0.448709 0.206645 -0.080536 -0.087897 0.215156 -0.03776 0.971883
1.221767 -0.451795 0.199457 -0.080967 -0.098281 0.219263 -0.037227 0.969989
1.226766 -0.45381 0.194667 -0.08117 -0.104954 0.221838 -0.036782 0.968721
1.231765 -0.455798 0.189894 -0.081221 -0.112075 0.224375 -0.036672 0.967342
1.236764 -0.457745 0.185157 -0.081097 -0.119208 0.227087 -0.03682 0.96585
1.241756 -0.45866 0.182821 -0.080848 -0.122933 0.228439 -0.037139 0.965051
1.246748 -0.459638 0.180451 -0.080805 -0.12638 0.2298 -0.037166 0.964281
1.251747 -0.461453 0.175782 -0.080335 -0.133828 0.232288 -0.037795 0.962655
1.256744 -0.463169 0.171167 -0.079676 -0.141652 0.234579 -0.038658 0.960944
1.261747 -0.464759 0.166612 -0.078843 -0.149712 0.236572 -0.039674 0.95919
1.266754 -0.466959 0.159842 -0.077369 -0.162289 0.238995 -0.04115 0.956478
1.271763 -0.468121 0.155479 -0.07609 -0.170931 0.239858 -0.041987 0.954719
1.276779 -0.469049 0.151211 -0.07466 -0.179783 0.239881 -0.042307 0.953071
1.281784 -0.469725 0.147066 -0.073076 -0.188651 0.239071 -0.042046 0.951571
1.286789 -0.470139 0.143048 -0.071374 -0.19708 0.237379 -0.040997 0.950332
1.291792 -0.470104 0.13733 -0.068557 -0.208407 0.232418 -0.037508 0.949285
1.296795 -0.469879 0.133624 -0.066577 -0.215682 0.22834 -0.034696 0.948756
1.3018 -0.469431 0.13007 -0.06449 -0.222319 0.223454 -0.03129 0.948506
1.306796 -0.468789 0.126665 -0.062249 -0.228681 0.217841 -0.02759 0.948414
1.311789 -0.468311 0.125129 -0.061 -0.231271 0.2144 -0.025558 0.948627
1.316782 -0.467482 0.121977 -0.058585 -0.236855 0.207991 -0.02158 0.948775
1.321771 -0.466558 0.118991 -0.056054 -0.242109 0.201109 -0.017546 0.949016
1.32676 -0.466088 0.117431 -0.054829 -0.244741 0.197717 -0.015425 0.94909
1.331756 -0.465082 0.114743 -0.05206 -0.249758 0.190674 -0.011537 0.949279
1.336758 -0.464117 0.112266 -0.049124 -0.254543 0.183875 -0.007879 0.949387
1.341763 -0.462916 0.109183 -0.044358 -0.26138 0.174765 -0.003622 0.949276
1.346769 -0.461805 0.106285 -0.039477 -0.267695 0.166303 0.000478 0.949043
1.351772 -0.461337 0.104807 -0.036017 -0.271525 0.161889 0.001997 0.948716
1.356767 -0.46106 0.103606 -0.032446 -0.274752 0.158472 0.002799 0.948362
1.361761 -0.461133 0.103305 -0.030598 -0.275345 0.157958 0.002298 0.948277
1.366757 -0.461137 0.102515 -0.026957 -0.276953 0.156215 0.001979 0.948098
1.371756 -0.461322 0.102005 -0.023283 -0.277419 0.155499 0.000918 0.948081
1.376757 -0.461668 0.101779 -0.0196 -0.276531 0.155907 -0.000782 0.948274
1.38175 -0.462514 0.102156 -0.014107 -0.271104 0.158861 -0.004512 0.949339
1.386745 -0.462367 0.101756 -0.014056 -0.273459 0.157721 -0.003982 0.948856
1.391745 -0.463022 0.102209 -0.010412 -0.26897 0.160158 -0.006947 0.949714
1.396747 -0.463727 0.102899 -0.006782 -0.262704 0.16329 -0.0098 0.950908
1.401752 -0.464819 0.104212 -0.001365 -0.2511 0.168818 -0.013616 0.953029
1.40675 -0.465487 0.105387 0.002249 -0.241368 0.172736 -0.015318 0.954814
1.411753 -0.466048 0.106665 0.005869 -0.230709 0.176224 -0.016033 0.956797
1.416757 -0.466466 0.107981 0.009504 -0.219441 0.178753 -0.01566 0.958983
1.421762 -0.466747 0.109352 0.01319 -0.207793 0.180648 -0.014315 0.961241
1.42676 -0.466863 0.110721 0.016923 -0.196002 0.181316 -0.011854 0.963622
1.431759 -0.466842 0.11206 0.020762 -0.184668 0.181441 -0.008615 0.965869
1.436761 -0.466677 0.113335 0.024613 -0.173646 0.18033 -0.00484 0.968145
1.441767 -0.466394 0.114549 0.028495 -0.162917 0.178068 -0.000514 0.970438
1.446771 -0.466031 0.115699 0.032448 -0.153196 0.174816 0.003957 0.972602
1.451773 -0.465655 0.116794 0.036473 -0.144135 0.171756 0.008367 0.974503
1.456775 -0.465264 0.117782 0.040501 -0.136062 0.16809 0.012797 0.976253
1.461776 -0.464943 0.1187 0.04458 -0.128477 0.165172 0.017002 0.977713
1.466783 -0.464714 0.119554 0.048621 -0.121129 0.162418 0.020841 0.979037
1.471788 -0.464636 0.12038 0.052686 -0.114389 0.160541 0.023931 0.980086
1.476793 -0.465 0.121646 0.058707 -0.103686 0.160897 0.026301 0.981157
1.481794 -0.465408 0.122528 0.062677 -0.096264 0.162275 0.026997 0.981668
1.486792 -0.46598 0.123443 0.066522 -0.088214 0.164162 0.026948 0.982112
1.491792 -0.466735 0.124416 0.070304 -0.079563 0.167202 0.025939 0.982365
1.496789 -0.467271 0.124971 0.072075 -0.074512 0.169449 0.024536 0.982412
1.501786 -0.46822 0.12601 0.075709 -0.064909 0.17356 0.022614 0.982422
1.506782 -0.469264 0.127074 0.079246 -0.054882 0.178119 0.020258 0.982268
1.511777 -0.469779 0.127615 0.081065 -0.049847 0.180474 0.019153 0.982129
1.516772 -0.470933 0.128704 0.084446 -0.039281 0.185615 0.016255 0.981703
1.521772 -0.472096 0.129735 0.087726 -0.028485 0.190735 0.013718 0.981132
1.526775 -0.473763 0.13104 0.092365 -0.012811 0.197986 0.01054 0.980064
1.53178 -0.475402 0.132256 0.096972 0.002557 0.205395 0.007651 0.978646
1.536782 -0.476374 0.132821 0.099845 0.012075 0.209703 0.006424 0.977669
1.541781 -0.477259 0.133241 0.102592 0.020804 0.213464 0.005376 0.976715
1.546773 -0.477612 0.133301 0.103821 0.024679 0.214965 0.00507 0.976297
1.551767 -0.478372 0.133544 0.106369 0.032688 0.218082 0.004341 0.975373
1.556762 -0.479057 0.13367 0.108807 0.040362 0.220897 0.003982 0.974453
1.561759 -0.479666 0.133727 0.111133 0.047953 0.223478 0.003875 0.973521
1.566755 -0.4802 0.133712 0.113331 0.055603 0.225693 0.004192 0.972601
1.571751 -0.480483 0.133696 0.114469 0.059177 0.226873 0.004197 0.972116
1.576751 -0.480907 0.133637 0.116482 0.06659 0.228505 0.004931 0.97125
1.581752 -0.481287 0.133598 0.118411 0.073831 0.229884 0.005785 0.970396
1.586753 -0.481624 0.133581 0.120255 0.081506 0.231254 0.007033 0.969448
1.591756 -0.48207 0.133615 0.12289 0.093425 0.232852 0.00938 0.967969
1.596758 -0.482425 0.133843 0.125228 0.106346 0.234099 0.012004 0.966304
1.60176 -0.482652 0.134006 0.126693 0.114806 0.234916 0.013663 0.965115
1.60676 -0.482867 0.13418 0.12807 0.123287 0.235841 0.015276 0.963818
1.611757 -0.482983 0.134281 0.12881 0.127558 0.236323 0.016131 0.96313
1.616755 -0.48308 0.134337 0.129356 0.131882 0.236783 0.017077 0.962419
1.621756 -0.483258 0.13442 0.130489 0.140643 0.237719 0.019271 0.960905
1.626758 -0.483396 0.134428 0.131471 0.149031 0.238159 0.02167 0.959479
1.631762 -0.486534 0.118876 0.143275 -0.261593 0.341429 -0.048502 0.901467
1.636768 -0.485076 0.116281 0.16236 -0.626397 0.379401 -0.112778 0.671538
1.641778 -0.480247 0.128109 0.17569 0.870884 -0.344641 0.157476 -0.313025
1.646785 -0.475644 0.145159 0.173893 0.94824 -0.243554 0.174273 0.105603
1.651789 -0.474649 0.154213 0.158509 0.84335 -0.094677 0.160475 0.504029
1.6568 -0.477959 0.147825 0.14115 0.576339 0.074196 0.118477 0.805166
1.661809 -0.482955 0.12915 0.134829 0.201639 0.230705 0.060758 0.949961
1.666816 -0.482762 0.127876 0.134786 0.206303 0.22808 0.068533 0.949064
1.671818 -0.482549 0.126509 0.134591 0.21118 0.224874 0.077187 0.948091
1.676813 -0.482352 0.125033 0.134342 0.215907 0.221646 0.086413 0.94699
1.681802 -0.482272 0.124174 0.134104 0.218315 0.219999 0.091515 0.946343
1.686788 -0.482096 0.122521 0.133685 0.222806 0.216644 0.10113 0.94509
1.691778 -0.481939 0.120762 0.133173 0.227177 0.213153 0.110954 0.94374
1.696766 -0.481808 0.118866 0.132548 0.231267 0.209859 0.120697 0.942288
1.701755 -0.481702 0.116836 0.131846 0.234582 0.206789 0.130132 0.940891
1.706746 -0.481606 0.11467 0.131015 0.237523 0.203769 0.13918 0.939516
1.711738 -0.481545 0.113643 0.130618 0.239397 0.202012 0.14403 0.938688
1.716732 -0.481468 0.111279 0.129632 0.241671 0.199404 0.152415 0.937338
1.721732 -0.481401 0.108761 0.12854 0.242906 0.197158 0.160315 0.936175
1.726737 -0.48134 0.106132 0.127351 0.243631 0.195144 0.167664 0.935121
1.731744 -0.481246 0.102046 0.125453 0.244002 0.192575 0.178214 0.933605
1.736754 -0.481188 0.099156 0.124068 0.243265 0.1915 0.184791 0.932739
1.741766 -0.481103 0.096219 0.122553 0.242722 0.190131 0.191546 0.931797
1.746779 -0.480991 0.09325 0.120955 0.241917 0.188568 0.198488 0.930871
1.75179 -0.48087 0.090224 0.119294 0.240538 0.187035 0.205846 0.929939
1.756803 -0.480738 0.087206 0.117566 0.239555 0.185033 0.213874 0.928781
1.761812 -0.480587 0.084186 0.115756 0.238383 0.182678 0.222656 0.927484
1.766825 -0.480344 0.079681 0.112873 0.236125 0.178251 0.237797 0.925162
1.771829 -0.48017 0.076722 0.110883 0.234756 0.175011 0.248374 0.923348
1.776826 -0.48002 0.073804 0.108895 0.233494 0.171634 0.259602 0.92121
1.781819 -0.4799 0.07094 0.106892 0.232252 0.168088 0.271508 0.918743
1.786807 -0.479839 0.069587 0.105785 0.231619 0.166028 0.277736 0.917415
1.79179 -0.479696 0.066849 0.103596 0.230364 0.161737 0.289911 0.914727
1.796769 -0.479575 0.064163 0.101356 0.228904 0.157343 0.30228 0.911851
1.801752 -0.47948 0.061548 0.099086 0.227377 0.152694 0.314908 0.908745
1.806746 -0.479413 0.060218 0.097964 0.22667 0.150432 0.321142 0.907116
1.811744 -0.479339 0.057753 0.095592 0.225247 0.145087 0.333943 0.903712
1.816745 -0.479294 0.055383 0.093182 0.223725 0.139281 0.346804 0.900153
1.821746 -0.479274 0.053086 0.090685 0.221773 0.133302 0.359596 0.896514
1.826748 -0.479342 0.052029 0.089414 0.220938 0.130063 0.366225 0.894511
1.831763 -0.479448 0.04768 0.084383 0.217039 0.116942 0.392202 0.886226
1.836776 -0.479662 0.045694 0.081856 0.215251 0.109928 0.405943 0.881359
1.841787 -0.479942 0.043797 0.079332 0.21351 0.102732 0.420085 0.876007
1.846798 -0.4803 0.041975 0.076856 0.211848 0.095413 0.434747 0.870064
1.851807 -0.48073 0.040222 0.07446 0.210238 0.088093 0.450029 0.863431
1.856809 -0.481831 0.037211 0.070012 0.209322 0.072879 0.483626 0.846746
1.861812 -0.482045 0.036413 0.068852 0.208064 0.068518 0.491308 0.842989
1.866817 -0.482669 0.03507 0.066822 0.20846 0.060647 0.508474 0.833259
1.871815 -0.483356 0.033898 0.064949 0.209673 0.052637 0.525795 0.822682
1.87681 -0.484113 0.032833 0.063203 0.210873 0.044982 0.542872 0.811664
1.881802 -0.484677 0.032462 0.06254 0.2136 0.042721 0.551689 0.805102
1.886793 -0.485527 0.031677 0.06102 0.215263 0.034274 0.567275 0.794157
1.891786 -0.48644 0.031063 0.059618 0.217017 0.025146 0.581361 0.783767
1.896774 -0.487415 0.030638 0.058309 0.218857 0.014997 0.594386 0.773681
1.901767 -0.487763 0.030345 0.057628 0.217916 0.008773 0.600454 0.769344
1.906764 -0.488943 0.030052 0.056588 0.219715 -0.000179 0.611607 0.760041
1.911764 -0.490258 0.029944 0.055625 0.22235 -0.009169 0.621551 0.7511
1.916767 -0.491703 0.029938 0.054771 0.225302 -0.018067 0.630872 0.742235
1.921771 -0.493932 0.03018 0.053637 0.229517 -0.033425 0.64405 0.728975
1.926773 -0.495732 0.030374 0.053106 0.233007 -0.041646 0.651867 0.720446
1.931778 -0.497662 0.0306 0.052719 0.236494 -0.04958 0.659222 0.712067
1.936786 -0.500997 0.030853 0.052672 0.243685 -0.058859 0.669412 0.699314
1.941791 -0.503276 0.030957 0.052802 0.248152 -0.065698 0.676331 0.690421
1.946795 -0.505639 0.031048 0.053088 0.253107 -0.072681 0.682967 0.68133
1.951788 -0.508086 0.030969 0.053512 0.258109 -0.079167 0.689543 0.672044
1.956779 -0.509407 0.030731 0.053942 0.260475 -0.08189 0.692767 0.667474
1.961768 -0.512005 0.030367 0.054725 0.264792 -0.087261 0.698987 0.65855
1.966756 -0.514668 0.029811 0.055638 0.269317 -0.092385 0.704854 0.649703
1.971743 -0.517431 0.029066 0.056807 0.273796 -0.09649 0.710392 0.641146
1.976733 -0.518759 0.028774 0.057322 0.275694 -0.099365 0.713525 0.636398
1.981725 -0.521634 0.027701 0.058751 0.280003 -0.102128 0.718308 0.628651
1.986724 -0.524618 0.026409 0.060413 0.284435 -0.103255 0.722331 0.62183
1.991729 -0.527631 0.024814 0.062315 0.287414 -0.102512 0.725624 0.616729
1.99674 -0.532331 0.022277 0.065524 0.293121 -0.099611 0.729458 0.609958
2.00175 -0.535523 0.020331 0.067999 0.297653 -0.09582 0.730875 0.606666
2.006759 -0.538711 0.018338 0.070809 0.301636 -0.091524 0.73164 0.604435
2.011769 -0.541843 0.016262 0.073824 0.305238 -0.087696 0.732209 0.602503
2.016777 -0.544901 0.014203 0.077102 0.308701 -0.084168 0.732397 0.601011
2.021791 -0.547835 0.0122 0.080616 0.311853 -0.081486 0.732385 0.599766
2.026802 -0.550762 0.010257 0.084359 0.315737 -0.078478 0.731481 0.599238
2.031817 -0.553555 0.008357 0.088284 0.319167 -0.076376 0.730232 0.599216
2.03683 -0.557569 0.005575 0.094696 0.322589 -0.07367 0.727989 0.60045
2.041837 -0.560209 0.003724 0.099134 0.324283 -0.071446 0.726155 0.602026
2.046837 -0.562816 0.001902 0.103758 0.325989 -0.068624 0.723569 0.604541
2.05183 -0.565379 0.000116 0.108574 0.327151 -0.065538 0.720744 0.607622
2.056817 -0.566564 -0.000685 0.111111 0.327347 -0.064306 0.719148 0.609536
2.061798 -0.568987 -0.002347 0.116071 0.328085 -0.061538 0.715776 0.613382
2.066778 -0.571306 -0.003911 0.12119 0.328364 -0.059374 0.712573 0.617165
2.071765 -0.573562 -0.005389 0.126441 0.328418 -0.05676 0.70875 0.621766
2.076757 -0.575668 -0.006751 0.131785 0.327897 -0.054903 0.704947 0.626514
2.081753 -0.577647 -0.008016 0.137211 0.327092 -0.053334 0.701105 0.631363
2.08675 -0.57869 -0.008685 0.13991 0.326918 -0.052541 0.699266 0.633554
2.091749 -0.580424 -0.009774 0.145363 0.325388 -0.051676 0.695048 0.63903
2.09675 -0.582009 -0.010797 0.150823 0.32278 -0.050723 0.690565 0.645259
2.101749 -0.583532 -0.011788 0.156314 0.319628 -0.048732 0.685439 0.652408
2.106753 -0.585652 -0.013226 0.164536 0.312991 -0.045335 0.67751 0.664049
2.111757 -0.586932 -0.014139 0.169948 0.306554 -0.041419 0.67142 0.673427
2.116759 -0.588198 -0.015012 0.175321 0.299179 -0.036139 0.66451 0.683821
2.121763 -0.589464 -0.015813 0.180642 0.291783 -0.030019 0.65709 0.694402
2.126769 -0.59072 -0.016468 0.18599 0.283886 -0.023712 0.649987 0.704531
2.131775 -0.592 -0.016975 0.191299 0.276386 -0.017095 0.642465 0.714533
2.136779 -0.593262 -0.017272 0.196637 0.268851 -0.010964 0.635714 0.72351
2.141784 -0.594571 -0.017315 0.202017 0.262621 -0.00529 0.629369 0.731367
2.146787 -0.595933 -0.01707 0.207452 0.257367 -0.000251 0.62323 0.738476
2.15179 -0.598906 -0.015388 0.218292 0.250575 0.009887 0.611208 0.750693
2.156792 -0.599582 -0.015094 0.221009 0.24788 0.011995 0.608593 0.753675
2.161791 -0.601139 -0.013917 0.226394 0.244864 0.017244 0.602599 0.759354
2.166791 -0.60277 -0.01248 0.231757 0.242404 0.022936 0.596608 0.764705
2.171791 -0.604486 -0.010838 0.237026 0.240293 0.029413 0.589699 0.770486
2.176787 -0.605415 -0.009777 0.239511 0.239746 0.033805 0.585593 0.773602
2.181784 -0.607176 -0.007801 0.244546 0.23762 0.041095 0.577337 0.780083
2.186778 -0.608932 -0.005615 0.249375 0.235456 0.049068 0.568045 0.787069
2.191769 -0.610704 -0.003252 0.254061 0.232413 0.057836 0.557776 0.794686
2.19676 -0.612432 -0.000713 0.258486 0.229199 0.066866 0.546406 0.802769
2.201749 -0.614086 0.002013 0.262697 0.225542 0.075855 0.534255 0.81114
2.206741 -0.615634 0.004921 0.266671 0.22177 0.084224 0.521626 0.81953
2.211739 -0.61641 0.006313 0.268728 0.218743 0.087929 0.514745 0.824292
2.216737 -0.617787 0.009429 0.272302 0.214298 0.095707 0.50181 0.832528
2.221737 -0.61908 0.012674 0.275627 0.210144 0.10361 0.489055 0.840196
2.226739 -0.620198 0.016031 0.278593 0.20582 0.11092 0.476811 0.847341
2.231744 -0.621742 0.021286 0.282734 0.200735 0.12152 0.458511 0.85715
2.236754 -0.622389 0.024874 0.284565 0.19853 0.12851 0.447774 0.862305
2.241764 -0.622945 0.028592 0.28619 0.198976 0.133924 0.439556 0.8656
2.246773 -0.623382 0.032355 0.287461 0.19974 0.139918 0.431794 0.868378
2.251782 -0.623664 0.036215 0.288377 0.199473 0.145141 0.424833 0.871012
2.25679 -0.623713 0.040086 0.288728 0.19756 0.148692 0.418674 0.873826
2.261793 -0.623475 0.045951 0.288398 0.193176 0.152895 0.410126 0.878125
2.266796 -0.623173 0.049824 0.287793 0.189923 0.155551 0.404615 0.88092
2.271794 -0.62291 0.053848 0.287252 0.186917 0.157686 0.399076 0.883705
2.276794 -0.622489 0.057847 0.286268 0.181164 0.160638 0.391649 0.887686
2.281791 -0.6222 0.059942 0.28553 0.178668 0.16216 0.387059 0.889925
2.286788 -0.621639 0.064033 0.284173 0.172373 0.164749 0.378854 0.894212
2.291783 -0.620968 0.068201 0.282532 0.166867 0.167506 0.36948 0.898655
2.296775 -0.620262 0.072471 0.280828 0.162226 0.171021 0.359089 0.903045
2.301766 -0.619464 0.076844 0.278923 0.15803 0.1746 0.34791 0.907469
2.306758 -0.618596 0.081326 0.276891 0.154195 0.178179 0.336116 0.911867
2.311748 -0.617626 0.085877 0.274697 0.150671 0.181659 0.323885 0.916186
2.316736 -0.61652 0.090493 0.272285 0.147354 0.184858 0.311293 0.92044
2.321729 -0.61602 0.092801 0.271169 0.14555 0.186519 0.304909 0.922527
2.326729 -0.60953 0.116621 0.26905 0.450617 -0.029687 0.314273 0.835042
2.331731 -0.603067 0.133998 0.280432 0.693508 -0.234585 0.280591 0.620713
2.336736 -0.599625 0.137573 0.296918 0.8362 -0.399074 0.211849 0.310853
2.341744 -0.602257 0.119529 0.306966 0.808195 -0.52716 0.062165 -0.255068
2.346755 -0.606611 0.106233 0.292292 -0.596385 0.503647 0.052215 0.622846
2.351769 -0.607821 0.108688 0.267026 -0.264371 0.387615 0.149378 0.870373
2.356784 -0.603617 0.128468 0.247629 0.12359 0.203968 0.213539 0.947377
2.361792 -0.601504 0.133262 0.243772 0.122485 0.205502 0.203552 0.949386
2.366798 -0.598192 0.140392 0.237742 0.121565 0.208165 0.189423 0.951845
2.371803 -0.595925 0.145101 0.233653 0.120962 0.209905 0.180037 0.95336
2.376801 -0.59358 0.149757 0.229435 0.120481 0.211382 0.170869 0.95478
2.381795 -0.591172 0.154343 0.225147 0.120135 0.212884 0.161706 0.956085
2.38679 -0.589895 0.15652 0.222925 0.119786 0.213594 0.156987 0.956757
2.391782 -0.587379 0.160926 0.218505 0.118882 0.215155 0.147519 0.958026
2.396774 -0.58478 0.165233 0.213989 0.118034 0.216606 0.137692 0.959266
2.401758 -0.582138 0.169449 0.209457 0.116709 0.218165 0.127117 0.960533
2.40675 -0.579417 0.173515 0.204843 0.115107 0.219384 0.116332 0.961815
2.411746 -0.578089 0.17559 0.202587 0.114181 0.220232 0.11103 0.962358
2.416739 -0.575288 0.179452 0.19789 0.112153 0.221739 0.099479 0.963513
2.421742 -0.572443 0.183227 0.193134 0.110179 0.223146 0.08725 0.964601
2.426746 -0.569578 0.186871 0.188363 0.108017 0.225176 0.074413 0.965449
2.431753 -0.565238 0.192248 0.181138 0.104711 0.227802 0.054135 0.966546
2.43676 -0.562376 0.195704 0.176311 0.103163 0.229791 0.040209 0.966921
2.441769 -0.559567 0.199078 0.171496 0.102147 0.232445 0.026087 0.966879
2.446778 -0.556825 0.202439 0.166688 0.101426 0.235402 0.011374 0.966524
2.451788 -0.552891 0.207403 0.159539 0.101402 0.24016 -0.010823 0.965362
2.456793 -0.550323 0.210663 0.154806 0.101435 0.243795 -0.025725 0.964164
2.461797 -0.547819 0.213879 0.150046 0.102063 0.24701 -0.040309 0.962779
2.46679 -0.545386 0.217005 0.145353 0.10262 0.250786 -0.054781 0.961028
2.471781 -0.54421 0.218424 0.142996 0.102419 0.252635 -0.061871 0.960134
2.476771 -0.541806 0.221358 0.138314 0.102432 0.256205 -0.075954 0.958174
2.48176 -0.539409 0.22416 0.133636 0.10179 0.259415 -0.089595 0.956198
2.486748 -0.53701 0.226801 0.128976 0.100693 0.262422 -0.10263 0.954182
2.49174 -0.535823 0.228194 0.126651 0.100599 0.264084 -0.109352 0.952986
2.496739 -0.533412 0.230605 0.121968 0.098836 0.266474 -0.121551 0.951025
2.501742 -0.530966 0.232849 0.117288 0.096907 0.26812 -0.132622 0.94928
2.506746 -0.52847 0.234914 0.112604 0.094033 0.269267 -0.143163 0.947712
2.511753 -0.524694 0.237856 0.105618 0.089775 0.270214 -0.1576 0.945562
2.516757 -0.522116 0.239615 0.100965 0.086747 0.269912 -0.165807 0.944527
2.521761 -0.519515 0.241251 0.096304 0.083965 0.268996 -0.173244 0.943704
2.526766 -0.516911 0.242827 0.091661 0.081534 0.267604 -0.180262 0.942998
2.53177 -0.51432 0.244329 0.08708 0.079028 0.26611 -0.187045 0.942313
2.536781 -0.509276 0.247053 0.077975 0.074567 0.261977 -0.200229 0.941125
2.541786 -0.507994 0.247763 0.075692 0.073567 0.261 -0.20338 0.9408
2.546789 -0.505531 0.249043 0.071226 0.071118 0.258911 -0.209792 0.940157
2.551787 -0.503125 0.25024 0.066798 0.068755 0.256813 -0.216094 0.93948
2.556782 -0.500771 0.251391 0.062425 0.066199 0.254571 -0.222379 0.938807
2.561772 -0.499657 0.251842 0.060273 0.065016 0.253516 -0.224911 0.938572
2.566762 -0.497399 0.252844 0.055976 0.062581 0.251419 -0.230252 0.938007
2.57175 -0.495209 0.253776 0.051747 0.060159 0.249535 -0.235033 0.937482
2.57674 -0.493081 0.254643 0.047586 0.057875 0.24763 -0.238959 0.937138
2.581733 -0.491015 0.255477 0.043502 0.055501 0.245736 -0.242247 0.936937
2.586728 -0.489962 0.255893 0.041446 0.054271 0.244928 -0.24427 0.936695
2.591726 -0.487996 0.256646 0.037437 0.052299 0.243001 -0.246307 0.936775
2.596728 -0.486098 0.257395 0.033534 0.050394 0.241276 -0.247609 0.936983
2.601732 -0.484281 0.258129 0.029725 0.048824 0.239924 -0.248097 0.937284
2.606739 -0.481638 0.259323 0.024156 0.046544 0.237913 -0.248342 0.937847
2.611745 -0.479987 0.260162 0.020573 0.045408 0.236675 -0.247956 0.938318
2.616752 -0.478412 0.261026 0.017095 0.044168 0.23582 -0.247814 0.93863
2.621759 -0.476927 0.26192 0.013743 0.043266 0.23552 -0.247822 0.938745
2.626764 -0.475511 0.262853 0.010476 0.0427 0.235461 -0.248286 0.938663
2.631768 -0.473585 0.264291 0.005841 0.041914 0.236356 -0.250492 0.937887
2.63677 -0.472355 0.265242 0.002824 0.041381 0.237105 -0.252358 0.937221
2.64177 -0.471196 0.266192 -7.5e-05 0.040722 0.238263 -0.254787 0.936299
2.646769 -0.4701 0.267136 -0.002886 0.040231 0.239603 -0.257576 0.935215
2.651763 -0.469616 0.267582 -0.004181 0.039969 0.240475 -0.259152 0.934567
2.656754 -0.468597 0.268485 -0.006831 0.039691 0.242153 -0.261945 0.933366
2.661746 -0.467617 0.269361 -0.009395 0.039448 0.243866 -0.26472 0.932146
2.666739 -0.466677 0.270195 -0.011848 0.039082 0.245652 -0.267275 0.930963
2.671732 -0.46577 0.270962 -0.014207 0.03876 0.247306 -0.269296 0.929955
2.676727 -0.465307 0.27137 -0.015426 0.038499 0.248127 -0.270634 0.929359
2.681725 -0.464433 0.272043 -0.017646 0.037918 0.24951 -0.271972 0.928622
2.686726 -0.463591 0.272636 -0.019754 0.037431 0.250859 -0.272617 0.928089
2.691728 -0.462771 0.273138 -0.021721 0.036643 0.252204 -0.272707 0.927729
2.696731 -0.461565 0.273791 -0.024533 0.03539 0.254053 -0.272028 0.927473
2.701733 -0.460807 0.274059 -0.02618 0.03407 0.255171 -0.270773 0.927582
2.706738 -0.460083 0.274197 -0.027697 0.03245 0.256214 -0.26902 0.927863
2.711743 -0.459395 0.274251 -0.02906 0.030677 0.257352 -0.267054 0.928176
2.716753 -0.458754 0.274213 -0.030268 0.029133 0.258711 -0.264627 0.928543
2.721759 -0.458164 0.274084 -0.031293 0.027541 0.260318 -0.261933 0.928906
2.726763 -0.457611 0.273848 -0.032195 0.026275 0.261867 -0.258584 0.929446
2.731766 -0.456924 0.273259 -0.033168 0.024782 0.264493 -0.252189 0.9305
2.736767 -0.456511 0.272783 -0.033682 0.024044 0.266365 -0.247298 0.931298
2.741766 -0.456162 0.272228 -0.034024 0.023709 0.268609 -0.241771 0.932113
2.746765 -0.455872 0.271566 -0.034212 0.023786 0.271066 -0.235308 0.933053
2.751761 -0.455784 0.271131 -0.034137 0.024182 0.272435 -0.23112 0.93369
2.756756 -0.455631 0.270812 -0.034234 0.02415 0.273659 -0.228026 0.934094
2.76175 -0.45543 0.269948 -0.034133 0.024914 0.276155 -0.219695 0.935335
2.766755 -0.45528 0.269005 -0.033852 0.025962 0.278884 -0.210645 0.936578
2.77176 -0.455114 0.267306 -0.033048 0.028552 0.283067 -0.194753 0.938685
2.776762 -0.454943 0.265508 -0.032154 0.031566 0.287057 -0.17823 0.940657
2.781761 -0.454822 0.264073 -0.031369 0.034077 0.289228 -0.165751 0.942185
2.786762 -0.45467 0.262503 -0.030484 0.036895 0.291122 -0.152706 0.943699
2.791758 -0.454544 0.261526 -0.029974 0.038511 0.291597 -0.145631 0.944605
2.796753 -0.45431 0.259689 -0.029002 0.041251 0.292696 -0.132111 0.946136
2.801748 -0.454005 0.257661 -0.02797 0.044065 0.293299 -0.118101 0.947674
2.806746 -0.453615 0.255436 -0.026908 0.046793 0.293259 -0.103888 0.949219
2.811742 -0.453142 0.253032 -0.025804 0.049487 0.292802 -0.089583 0.95068
2.816741 -0.452566 0.250439 -0.024705 0.052147 0.291571 -0.075209 0.952161
2.821741 -0.451897 0.247664 -0.023567 0.054285 0.289902 -0.061132 0.953558
2.826742 -0.451586 0.246339 -0.023009 0.055493 0.289109 -0.053978 0.954161
2.831741 -0.450758 0.243317 -0.021851 0.057584 0.286864 -0.040216 0.955393
2.836741 -0.449829 0.240152 -0.020681 0.059691 0.284228 -0.026606 0.956527
2.841741 -0.448768 0.236849 -0.019549 0.062391 0.280935 -0.012649 0.957613
2.846743 -0.447043 0.231767 -0.017841 0.066181 0.27563 0.007628 0.958953
2.851745 -0.445686 0.228166 -0.016778 0.069034 0.271266 0.021625 0.959782
2.856746 -0.442313 0.220397 -0.015061 0.075402 0.260813 0.051512 0.961061
2.861745 -0.442512 0.220594 -0.014927 0.075574 0.261139 0.050778 0.960998
2.866746 -0.440681 0.216623 -0.014155 0.079023 0.255251 0.066217 0.961362
2.871746 -0.438676 0.212516 -0.013522 0.082395 0.248732 0.082217 0.961553
2.876747 -0.435245 0.20596 -0.012941 0.086153 0.23789 0.106906 0.961539
2.881746 -0.435009 0.205691 -0.013163 0.085311 0.237462 0.10751 0.961653
2.886747 -0.430195 0.196826 -0.012545 0.089456 0.222437 0.140212 0.960656
2.891748 -0.427449 0.192062 -0.012497 0.089991 0.214582 0.15666 0.959851
2.896747 -0.425923 0.189532 -0.012598 0.088867 0.21087 0.164231 0.959513
2.901744 -0.422942 0.184628 -0.012734 0.087894 0.203351 0.179457 0.958498
2.906743 -0.419809 0.179668 -0.012973 0.086177 0.195842 0.194038 0.957376
2.91174 -0.418275 0.177197 -0.013064 0.085689 0.191933 0.201773 0.956612
2.916739 -0.414911 0.17218 -0.013419 0.082551 0.18496 0.215089 0.95536
2.92174 -0.41139 0.16723 -0.013907 0.079347 0.178156 0.227346 0.954085
2.926742 -0.407692 0.162386 -0.014467 0.075241 0.17164 0.238338 0.952929
2.931743 -0.401925 0.155297 -0.01544 0.068786 0.162258 0.253511 0.951143
2.936743 -0.397762 0.150954 -0.016302 0.06468 0.15569 0.262319 0.95014
2.941743 -0.393418 0.146924 -0.017282 0.060867 0.14888 0.270631 0.949152
2.946746 -0.386561 0.141736 -0.019089 0.057464 0.138664 0.282735 0.947381
2.951745 -0.384306 0.139884 -0.01964 0.055947 0.135382 0.286674 0.946763
2.956744 -0.379597 0.1369 -0.021017 0.054425 0.128734 0.294409 0.945404
2.961744 -0.379514 0.137389 -0.021262 0.056137 0.128492 0.294588 0.945281
2.966745 -0.372406 0.133331 -0.023557 0.055499 0.11851 0.306213 0.942926
2.971747 -0.365219 0.13009 -0.026195 0.057552 0.108772 0.317941 0.94009
2.976759 -0.360438 0.128403 -0.028186 0.060248 0.102803 0.32584 0.937886
2.98184 -0.355643 0.126964 -0.03036 0.063177 0.096915 0.333488 0.935629
2.9869 -0.348382 0.125253 -0.034011 0.068106 0.08858 0.345317 0.931811
2.991934 -0.343464 0.124251 -0.036571 0.071591 0.082649 0.353383 0.929066
2.996943 -0.338474 0.123376 -0.039284 0.074704 0.076742 0.361292 0.926282
3.001927 -0.333372 0.122612 -0.042112 0.077279 0.070546 0.369564 0.923295
3.006892 -0.33065 0.122323 -0.043691 0.077492 0.066918 0.373752 0.92186
3.011846 -0.325327 0.121729 -0.046745 0.078836 0.059862 0.382071 0.918816
3.016793 -0.319849 0.121259 -0.049941 0.079529 0.052022 0.390656 0.915618
3.02173 -0.314225 0.120913 -0.05325 0.079709 0.043563 0.399732 0.91212
3.026678 -0.308482 0.120673 -0.056623 0.07902 0.034611 0.409084 0.90841
3.031636 -0.302587 0.120577 -0.060149 0.077518 0.024385 0.418756 0.904455
3.036605 -0.299699 0.120486 -0.061864 0.077178 0.020143 0.423336 0.902455
3.04159 -0.293719 0.120573 -0.065454 0.074965 0.00982 0.434068 0.897702
3.046589 -0.287709 0.12079 -0.069084 0.072501 -0.000761 0.445098 0.892542
3.051605 -0.281746 0.121131 -0.072733 0.06988 -0.011076 0.456693 0.886806
3.056634 -0.272926 0.121822 -0.078211 0.066787 -0.025533 0.47459 0.877298
3.061672 -0.267256 0.122504 -0.081933 0.065538 -0.034796 0.48664 0.870446
3.066713 -0.261817 0.123273 -0.085677 0.064539 -0.043033 0.498453 0.863439
3.071752 -0.256627 0.124054 -0.089383 0.06361 -0.049611 0.509542 0.856656
3.076787 -0.251614 0.124912 -0.093157 0.062755 -0.056077 0.520152 0.849917
3.081816 -0.246826 0.125838 -0.096998 0.0624 -0.062192 0.530587 0.843039
3.086835 -0.240029 0.127405 -0.102891 0.061794 -0.072013 0.545543 0.832694
3.091842 -0.235586 0.128567 -0.106896 0.061697 -0.079484 0.555112 0.825667
3.096837 -0.231243 0.12975 -0.110866 0.060559 -0.087189 0.564904 0.8183
3.101825 -0.226998 0.131008 -0.114859 0.059395 -0.095296 0.574948 0.810448
3.106808 -0.224925 0.131764 -0.116795 0.05829 -0.100695 0.580393 0.805982
3.111786 -0.220854 0.133284 -0.120711 0.058896 -0.109665 0.591804 0.796412
3.116765 -0.216882 0.134881 -0.124579 0.059757 -0.11928 0.603597 0.786049
3.121745 -0.213023 0.13651 -0.128366 0.060034 -0.128648 0.615754 0.775044
3.126732 -0.211109 0.137405 -0.130334 0.061698 -0.132891 0.62243 0.76884
3.131724 -0.207479 0.139118 -0.133972 0.062729 -0.141836 0.635777 0.756132
3.136727 -0.204059 0.140868 -0.137507 0.0651 -0.14984 0.648958 0.743077
3.141735 -0.200824 0.142566 -0.140925 0.067269 -0.156655 0.661933 0.729917
3.146748 -0.196249 0.145189 -0.14596 0.073125 -0.165735 0.681398 0.709141
3.15176 -0.193366 0.14668 -0.149076 0.073677 -0.171046 0.692607 0.696858
3.156772 -0.190619 0.148131 -0.152072 0.074008 -0.175866 0.702373 0.685759
3.161782 -0.187973 0.149527 -0.154897 0.074074 -0.180421 0.710943 0.675664
3.166789 -0.185432 0.150884 -0.157576 0.073866 -0.184759 0.718525 0.66643
3.171795 -0.181886 0.152813 -0.161162 0.072243 -0.190643 0.727466 0.655156
3.176797 -0.179647 0.154102 -0.163418 0.071424 -0.194389 0.732641 0.648343
3.181796 -0.177525 0.15539 -0.165474 0.070295 -0.198167 0.737259 0.642057
3.186794 -0.175535 0.156688 -0.167347 0.069109 -0.201618 0.741332 0.636397
3.191789 -0.174716 0.157386 -0.168086 0.069119 -0.203166 0.742957 0.634004
3.196788 -0.172962 0.158756 -0.169659 0.068696 -0.206462 0.746567 0.628723
3.201782 -0.171402 0.160239 -0.17107 0.069974 -0.210222 0.750008 0.623216
3.206777 -0.169996 0.161732 -0.172257 0.071122 -0.213784 0.753161 0.618051
3.211771 -0.168759 0.163285 -0.173225 0.072875 -0.217441 0.756135 0.612918
3.216767 -0.167722 0.164935 -0.173999 0.076052 -0.221279 0.758992 0.607604
3.221764 -0.166867 0.166642 -0.174559 0.079782 -0.225026 0.761603 0.602461
3.226764 -0.166046 0.16931 -0.174858 0.086647 -0.23036 0.764595 0.595668
3.231763 -0.165804 0.169279 -0.175167 0.086539 -0.230658 0.765261 0.594712
3.236762 -0.165389 0.1711 -0.175203 0.091628 -0.234342 0.767056 0.59018
3.241762 -0.165214 0.173847 -0.174738 0.099269 -0.23869 0.768369 0.585475
3.246765 -0.165177 0.176578 -0.174095 0.106606 -0.242409 0.769039 0.581767
3.251765 -0.165415 0.178405 -0.173373 0.111433 -0.244138 0.768332 0.581073
3.256763 -0.165773 0.180207 -0.172464 0.115363 -0.24551 0.766946 0.581558
3.261762 -0.166104 0.181112 -0.171822 0.117236 -0.245923 0.765477 0.582943
3.266764 -0.166681 0.182963 -0.170637 0.121312 -0.247028 0.763097 0.58476
3.271761 -0.166929 0.183875 -0.1701 0.123351 -0.24755 0.762106 0.585404
3.276759 -0.167723 0.185724 -0.168674 0.127392 -0.248021 0.75861 0.58887
3.281759 -0.168642 0.187483 -0.167103 0.130747 -0.247762 0.754417 0.593611
3.286762 -0.169688 0.189203 -0.165361 0.133487 -0.246902 0.74936 0.599733
3.291766 -0.171451 0.191757 -0.16256 0.137322 -0.244672 0.740818 0.610301
3.296768 -0.172808 0.193451 -0.16043 0.139652 -0.243709 0.734227 0.618073
3.30177 -0.174347 0.195098 -0.158161 0.141575 -0.241909 0.72678 0.627078
3.306772 -0.176042 0.196674 -0.155751 0.143138 -0.239535 0.718237 0.637393
3.311776 -0.177868 0.198092 -0.153196 0.143444 -0.23599 0.709072 0.648806
3.316786 -0.179933 0.199675 -0.150475 0.14558 -0.232461 0.698804 0.660637
3.321792 -0.182183 0.201189 -0.14761 0.147683 -0.228025 0.68752 0.673432
3.326802 -0.186166 0.203695 -0.142584 0.153673 -0.222027 0.665836 0.695522
3.331809 -0.189006 0.205312 -0.139054 0.157087 -0.216671 0.648769 0.712373
3.336811 -0.19196 0.206903 -0.135247 0.159711 -0.211815 0.628561 0.731121
3.341806 -0.195167 0.208589 -0.131208 0.164505 -0.206218 0.608244 0.748633
3.346801 -0.196754 0.209354 -0.128876 0.16409 -0.204997 0.59671 0.75828
3.351795 -0.200263 0.211281 -0.12441 0.172019 -0.198771 0.581014 0.770274
3.356789 -0.208464 0.19488 -0.116501 -0.02985 0.081047 0.609148 0.78834
3.361785 -0.213924 0.184346 -0.096806 -0.238272 0.34273 0.562764 0.713484
3.366781 -0.215849 0.185574 -0.072264 -0.428879 0.5545 0.449375 0.553763
3.371774 -0.215303 0.199069 -0.051751 -0.579723 0.690237 0.284686 0.326265
3.376772 -0.214564 0.219406 -0.042427 -0.670819 0.733477 0.094217 0.056008
3.381773 -0.215892 0.2379 -0.04598 0.687965 -0.682262 0.092249 0.229592
3.386773 -0.220857 0.246795 -0.057978 0.623093 -0.547577 0.251597 0.498612
3.391773 -0.229404 0.242768 -0.069963 0.479434 -0.351604 0.365749 0.716063
3.396771 -0.239957 0.228431 -0.073531 0.270378 -0.119579 0.425635 0.855237
3.401771 -0.245177 0.229853 -0.06707 0.27808 -0.111014 0.408943 0.86204
3.406773 -0.250616 0.231096 -0.06052 0.285106 -0.102643 0.393747 0.867837
3.411773 -0.256286 0.232112 -0.053914 0.291606 -0.094136 0.380451 0.872561
3.416771 -0.262166 0.232965 -0.047244 0.298296 -0.086432 0.369508 0.875793
3.421765 -0.268255 0.233597 -0.040593 0.30466 -0.078995 0.360868 0.877905
3.426762 -0.274541 0.234008 -0.033932 0.310399 -0.072186 0.354704 0.878992
3.431759 -0.280987 0.234191 -0.027351 0.31584 -0.066558 0.350511 0.87918
3.436759 -0.287682 0.234075 -0.020746 0.32153 -0.060636 0.349215 0.878061
3.441758 -0.290961 0.234117 -0.017432 0.324569 -0.057381 0.348176 0.877574
3.446757 -0.297992 0.23359 -0.010826 0.330221 -0.052389 0.350075 0.875018
3.451757 -0.30522 0.232798 -0.004256 0.33618 -0.04823 0.35378 0.871491
3.456757 -0.31279 0.231645 0.0024 0.343741 -0.043322 0.359498 0.866445
3.461761 -0.324391 0.229471 0.012281 0.353021 -0.036826 0.369003 0.858986
3.466764 -0.332599 0.227364 0.018802 0.360397 -0.031337 0.377323 0.852502
3.471769 -0.341087 0.224837 0.025276 0.367616 -0.024932 0.386071 0.845686
3.476777 -0.349825 0.221885 0.031654 0.374578 -0.018098 0.394868 0.838715
3.481783 -0.358743 0.218525 0.03781 0.381585 -0.01106 0.403654 0.831465
3.48679 -0.367882 0.214678 0.043777 0.387894 -0.002705 0.412357 0.824313
3.491796 -0.377009 0.210574 0.049241 0.392034 0.004529 0.418693 0.819137
3.496805 -0.395939 0.200498 0.058952 0.398857 0.022705 0.431456 0.808853
3.501809 -0.400627 0.198126 0.061539 0.400704 0.027104 0.434838 0.805989
3.506811 -0.410193 0.192554 0.065999 0.403408 0.036687 0.441783 0.800465
3.511811 -0.419726 0.186654 0.070079 0.405585 0.046146 0.44903 0.794823
3.516806 -0.429197 0.180412 0.073808 0.406584 0.055469 0.456955 0.789179
3.521797 -0.433773 0.177008 0.075298 0.406727 0.059322 0.461746 0.786031
3.526786 -0.442911 0.170436 0.078437 0.406982 0.066664 0.4708 0.779916
3.531776 -0.451825 0.163597 0.081268 0.406307 0.07342 0.481156 0.773313
3.536769 -0.460469 0.156558 0.08382 0.40544 0.079433 0.492479 0.766012
3.541762 -0.46864 0.149511 0.085899 0.403612 0.083042 0.504094 0.759007
3.546756 -0.472869 0.145984 0.087023 0.402551 0.085291 0.509431 0.75575
3.551751 -0.480407 0.138851 0.088599 0.400007 0.086642 0.521552 0.748646
3.556751 -0.487497 0.131725 0.089891 0.397059 0.086707 0.533955 0.74143
3.561755 -0.494138 0.124685 0.090929 0.394306 0.085481 0.546422 0.73392
3.566763 -0.503487 0.114251 0.092097 0.389426 0.082202 0.564719 0.722968
3.571777 -0.509059 0.107548 0.092517 0.387016 0.078592 0.576678 0.715181
3.57679 -0.514206 0.10101 0.092669 0.384296 0.07444 0.587951 0.707877
3.581798 -0.521003 0.091739 0.092163 0.380854 0.066658 0.603434 0.697405
3.586802 -0.525237 0.085739 0.091599 0.37817 0.060738 0.613398 0.690682
3.591803 -0.529146 0.080062 0.090743 0.375555 0.053015 0.622439 0.68463
3.596793 -0.532745 0.074528 0.08966 0.372578 0.0458 0.631098 0.678825
3.601782 -0.534233 0.071987 0.088847 0.370959 0.041965 0.635107 0.676216
3.606772 -0.537371 0.06676 0.087398 0.367532 0.03447 0.643339 0.670706
3.611765 -0.540197 0.061703 0.085731 0.363667 0.027212 0.651289 0.665453
3.616758 -0.542773 0.05681 0.083901 0.359554 0.019995 0.659 0.660333
3.62175 -0.545076 0.052111 0.081904 0.355222 0.01274 0.666498 0.655313
3.626746 -0.54631 0.049758 0.080941 0.353083 0.008429 0.669889 0.653077
3.63174 -0.548248 0.045285 0.078708 0.348618 0.001505 0.676496 0.648703
3.636743 -0.549892 0.04092 0.076369 0.343656 -0.004765 0.684706 0.642694
3.641745 -0.551352 0.036774 0.073983 0.338857 -0.011042 0.691679 0.637678
3.64675 -0.553268 0.030696 0.070338 0.331151 -0.020341 0.70218 0.629975
3.651758 -0.554297 0.026935 0.067871 0.326748 -0.026642 0.708627 0.624799
3.656767 -0.555215 0.023433 0.065375 0.32311 -0.033617 0.715053 0.619007
3.661777 -0.55608 0.020117 0.062952 0.320134 -0.040399 0.721066 0.613145
3.666784 -0.556914 0.01701 0.060596 0.317581 -0.047239 0.727242 0.606655
3.67179 -0.558217 0.012786 0.05718 0.316796 -0.057024 0.734403 0.597528
3.676794 -0.559023 0.010157 0.054948 0.316574 -0.064529 0.739864 0.5901
3.681793 -0.559802 0.007788 0.052748 0.31736 -0.072876 0.74518 0.581961
3.686792 -0.560619 0.00567 0.050616 0.319549 -0.081403 0.749916 0.573488
3.691788 -0.561002 0.004768 0.049614 0.320397 -0.085241 0.752122 0.569554
3.696784 -0.561757 0.002859 0.047561 0.322271 -0.09328 0.756164 0.561833
3.701788 -0.562472 0.001109 0.045536 0.324376 -0.101521 0.760119 0.553799
3.706787 -0.563079 -0.000448 0.043532 0.326731 -0.110654 0.76437 0.544739
3.711784 -0.563644 -0.001801 0.041563 0.329649 -0.120122 0.768681 0.534819
3.716782 -0.564186 -0.003045 0.039622 0.332472 -0.128771 0.772498 0.525478
3.721781 -0.564688 -0.004283 0.037681 0.333519 -0.135392 0.775165 0.519185
3.726778 -0.564981 -0.004904 0.036731 0.334698 -0.139105 0.776565 0.515338
3.731775 -0.565381 -0.006145 0.034818 0.33391 -0.143297 0.778768 0.511361
3.736773 -0.565717 -0.007261 0.032834 0.334216 -0.147168 0.780693 0.507108
3.741778 -0.565991 -0.008332 0.030842 0.333722 -0.150392 0.782957 0.502981
3.746783 -0.566406 -0.010322 0.02679 0.332416 -0.154082 0.786688 0.49687
3.751785 -0.566534 -0.011332 0.024735 0.330601 -0.153807 0.787745 0.496492
3.756785 -0.566624 -0.012252 0.022696 0.329284 -0.153068 0.788221 0.49684
3.761782 -0.566625 -0.012981 0.020654 0.329317 -0.154303 0.789272 0.494762
3.766779 -0.566593 -0.013242 0.019687 0.32961 -0.154568 0.789227 0.494557
3.771777 -0.566541 -0.013808 0.017715 0.329783 -0.155634 0.789978 0.492906
3.776774 -0.566526 -0.014115 0.016712 0.329978 -0.156589 0.790592 0.491486
3.781772 -0.566426 -0.014566 0.01481 0.330232 -0.157178 0.790616 0.491089
3.786773 -0.566293 -0.014902 0.012999 0.330714 -0.158533 0.79057 0.490402
3.791776 -0.566122 -0.015258 0.011179 0.329846 -0.157998 0.790037 0.492016
3.796778 -0.565781 -0.015434 0.007887 0.331312 -0.16195 0.789829 0.490077
3.801778 -0.565579 -0.01544 0.006336 0.331772 -0.163775 0.789915 0.489019
3.806777 -0.5653 -0.015336 0.004194 0.331691 -0.166895 0.790791 0.486596
3.811777 -0.565189 -0.015315 0.003434 0.331894 -0.168227 0.790991 0.485674
3.816777 -0.565116 -0.015264 0.002781 0.331367 -0.168717 0.791532 0.484983
3.821778 -0.564973 -0.015154 0.001449 0.33089 -0.170233 0.792317 0.483494
3.826779 -0.564798 -0.014891 -0.000438 0.330622 -0.172813 0.793472 0.480861
3.831774 -0.564794 -0.014807 -0.001004 0.329894 -0.172506 0.793873 0.48081
3.83676 -0.564726 -0.014749 -0.001602 0.329228 -0.172752 0.794357 0.480377
3.841759 -0.564682 -0.014608 -0.002789 0.327879 -0.172274 0.795117 0.480215
3.846763 -0.564676 -0.014415 -0.003907 0.326772 -0.171972 0.795746 0.480036
3.851767 -0.56466 -0.014185 -0.004984 0.32595 -0.171943 0.796275 0.479726
3.85677 -0.564688 -0.013791 -0.006554 0.325461 -0.171799 0.796591 0.479586
3.861773 -0.564714 -0.013483 -0.00754 0.326037 -0.171953 0.796366 0.479513
3.866778 -0.564697 -0.013183 -0.00854 0.326429 -0.172493 0.79618 0.479362
3.871779 -0.564649 -0.012959 -0.009575 0.326406 -0.172389 0.795796 0.480053
3.876784 -0.564581 -0.012799 -0.010641 0.325956 -0.171879 0.795275 0.481402
3.881787 -0.564519 -0.012737 -0.011725 0.324901 -0.170441 0.794751 0.483487
3.886788 -0.564486 -0.012745 -0.01281 0.324133 -0.168917 0.794058 0.485672
3.891789 -0.56448 -0.012876 -0.013954 0.322982 -0.166648 0.793404 0.488284
3.89679 -0.564491 -0.013112 -0.015155 0.321661 -0.163696 0.792726 0.491246
3.901796 -0.564668 -0.013681 -0.01694 0.320316 -0.15755 0.791609 0.495914
3.906797 -0.564793 -0.014163 -0.018101 0.318513 -0.152886 0.791053 0.49941
3.911796 -0.564977 -0.01468 -0.019176 0.317049 -0.148163 0.790554 0.502546
3.916793 -0.565175 -0.015208 -0.020185 0.315946 -0.143881 0.790088 0.505209
3.921786 -0.565271 -0.01545 -0.020586 0.315391 -0.142285 0.79012 0.505959
3.926777 -0.565468 -0.015944 -0.021459 0.314128 -0.1385 0.789946 0.508061
3.931769 -0.565574 -0.016228 -0.021955 0.313387 -0.135962 0.789764 0.509486
3.936764 -0.565758 -0.016661 -0.02263 0.312133 -0.133322 0.789848 0.510822
3.941765 -0.565928 -0.017009 -0.023188 0.311349 -0.131741 0.789863 0.511686
3.946767 -0.566061 -0.017306 -0.023618 0.309828 -0.130413 0.789968 0.512786
3.95177 -0.566137 -0.017348 -0.023792 0.309304 -0.131246 0.78973 0.513257
3.956774 -0.566335 -0.017513 -0.024268 0.308611 -0.132589 0.789541 0.513619
3.961772 -0.566376 -0.017519 -0.024315 0.307738 -0.133641 0.788935 0.5148
3.96677 -0.566407 -0.017487 -0.0243 0.306861 -0.134747 0.78821 0.516143
3.971767 -0.566429 -0.017475 -0.024233 0.306246 -0.134925 0.787722 0.517206
3.976764 -0.566483 -0.017454 -0.024132 0.305162 -0.135575 0.786846 0.519008
3.98176 -0.566553 -0.017467 -0.023959 0.303687 -0.135728 0.785825 0.521375
3.986753 -0.566661 -0.017527 -0.023715 0.301909 -0.135237 0.784621 0.524339
3.991746 -0.56669 -0.01752 -0.02361 0.301105 -0.135367 0.78408 0.525576
3.996743 -0.566881 -0.017664 -0.023283 0.299378 -0.13365 0.782296 0.529644
4.001741 -0.56715 -0.017909 -0.022904 0.297385 -0.130723 0.78012 0.534684
4.006743 -0.567514 -0.018198 -0.022433 0.295352 -0.126904 0.777807 0.540074
4.011748 -0.567774 -0.018433 -0.022141 0.294326 -0.12421 0.776293 0.543427
4.016756 -0.56874 -0.019259 -0.020952 0.289362 -0.113615 0.769921 0.5573
4.021766 -0.569429 -0.019826 -0.020173 0.286522 -0.105563 0.764959 0.567097
4.026782 -0.570194 -0.020445 -0.01933 0.283549 -0.096232 0.759161 0.57794
4.031794 -0.571044 -0.021061 -0.018361 0.280477 -0.086364 0.752546 0.589532
4.036811 -0.572474 -0.02195 -0.016628 0.275722 -0.070542 0.741365 0.607766
4.041817 -0.57356 -0.022482 -0.015327 0.272984 -0.059359 0.733007 0.620208
4.046818 -0.574716 -0.022961 -0.013828 0.269536 -0.048035 0.723716 0.633465
4.051812 -0.575905 -0.023303 -0.012204 0.266584 -0.037277 0.714331 0.645969
4.056807 -0.576661 -0.023296 -0.011196 0.267007 -0.031523 0.708924 0.652028
4.061799 -0.578024 -0.023422 -0.009282 0.265069 -0.02013 0.69811 0.664812
4.066787 -0.579487 -0.023395 -0.00715 0.263601 -0.008686 0.686281 0.677832
4.071774 -0.581026 -0.023218 -0.004847 0.262552 0.003048 0.673606 0.690877
4.07676 -0.58262 -0.022884 -0.002358 0.261524 0.014916 0.659729 0.704372
4.081753 -0.584223 -0.022358 0.000213 0.26105 0.026582 0.645064 0.717662
4.086747 -0.585809 -0.021711 0.002924 0.260016 0.0382 0.629697 0.731036
4.091742 -0.586488 -0.021413 0.004248 0.257479 0.042532 0.622037 0.738218
4.096741 -0.588095 -0.020553 0.007113 0.256052 0.054631 0.604116 0.752659
4.101742 -0.589695 -0.019609 0.010068 0.253804 0.067096 0.584611 0.767667
4.106747 -0.591258 -0.01853 0.013058 0.251884 0.079214 0.563323 0.78291
4.111755 -0.593419 -0.016873 0.017609 0.245967 0.09574 0.528464 0.806883
4.11677 -0.59487 -0.015644 0.020771 0.242409 0.108253 0.503624 0.822121
4.121782 -0.596241 -0.014325 0.023952 0.238386 0.120521 0.477658 0.836953
4.126794 -0.597538 -0.012876 0.027119 0.23397 0.13267 0.450642 0.851222
4.131805 -0.599374 -0.010375 0.031853 0.228524 0.151512 0.409176 0.870285
4.136814 -0.600482 -0.008599 0.03496 0.224156 0.163194 0.381189 0.881939
4.141816 -0.601478 -0.006713 0.037909 0.219674 0.174233 0.353094 0.892587
4.146812 -0.602351 -0.004661 0.040676 0.213737 0.183455 0.324262 0.903059
4.151804 -0.602812 -0.003542 0.042005 0.212004 0.188686 0.311016 0.90704
4.156791 -0.603662 -0.001319 0.044705 0.206131 0.19754 0.283114 0.915606
4.161778 -0.604512 0.000991 0.047386 0.20024 0.206256 0.25601 0.922942
4.166764 -0.605385 0.00342 0.05005 0.194591 0.215034 0.229715 0.929046
4.171754 -0.606275 0.005958 0.052664 0.189027 0.223452 0.204461 0.934095
4.176748 -0.602939 0.023839 0.056471 0.473091 0.068467 0.226113 0.848746
4.181746 -0.602804 0.026692 0.058643 0.505327 0.054892 0.219337 0.83278
4.186746 -0.599715 0.039073 0.074892 0.755746 -0.112467 0.225797 0.60433
4.19175 -0.599753 0.038995 0.094067 0.898593 -0.255901 0.214245 0.28486
4.196748 -0.603479 0.028657 0.106269 0.910147 -0.360931 0.187917 -0.077767
4.201747 -0.612895 0.010333 0.098541 -0.622101 0.429743 -0.110177 0.645114
4.206747 -0.611415 0.014076 0.103606 -0.717335 0.426111 -0.135703 0.534271
4.211752 -0.615001 0.031699 0.074112 0.14797 0.291433 0.037951 0.944315
4.21676 -0.616095 0.035889 0.076802 0.145498 0.300129 0.022898 0.942459
4.221769 -0.617069 0.040316 0.079458 0.144221 0.308548 0.009275 0.940166
4.226777 -0.617898 0.045013 0.082052 0.14392 0.316334 -0.003284 0.937661
4.231782 -0.618642 0.052727 0.085642 0.145709 0.325298 -0.020348 0.934096
4.236782 -0.618961 0.058064 0.087976 0.147501 0.330763 -0.031354 0.931588
4.24178 -0.619066 0.063645 0.090198 0.150096 0.33541 -0.041914 0.929093
4.246779 -0.618958 0.069426 0.09232 0.152938 0.339583 -0.052286 0.926585
4.251777 -0.618695 0.072498 0.093273 0.154817 0.341261 -0.057152 0.925368
4.256776 -0.618293 0.078519 0.095235 0.15836 0.344717 -0.066921 0.922829
4.261773 -0.617704 0.084697 0.097067 0.162196 0.34762 -0.076515 0.920325
4.266768 -0.616938 0.090978 0.098768 0.166395 0.350268 -0.085762 0.917753
4.271764 -0.61659 0.094106 0.099683 0.168446 0.351721 -0.090549 0.916362
4.276761 -0.61558 0.100525 0.101223 0.172996 0.354137 -0.099186 0.913686
4.28176 -0.61442 0.107033 0.102652 0.177157 0.356451 -0.10781 0.911008
4.286763 -0.613116 0.113568 0.10394 0.181243 0.358753 -0.116098 0.908278
4.291765 -0.610967 0.12345 0.105706 0.187467 0.361665 -0.128128 0.904233
4.296766 -0.609308 0.130042 0.106637 0.191407 0.363433 -0.135571 0.90161
4.301774 -0.607505 0.136631 0.107434 0.195105 0.364962 -0.142644 0.899105
4.30678 -0.605558 0.143184 0.108078 0.198146 0.366126 -0.149369 0.896872
4.311784 -0.603472 0.14968 0.108531 0.200631 0.366773 -0.155748 0.894968
4.316788 -0.601261 0.156102 0.108756 0.203105 0.366714 -0.161496 0.893414
4.321789 -0.598919 0.162443 0.108772 0.20529 0.366 -0.166771 0.892238
4.326794 -0.595112 0.171672 0.10824 0.207793 0.36375 -0.173684 0.891259
4.331798 -0.59249 0.177758 0.107777 0.209102 0.362168 -0.178354 0.890674
4.336796 -0.589757 0.183713 0.107109 0.210011 0.360156 -0.182875 0.890359
4.341794 -0.586923 0.189564 0.106269 0.210712 0.357917 -0.187436 0.890148
4.34679 -0.585401 0.19238 0.10573 0.21058 0.357044 -0.19011 0.889963
4.351786 -0.582419 0.198077 0.10472 0.210805 0.3551 -0.195113 0.889605
4.35678 -0.579337 0.203662 0.103592 0.210851 0.353283 -0.200408 0.88914
4.361774 -0.576167 0.209158 0.102375 0.210617 0.351551 -0.206146 0.88857
4.366769 -0.572913 0.214561 0.101077 0.21018 0.34997 -0.212349 0.887836
4.371763 -0.569573 0.219879 0.099745 0.209822 0.348972 -0.219045 0.886686
4.376758 -0.567921 0.222555 0.099077 0.209531 0.348201 -0.222169 0.886281
4.381756 -0.564462 0.227734 0.097616 0.208706 0.347425 -0.229623 0.884879
4.386757 -0.560951 0.232815 0.096097 0.207817 0.346867 -0.237426 0.883246
4.391758 -0.557393 0.237801 0.094504 0.20715 0.346404 -0.245379 0.88141
4.396761 -0.551997 0.245143 0.092029 0.205657 0.345715 -0.257659 0.87852
4.401764 -0.548368 0.249847 0.090296 0.203948 0.345706 -0.266145 0.87639
4.406769 -0.544726 0.254415 0.088472 0.202388 0.345643 -0.27424 0.874278
4.411773 -0.54109 0.258812 0.086534 0.199883 0.345152 -0.282026 0.87257
4.416777 -0.537449 0.263062 0.084523 0.197485 0.344625 -0.289347 0.870926
4.42178 -0.533797 0.267143 0.082435 0.194569 0.343947 -0.296249 0.869528
4.426786 -0.530143 0.270973 0.080164 0.191115 0.342492 -0.302258 0.868801
4.431788 -0.526485 0.274652 0.077835 0.187475 0.340951 -0.307838 0.86824
4.436791 -0.522811 0.278153 0.075406 0.18393 0.339009 -0.312672 0.868032
4.441792 -0.517268 0.283038 0.071641 0.177849 0.335472 -0.319294 0.868262
4.446792 -0.513565 0.2862 0.069133 0.173739 0.333122 -0.323754 0.868348
4.451797 -0.509858 0.289206 0.066595 0.169648 0.330609 -0.327975 0.868533
4.456798 -0.506143 0.29211 0.064056 0.165659 0.328019 -0.332354 0.86862
4.461791 -0.504289 0.293483 0.062839 0.163993 0.326995 -0.334939 0.86833
4.466785 -0.500589 0.296306 0.060409 0.160429 0.324967 -0.339977 0.867799
4.471778 -0.496909 0.29905 0.058013 0.157052 0.323111 -0.345374 0.866978
4.476773 -0.493259 0.301686 0.055597 0.153899 0.321089 -0.35097 0.866046
4.481768 -0.489659 0.304281 0.053246 0.151188 0.319496 -0.356929 0.864677
4.486762 -0.486116 0.306828 0.050978 0.148683 0.318445 -0.363232 0.862872
4.491753 -0.482631 0.309315 0.04872 0.146782 0.317399 -0.369434 0.860948
4.496748 -0.479218 0.311755 0.046527 0.144976 0.316717 -0.375696 0.858792
4.501745 -0.47748 0.312986 0.045402 0.14407 0.316237 -0.378919 0.857705
4.506741 -0.474194 0.315328 0.043264 0.142629 0.315902 -0.384886 0.85541
4.511741 -0.470992 0.317581 0.041127 0.141363 0.315533 -0.39029 0.853305
4.516745 -0.467873 0.319724 0.038975 0.140087 0.315053 -0.395007 0.85152
4.521752 -0.463316 0.322879 0.035879 0.138556 0.314907 -0.401272 0.848892
4.526762 -0.460422 0.324749 0.033747 0.137108 0.313956 -0.403945 0.848211
4.531773 -0.45763 0.326465 0.031609 0.135423 0.312999 -0.405906 0.847899
4.53678 -0.454951 0.328029 0.029469 0.13384 0.311838 -0.406873 0.848115
4.541784 -0.451207 0.329937 0.026232 0.130543 0.309741 -0.406772 0.849444
4.546784 -0.44882 0.331082 0.024108 0.128132 0.308406 -0.406302 0.850521
4.551784 -0.446567 0.332065 0.022009 0.125225 0.30686 -0.405431 0.851928
4.556782 -0.444442 0.33286 0.01992 0.121951 0.305361 -0.404321 0.853467
4.561779 -0.44353 0.33308 0.018919 0.120034 0.304776 -0.403647 0.854267
4.566775 -0.441612 0.333629 0.016903 0.116485 0.303618 -0.402343 0.855785
4.571772 -0.439836 0.334008 0.014947 0.11264 0.302594 -0.400935 0.857322
4.57677 -0.438208 0.334222 0.013054 0.108181 0.301539 -0.399692 0.858847
4.581767 -0.437341 0.334389 0.012081 0.106042 0.300922 -0.399001 0.859651
4.586767 -0.435944 0.334388 0.010337 0.101132 0.300233 -0.397986 0.860953
4.591768 -0.434684 0.334227 0.008676 0.096023 0.299714 -0.39714 0.862108
4.59677 -0.433577 0.33392 0.007137 0.090573 0.299677 -0.396653 0.862935
4.601771 -0.432104 0.33326 0.004947 0.081746 0.299604 -0.396147 0.864073
4.606774 -0.431376 0.332554 0.003677 0.075315 0.299749 -0.396028 0.864662
4.611782 -0.43079 0.331721 0.002552 0.068247 0.300161 -0.396177 0.865037
4.616787 -0.430218 0.330143 0.001157 0.057622 0.30155 -0.396008 0.865404
4.621791 -0.429922 0.328979 0.0003 0.050471 0.302375 -0.39565 0.865727
4.626791 -0.429736 0.3277 -0.000457 0.043281 0.303183 -0.395001 0.86613
4.631787 -0.42964 0.326303 -0.001122 0.036521 0.304038 -0.393674 0.866746
4.636782 -0.429668 0.325517 -0.001348 0.033409 0.304462 -0.392479 0.867264
4.641775 -0.429672 0.32401 -0.00184 0.0269 0.305447 -0.390475 0.868048
4.646767 -0.429737 0.32243 -0.002238 0.020478 0.306349 -0.387998 0.869016
4.65176 -0.429847 0.320756 -0.00258 0.014484 0.306901 -0.384832 0.870349
4.656753 -0.429997 0.318988 -0.002854 0.00864 0.30729 -0.381027 0.871961
4.661748 -0.430062 0.318126 -0.003012 0.00579 0.307588 -0.379258 0.872651
4.666746 -0.430259 0.316246 -0.003178 0.000571 0.307749 -0.374481 0.874674
4.671747 -0.430478 0.314295 -0.003269 -0.004739 0.307722 -0.369364 0.876844
4.676752 -0.430721 0.312266 -0.003297 -0.009859 0.307492 -0.363871 0.879175
4.681756 -0.43111 0.309085 -0.003302 -0.016926 0.306714 -0.354742 0.883062
4.68676 -0.431403 0.306849 -0.003234 -0.02126 0.305899 -0.348282 0.885818
4.691766 -0.431735 0.304557 -0.003086 -0.025132 0.305345 -0.341516 0.888538
4.696777 -0.432105 0.302222 -0.0029 -0.028636 0.304382 -0.334584 0.891395
4.701793 -0.432523 0.29984 -0.002648 -0.031654 0.303613 -0.327243 0.894276
4.706807 -0.433008 0.297431 -0.00234 -0.033996 0.302876 -0.319606 0.897197
4.711819 -0.433936 0.293758 -0.001661 -0.036663 0.302299 -0.307545 0.901492
4.716822 -0.434626 0.291316 -0.001131 -0.038202 0.302056 -0.299518 0.904208
4.72182 -0.435396 0.288821 -0.00054 -0.039089 0.301889 -0.291118 0.906965
4.726814 -0.436252 0.286282 0.000115 -0.039791 0.301638 -0.282583 0.909713
4.731805 -0.43679 0.284985 0.000557 -0.039974 0.301845 -0.278444 0.910912
4.736789 -0.437789 0.282418 0.001367 -0.04043 0.302172 -0.270137 0.913282
4.741774 -0.438875 0.279805 0.002232 -0.040778 0.302346 -0.261764 0.915644
4.746765 -0.440044 0.277139 0.003184 -0.04091 0.302664 -0.253111 0.917963
4.751757 -0.441304 0.274461 0.004202 -0.040664 0.303219 -0.244356 0.92016
4.756749 -0.442629 0.271746 0.005269 -0.039959 0.303785 -0.235264 0.922371
4.761741 -0.443261 0.270386 0.005778 -0.039819 0.303895 -0.230904 0.923442
4.766737 -0.444693 0.267609 0.006939 -0.038809 0.30463 -0.221285 0.925596
4.771736 -0.446177 0.264793 0.008147 -0.037435 0.305439 -0.211087 0.927765
4.776738 -0.447676 0.26191 0.009331 -0.035536 0.305877 -0.200041 0.93014
4.781742 -0.448436 0.260396 0.009909 -0.034165 0.305697 -0.193666 0.931598
4.786748 -0.451453 0.254481 0.012257 -0.029204 0.305489 -0.169425 0.936546
4.791756 -0.452892 0.251332 0.013342 -0.026092 0.303826 -0.155611 0.939571
4.796763 -0.454277 0.248094 0.014384 -0.02281 0.301436 -0.141214 0.942695
4.80177 -0.455583 0.244772 0.015364 -0.019268 0.298148 -0.126372 0.945921
4.806778 -0.456803 0.241371 0.01627 -0.015515 0.293806 -0.111229 0.949245
4.811794 -0.457954 0.237887 0.017125 -0.011733 0.288501 -0.095973 0.952585
4.816807 -0.459051 0.234337 0.017962 -0.007729 0.282685 -0.08082 0.955771
4.821815 -0.46123 0.226939 0.019673 0.001228 0.270194 -0.052286 0.961384
4.826821 -0.461743 0.225139 0.020079 0.003542 0.266837 -0.044919 0.962688
4.831822 -0.462858 0.221374 0.020941 0.008288 0.260307 -0.031584 0.964974
4.836819 -0.464036 0.217544 0.021865 0.01314 0.254073 -0.01917 0.966906
4.841816 -0.465311 0.213657 0.022869 0.018163 0.248513 -0.007902 0.968426
4.846808 -0.466077 0.211607 0.023459 0.020463 0.246659 -0.003626 0.96888
4.851801 -0.467508 0.207581 0.024567 0.025237 0.242079 0.005755 0.969911
4.856793 -0.469037 0.203457 0.025729 0.029866 0.23793 0.014075 0.970721
4.861785 -0.470688 0.199236 0.026968 0.034209 0.234529 0.020917 0.971282
4.866779 -0.472429 0.194913 0.028248 0.038294 0.231487 0.026603 0.97172
4.871771 -0.474277 0.190487 0.029587 0.042312 0.229101 0.031197 0.971982
4.876764 -0.476218 0.185946 0.030988 0.046045 0.227291 0.034701 0.972119
4.881757 -0.478238 0.18128 0.03241 0.049449 0.225773 0.037403 0.972205
4.886751 -0.479226 0.178978 0.033108 0.051106 0.22488 0.038894 0.972268
4.891748 -0.481334 0.174128 0.034552 0.054105 0.223496 0.040729 0.972349
4.896748 -0.483483 0.169106 0.035969 0.056449 0.221942 0.042421 0.9725
4.901752 -0.485673 0.163948 0.037396 0.058484 0.220581 0.043755 0.97263
4.906756 -0.490079 0.153213 0.040177 0.061895 0.217593 0.046766 0.972952
4.911757 -0.491193 0.150527 0.040886 0.062635 0.216942 0.047427 0.973018
4.91676 -0.493385 0.144862 0.042214 0.063563 0.215077 0.048987 0.973294
4.921755 -0.495552 0.139063 0.043525 0.064321 0.21315 0.050557 0.973588
4.926755 -0.496597 0.136041 0.044164 0.064308 0.21209 0.050922 0.973801
4.931763 -0.499778 0.127105 0.046119 0.064672 0.209233 0.052455 0.974314
4.93677 -0.501829 0.120997 0.047435 0.064612 0.20741 0.052717 0.974694
4.941775 -0.503795 0.114806 0.048708 0.063904 0.205071 0.052241 0.975261
4.946783 -0.505693 0.108577 0.049969 0.062919 0.202519 0.050864 0.97593
4.95179 -0.507554 0.102352 0.051281 0.062153 0.200313 0.048663 0.976547
4.956797 -0.509335 0.096101 0.052545 0.060904 0.197561 0.045595 0.977334
4.961873 -0.511072 0.089896 0.053826 0.059943 0.194833 0.041639 0.978117
4.966924 -0.513655 0.080753 0.055781 0.059014 0.191012 0.033034 0.979255
4.971952 -0.515394 0.07472 0.057113 0.058385 0.188831 0.026493 0.979914
4.976959 -0.517182 0.068792 0.058521 0.058362 0.18745 0.019103 0.980353
4.981943 -0.518997 0.062913 0.059935 0.058365 0.186339 0.011213 0.980686
4.986907 -0.518997 0.062913 0.059935 0.058365 0.186339 0.011213 0.980686
4.991862 -0.519863 0.05993 0.060601 0.058043 0.185255 0.007431 0.980947
4.996812 -0.520766 0.057008 0.061319 0.058065 0.184703 0.003194 0.981072
5.001767 -0.521704 0.054121 0.062061 0.058195 0.184525 -0.001323 0.981102
