# timestamp[secs] tx ty tz qx qy qz qw
0.03310433035714286 -0.0 -0.0 -0.0 -0.0 -0.0 -0.0 1.0
0.05597233035714286 -0.02065948024392128 0.13743416965007782 0.038841363042593 0.11808797717094421 0.0019697914831340313 -0.00663219066336751 0.9929790496826172
0.07861233035714285 -0.007121508475393057 0.13561809062957764 0.025758281350135803 0.10059309750795364 -0.01457724068313837 -0.01722375862300396 0.9946717619895935
0.10114933035714285 -0.007055562920868397 0.1332002729177475 0.013588011264801025 0.08023801445960999 -0.024597667157649994 -0.031825222074985504 0.9959638714790344
0.12369533035714285 -0.006660818122327328 0.1378503143787384 -0.02027386985719204 0.05110463500022888 -0.03389126434922218 -0.04480419680476189 0.997111976146698
0.14632833035714285 0.006472487468272448 0.13936837017536163 -0.06655612587928772 0.022526297718286514 -0.04048118740320206 -0.05852288380265236 0.9972105622291565
0.16910833035714284 -0.03144524246454239 0.16602550446987152 -0.08015091717243195 -0.007714532315731049 -0.024112701416015625 -0.05749429017305374 0.9980248212814331
0.19210233035714283 -0.04396853223443031 0.1804068386554718 -0.07510575652122498 -0.044565510004758835 -0.017213881015777588 -0.05885497108101845 0.9971227645874023
0.21537333035714284 -0.04559928923845291 0.2265826165676117 -0.09193312376737595 -0.05128871649503708 -0.024955766275525093 -0.054810356348752975 0.9968664050102234
0.23898233035714284 -0.05454380810260773 0.2584119439125061 -0.08418326824903488 -0.05605202168226242 -0.01589828170835972 -0.06246016174554825 0.9963454008102417
0.26300333035714285 -0.0653311088681221 0.27791205048561096 -0.0754920244216919 -0.05131981521844864 0.005617748945951462 -0.09386482834815979 0.9942455291748047
0.28750633035714285 -0.06789442896842957 0.2916700541973114 -0.05613738298416138 -0.036097701638936996 0.032489776611328125 -0.13815756142139435 0.9892188310623169
0.31257733035714286 -0.07180390506982803 0.29811641573905945 -0.045041248202323914 -0.022238682955503464 0.054007139056921005 -0.17291608452796936 0.9832033514976501
0.33828333035714286 -0.06392041593790054 0.30084043741226196 -0.021674353629350662 0.00781977828592062 0.09515062719583511 -0.21241037547588348 0.9725055694580078
0.36453933035714287 -0.06356817483901978 0.3064897060394287 -0.01477378886193037 0.019056107848882675 0.1360112875699997 -0.22893792390823364 0.9637039303779602
0.3911083303571428 -0.05676337331533432 0.3079063594341278 -0.011401347815990448 0.013802103698253632 0.15846450626850128 -0.22130703926086426 0.9621443748474121
0.41763133035714284 -0.055079277604818344 0.3090462386608124 -0.015267127193510532 0.008779640309512615 0.17796707153320312 -0.2193906605243683 0.9592280387878418
0.4436663303571428 -0.05219745635986328 0.31173500418663025 -0.010210752487182617 0.00979440938681364 0.18931782245635986 -0.23670107126235962 0.9529089331626892
0.46902633035714286 -0.051001857966184616 0.310924232006073 -0.001868702471256256 0.01802174746990204 0.19999024271965027 -0.2611280679702759 0.9441881775856018
0.49392533035714287 -0.0473664328455925 0.29858699440956116 -0.005913781002163887 0.010065128095448017 0.1882440596818924 -0.28775763511657715 0.938966691493988
0.5186143303571429 -0.042716942727565765 0.2970709502696991 -0.008244439959526062 0.010581579990684986 0.16238510608673096 -0.31988683342933655 0.9333764314651489
0.5431603303571428 -0.059257201850414276 0.30100250244140625 0.0004937555640935898 0.0023223089519888163 0.1751222014427185 -0.3582782745361328 0.9170407056808472
0.5674873303571428 -0.0743686780333519 0.30056607723236084 0.008877739310264587 0.0018189542461186647 0.1775416135787964 -0.3816833794116974 0.9070796370506287
0.5915533303571429 -0.0885520651936531 0.30301329493522644 0.01991387829184532 0.006931615993380547 0.18069683015346527 -0.40325799584388733 0.8970416188240051
0.6154393303571428 -0.10275718569755554 0.30623212456703186 0.03051852248609066 0.007967148907482624 0.1861681044101715 -0.41945889592170715 0.8884437084197998
0.6392783303571429 -0.10322457551956177 0.30636876821517944 0.03260892257094383 0.008127376437187195 0.16555777192115784 -0.4407459497451782 0.8821948170661926
0.6632013303571428 -0.1210356205701828 0.30911144614219666 0.04413202404975891 0.004671650938689709 0.18898287415504456 -0.4426687955856323 0.8765318393707275
0.7368153303571429 -0.1222815215587616 0.3065158426761627 0.04844862222671509 0.008035522885620594 0.14977407455444336 -0.44719913601875305 0.8817687630653381
0.7622053303571429 -0.12318471074104309 0.30924537777900696 0.0486808717250824 0.018319424241781235 0.148514062166214 -0.44840356707572937 0.8812164068222046
0.9806093303571428 -0.06637118756771088 0.32407471537590027 0.016329985111951828 0.035855744034051895 -0.06428167968988419 -0.28374719619750977 0.9560700058937073
1.009720330357143 -0.05957045406103134 0.3168698847293854 0.017596302554011345 0.03427046537399292 -0.07270690053701401 -0.2085902988910675 0.9746944904327393
1.0390293303571427 -0.047421347349882126 0.30602627992630005 0.019897978752851486 0.0320148803293705 -0.07662566751241684 -0.15491817891597748 0.9844307899475098
1.0683313303571427 -0.029907101765275 0.29971516132354736 0.024124130606651306 0.03563205897808075 -0.07701423764228821 -0.13892672955989838 0.986660361289978
1.0974703303571427 -0.01109987311065197 0.29748570919036865 0.028558289632201195 0.0377754271030426 -0.07486802339553833 -0.12841665744781494 0.988168478012085
1.1262993303571427 0.006730977911502123 0.2973617613315582 0.03414373844861984 0.037922900170087814 -0.07286033034324646 -0.11288293451070786 0.9902073740959167
1.1547093303571427 0.023038137704133987 0.2999798059463501 0.03975216671824455 0.03995710611343384 -0.07202642410993576 -0.10198025405406952 0.9913706183433533
1.1826443303571428 0.039492908865213394 0.3025287091732025 0.04511013999581337 0.040834762156009674 -0.07235439121723175 -0.09686721116304398 0.9918236136436462
1.2101313303571428 0.05562246963381767 0.3038216233253479 0.05024128034710884 0.04080592840909958 -0.06809259951114655 -0.09189925342798233 0.9925990700721741
1.2373163303571428 0.07249050587415695 0.30516326427459717 0.0540817454457283 0.03870170935988426 -0.0670946016907692 -0.07996048033237457 0.9937841296195984
1.2644223303571427 0.0892917662858963 0.30193978548049927 0.05679543688893318 0.04041241854429245 -0.061206452548503876 -0.07055921852588654 0.9948075413703918
1.2916513303571426 0.09741231799125671 0.2883435785770416 0.05053860694169998 0.037720806896686554 -0.0396776907145977 -0.07576379179954529 0.9956218004226685
1.3191563303571427 0.10576127469539642 0.2755727171897888 0.0452667772769928 0.04528685659170151 -0.027136940509080887 -0.0848817303776741 0.9949914216995239
1.3470473303571426 0.11259934306144714 0.2715933322906494 0.04213188216090202 0.04874285310506821 -0.025732990354299545 -0.08184527605772018 0.9951197504997253
1.3752733303571427 0.10688629001379013 0.2779521644115448 0.039092957973480225 0.03818212077021599 -0.03840439394116402 -0.08157256245613098 0.9951950311660767
1.4034573303571427 0.0970166027545929 0.2876465916633606 0.036025114357471466 0.0366738922894001 -0.06380704790353775 -0.1108466237783432 0.9911088347434998
1.4311033303571428 0.08738189190626144 0.28809797763824463 0.0301169715821743 0.04151226207613945 -0.07907139509916306 -0.15198636054992676 0.9843397736549377
1.4580303303571427 0.08133239299058914 0.28996047377586365 0.026305489242076874 0.0441121943295002 -0.08815932273864746 -0.17749758064746857 0.9791714549064636
1.4845763303571426 0.07217185199260712 0.30674389004707336 0.023122115060687065 0.0403517410159111 -0.10520963370800018 -0.18604446947574615 0.9760585427284241
1.5111153303571427 0.06025508791208267 0.32596659660339355 0.015849962830543518 0.030175868421792984 -0.1173575222492218 -0.19848570227622986 0.9725842475891113
1.5376443303571428 0.05461873859167099 0.34046071767807007 0.01213485561311245 0.028466084972023964 -0.12661433219909668 -0.21072427928447723 0.9688931107521057
1.5641003303571428 0.047756120562553406 0.35106372833251953 0.007106112316250801 0.026463057845830917 -0.13117924332618713 -0.22667881846427917 0.9647323489189148
1.5906003303571428 0.03752802312374115 0.362829327583313 0.0014795903116464615 0.026349183171987534 -0.13625302910804749 -0.2501673102378845 0.9582052230834961
1.6173193303571427 0.031236771494150162 0.3743217885494232 0.0006734374910593033 0.03295999765396118 -0.14096668362617493 -0.2780776619911194 0.9495866894721985
1.6443673303571427 0.03183451294898987 0.3750181198120117 -0.0002684257924556732 0.036830637603998184 -0.14148814976215363 -0.31851068139076233 0.9365765452384949
1.6717573303571427 0.03839273750782013 0.37271904945373535 0.003155309706926346 0.047686632722616196 -0.1442219763994217 -0.3807428777217865 0.9121189713478088
1.6995003303571428 0.04852095991373062 0.3660859763622284 0.006513167172670364 0.05384673923254013 -0.14735884964466095 -0.4288320243358612 0.8896567225456238
1.7276463303571428 0.06050883233547211 0.35544058680534363 0.012292210012674332 0.06031523644924164 -0.14800937473773956 -0.46313604712486267 0.8717570304870605
1.7561853303571426 0.0754280760884285 0.34013617038726807 0.019123993813991547 0.06954389810562134 -0.1473909467458725 -0.5142691731452942 0.8420016765594482
1.7850233303571428 0.08709068596363068 0.32135695219039917 0.025277256965637207 0.0812695249915123 -0.1400965303182602 -0.5775224566459656 0.800147533416748
1.8140313303571427 0.09419286251068115 0.29848137497901917 0.02916696108877659 0.09369368851184845 -0.12849685549736023 -0.644681990146637 0.7477266788482666
1.8430353303571427 0.09931263327598572 0.2732333838939667 0.031615424901247025 0.11084427684545517 -0.11551035195589066 -0.722714364528656 0.6723503470420837
1.8718053303571427 0.09321260452270508 0.25361788272857666 0.028578517958521843 0.12933874130249023 -0.0952906534075737 -0.7953906059265137 0.5844184756278992
1.9000353303571427 0.08889535069465637 0.24601240456104279 0.027479398995637894 0.14745810627937317 -0.09686484932899475 -0.8406260013580322 0.5120755434036255
1.9273933303571427 0.08367663621902466 0.2512986660003662 0.025960132479667664 0.1620505005121231 -0.0875590518116951 -0.8747226595878601 0.44825589656829834
1.9538403303571428 0.08085694909095764 0.26133838295936584 0.02106548100709915 0.16810747981071472 -0.07118038833141327 -0.8972119092941284 0.4020995497703552
1.9797953303571427 0.08870282769203186 0.270693302154541 0.023499060422182083 0.16365446150302887 -0.07015690207481384 -0.9050244688987732 0.3862978219985962
2.005702330357143 0.09708791971206665 0.2806917428970337 0.02506815269589424 0.16132724285125732 -0.07261140644550323 -0.907031238079071 0.3820935785770416
2.031805330357143 0.10289758443832397 0.28963273763656616 0.024764452129602432 0.1622854769229889 -0.07407594472169876 -0.9021024703979492 0.3929215371608734
2.0582223303571427 0.10770812630653381 0.29846829175949097 0.021884210407733917 0.1583418995141983 -0.0746641457080841 -0.8900822401046753 0.4208405911922455
2.085034330357143 0.11105594038963318 0.3062209486961365 0.017382796853780746 0.15346667170524597 -0.07333561033010483 -0.865590512752533 0.4709808826446533
2.112284330357143 0.11959266662597656 0.30817365646362305 0.010934822261333466 0.14115798473358154 -0.06891797482967377 -0.8289350867271423 0.5368345975875854
2.139944330357143 0.12301903963088989 0.3160620331764221 0.006173968315124512 0.13218319416046143 -0.06349904090166092 -0.7988813519477844 0.5833387970924377
2.1679483303571425 0.12332594394683838 0.3331621289253235 0.003668360412120819 0.11712825298309326 -0.06473586708307266 -0.7583208084106445 0.6379967331886292
2.1961583303571426 0.12019869685173035 0.3518618941307068 0.0023680105805397034 0.09948597848415375 -0.07020317018032074 -0.6910213232040405 0.7125052213668823
2.2243773303571426 0.11358153820037842 0.36374402046203613 0.0022014938294887543 0.08928751200437546 -0.07118017971515656 -0.6350122094154358 0.7640161514282227
2.252462330357143 0.10556679964065552 0.36889374256134033 0.0017707496881484985 0.08239572495222092 -0.06014607846736908 -0.596877932548523 0.795820415019989
2.2804163303571428 0.09285508841276169 0.37365078926086426 0.003270041197538376 0.07246144115924835 -0.052807167172431946 -0.5374138951301575 0.8385387063026428
2.308468330357143 0.07601627707481384 0.3786877393722534 0.00820600613951683 0.06680642813444138 -0.05412386357784271 -0.46234050393104553 0.8825240731239319
2.3368383303571427 0.05724470317363739 0.3797749876976013 0.013247830793261528 0.06309600174427032 -0.05369347333908081 -0.39618420600891113 0.9144255518913269
2.365414330357143 0.039757486432790756 0.37989604473114014 0.01876884140074253 0.06022082269191742 -0.0547773614525795 -0.3464147746562958 0.9345425367355347
2.393951330357143 0.023853741586208344 0.376436710357666 0.023303454741835594 0.05630596727132797 -0.057387951761484146 -0.28882771730422974 0.9539994597434998
2.422398330357143 0.008945457637310028 0.37234658002853394 0.02689289301633835 0.05119907110929489 -0.06408827751874924 -0.21353189647197723 0.9734862446784973
2.4508553303571428 -0.005793962627649307 0.37073102593421936 0.028910227119922638 0.039321817457675934 -0.07590028643608093 -0.13498014211654663 0.9871541261672974
2.479411330357143 -0.016854163259267807 0.36579298973083496 0.030778970569372177 0.031195281073451042 -0.07962711155414581 -0.07082846015691757 0.9938157200813293
2.508091330357143 -0.02358577772974968 0.35628658533096313 0.03233310580253601 0.03126310557126999 -0.07874191552400589 -0.03123178333044052 0.9959151148796082
2.5368493303571427 -0.029833434149622917 0.3474399745464325 0.03368184715509415 0.03139136731624603 -0.07894568145275116 0.002269256394356489 0.9963819980621338
2.565721330357143 -0.032967619597911835 0.33999335765838623 0.035804565995931625 0.03396623581647873 -0.07580512017011642 0.025697221979498863 0.9962126016616821
2.5948093303571427 -0.034414466470479965 0.33466649055480957 0.03791099041700363 0.034451890736818314 -0.06929556280374527 0.024572601541876793 0.996698260307312
2.624122330357143 -0.03753848746418953 0.332690954208374 0.04010505974292755 0.03218187019228935 -0.06569524109363556 0.034982554614543915 0.9967069029808044
2.6535883303571426 -0.03993641957640648 0.33160334825515747 0.04111948981881142 0.025794370099902153 -0.06620513647794724 0.04995949938893318 0.9962206482887268
2.6831453303571426 -0.039649952203035355 0.3302309513092041 0.042473819106817245 0.019681470468640327 -0.060003601014614105 0.044887710362672806 0.996994137763977
2.712798330357143 -0.03695865720510483 0.32958701252937317 0.04389459267258644 0.012744806706905365 -0.05108468234539032 0.02712194435298443 0.9982446432113647
2.742600330357143 -0.03179177641868591 0.3308373987674713 0.04260031133890152 0.0002921398263424635 -0.04783235117793083 -0.02052677981555462 0.9986444115638733
2.772614330357143 -0.025310970842838287 0.3331833779811859 0.04306039214134216 -0.010143275372684002 -0.03430015966296196 -0.09706676006317139 0.9946349859237671
2.802866330357143 -0.017199797555804253 0.3276684284210205 0.04157590866088867 -0.02922237291932106 -0.02278200350701809 -0.1916220486164093 0.9807690978050232
2.8333343303571428 -0.011588996276259422 0.3190668821334839 0.04112626239657402 -0.04136752337217331 -0.010852573439478874 -0.2755880653858185 0.9603240489959717
2.863959330357143 -0.004701688885688782 0.30387479066848755 0.04067525640130043 -0.048198528587818146 -0.012586940079927444 -0.3753419518470764 0.9255468249320984
2.894767330357143 0.0015724599361419678 0.28251945972442627 0.04128500446677208 -0.05855586752295494 -0.0048994519747793674 -0.45691874623298645 0.887565553188324
2.925648330357143 0.0017382428050041199 0.2637438476085663 0.04295451566576958 -0.06250516325235367 0.0035726644564419985 -0.5042158961296082 0.861305296421051
2.956343330357143 -0.0036538541316986084 0.2524656057357788 0.04579272121191025 -0.05810851231217384 9.015332034323364e-05 -0.5491513609886169 0.8337003588676453
2.9864413303571427 -0.009571373462677002 0.24404045939445496 0.04818766936659813 -0.0559348426759243 -0.0023734280839562416 -0.5913172364234924 0.8044934272766113
3.0150503303571425 -0.017451688647270203 0.22922612726688385 0.050244398415088654 -0.05555617809295654 0.0024637384340167046 -0.6427042484283447 0.7640934586524963
3.041569330357143 -0.027314692735671997 0.21521954238414764 0.05213026702404022 -0.05362344905734062 0.007562974002212286 -0.6980260014533997 0.7140218019485474
3.0902903303571425 -0.04019343852996826 0.2033044993877411 0.05516265332698822 -0.05091732367873192 0.008991345763206482 -0.7850243449211121 0.6173033118247986
3.1137543303571427 -0.048176079988479614 0.1980751007795334 0.05669906735420227 -0.04868670925498009 0.006584598682820797 -0.8366667032241821 0.5455044507980347
3.1369883303571426 -0.05528624355792999 0.193620964884758 0.057771243155002594 -0.04775848239660263 0.004400820005685091 -0.874763548374176 0.48217061161994934
3.1601433303571427 -0.06095300614833832 0.19100359082221985 0.058831412345170975 -0.04646401107311249 0.002512583741918206 -0.8950036764144897 0.4436250925064087
3.1833893303571426 -0.06554940342903137 0.19103173911571503 0.05963826924562454 -0.043233390897512436 0.0006579915061593056 -0.9070436954498291 0.41881048679351807
3.206835330357143 -0.07011483609676361 0.19241398572921753 0.06033644825220108 -0.04201527684926987 -0.002198918256908655 -0.914397656917572 0.4026249051094055
3.2305213303571425 -0.07295088469982147 0.19542565941810608 0.06065600365400314 -0.04024972394108772 -0.004897414240986109 -0.9153472781181335 0.4006188213825226
3.254460330357143 -0.07432030141353607 0.19938886165618896 0.06055714935064316 -0.04188104718923569 -0.007488854229450226 -0.9044994115829468 0.4243474006652832
3.2786523303571427 -0.07446016371250153 0.2057378739118576 0.06042437255382538 -0.04398083686828613 -0.007419659290462732 -0.8795347213745117 0.47373971343040466
3.303114330357143 -0.07315480709075928 0.21497885882854462 0.05985783785581589 -0.046058718115091324 -0.007973436266183853 -0.8373705744743347 0.5446334481239319
3.327873330357143 -0.07356312870979309 0.23044368624687195 0.05856391042470932 -0.04910857975482941 -0.0032959915697574615 -0.7728901505470276 0.6326281428337097
3.3529523303571427 -0.07807636260986328 0.2472797930240631 0.05749872326850891 -0.04938260465860367 -0.00043328365427441895 -0.6902890801429749 0.7218464016914368
3.3783663303571427 -0.08465315401554108 0.2631087899208069 0.05632990226149559 -0.04701091721653938 0.0005406227428466082 -0.6054443120956421 0.7944978475570679
3.4040973303571427 -0.08738052845001221 0.27712297439575195 0.05509323254227638 -0.04395980387926102 0.00015652194269932806 -0.55785071849823 0.8287762999534607
3.430087330357143 -0.08606065809726715 0.2904829680919647 0.05318530648946762 -0.04265997186303139 0.002467696089297533 -0.568959653377533 0.821254551410675
3.4561923303571427 -0.08114252984523773 0.3075382113456726 0.051710814237594604 -0.041852328926324844 0.00689398730173707 -0.6057285666465759 0.7945400476455688
3.4822473303571426 -0.07077538967132568 0.3260362446308136 0.04955698549747467 -0.04109172150492668 0.010791860520839691 -0.6304808855056763 0.7750412225723267
3.5083283303571426 -0.05382305383682251 0.3384346663951874 0.046505868434906006 -0.03888159617781639 0.014210031367838383 -0.6570602655410767 0.7527006268501282
3.534728330357143 -0.03492176532745361 0.34016841650009155 0.04203113913536072 -0.03300335630774498 0.015777340158820152 -0.7090556025505066 0.704203188419342
3.5616933303571425 -0.021095961332321167 0.3381691575050354 0.04055316001176834 -0.016996880993247032 0.01804952137172222 -0.7615015506744385 0.6476888060569763
3.589305330357143 -0.009337157011032104 0.3264893889427185 0.037547580897808075 -0.013106174767017365 0.007658043410629034 -0.8098039031028748 0.5865042209625244
3.6175863303571427 -0.005038857460021973 0.31147265434265137 0.03582227975130081 -0.019051622599363327 0.011367052793502808 -0.8494848608970642 0.5271464586257935
3.6465333303571428 -0.003945440053939819 0.3044206500053406 0.03719176724553108 -0.0057983314618468285 0.023340975865721703 -0.8770518898963928 0.4797932803630829
3.676004330357143 -0.010317355394363403 0.30131804943084717 0.038662396371364594 -0.000996324117295444 0.030763717368245125 -0.905957818031311 0.42224764823913574
3.7056773303571426 -0.01594376564025879 0.30081748962402344 0.0415923148393631 0.01346540916711092 0.03401270881295204 -0.9298689365386963 0.3660678267478943
3.735223330357143 -0.017809897661209106 0.30111968517303467 0.043227311223745346 0.01508493721485138 0.04335469752550125 -0.9407278299331665 0.3360418379306793
3.7644433303571425 -0.01248815655708313 0.2999137341976166 0.04498060792684555 0.03635994717478752 0.037345439195632935 -0.9425246119499207 0.3300465941429138
3.7932693303571425 -0.014493376016616821 0.2990281581878662 0.04616370052099228 0.04117387533187866 0.0391804575920105 -0.946510910987854 0.31762683391571045
3.8217933303571425 -0.015112996101379395 0.29910215735435486 0.046650175005197525 0.039899639785289764 0.041352517902851105 -0.9487796425819397 0.31066906452178955
3.850196330357143 -0.014671891927719116 0.29952120780944824 0.04729192331433296 0.04169328510761261 0.04347473755478859 -0.946982741355896 0.3155873417854309
3.8785663303571427 -0.0075536370277404785 0.2961331009864807 0.05007419362664223 0.05312362685799599 0.029035164043307304 -0.9387023448944092 0.33937111496925354
3.906910330357143 -0.001539468765258789 0.29498615860939026 0.050105299800634384 0.04913672059774399 0.0295137669891119 -0.9321973323822021 0.357383131980896
3.935234330357143 -0.0028756260871887207 0.2948012948036194 0.04945041984319687 0.04325629398226738 0.034697968512773514 -0.9313395619392395 0.35990509390830994
3.9635093303571427 -0.0023446977138519287 0.2920076251029968 0.0500682070851326 0.0500301867723465 0.02633892372250557 -0.9288843870162964 0.3660288155078888
3.9917053303571426 0.0018505454063415527 0.2909998893737793 0.04909701645374298 0.0465853177011013 0.026651928201317787 -0.913673996925354 0.40288883447647095
4.019874330357143 0.011702239513397217 0.291839599609375 0.04831098020076752 0.03901306167244911 0.020812885835766792 -0.8775726556777954 0.4774002730846405
4.048073330357143 0.01926213502883911 0.2983778715133667 0.04696481674909592 0.029331021010875702 0.015933778136968613 -0.8238269090652466 0.5658577680587769
4.0763203303571425 0.020712345838546753 0.31080377101898193 0.045117612928152084 0.01727893017232418 0.009882085025310516 -0.738990306854248 0.6734219789505005
4.104613330357143 0.018293485045433044 0.32794925570487976 0.0451265349984169 0.017775367945432663 -0.0032612322829663754 -0.6070294380187988 0.7944738864898682
4.132902330357143 0.008360952138900757 0.3431262969970703 0.04410112649202347 0.01752268150448799 -0.010539398528635502 -0.4588131606578827 0.8882974982261658
4.161039330357143 0.00022895261645317078 0.3557318449020386 0.04335303604602814 0.021153807640075684 -0.01997121423482895 -0.32652148604393005 0.9447420239448547
4.188795330357142 -0.008385345339775085 0.36987704038619995 0.04342147707939148 0.022107459604740143 -0.021842405200004578 -0.21963469684123993 0.9750871062278748
4.216184330357143 -0.02230093814432621 0.38446298241615295 0.04515034332871437 0.029187196865677834 -0.016893425956368446 -0.15449656546115875 0.9874176383018494
4.327062330357143 -0.09478813409805298 0.39398473501205444 0.04968739300966263 0.04055294767022133 0.006401205435395241 -0.007587439846247435 0.9991281032562256
4.355750330357143 -0.1100495383143425 0.38499435782432556 0.05008229985833168 0.038958847522735596 0.015159501694142818 0.041432034224271774 0.9982664585113525
4.384942330357143 -0.1252705603837967 0.37400180101394653 0.050896987318992615 0.03526948764920235 0.023789294064044952 0.10223190486431122 0.9938504695892334
4.414658330357143 -0.13317936658859253 0.3609962463378906 0.05223432555794716 0.03468598052859306 0.03219088166952133 0.1560499370098114 0.9866149425506592
4.444828330357143 -0.13771596550941467 0.3462998569011688 0.054147202521562576 0.0341496467590332 0.04559214413166046 0.1999029517173767 0.9781584739685059
4.475303330357143 -0.145284041762352 0.3319042921066284 0.05581510066986084 0.029591992497444153 0.05562816187739372 0.2542472779750824 0.9650845527648926
4.5059733303571425 -0.1501958668231964 0.32059603929519653 0.0580129474401474 0.02275596186518669 0.06509830802679062 0.28839632868766785 0.9550246000289917
4.536809330357142 -0.14854079484939575 0.3145667314529419 0.060624249279499054 0.022965753450989723 0.07639343291521072 0.29167068004608154 0.9531867504119873
4.567749330357143 -0.1402539610862732 0.31329238414764404 0.0627002865076065 0.027389170601963997 0.08318182826042175 0.29194557666778564 0.9524171948432922
4.598684330357143 -0.130514457821846 0.31427475810050964 0.06307285279035568 0.03358061611652374 0.08818186074495316 0.3053688406944275 0.9475474953651428
4.629493330357143 -0.11980189383029938 0.31708452105522156 0.06257463246583939 0.035418204963207245 0.09415340423583984 0.307400107383728 0.9462483525276184
4.6601703303571425 -0.10828036069869995 0.3200226426124573 0.0609433613717556 0.03210070729255676 0.10033068805932999 0.2847142815589905 0.9528069496154785
4.690803330357142 -0.09702042490243912 0.3215606212615967 0.058410387486219406 0.02488621510565281 0.10382841527462006 0.24741517007350922 0.9630088806152344
4.721433330357143 -0.08788569271564484 0.3250572979450226 0.05610901117324829 0.0175414327532053 0.10710300505161285 0.19749295711517334 0.9742781519889832
4.752066330357143 -0.07869800925254822 0.3298407196998596 0.05327121913433075 0.008703493513166904 0.10712392628192902 0.13676181435585022 0.9847562909126282
4.782695330357143 -0.06851822137832642 0.33168381452560425 0.05044415965676308 -0.0003044747281819582 0.10706619918346405 0.04178397357463837 0.9933735132217407
4.813274330357142 -0.06015101075172424 0.3288800120353699 0.04920200631022453 0.0054952348582446575 0.10684073716402054 -0.05870698019862175 0.9925262928009033
4.843709330357143 -0.054355937987565994 0.329045832157135 0.04829835891723633 0.012159439735114574 0.09764551371335983 -0.12012780457735062 0.9878698587417603
4.873834330357143 -0.04895118996500969 0.3315204977989197 0.04690248891711235 0.016605263575911522 0.08104247599840164 -0.14164035022258759 0.986455500125885
4.903595330357143 -0.04121168702840805 0.33443474769592285 0.04575911909341812 0.027418825775384903 0.06665386259555817 -0.15977923572063446 0.9845182299613953
4.9330523303571425 -0.031169850379228592 0.3342606723308563 0.04436483234167099 0.046690601855516434 0.04842887446284294 -0.1612076610326767 0.9846252202987671
4.962248330357142 -0.026312464848160744 0.33441802859306335 0.043596040457487106 0.06149781122803688 0.0254453644156456 -0.1324262171983719 0.9889560341835022
