1541977105476242.2 -0.0 -0.0 -0.0 -0.0 -0.0 1.0 -0.0
1541977105508499.2 -0.008756125 0.011758308 -0.013453193 0.0052365065 0.0032729076 0.9999291 -0.010186791
1541977105540690.2 -0.017510196 0.02113748 -0.03070819 0.011419416 0.014630533 0.9997303 -0.013964492
1541977105572835.2 -0.017510196 0.02113748 -0.03070819 0.011419416 0.014630533 0.9997303 -0.013964492
1541977105604941.2 -0.028364828 0.023914311 -0.047691833 0.019752754 0.027392711 0.999239 -0.019518007
1541977105637030.2 -0.028364828 0.023914311 -0.047691833 0.019752754 0.027392711 0.999239 -0.019518007
1541977105669132.2 -0.028364828 0.023914311 -0.047691833 0.019752754 0.027392711 0.999239 -0.019518007
1541977105701247.2 -0.036567427 0.033734687 -0.07950014 0.018572837 0.048197936 0.99850994 -0.017604051
1541977105733370.2 -0.036567427 0.033734687 -0.07950014 0.018572837 0.048197936 0.99850994 -0.017604051
1541977105765494.2 -0.063060984 0.05603136 -0.08074106 0.015239165 0.065365635 0.99760747 -0.016568637
1541977105797608.2 -0.063060984 0.05603136 -0.08074106 0.015239165 0.065365635 0.99760747 -0.016568637
1541977105829684.2 -0.08613309 0.06310514 -0.08108567 0.006990178 0.051200386 0.99852824 -0.016463334
1541977105861703.2 -0.08613309 0.06310514 -0.08108567 0.006990178 0.051200386 0.99852824 -0.016463334
1541977105893691.2 -0.08613309 0.06310514 -0.08108567 0.006990178 0.051200386 0.99852824 -0.016463334
1541977105925686.2 -0.05390647 0.04452898 -0.094211474 0.009942508 0.07007253 0.9974923 -0.00039584274
1541977105957709.2 -0.039597988 0.041733235 -0.10086437 0.0054898206 0.089659646 0.9957014 0.022577522
1541977105989741.2 -0.021838874 0.07081746 -0.099267796 -0.0063829822 0.11394355 0.99195105 0.05485705
1541977106021725.2 -0.016038183 0.06896167 -0.101161875 -0.022931144 0.12886952 0.98767954 0.08576691
1541977106053604.2 -0.0027370267 0.07500231 -0.095798425 -0.042635392 0.13260548 0.98165864 0.13017042
1541977106085306.2 0.0056833914 0.07384242 -0.09427168 -0.04286196 0.12133973 0.97793037 0.16459584
1541977106116682.2 0.013415454 0.066187955 -0.078873456 -0.014573244 0.09152448 0.982699 0.16035467
1541977106147513.2 0.010052921 0.062082127 -0.07312875 0.020371953 0.073835604 0.98796713 0.13436604
1541977106177619.2 0.01135847 0.060424745 -0.07476863 0.03225821 0.09740797 0.9877152 0.11785516
1541977106207052.2 0.013079496 0.05875738 -0.073809795 0.038430665 0.120624445 0.98632437 0.105532646
1541977106236144.2 0.017168425 0.055459872 -0.07072207 0.04961013 0.12646474 0.9861757 0.09488423
1541977106265258.2 0.024495007 0.05080131 -0.066160746 0.058693137 0.1140919 0.988469 0.080419764
1541977106294630.2 0.033556424 0.042491797 -0.06293837 0.05926907 0.10115796 0.9909996 0.06460704
1541977106324367.2 0.03303624 0.033524923 -0.017627427 0.053258773 0.10012849 0.9920891 0.053823628
1541977106354480.2 0.036567725 0.030642832 -0.015603346 0.042024236 0.091419235 0.9944551 0.030588161
1541977106384930.2 0.030933471 0.025146324 0.024058953 0.039565176 0.081642695 0.99584323 0.008087104
1541977106415635.2 0.034317832 0.027588082 0.029679446 0.033002585 0.07647869 0.99650973 -0.005493524
1541977106446524.2 0.034669098 0.02512693 0.04564275 0.026043745 0.078119785 0.9965058 -0.013978791
1541977106477567.2 0.031322625 0.025535285 0.11407065 0.02303954 0.06985724 0.99699473 -0.024303135
1541977106508744.2 0.029571773 0.026727287 0.14806888 0.016647736 0.06557884 0.9972376 -0.030652052
1541977106540024.2 0.023057953 0.03147289 0.19042535 0.0084636295 0.06241385 0.9974843 -0.032525618
1541977106571382.2 0.007912655 0.030273668 0.23024109 0.0052565634 0.050150048 0.99807554 -0.036092166
1541977106602804.2 0.0023390546 0.025226451 0.26064363 -0.0001112067 0.03550424 0.9986927 -0.036774997
1541977106634279.2 -0.005232712 0.015697762 0.28956616 -0.004961766 0.02240698 0.99913156 -0.03477711
1541977106665809.2 -0.012876799 0.013704542 0.31564468 -0.010131514 0.013454818 0.99936724 -0.031329866
1541977106697406.2 -0.03397209 0.014653418 0.3576007 -0.0102862725 0.008059306 0.9995189 -0.028129943
1541977106729073.2 -0.04321792 0.004944507 0.3748031 -0.012475116 0.0024936458 0.9995501 -0.027161818
1541977106760825.2 -0.0512635 -0.0048900885 0.39289844 -0.012961766 -0.005065599 0.99955994 -0.026196262
1541977106792680.2 -0.060819704 -0.009720555 0.4073021 -0.012177458 -0.013661358 0.9994478 -0.027734725
1541977106824645.2 -0.07418745 -0.016183823 0.42353746 -0.009282921 -0.017289316 0.99933493 -0.030735323
1541977106856712.2 -0.07861032 -0.022626152 0.43997937 -0.0065344945 -0.016886055 0.9992954 -0.032875936
1541977106888877.2 -0.07041872 -0.033312988 0.4521151 -0.0057825227 -0.015891738 0.9992438 -0.035013665
1541977106921136.2 -0.0651306 -0.047242094 0.46140724 -0.0027744996 -0.014703328 0.99912447 -0.039070483
1541977106953477.2 -0.068034835 -0.048268262 0.47534013 0.0029291448 -0.015881075 0.9990578 -0.040283494
1541977106985881.2 -0.06253444 -0.049762044 0.48763734 0.004828616 -0.016692039 0.9990177 -0.040763635
1541977107018325.2 -0.04643908 -0.050030135 0.49015075 0.0024708535 -0.016471216 0.99916863 -0.037210517
1541977107050787.2 0.010111831 -0.04654951 0.49969763 -0.009675985 -0.019360838 0.9993038 -0.03038872
1541977107083256.2 0.01616424 -0.054041095 0.50295854 -0.010504653 -0.020176213 0.999341 -0.028287552
1541977107115726.2 0.021788517 -0.06811158 0.5068802 -0.008648419 -0.02464356 0.99927795 -0.027596435
1541977107148187.2 0.037398785 -0.08182034 0.494846 -0.006080406 -0.033590738 0.99907523 -0.026143406
1541977107180618.2 0.04229326 -0.11786544 0.49593678 0.0064676125 -0.034751784 0.9990134 -0.026883138
1541977107212986.2 0.059771284 -0.1264757 0.48210403 0.010318643 -0.03704198 0.99898314 -0.023541765
1541977107245253.2 0.069774486 -0.13698107 0.46450284 0.016584154 -0.03294386 0.999032 -0.023972848
1541977107277412.2 0.06684922 -0.12573197 0.45345312 0.028331105 -0.023404682 0.9991493 -0.018715804
1541977107309503.2 0.07172087 -0.12858863 0.43509927 0.036962204 -0.011401452 0.99905246 -0.01995278
1541977107341561.2 0.080487385 -0.12772922 0.41231573 0.043151863 -0.0054749874 0.9988225 -0.021484334
1541977107373602.2 0.08104398 -0.13043627 0.3919029 0.05253428 -0.0067482237 0.9982894 -0.02475717
1541977107405622.2 0.08910738 -0.13487682 0.34653476 0.06276 -0.01569131 0.99732894 -0.03391238
1541977107437608.2 0.09194329 -0.1341588 0.32168043 0.07583194 -0.0174224 0.9962678 -0.03736957
1541977107469525.2 0.087708086 -0.13910387 0.29134944 0.09319654 -0.015701631 0.99456877 -0.043598864
1541977107501330.2 0.1617021 -0.102870315 0.2703845 0.089615904 -0.014718648 0.9952173 -0.035984155
1541977107532993.2 0.1602663 -0.10369752 0.24022081 0.10558738 -0.01794492 0.99329835 -0.043448776
1541977107564498.2 0.14830004 -0.09961548 0.21318483 0.12590739 -0.021745704 0.9906523 -0.047775593
1541977107595844.2 0.2348067 -0.09439283 0.17957795 0.11841226 -0.02562585 0.99132544 -0.050949577
1541977107627028.2 0.22895996 -0.08831963 0.14321405 0.13366297 -0.026441092 0.98908705 -0.05605359
1541977107658058.2 0.22947963 -0.088958085 0.111815065 0.14718181 -0.027275145 0.98675025 -0.062590525
1541977107688959.2 0.28927428 -0.107718416 0.06789348 0.14122953 -0.029625902 0.98686314 -0.07264846
1541977107719773.2 0.27658 -0.10572336 0.03868713 0.15398777 -0.031410616 0.9845746 -0.07690217
1541977107750526.2 0.25718683 -0.09521041 0.025534619 0.16507673 -0.030678548 0.9827425 -0.07762522
1541977107781249.2 0.31633013 -0.098721854 0.020077541 0.16628641 -0.031129176 0.9824842 -0.07813177
1541977107811958.2 0.35565653 -0.11516962 -0.041119076 0.15826894 -0.036127347 0.9829516 -0.08632493
1541977107842654.2 0.36850634 -0.12388765 -0.05216652 0.15896238 -0.038041763 0.98289144 -0.084901735
1541977107873339.2 0.3679126 -0.13984464 -0.05727498 0.16213082 -0.048708607 0.98211426 -0.08241813
1541977107904030.2 0.36680835 -0.16880772 -0.052495286 0.16973011 -0.064664796 0.98037004 -0.07671221
1541977107934729.2 0.3763296 -0.25497946 -0.082143016 0.16558138 -0.07085449 0.980149 -0.08288867
1541977107965380.2 0.38841006 -0.2725063 -0.0673475 0.16962063 -0.08505415 0.9794461 -0.06841105
1541977107995933.2 0.3943588 -0.28638923 -0.04986652 0.1744784 -0.097863905 0.978269 -0.05449517
1541977108026387.2 0.3784024 -0.38997602 -0.07642996 0.17358023 -0.098812595 0.97783744 -0.062769085
1541977108056753.2 0.38006347 -0.39236766 -0.062366925 0.1768488 -0.10659968 0.9775124 -0.04278591
1541977108087033.2 0.39321053 -0.39404204 -0.06437729 0.17141591 -0.12187658 0.9771658 -0.030162022
1541977108117210.2 0.3957829 -0.3924506 -0.053894863 0.17396605 -0.13293493 0.97549415 -0.021804905
1541977108147261.2 0.35936347 -0.5409739 -0.055152394 0.17179956 -0.13812988 0.97411186 -0.05011196
1541977108177199.2 0.36495686 -0.5418959 -0.05049236 0.16985638 -0.15480798 0.972054 -0.047898903
1541977108207062.2 0.38453355 -0.5622988 -0.027305137 0.16711298 -0.1742623 0.96871555 -0.05741133
1541977108236885.2 0.3830722 -0.55750895 -0.035611413 0.1625371 -0.19380675 0.9653703 -0.063882224
1541977108266708.2 0.38257712 -0.5630204 -0.023072727 0.15499045 -0.21264844 0.96191484 -0.074017584
1541977108296569.2 0.28115517 -0.6043144 0.0064891726 0.1700144 -0.22486947 0.9546651 -0.09562098
1541977108326485.2 0.27027512 -0.601844 0.019193571 0.16394654 -0.24222137 0.95049006 -0.104972035
1541977108356451.2 0.24250787 -0.59068865 0.03331901 0.15656355 -0.2546139 0.94762295 -0.112563044
1541977108386464.2 0.23536247 -0.6053518 0.045061365 0.13920213 -0.26055506 0.947412 -0.12306251
1541977108416533.2 0.2179854 -0.58172274 0.0609034 0.12558702 -0.2652008 0.9478132 -0.12468619
1541977108446663.2 0.19750752 -0.57718486 0.07264467 0.110547446 -0.26707464 0.94836473 -0.13059412
1541977108476871.2 0.18098159 -0.5479345 0.084959075 0.0983767 -0.26827428 0.94935983 -0.1306408
1541977108507179.2 0.16788036 -0.52906823 0.09266727 0.084062494 -0.26409054 0.9520088 -0.12988073
1541977108537621.2 0.14977083 -0.49833107 0.102742836 0.072059944 -0.25891858 0.9549832 -0.12560175
1541977108568248.2 0.13756064 -0.47797137 0.10649461 0.06017581 -0.25547037 0.95681655 -0.12496342
1541977108599077.2 0.11990875 -0.45275402 0.11081418 0.05220428 -0.25021723 0.9588925 -0.12325242
1541977108630103.2 0.112817384 -0.41991022 0.11495133 0.0407677 -0.24171615 0.96246636 -0.116489574
1541977108661315.2 0.095657974 -0.39789322 0.1136962 0.03290571 -0.23487622 0.96471393 -0.11435656
1541977108692688.2 0.080547035 -0.37623778 0.10789998 0.029277306 -0.23211348 0.96561664 -0.11336116
1541977108724200.2 0.06758638 -0.35280132 0.100715995 0.027684057 -0.22917727 0.9663433 -0.11354329
1541977108755865.2 0.05881623 -0.32962242 0.09280391 0.02710651 -0.22432221 0.9673314 -0.11495582
1541977108787699.2 0.05274356 -0.3031624 0.08455568 0.029184 -0.21636291 0.96897894 -0.11582412
1541977108819685.2 0.0723451 -0.271416 0.06448843 0.025997074 -0.2057472 0.97152334 -0.114606276
1541977108851767.2 0.07934196 -0.24025193 0.044215493 0.025295943 -0.18890601 0.97523147 -0.11224198
1541977108883883.2 0.08996783 -0.21122104 0.023180392 0.026207646 -0.17258413 0.978432 -0.110448025
1541977108915981.2 0.11237804 -0.18450122 0.0011016135 0.025458943 -0.15797083 0.98129946 -0.10699768
1541977108948043.2 0.13097723 -0.14389849 -0.013682942 0.027482133 -0.14607151 0.98386353 -0.099601
1541977108980055.2 0.14856106 -0.1247268 -0.033640623 0.02913462 -0.13731454 0.9851656 -0.098715045
1541977109012022.2 0.16609009 -0.10765112 -0.049010854 0.031102994 -0.13009384 0.9862916 -0.09662878
1541977109043959.2 0.18423092 -0.08691273 -0.05994124 0.03213675 -0.12105289 0.9879264 -0.0911859
1541977109075866.2 0.20207988 -0.07437561 -0.07078475 0.03488966 -0.117171146 0.98835653 -0.090581745
1541977109107750.2 0.19885455 -0.05627156 -0.07453088 0.041558295 -0.11421846 0.9885711 -0.089187436
1541977109139623.2 0.22543296 -0.040158086 -0.07769804 0.04110265 -0.11334638 0.98905265 -0.08507694
1541977109171491.2 0.23903848 -0.03388529 -0.09175001 0.04125807 -0.11310736 0.98931116 -0.08226765
1541977109203360.2 0.2565916 -0.036035158 -0.09543489 0.04130208 -0.11269708 0.98956907 -0.07966604
1541977109235238.2 0.28305525 -0.020037297 -0.101724 0.039788138 -0.11585242 0.98982257 -0.07243236
1541977109267123.2 0.30936894 -0.0003691495 -0.09948217 0.038362734 -0.12069797 0.9897904 -0.06538579
1541977109299004.2 0.32909358 0.01109591 -0.10336196 0.0374067 -0.12566108 0.9895474 -0.060050383
1541977109330882.2 0.31426257 -0.00019731559 -0.112515956 0.041411936 -0.1292009 0.9889426 -0.05987228
1541977109362769.2 0.32409823 -0.0042597023 -0.11977639 0.037845924 -0.13540031 0.98846596 -0.05629917
1541977109394655.2 0.34194788 -0.0040793545 -0.119333684 0.034320395 -0.14468864 0.9874834 -0.052572824
1541977109426519.2 0.36289158 0.0048169186 -0.11337155 0.03178267 -0.15575758 0.9860721 -0.048900962
1541977109458351.2 0.3873418 0.015244127 -0.10845603 0.027850885 -0.16495246 0.98487484 -0.045129023
1541977109490150.2 0.4145573 0.03161672 -0.09480963 0.024484962 -0.17384815 0.98365045 -0.040114883
1541977109521923.2 0.4081698 0.030982034 -0.09162367 0.02481794 -0.17882073 0.9827108 -0.041070107
1541977109553689.2 0.40705967 0.04020504 -0.09427235 0.023586413 -0.18446197 0.98175365 -0.039715372
1541977109585468.2 0.4132067 0.06058296 -0.090878986 0.020660449 -0.19064125 0.9807674 -0.03639174
1541977109617261.2 0.40756452 0.07357249 -0.073995054 0.019203959 -0.19139789 0.9807394 -0.03388574
1541977109649075.2 0.4002052 0.082726896 -0.06921289 0.016450606 -0.19232906 0.98061574 -0.03364186
1541977109680915.2 0.3937286 0.0942684 -0.06833912 0.013210259 -0.19310434 0.98052335 -0.03331976
1541977109712769.2 0.38510737 0.101318 -0.06457116 0.0108218435 -0.19087367 0.98096186 -0.034116834
1541977109744633.2 0.37129796 0.11708801 -0.06280075 0.009131146 -0.18434808 0.98223984 -0.033724427
1541977109776517.2 0.34700012 0.12705187 -0.062345948 0.0075837704 -0.17396371 0.9841618 -0.03323644
1541977109808419.2 0.3296324 0.13936801 -0.0641813 0.0053935763 -0.16690922 0.985396 -0.033271983
1541977109840337.2 0.31395897 0.124890745 -0.07999447 -0.00064620364 -0.16032533 0.98625463 -0.039964702
1541977109872280.2 0.28521338 0.1343594 -0.08063673 -0.0031734945 -0.15374732 0.9873897 -0.037594806
1541977109904249.2 0.25835246 0.13480163 -0.088061646 -0.004869741 -0.1477581 0.98833483 -0.03658045
1541977109936248.2 0.22507125 0.1310695 -0.10313335 -0.0034584343 -0.1418957 0.9891341 -0.038306653
1541977109968289.2 0.20972572 0.12401725 -0.11119648 -0.0039782594 -0.13446109 0.9900533 -0.04121774
1541977110000409.2 0.20463452 0.13190755 -0.12077371 -0.0016773939 -0.12626512 0.9912041 -0.039607942
1541977110032632.2 0.19084069 0.12502639 -0.12934567 0.0032227712 -0.113162294 0.9927179 -0.04117166
1541977110064956.2 0.16883929 0.13304085 -0.12324117 0.014238375 -0.10103422 0.993985 -0.03979039
1541977110097372.2 0.15619825 0.13143592 -0.13048795 0.022091985 -0.08893466 0.9948497 -0.04332259
1541977110129853.2 0.13709106 0.13356668 -0.13720837 0.028286355 -0.078875534 0.9953485 -0.047539026
1541977110162364.2 0.123117365 0.13367055 -0.13913353 0.03229471 -0.06985136 0.99574435 -0.05070528
1541977110194887.2 0.12216844 0.12883276 -0.13708575 0.038494408 -0.062538154 0.9959982 -0.050939467
1541977110227420.2 0.11013187 0.11975909 -0.13223982 0.047381833 -0.056356728 0.996055 -0.049531654
1541977110259967.2 0.10746389 0.113924965 -0.12582386 0.05131115 -0.054710153 0.9959789 -0.048991397
1541977110292524.2 0.10323015 0.107812926 -0.120439276 0.05473619 -0.055550884 0.9957056 -0.0498852
1541977110325083.2 0.10369811 0.10747958 -0.115080565 0.05652761 -0.05524165 0.9956415 -0.049507413
1541977110357639.2 0.09904044 0.10682366 -0.113085195 0.060396127 -0.054022316 0.99544275 -0.050276518
1541977110390190.2 0.1009173 0.12398185 -0.08689537 0.06776256 -0.05698647 0.995014 -0.045911774
1541977110422734.2 0.11091981 0.114552476 -0.09042 0.07355749 -0.05758785 0.9943582 -0.050247278
1541977110455268.2 0.13160226 0.10342049 -0.094277285 0.081322595 -0.057483412 0.9935994 -0.053316332
1541977110487766.2 0.15538846 0.09441018 -0.09533666 0.09100653 -0.059905287 0.9925322 -0.054855164
1541977110520195.2 0.16304582 0.07379024 -0.11065476 0.100531586 -0.061162055 0.99110997 -0.062079106
1541977110552513.2 0.1805664 0.06713473 -0.111866005 0.10874767 -0.060150143 0.99027807 -0.062493008
1541977110584697.2 0.20361148 0.055232756 -0.11540044 0.1174803 -0.059259407 0.98931926 -0.06272289
1541977110616761.2 0.22704776 0.05031787 -0.1205606 0.12432053 -0.06311766 0.9881759 -0.06378885
1541977110648713.2 0.2405541 0.038427517 -0.12186487 0.13006979 -0.06404691 0.9871486 -0.06721351
1541977110680552.2 0.25907445 0.032006264 -0.11866224 0.13197571 -0.05999846 0.9872674 -0.065466605
1541977110712284.2 0.28091246 0.02886333 -0.11416027 0.13255939 -0.061652154 0.98716694 -0.064252794
1541977110743922.2 0.29395977 0.02140394 -0.105964534 0.13436806 -0.068047956 0.9866501 -0.061939154
1541977110775480.2 0.30845138 0.013056171 -0.1026409 0.13274835 -0.07511679 0.9865702 -0.058434535
1541977110806966.2 0.3203188 0.0058478476 -0.09210916 0.12927763 -0.07950028 0.9868646 -0.055365715
1541977110838368.2 0.33117583 -0.0033996655 -0.08512141 0.12747979 -0.0859802 0.9867927 -0.050955996
1541977110869696.2 0.33642113 -0.016552184 -0.07102349 0.12493444 -0.09613425 0.9864516 -0.04541814
1541977110900975.2 0.34331056 -0.049918916 -0.06383979 0.120589904 -0.107672036 0.9858958 -0.043292638
1541977110932196.2 0.34752667 -0.06773733 -0.05073307 0.11841838 -0.12248128 0.98477125 -0.034655362
1541977110963342.2 0.3500864 -0.083417155 -0.034869347 0.1143644 -0.13895926 0.9833426 -0.025466418
1541977110994390.2 0.34659776 -0.10651438 -0.02006329 0.11026961 -0.1530362 0.9818616 -0.019193882
1541977111025292.2 0.34879395 -0.1197544 -0.0029857242 0.10406246 -0.16555211 0.9806346 -0.010919944
1541977111056036.2 0.35054007 -0.13177088 0.011891718 0.09717375 -0.17508711 0.97974366 -0.0020293624
1541977111086650.2 0.35071936 -0.1422867 0.026300736 0.08895964 -0.18419462 0.9788473 0.0040671444
1541977111117176.2 0.33960354 -0.17987023 0.027397392 0.08010661 -0.19121562 0.97827303 0.0011699102
1541977111147655.2 0.3400173 -0.18799226 0.039462976 0.07076522 -0.19774906 0.9776612 0.008138845
1541977111178133.2 0.3405187 -0.19584125 0.052227702 0.061760776 -0.20413665 0.97689456 0.013818407
1541977111208656.2 0.3390737 -0.2009941 0.062462844 0.05126335 -0.21059981 0.976057 0.018237444
1541977111239245.2 0.3286351 -0.20187388 0.075740956 0.042833574 -0.21412681 0.97559065 0.02319341
1541977111269915.2 0.30028903 -0.22451945 0.088603996 0.040044084 -0.21630129 0.9752785 0.021026427
1541977111300680.2 0.2955785 -0.22880028 0.09762068 0.03161049 -0.21788351 0.97512025 0.025848875
1541977111331550.2 0.29210833 -0.23069753 0.10376297 0.02169409 -0.2191532 0.9749552 0.031044193
1541977111362523.2 0.28887588 -0.23016386 0.108831644 0.012215984 -0.2196183 0.97483695 0.03621495
1541977111393580.2 0.27379635 -0.22668962 0.11538249 0.005543691 -0.21964721 0.9747047 0.040929854
1541977111424692.2 0.23533066 -0.23972961 0.115450054 0.0035840415 -0.2185311 0.9750639 0.03849338
1541977111455840.2 0.219817 -0.22992224 0.12234271 -0.00321586 -0.21824402 0.97496015 0.04256691
1541977111487025.2 0.20943686 -0.21957625 0.12854992 -0.010760226 -0.21849057 0.97470737 0.045734327
1541977111518240.2 0.19513685 -0.20725892 0.13339059 -0.016825313 -0.21850795 0.97447574 0.04866545
1541977111549489.2 0.17821196 -0.19204617 0.13602594 -0.021323679 -0.21823634 0.9742928 0.051689107
1541977111580801.2 0.1688811 -0.18385653 0.13818984 -0.026889833 -0.217171 0.97431403 0.05315859
1541977111612198.2 0.12956473 -0.19426233 0.13509105 -0.023442967 -0.21472926 0.9752639 0.04692703
1541977111643699.2 0.123997346 -0.18424466 0.13553394 -0.025696939 -0.2125669 0.9755818 0.048940632
1541977111675318.2 0.11570844 -0.18205363 0.13262758 -0.026806837 -0.20820571 0.97649574 0.04886593
1541977111707076.2 0.10892156 -0.17318842 0.12728347 -0.02839954 -0.20303595 0.9774998 0.04963906
1541977111738986.2 0.11131725 -0.16736118 0.120721415 -0.030710679 -0.19884555 0.9783031 0.049399864
1541977111771030.2 0.11149896 -0.16179879 0.11517034 -0.030281724 -0.19468562 0.979172 0.049019024
1541977111803187.2 0.11808762 -0.15293744 0.10664362 -0.031268828 -0.1886711 0.9803417 0.048536867
1541977111835448.2 0.10893003 -0.14698565 0.09740363 -0.030408211 -0.18004273 0.9820797 0.046686124
1541977111867803.2 0.10591648 -0.14336883 0.08594114 -0.032284796 -0.17246233 0.98345983 0.04495845
1541977111900238.2 0.080771595 -0.14778632 0.06895879 -0.030448183 -0.16770568 0.98452216 0.04079081
1541977111932749.2 0.0676076 -0.13775088 0.056020133 -0.031508002 -0.16478951 0.98503184 0.03954724
1541977111965351.2 0.06318726 -0.11364409 0.05258695 -0.035458088 -0.16396183 0.9850054 0.040296603
1541977111998051.2 0.04431604 -0.091534756 0.04010054 -0.036863394 -0.16359998 0.9851293 0.037369538
1541977112030842.2 0.017582746 -0.07138874 0.032221876 -0.038116787 -0.16512324 0.98491967 0.034853697
1541977112063723.2 -0.008082415 -0.043363996 0.028990204 -0.040686823 -0.16985968 0.98403263 0.03423629
1541977112096713.2 -0.019188734 -0.063140936 0.0022980403 -0.050224863 -0.17244355 0.98352015 0.020709315
1541977112129852.2 -0.055174913 -0.034771465 0.00036006578 -0.050232776 -0.17557788 0.9829686 0.020536989
1541977112163173.2 -0.08072698 -0.013782568 -0.005415621 -0.052518163 -0.17868765 0.9823127 0.019348493
1541977112196695.2 -0.07646733 -0.029421879 -0.02037287 -0.061176382 -0.18102993 0.9815319 0.008988471
1541977112230393.2 -0.10633472 -0.01784773 -0.034484684 -0.05697559 -0.18321845 0.9814153 0.0029909292
1541977112264237.2 -0.12453409 -0.009963642 -0.04463457 -0.055939987 -0.18205556 0.9816892 -0.003594444
1541977112298191.2 -0.13249671 -0.0042677587 -0.05131059 -0.053552765 -0.1814847 0.9818708 -0.011197625
1541977112332204.2 -0.13804358 -0.00048903003 -0.05888687 -0.047163796 -0.17991102 0.98231566 -0.021533381
1541977112366225.2 -0.07877767 -0.018555965 -0.07572606 -0.05430731 -0.17877465 0.98172027 -0.036272276
1541977112400222.2 -0.09103342 -0.014999798 -0.087266885 -0.04689399 -0.17072962 0.9830509 -0.047575183
1541977112434176.2 -0.100545116 0.000803494 -0.09373006 -0.03695258 -0.1629767 0.9842301 -0.058002405
1541977112468064.2 -0.04507191 0.025293812 -0.08949476 -0.03979468 -0.16069858 0.9841344 -0.063812144
1541977112501870.2 -0.05278067 0.03571145 -0.09478816 -0.0324521 -0.15444085 0.9848422 -0.07197828
1541977112535568.2 -0.05603791 0.044237137 -0.100072704 -0.023618758 -0.15055083 0.98528177 -0.07743686
1541977112569147.2 -0.054373752 0.051167935 -0.10030512 -0.015305826 -0.14801563 0.98556024 -0.08079777
1541977112602642.2 -0.022794291 0.056498744 -0.10584739 -0.0136013245 -0.14659978 0.9856922 -0.08206357
1541977112636108.2 0.035667937 0.05298306 -0.105674036 -0.014419136 -0.14817129 0.9854093 -0.08249746
1541977112669580.2 0.064090155 0.056470968 -0.10640731 -0.007904971 -0.14774194 0.9855623 -0.082321584
1541977112703048.2 0.110347934 0.053625748 -0.1136634 -0.005182764 -0.14785437 0.9854623 -0.08352486
1541977112736476.2 0.13686465 0.04954025 -0.11757238 -0.0006235079 -0.14379068 0.98595834 -0.084912404
1541977112769822.2 0.16679358 0.054407336 -0.10977412 0.006906564 -0.14291912 0.9861828 -0.08348594
1541977112803055.2 0.16938391 0.06513051 -0.10536207 0.02118176 -0.13924426 0.9866896 -0.08127758
1541977112836166.2 0.1707146 0.074095905 -0.10561684 0.03288455 -0.1321922 0.9875051 -0.0792313
1541977112869139.2 0.17490065 0.08813087 -0.10717227 0.043580398 -0.12678172 0.9879215 -0.07770664
1541977112901957.2 0.23466904 0.064437956 -0.12532341 0.03820725 -0.12316369 0.98813176 -0.08346643
1541977112934622.2 0.24054977 0.077272244 -0.12565689 0.043073572 -0.11738667 0.9888759 -0.08055793
1541977112967154.2 0.26202622 0.08892208 -0.12741835 0.04383293 -0.113450885 0.98926437 -0.08101626
1541977112999568.2 0.26684606 0.098623395 -0.12860794 0.048482616 -0.10885385 0.9891951 -0.085401155
1541977113031888.2 0.26610294 0.10457767 -0.12722719 0.051871385 -0.102147385 0.98966616 -0.08623288
1541977113064122.2 0.2707091 0.111299254 -0.11817615 0.054598823 -0.09832672 0.9900347 -0.084747754
1541977113096265.2 0.2878369 0.113166004 -0.107550494 0.05597691 -0.09952696 0.98994595 -0.083475284
1541977113128332.2 0.325852 0.11100623 -0.103121504 0.054556392 -0.10323203 0.9897381 -0.08237301
1541977113160357.2 0.3420077 0.120512046 -0.09050495 0.058569975 -0.10114714 0.9901096 -0.07760083
1541977113192353.2 0.3654344 0.12522422 -0.083949104 0.061392732 -0.0964599 0.990609 -0.074968584
1541977113224312.2 0.39130732 0.123345144 -0.07979465 0.06207745 -0.09441528 0.9908572 -0.07371735
1541977113256220.2 0.40745294 0.11806805 -0.06848041 0.064717695 -0.096089646 0.9906505 -0.07204231
1541977113288070.2 0.42955804 0.12526521 -0.05388617 0.06648082 -0.102183536 0.9902475 -0.0674454
1541977113319855.2 0.44010365 0.09905563 -0.055822317 0.06574395 -0.10382163 0.990083 -0.06807773
1541977113351572.2 0.45469555 0.09645907 -0.03969683 0.06892249 -0.11022735 0.98952746 -0.06273071
1541977113383231.2 0.46552083 0.0958598 -0.024366664 0.073588 -0.119114965 0.9884751 -0.057563838
1541977113414831.2 0.47323322 0.093022734 -0.008194251 0.07729196 -0.12741873 0.9875126 -0.05108184
1541977113446382.2 0.48003253 0.08765075 0.0054070633 0.081936136 -0.13456069 0.9864002 -0.046846613
1541977113477892.2 0.48944086 0.08292726 0.018792437 0.086256675 -0.14147657 0.9852728 -0.04221072
1541977113509366.2 0.5302208 0.00923224 0.00015614484 0.0736784 -0.14364867 0.9854564 -0.053029895
1541977113540822.2 0.5376594 0.0063327868 0.013287094 0.07676874 -0.15061535 0.9845774 -0.04504351
1541977113572268.2 0.5459991 0.002298045 0.028261162 0.07952524 -0.1577549 0.98359835 -0.036379237
1541977113603694.2 0.5559781 -0.0032394659 0.04177329 0.07961152 -0.16610532 0.9825427 -0.026095023
1541977113635082.2 0.56679267 -0.016474545 0.054260578 0.07851488 -0.1753046 0.9812113 -0.0181144
1541977113666417.2 0.56895655 -0.035187602 0.061658617 0.079366766 -0.18268885 0.97984785 -0.014964828
1541977113697684.2 0.56576306 -0.09525737 0.04185424 0.07599324 -0.18142822 0.98014206 -0.025107661
1541977113728894.2 0.5728596 -0.097615145 0.054554272 0.0763217 -0.18546608 0.9794919 -0.019316671
1541977113760066.2 0.58024454 -0.107047126 0.061938453 0.076341115 -0.19245261 0.978176 -0.017488444
1541977113791225.2 0.58437955 -0.12090436 0.07279945 0.07657735 -0.19772913 0.97709656 -0.017930264
1541977113822391.2 0.5932655 -0.13319544 0.08116676 0.07498283 -0.20219804 0.97624654 -0.020889707
1541977113853567.2 0.5875397 -0.14158955 0.08412654 0.07848727 -0.20420873 0.97547114 -0.024386698
1541977113884765.2 0.58645684 -0.15104747 0.08757221 0.082010046 -0.20534934 0.9748808 -0.026710246
1541977113916009.2 0.59185463 -0.15895867 0.08639993 0.085916795 -0.20635912 0.9742521 -0.029447133
1541977113947304.2 0.60213536 -0.15628374 0.08521124 0.08841805 -0.20535585 0.9741616 -0.031943858
1541977113978628.2 0.60926056 -0.15856187 0.08459128 0.09290935 -0.2053645 0.97356236 -0.037009444
1541977114009955.2 0.6177436 -0.16810206 0.0826209 0.100224264 -0.20652434 0.9722286 -0.045546763
1541977114041270.2 0.63848156 -0.16664517 0.08316405 0.1050652 -0.2054795 0.97176594 -0.049097195
1541977114072558.2 0.6663178 -0.17577653 0.08157628 0.10588042 -0.20249699 0.9719162 -0.056242876
1541977114103810.2 0.67889535 -0.17863122 0.07827715 0.113753706 -0.20666811 0.96963227 -0.06451167
1541977114135031.2 0.69872653 -0.18153542 0.074538924 0.12062621 -0.21027297 0.9675891 -0.07075273
1541977114166227.2 0.71744823 -0.18440703 0.07222457 0.12758452 -0.20495293 0.9674795 -0.07549823
1541977114197406.2 0.72932583 -0.18932082 0.063265234 0.13537723 -0.19616593 0.9675671 -0.08370169
1541977114228579.2 0.7449159 -0.18818294 0.054154582 0.14545384 -0.19271475 0.96611047 -0.09129492
1541977114259750.2 0.7616207 -0.19160357 0.04217577 0.15340166 -0.18867958 0.9651063 -0.09714884
1541977114290930.2 0.77168274 -0.18944252 0.034020107 0.16008891 -0.18369414 0.9646841 -0.10006294
1541977114322142.2 0.767168 -0.19392057 0.027217248 0.1700659 -0.17988288 0.9628479 -0.10790606
1541977114353409.2 0.77174026 -0.19089241 0.020897506 0.17685233 -0.17867307 0.96120304 -0.11352557
1541977114384744.2 0.7755706 -0.18920708 0.014719283 0.1800564 -0.17676161 0.9606243 -0.11634486
1541977114416140.2 0.7756903 -0.18624654 0.015723722 0.18240865 -0.17521717 0.9603474 -0.117298916
