1541978775364538.0 -0.0 -0.0 -0.0 -0.0 -0.0 1.0 -0.0
1541978775394292.0 0.0284169 -0.0033044305 0.00907959 0.006859666 8.625254e-05 0.99997646 0.0003253525
1541978775424239.0 0.052878816 -0.0034880876 0.015584973 0.013568612 0.0027403147 0.99990326 0.001412132
1541978775454367.0 0.07763115 -0.005332689 0.01932663 0.018363494 0.005631884 0.9998149 -0.0011152454
1541978775484636.0 0.07763115 -0.005332689 0.01932663 0.018363494 0.005631884 0.9998149 -0.0011152454
1541978775514985.0 0.119591266 -0.006122491 0.020823065 0.025055751 0.011067463 0.99956834 -0.010626768
1541978775545349.0 0.119591266 -0.006122491 0.020823065 0.025055751 0.011067463 0.99956834 -0.010626768
1541978775575698.0 0.1536615 -0.00856997 0.015851045 0.036602117 0.007467715 0.9991384 -0.018082874
1541978775606049.0 0.16933557 -0.008902841 0.009731393 0.041559774 0.0063377647 0.9990402 -0.012303376
1541978775636431.0 0.18686853 -0.007879798 0.004946052 0.04077381 0.008895264 0.9991287 0.00057507143
1541978775666853.0 0.20194978 -0.008944976 -0.00325307 0.03766398 0.006687003 0.9991806 0.013221479
1541978775697287.0 0.21545719 -0.009151601 -0.012495686 0.03599535 -0.0023413796 0.99908227 0.023099579
1541978775727686.0 0.22840483 -0.0063929455 -0.022329865 0.035198517 -0.011657052 0.99890804 0.028424852
1541978775757999.0 0.2412638 -0.0028795248 -0.031157559 0.03733889 -0.020558093 0.99869967 0.027967807
1541978775788173.0 0.25794163 -0.00046348645 -0.0463733 0.041925747 -0.035563897 0.9982802 0.020348588
1541978775818194.0 0.27467278 0.0031346243 -0.061450873 0.05015693 -0.05205053 0.99733585 0.00980949
1541978775848086.0 0.28912935 0.0054485453 -0.07872424 0.061435543 -0.06525622 0.9959747 -0.001332897
1541978775877881.0 0.30886623 0.009448288 -0.09778851 0.07341222 -0.074332885 0.99445033 -0.012408373
1541978775907630.0 0.31517583 0.011829325 -0.118381664 0.08975927 -0.07663796 0.99275446 -0.022551434
1541978775937378.0 0.32481012 0.015690364 -0.14231317 0.101104036 -0.07621258 0.9915086 -0.029669488
1541978775967152.0 0.33476877 0.019522449 -0.1662124 0.10994017 -0.07564397 0.99047333 -0.033968773
1541978775996950.0 0.3277199 0.037869573 -0.1841573 0.12589228 -0.074153505 0.9888563 -0.028559959
1541978776026753.0 0.3303317 0.038921285 -0.21341704 0.13495159 -0.063395366 0.98856026 -0.02275263
1541978776056537.0 0.3305013 0.04495794 -0.23973782 0.14469078 -0.05105344 0.98808724 -0.011909978
1541978776086251.0 0.3314595 0.06453827 -0.25863183 0.15623465 -0.04537532 0.9866752 0.0019536505
1541978776115835.0 0.32623965 0.07268459 -0.27921507 0.17128147 -0.04158343 0.9843261 0.005962402
1541978776145243.0 0.32033935 0.078403324 -0.2995816 0.18535371 -0.032971486 0.9820784 0.008890531
1541978776174441.0 0.31157532 0.08953936 -0.32079807 0.19679739 -0.020692533 0.9801077 0.015217499
1541978776203432.0 0.30168048 0.10198671 -0.3363964 0.20566022 -0.0035901312 0.97834194 0.023196658
1541978776232269.0 0.29325464 0.112758815 -0.34853685 0.21063265 0.011113031 0.97706693 0.029165622
1541978776261033.0 0.2779998 0.12433356 -0.35711348 0.21249157 0.020691337 0.9764435 0.03126196
1541978776289782.0 0.26124522 0.13303766 -0.3618877 0.20733854 0.024656976 0.9774564 0.03133433
1541978776318540.0 0.24961372 0.14322172 -0.365787 0.1967727 0.024902241 0.97967714 0.029886505
1541978776347304.0 0.23126285 0.1568556 -0.36536998 0.18364629 0.023762891 0.98231226 0.027785081
1541978776376065.0 0.21486706 0.16321123 -0.38086566 0.16621363 0.023950329 0.9855031 0.024147077
1541978776404828.0 0.18794179 0.17518155 -0.37825128 0.14952691 0.020091202 0.9883025 0.022274075
1541978776433589.0 0.18888398 0.18983045 -0.39301887 0.122428745 0.012021345 0.9922198 0.01914588
1541978776462336.0 0.17066753 0.20406519 -0.39033255 0.100655824 0.0068853386 0.99472666 0.01843528
1541978776491044.0 0.15497038 0.2077668 -0.40073058 0.07324921 0.0019907486 0.9972421 0.011781209
1541978776519695.0 0.13278034 0.21898586 -0.4006716 0.05144294 -0.0052588587 0.9986421 0.0063190144
1541978776548288.0 0.10720944 0.22978938 -0.41116747 0.03086307 -0.015099049 0.999409 -0.0010793013
1541978776576848.0 0.08360824 0.24259402 -0.41377547 0.008611552 -0.025805151 0.99961036 -0.006250916
1541978776605398.0 0.07048228 0.25777063 -0.41490525 -0.01682283 -0.03953236 0.9990416 -0.008368427
1541978776633955.0 0.04174116 0.27212685 -0.42349342 -0.037927933 -0.052986424 0.9978268 -0.009779688
1541978776662529.0 0.036037352 0.28609595 -0.42220294 -0.06092346 -0.07120483 0.99553585 -0.011254382
1541978776691120.0 0.014928814 0.29859132 -0.43209004 -0.073644586 -0.089800134 0.9931186 -0.015098467
1541978776719731.0 0.004587849 0.30921522 -0.44119555 -0.08289303 -0.10434683 0.99084824 -0.021453526
1541978776748380.0 -0.008726725 0.325482 -0.44724584 -0.08994613 -0.10753413 0.9897588 -0.026901294
1541978776777106.0 -0.019516952 0.33077982 -0.46452734 -0.09371536 -0.10396351 0.9894884 -0.03635528
1541978776805943.0 -0.017383762 0.3363992 -0.4749579 -0.0902012 -0.105068386 0.9892957 -0.046026077
1541978776834903.0 -0.0071312515 0.34028134 -0.4848378 -0.08399609 -0.10714135 0.9891658 -0.054923076
1541978776863976.0 -0.0025444801 0.34518299 -0.4951094 -0.07942533 -0.102447696 0.9898706 -0.057899076
1541978776893137.0 0.0038198417 0.35637316 -0.5060356 -0.07931716 -0.09710503 0.99049836 -0.056501325
1541978776922378.0 0.0070020296 0.36138338 -0.5190728 -0.083999254 -0.09694412 0.9901999 -0.055228256
1541978776951715.0 0.0131585505 0.36300248 -0.53765607 -0.08674333 -0.10929976 0.988486 -0.058520306
1541978776981164.0 0.021781167 0.36880368 -0.54728556 -0.090230584 -0.12226631 0.9863844 -0.062890686
1541978777010708.0 0.035667546 0.3744213 -0.5546308 -0.090246566 -0.13445938 0.98476285 -0.06339063
1541978777040294.0 0.036769457 0.38254592 -0.55965793 -0.08533607 -0.15057507 0.98326194 -0.056929145
1541978777069901.0 0.04549521 0.38882443 -0.5691673 -0.09049867 -0.16524906 0.98104364 -0.04534462
1541978777099525.0 0.04116378 0.39692557 -0.5908491 -0.0940683 -0.18218735 0.9779977 -0.038462963
1541978777129123.0 0.052575227 0.4024303 -0.59647834 -0.10038265 -0.19853415 0.97443783 -0.03128082
1541978777158643.0 0.06434822 0.40821633 -0.60388595 -0.107119255 -0.21445535 0.9704862 -0.026286002
1541978777188078.0 0.063451506 0.4161353 -0.611572 -0.1084493 -0.23514953 0.96551543 -0.02689637
1541978777217443.0 0.06843144 0.4260087 -0.6130779 -0.112618156 -0.24211259 0.96322304 -0.030002315
1541978777246758.0 0.07463306 0.4296793 -0.6187076 -0.114049375 -0.23182552 0.9654957 -0.032676477
1541978777276051.0 0.08724363 0.42499924 -0.6156819 -0.10924484 -0.21910027 0.96903837 -0.032021027
1541978777305342.0 0.09098943 0.42062205 -0.6196931 -0.0979092 -0.21252732 0.97178376 -0.029704405
