31040.671641791043 -0.0 -0.0 -0.0 -0.0 -0.0 1.0 -0.0
60704.67164179104 -0.056991145 -0.019651221 0.016047785 -0.0039989813 -0.023448862 0.99971205 -0.0031647657
90473.67164179104 -0.10025902 -0.031866435 0.02701005 -0.0047352924 -0.04566888 0.9988826 -0.011211028
120286.67164179105 -0.12438085 -0.040177334 0.035291754 -0.007486646 -0.05847173 0.99806017 -0.020026231
150015.67164179106 -0.1503085 -0.054289293 0.04219588 -0.0029741162 -0.06092633 0.9977091 -0.029253814
179546.67164179106 -0.1503085 -0.054289293 0.04219588 -0.0029741162 -0.06092633 0.9977091 -0.029253814
208881.67164179106 -0.15384229 -0.062659785 0.05442482 0.0026287332 -0.05591011 0.9975779 -0.041298248
238090.67164179106 -0.14503646 -0.0687796 0.074116744 0.009126495 -0.04194756 0.99794203 -0.04763291
267246.671641791 -0.118389286 -0.033792995 0.110431 0.020222606 -0.03637039 0.9985346 -0.03459621
296417.671641791 -0.09227953 -0.018134905 0.12286516 0.02459997 -0.016390419 0.99899364 -0.033734668
325690.671641791 -0.06325262 -0.011591333 0.12955914 0.03040282 0.0065319883 0.9990091 -0.03184196
355141.671641791 -0.021130713 -0.0039906544 0.13322784 0.032192614 0.027776644 0.9987798 -0.02512109
384825.671641791 0.021354256 0.005313225 0.13222893 0.032673195 0.057688337 0.9976257 -0.018639635
414787.671641791 0.07282281 0.01517392 0.1256637 0.029592726 0.086022384 0.99577916 -0.012177554
445037.671641791 0.14217293 0.029774332 0.11336144 0.023310268 0.10188135 0.99450713 -0.0056965603
475538.671641791 0.23290384 0.049494088 0.10299143 0.01992216 0.09813902 0.99497277 0.001058989
506256.671641791 0.32953763 0.07330166 0.09584861 0.0116932215 0.08722824 0.99602246 0.013922937
537151.671641791 0.40049168 0.098056346 0.089310676 0.0028023147 0.08343068 0.9962796 0.021411255
568151.671641791 0.45857093 0.12700601 0.08313551 -0.009549575 0.08510863 0.99602145 0.024632176
599111.671641791 0.5215595 0.15393154 0.08009634 -0.021596102 0.08018611 0.99618214 0.02692485
629875.671641791 0.5869038 0.17267483 0.08025152 -0.030732341 0.06719107 0.99684864 0.02887514
660374.671641791 0.643719 0.19036622 0.08220426 -0.03985084 0.05474411 0.9972738 0.029325668
690588.671641791 0.70279837 0.19735685 0.085903645 -0.04737023 0.041143652 0.99762136 0.028547712
720520.671641791 0.76665694 0.18862353 0.09016118 -0.054100588 0.023065688 0.9978778 0.027948443
750258.671641791 0.8219046 0.17192069 0.095633455 -0.058803424 -0.0017066657 0.9978559 0.028685635
779939.671641791 0.86767805 0.15328205 0.10141698 -0.060491126 -0.037956536 0.9970567 0.027893223
809654.671641791 0.907978 0.13034417 0.10644404 -0.060537703 -0.08479795 0.9941843 0.027243672
839448.671641791 0.9477413 0.10380536 0.11177947 -0.059716746 -0.14142846 0.9877662 0.027385172
869312.671641791 0.9796478 0.08386091 0.117582865 -0.05913697 -0.19439438 0.9787551 0.027427493
899178.671641791 0.9946216 0.07487916 0.121974796 -0.06474209 -0.20867142 0.9755684 0.023044696
928939.671641791 0.996361 0.080037974 0.12745063 -0.06790724 -0.20045616 0.97708935 0.022413606
958499.671641791 1.0176718 0.07413195 0.13618396 -0.07162758 -0.19899453 0.9771109 0.022912124
987860.671641791 1.0459456 0.062501565 0.14219132 -0.076522425 -0.18493026 0.97954714 0.020798605
1017087.671641791 1.0556036 0.061192706 0.14330739 -0.0829425 -0.148445 0.9853138 0.01553872
1046238.671641791 1.0557092 0.07064431 0.14362879 -0.08898372 -0.110096395 0.9898381 0.013464074
1075349.671641791 1.0535644 0.084930904 0.14874664 -0.09467044 -0.085519515 0.9916975 0.016128788
1104475.671641791 1.0460083 0.10476712 0.14782786 -0.097719476 -0.07403441 0.9922883 0.018271597
1133722.671641791 1.0318413 0.1412564 0.14722985 -0.09851369 -0.074715756 0.99205244 0.023335729
1163182.671641791 1.0145859 0.18553747 0.14695689 -0.09815325 -0.08249591 0.99133176 0.02866518
1192857.671641791 0.9963049 0.23300494 0.14714453 -0.097035244 -0.089404434 0.9906237 0.035435237
1222677.671641791 0.9733882 0.2803609 0.14801599 -0.09487302 -0.09098967 0.99039006 0.042983226
1252536.671641791 0.95006484 0.32309508 0.14804566 -0.092713766 -0.088136435 0.99056876 0.049089245
1282372.671641791 0.92490286 0.35364437 0.14645086 -0.09047518 -0.080760054 0.99110985 0.054712076
1312184.671641791 0.8955439 0.37665346 0.14353098 -0.08864372 -0.071418956 0.9916416 0.060734406
1342029.671641791 0.8661474 0.4020711 0.14153165 -0.085427575 -0.065364815 0.9920587 0.06518557
1371994.671641791 0.8334723 0.42717817 0.13873541 -0.082870394 -0.048522335 0.9931561 0.06647602
1402137.671641791 0.7936836 0.44634604 0.13211337 -0.083603375 -0.0141690625 0.9942276 0.065737344
1432465.671641791 0.74678487 0.4613786 0.12253309 -0.08473543 0.025231617 0.9940088 0.06426501
1462981.671641791 0.6994075 0.47923905 0.11536547 -0.08188332 0.05306995 0.9931989 0.06351968
1493724.671641791 0.6504749 0.49656215 0.10706319 -0.07910964 0.07571203 0.9920424 0.062139835
1524744.671641791 0.60359323 0.50877756 0.099602416 -0.074834704 0.09525154 0.99068105 0.062274598
1556040.671641791 0.57215613 0.51099885 0.09427253 -0.0716322 0.11265099 0.988968 0.0641943
1587578.671641791 0.54808027 0.5120911 0.08950406 -0.07058174 0.13574205 0.98590845 0.067652754
1619332.671641791 0.5092359 0.5216717 0.083324835 -0.067930974 0.15881118 0.98250324 0.069654636
1651328.671641791 0.47354266 0.5416006 0.082642704 -0.062550046 0.17135042 0.98034906 0.07511527
1683559.671641791 0.45811608 0.5695077 0.086555034 -0.05678544 0.17275238 0.97991306 0.081868865
1715930.671641791 0.44652864 0.59602433 0.09049306 -0.050911892 0.1781997 0.9787735 0.08749536
1748411.671641791 0.42956355 0.6156012 0.090348504 -0.047060635 0.18946889 0.97625786 0.09384836
1781026.671641791 0.40225905 0.63191426 0.089057736 -0.042717993 0.19389437 0.9750289 0.099493295
1813779.671641791 0.3758574 0.65334815 0.08885916 -0.038087115 0.19241835 0.97508186 0.103634305
1846705.671641791 0.3517053 0.67183864 0.08762822 -0.035876244 0.20068407 0.973167 0.10669951
1879784.671641791 0.33382115 0.68559164 0.08387673 -0.034829617 0.20635307 0.9719066 0.10771715
1912936.671641791 0.31968504 0.69842744 0.083257854 -0.031872757 0.19773711 0.97369087 0.108675025
1946098.671641791 0.30466408 0.7141717 0.08286425 -0.026098417 0.16516834 0.97988915 0.10888319
1979223.671641791 0.30247885 0.7245974 0.0838957 -0.015991148 0.11283099 0.98775876 0.1065183
2012234.671641791 0.3097596 0.7279931 0.08370037 -0.0072883945 0.057805292 0.9928443 0.10423921
2044999.671641791 0.31410405 0.73421985 0.0833177 -0.0006899603 -0.00023434001 0.9949881 0.099991165
