# timestamp[secs] tx ty tz qx qy qz qw
0.031040671641791043 -0.0 -0.0 -0.0 -0.0 -0.0 -0.0 1.0
0.060704671641791046 -0.05699114501476288 -0.019651221111416817 0.016047785058617592 -0.0031647656578570604 -0.003998981323093176 -0.02344886213541031 0.9997120499610901
0.09047367164179104 -0.10025902092456818 -0.03186643496155739 0.027010049670934677 -0.011211028322577477 -0.00473529240116477 -0.04566888138651848 0.9988825917243958
0.12028667164179105 -0.12438084930181503 -0.04017733410000801 0.035291753709316254 -0.020026231184601784 -0.0074866460636258125 -0.05847173184156418 0.9980601668357849
0.15001567164179105 -0.1503085047006607 -0.05428929254412651 0.0421958789229393 -0.02925381436944008 -0.0029741162434220314 -0.06092632934451103 0.9977090954780579
0.17954667164179106 -0.1503085047006607 -0.05428929254412651 0.0421958789229393 -0.02925381436944008 -0.0029741162434220314 -0.06092632934451103 0.9977090954780579
0.20888167164179106 -0.1538422852754593 -0.06265978515148163 0.054424818605184555 -0.04129824787378311 0.0026287331711500883 -0.05591011047363281 0.9975779056549072
0.23809067164179107 -0.1450364589691162 -0.0687796026468277 0.07411674410104752 -0.047632910311222076 0.009126494638621807 -0.041947558522224426 0.9979420304298401
0.267246671641791 -0.11838928610086441 -0.033792994916439056 0.1104310005903244 -0.03459620848298073 0.020222606137394905 -0.03637038916349411 0.998534619808197
0.296417671641791 -0.09227953106164932 -0.01813490502536297 0.12286516278982162 -0.03373466804623604 0.024599969387054443 -0.016390418633818626 0.9989936351776123
0.325690671641791 -0.06325262039899826 -0.011591332964599133 0.12955914437770844 -0.031841959804296494 0.03040282055735588 0.006531988270580769 0.9990090727806091
0.355141671641791 -0.02113071270287037 -0.003990654367953539 0.13322784006595612 -0.025121089071035385 0.03219261392951012 0.027776643633842468 0.9987797737121582
0.384825671641791 0.021354256197810173 0.005313225090503693 0.13222892582416534 -0.018639635294675827 0.032673195004463196 0.057688336819410324 0.9976257085800171
0.41478767164179103 0.07282280921936035 0.015173920430243015 0.12566369771957397 -0.012177553959190845 0.02959272637963295 0.08602238446474075 0.9957791566848755
0.44503767164179103 0.1421729326248169 0.02977433241903782 0.11336144059896469 -0.005696560256183147 0.02331026829779148 0.10188134759664536 0.9945071339607239
0.47553867164179103 0.2329038381576538 0.04949408769607544 0.10299143195152283 0.0010589889716356993 0.019922159612178802 0.09813901782035828 0.9949727654457092
0.506256671641791 0.32953763008117676 0.07330165803432465 0.09584861248731613 0.013922937214374542 0.011693221516907215 0.08722823858261108 0.9960224628448486
0.537151671641791 0.4004916846752167 0.09805634617805481 0.0893106758594513 0.02141125500202179 0.0028023147024214268 0.08343067765235901 0.9962795972824097
0.568151671641791 0.4585709273815155 0.12700600922107697 0.08313550800085068 0.024632176384329796 -0.009549574926495552 0.08510863035917282 0.9960214495658875
0.599111671641791 0.521559476852417 0.15393154323101044 0.08009634166955948 0.026924850419163704 -0.02159610204398632 0.08018611371517181 0.9961821436882019
0.629875671641791 0.5869038105010986 0.17267483472824097 0.08025152236223221 0.028875140473246574 -0.03073234111070633 0.06719107180833817 0.9968486428260803
0.660374671641791 0.6437190175056458 0.1903662234544754 0.08220425993204117 0.029325667768716812 -0.03985083848237991 0.05474410951137543 0.9972738027572632
0.690588671641791 0.7027983665466309 0.19735684990882874 0.08590364456176758 0.028547711670398712 -0.04737022891640663 0.04114365205168724 0.9976213574409485
0.720520671641791 0.7666569352149963 0.18862353265285492 0.09016118198633194 0.027948442846536636 -0.05410058796405792 0.023065688088536263 0.9978777766227722
0.750258671641791 0.8219045996665955 0.17192068696022034 0.09563345462083817 0.028685634955763817 -0.05880342423915863 -0.001706665731035173 0.9978559017181396
0.779939671641791 0.8676780462265015 0.1532820463180542 0.10141698271036148 0.027893222868442535 -0.06049112603068352 -0.03795653581619263 0.9970567226409912
0.8096546716417911 0.9079779982566833 0.13034416735172272 0.10644403845071793 0.02724367193877697 -0.06053770333528519 -0.0847979485988617 0.9941843152046204
0.839448671641791 0.9477413296699524 0.10380536317825317 0.11177947372198105 0.027385171502828598 -0.05971674621105194 -0.14142845571041107 0.9877662062644958
0.869312671641791 0.9796478152275085 0.08386091142892838 0.11758286505937576 0.027427492663264275 -0.059136971831321716 -0.19439437985420227 0.9787551164627075
0.899178671641791 0.9946215748786926 0.07487916201353073 0.12197479605674744 0.02304469607770443 -0.0647420883178711 -0.2086714208126068 0.975568413734436
0.928939671641791 0.9963610172271729 0.08003797382116318 0.127450630068779 0.022413605824112892 -0.06790723651647568 -0.2004561573266983 0.9770893454551697
0.958499671641791 1.017671823501587 0.07413195073604584 0.136183962225914 0.022912124171853065 -0.07162757962942123 -0.19899453222751617 0.9771109223365784
0.987860671641791 1.045945644378662 0.06250156462192535 0.1421913206577301 0.02079860493540764 -0.07652242481708527 -0.18493026494979858 0.9795471429824829
1.017087671641791 1.0556036233901978 0.06119270622730255 0.1433073878288269 0.015538720414042473 -0.08294250071048737 -0.1484449952840805 0.9853137731552124
1.046238671641791 1.0557092428207397 0.070644311606884 0.143628790974617 0.013464073650538921 -0.08898372203111649 -0.11009639501571655 0.9898381233215332
1.075349671641791 1.053564429283142 0.0849309042096138 0.14874663949012756 0.016128787770867348 -0.09467043727636337 -0.08551951497793198 0.9916974902153015
1.104475671641791 1.0460083484649658 0.10476712137460709 0.1478278636932373 0.01827159710228443 -0.0977194756269455 -0.07403440773487091 0.9922882914543152
1.133722671641791 1.0318412780761719 0.1412564069032669 0.1472298502922058 0.02333572879433632 -0.09851369261741638 -0.074715755879879 0.992052435874939
1.163182671641791 1.0145858526229858 0.18553747236728668 0.1469568908214569 0.028665179386734962 -0.0981532484292984 -0.08249591290950775 0.9913317561149597
1.192857671641791 0.9963049292564392 0.23300494253635406 0.14714452624320984 0.03543523699045181 -0.0970352441072464 -0.08940443396568298 0.9906237125396729
1.222677671641791 0.9733881950378418 0.2803609073162079 0.14801599085330963 0.04298322647809982 -0.09487301856279373 -0.09098967164754868 0.9903900623321533
1.252536671641791 0.9500648379325867 0.32309508323669434 0.14804565906524658 0.04908924549818039 -0.09271376579999924 -0.08813643455505371 0.9905687570571899
1.282372671641791 0.9249028563499451 0.35364437103271484 0.14645086228847504 0.05471207574009895 -0.0904751792550087 -0.08076005429029465 0.9911098480224609
1.312184671641791 0.8955438733100891 0.3766534626483917 0.1435309797525406 0.06073440611362457 -0.08864372223615646 -0.07141895592212677 0.9916415810585022
1.342029671641791 0.8661473989486694 0.402071088552475 0.14153164625167847 0.06518556922674179 -0.08542757481336594 -0.06536481529474258 0.9920586943626404
1.371994671641791 0.8334723114967346 0.42717817425727844 0.13873541355133057 0.0664760172367096 -0.08287039399147034 -0.048522334545850754 0.9931560754776001
1.402137671641791 0.7936835885047913 0.4463460445404053 0.13211336731910706 0.06573734432458878 -0.0836033746600151 -0.014169062487781048 0.9942275881767273
1.432465671641791 0.7467848658561707 0.4613786041736603 0.12253309041261673 0.06426501274108887 -0.0847354307770729 0.0252316165715456 0.9940087795257568
1.462981671641791 0.6994075179100037 0.4792390465736389 0.11536546796560287 0.0635196790099144 -0.08188331872224808 0.05306994915008545 0.9931988716125488
1.493724671641791 0.6504749059677124 0.4965621531009674 0.1070631891489029 0.062139835208654404 -0.07910963892936707 0.07571203261613846 0.9920424222946167
1.524744671641791 0.6035932302474976 0.5087775588035583 0.09960241615772247 0.06227459758520126 -0.07483470439910889 0.09525153785943985 0.9906810522079468
1.556040671641791 0.5721561312675476 0.5109988451004028 0.09427253156900406 0.06419429928064346 -0.07163219898939133 0.11265099048614502 0.988968014717102
1.587578671641791 0.5480802655220032 0.5120911002159119 0.08950406312942505 0.06765275448560715 -0.07058174163103104 0.13574205338954926 0.9859084486961365
1.619332671641791 0.5092359185218811 0.521671712398529 0.08332483470439911 0.06965463608503342 -0.06793097406625748 0.15881118178367615 0.9825032353401184
1.651328671641791 0.4735426604747772 0.5416005849838257 0.08264270424842834 0.07511527091264725 -0.06255004554986954 0.1713504195213318 0.980349063873291
1.683559671641791 0.4581160843372345 0.5695077180862427 0.08655503392219543 0.08186886459589005 -0.05678543820977211 0.17275238037109375 0.979913055896759
1.715930671641791 0.4465286433696747 0.5960243344306946 0.09049306064844131 0.087495356798172 -0.05091189220547676 0.17819969356060028 0.9787734746932983
1.748411671641791 0.4295635521411896 0.6156011819839478 0.0903485044836998 0.09384836256504059 -0.047060634940862656 0.1894688904285431 0.976257860660553
1.781026671641791 0.40225905179977417 0.6319142580032349 0.08905773609876633 0.09949329495429993 -0.04271799325942993 0.1938943713903427 0.9750288724899292
1.813779671641791 0.375857412815094 0.6533481478691101 0.08885916322469711 0.1036343052983284 -0.038087114691734314 0.19241835176944733 0.9750818610191345
1.8467056716417911 0.35170531272888184 0.671838641166687 0.08762822300195694 0.10669951140880585 -0.03587624430656433 0.2006840705871582 0.9731670022010803
1.879784671641791 0.3338211476802826 0.6855916380882263 0.08387672901153564 0.10771714895963669 -0.03482961654663086 0.2063530683517456 0.9719066023826599
1.912936671641791 0.31968504190444946 0.6984274387359619 0.08325785398483276 0.1086750254034996 -0.03187275677919388 0.19773711264133453 0.9736908674240112
1.946098671641791 0.30466407537460327 0.7141717076301575 0.08286424726247787 0.10888318717479706 -0.02609841711819172 0.16516834497451782 0.9798891544342041
1.979223671641791 0.3024788498878479 0.7245973944664001 0.08389569818973541 0.10651829838752747 -0.015991147607564926 0.1128309890627861 0.9877587556838989
2.012234671641791 0.30975958704948425 0.7279930710792542 0.08370036631822586 0.10423921048641205 -0.007288394495844841 0.057805292308330536 0.99284428358078
2.044999671641791 0.3141040503978729 0.7342198491096497 0.08331769704818726 0.09999116510152817 -0.0006899603176862001 -0.00023434001195710152 0.9949880838394165
