25008.616634799237 -0.0 -0.0 -0.0 -0.0 -0.0 1.0 -0.0
75025.61663479924 -0.0 -0.0 -0.0 -0.0 -0.0 1.0 -0.0
125042.61663479924 -0.0 -0.0 -0.0 -0.0 -0.0 1.0 -0.0
175060.61663479923 -0.0 -0.0 -0.0 -0.0 -0.0 1.0 -0.0
225077.61663479923 -0.0 -0.0 -0.0 -0.0 -0.0 1.0 -0.0
275094.6166347992 -0.0 -0.0 -0.0 -0.0 -0.0 1.0 -0.0
325111.6166347992 -0.0015612588 -0.01063193 0.0012562369 -0.0044886037 0.0026602687 0.9999846 0.0019129403
375128.6166347992 -0.0015612588 -0.01063193 0.0012562369 -0.0044886037 0.0026602687 0.9999846 0.0019129403
425146.6166347992 -0.0015612588 -0.01063193 0.0012562369 -0.0044886037 0.0026602687 0.9999846 0.0019129403
475163.6166347992 -0.0015612588 -0.01063193 0.0012562369 -0.0044886037 0.0026602687 0.9999846 0.0019129403
525180.6166347992 0.013631694 -0.023586443 -0.00072221237 0.00039490318 0.011027594 0.9999346 0.0030108506
575197.6166347992 0.013631694 -0.023586443 -0.00072221237 0.00039490318 0.011027594 0.9999346 0.0030108506
625215.6166347992 0.023236709 -0.025799973 -0.0017509564 0.012279456 0.012425157 0.9998287 0.006123347
675232.6166347992 0.023236709 -0.025799973 -0.0017509564 0.012279456 0.012425157 0.9998287 0.006123347
725249.6166347992 0.031224038 -0.025442297 -0.0022526146 0.026247947 0.010269056 0.9995739 0.007595044
775266.6166347992 0.031224038 -0.025442297 -0.0022526146 0.026247947 0.010269056 0.9995739 0.007595044
825284.6166347992 0.031224038 -0.025442297 -0.0022526146 0.026247947 0.010269056 0.9995739 0.007595044
875301.6166347992 0.038541477 -0.016789276 -0.001243023 0.041594792 0.002819651 0.9991235 0.003774089
925318.6166347992 0.038541477 -0.016789276 -0.001243023 0.041594792 0.002819651 0.9991235 0.003774089
975335.6166347992 0.038004454 -0.0046475157 0.004199591 0.043529455 -0.0015307724 0.99904555 -0.0033059095
1025352.6166347993 0.038004454 -0.0046475157 0.004199591 0.043529455 -0.0015307724 0.99904555 -0.0033059095
1075370.6166347992 0.032010242 0.007006683 0.0076482617 0.04040474 -0.010191891 0.9990572 -0.0121813845
1125387.6166347992 0.02871341 0.010141776 0.008722786 0.037298266 -0.012953391 0.9990606 -0.01786181
1175404.6166347992 0.024874693 0.013727338 0.008530965 0.03352225 -0.016910166 0.9990758 -0.020927029
1225421.6166347992 0.018057365 0.019629225 0.0101247355 0.031434495 -0.020137716 0.9990689 -0.021626212
1275439.6166347992 0.012493554 0.02302224 0.008460228 0.027022718 -0.022029873 0.9991824 -0.02047189
1325456.6166347992 0.009937804 0.019976472 0.0053186934 0.022829603 -0.025362117 0.99928683 -0.016168496
1375473.6166347992 0.002019888 0.020286914 0.004861313 0.018057128 -0.028173588 0.9992902 -0.017300704
1425490.6166347992 -0.0052496353 0.01983504 0.0060511963 0.012113097 -0.030391712 0.9993041 -0.017914131
1475508.6166347992 -0.010670651 0.017352842 0.0061652213 0.004810344 -0.030041706 0.9993682 -0.018374534
1525525.6166347992 -0.01765221 0.012917025 0.0068497406 -0.0014758548 -0.030736974 0.9993436 -0.019118568
1575542.6166347992 -0.022295253 0.007501711 0.0060223686 -0.008879598 -0.028437352 0.99939257 -0.018084276
1625559.6166347992 -0.022611966 0.002670814 0.0054620025 -0.014043904 -0.026788317 0.99940044 -0.01685442
1675577.6166347992 -0.025885873 -0.0042030583 0.004353634 -0.019886179 -0.024310658 0.99941677 -0.01340294
1725594.6166347992 -0.028085662 -0.012067216 0.0025238588 -0.02468742 -0.021121494 0.9994275 -0.009444993
1775611.6166347992 -0.028990071 -0.018653601 0.0026533685 -0.027811892 -0.017630734 0.99944717 -0.004594858
1825628.6166347992 -0.029778793 -0.025457516 0.0024585575 -0.027830722 -0.013796752 0.99951744 0.000121812256
1875645.6166347992 -0.02866627 -0.033232655 0.001316682 -0.028932542 -0.010527934 0.99952227 0.002714858
1925663.6166347992 -0.027156658 -0.040425558 0.0007877513 -0.028110778 -0.007072541 0.99957085 0.004231647
1975680.6166347992 -0.022981934 -0.045664966 0.0016204047 -0.026581703 -0.0032541724 0.99962527 0.0056852847
2025697.6166347992 -0.017618308 -0.04981345 0.00089410343 -0.024092209 -0.00055715756 0.9996802 0.0076649776
2075714.6166347992 -0.012622651 -0.053501513 0.0013541797 -0.018874021 0.0010248998 0.99978507 0.008519336
2125732.616634799 -0.005833782 -0.0547414 0.0022471678 -0.012943849 0.0021059192 0.9998731 0.009049246
2175749.616634799 0.0014056106 -0.05698372 0.0033071567 -0.008070543 0.001493475 0.99994403 0.006682798
2225766.616634799 0.0059331236 -0.05572877 0.004258383 -0.0027979156 -0.0006576663 0.9999778 0.006011442
2275783.616634799 0.012213871 -0.052926753 0.0050785 0.00067436637 -0.002404336 0.9999874 0.004355012
2325801.616634799 0.017332468 -0.049712032 0.0050261905 0.0048843767 -0.00518024 0.99997306 0.0017926012
2375818.616634799 0.020021271 -0.044543188 0.0056010983 0.009616851 -0.009269044 0.9999103 -0.0010579228
2425835.616634799 0.02310918 -0.03911266 0.0060741547 0.012482432 -0.012940416 0.99983233 -0.0034880412
2475852.616634799 0.025354875 -0.033464808 0.0054205856 0.015470302 -0.01662099 0.99972296 -0.006197943
2525869.616634799 0.027499499 -0.02638277 0.0062322724 0.017023174 -0.019857073 0.9996216 -0.008521544
2575887.616634799 0.029340178 -0.019867564 0.0073111802 0.017608313 -0.021640865 0.99954474 -0.011489477
2625904.616634799 0.02916727 -0.013279742 0.0075004385 0.018227981 -0.02297587 0.99946195 -0.014688928
2675921.616634799 0.027042469 -0.005679795 0.009254101 0.019550392 -0.026284773 0.99930906 -0.017560957
2725938.616634799 0.026224375 0.0017440635 0.010391103 0.01751365 -0.028463367 0.99924314 -0.01990756
2775956.616634799 0.022627804 0.008346489 0.01124479 0.016339235 -0.031531893 0.99910814 -0.02284174
2825973.616634799 0.018222785 0.0146743115 0.012121334 0.012389781 -0.034542248 0.9990143 -0.024976084
2875990.616634799 0.012966176 0.018617423 0.012640195 0.007505446 -0.037461467 0.9988769 -0.028022975
2926007.616634799 0.006637003 0.022046776 0.012935178 0.0013189322 -0.03978082 0.99877554 -0.02938226
2976025.616634799 0.0010758648 0.023557907 0.012500785 -0.006488221 -0.041904565 0.998633 -0.03056259
3026042.616634799 -0.006668032 0.022763662 0.011936582 -0.01323651 -0.044243358 0.9984271 -0.03179061
3076059.616634799 -0.014257965 0.020058013 0.011399882 -0.019263651 -0.04540164 0.9982871 -0.031472854
3126076.616634799 -0.021226518 0.015469848 0.011154513 -0.025483418 -0.045879133 0.9981425 -0.030942088
3176094.616634799 -0.027024379 0.010854831 0.010555081 -0.032669142 -0.044497885 0.99807584 -0.028237643
3226111.616634799 -0.031827863 0.0034529013 0.0100922845 -0.03849708 -0.04341137 0.99794894 -0.027045345
3276128.616634799 -0.036017213 -0.0031315866 0.008099048 -0.04064773 -0.04171973 0.99802226 -0.023639958
3326145.616634799 -0.038325757 -0.010756215 0.0077786297 -0.04293111 -0.038668204 0.99811506 -0.020690978
3376162.616634799 -0.04120443 -0.018786969 0.007617973 -0.043564986 -0.036065467 0.9982368 -0.018023571
3426180.616634799 -0.0411983 -0.026604773 0.0071010147 -0.045467388 -0.031303067 0.9983793 -0.013844652
3476197.616634799 -0.039877135 -0.033887118 0.0066354345 -0.04611756 -0.027247407 0.9985202 -0.009392597
3526214.616634799 -0.037656818 -0.040368892 0.005939159 -0.046988275 -0.024378706 0.99858814 -0.0044180215
3576231.616634799 -0.034431096 -0.04680555 0.0056477515 -0.04615688 -0.022064075 0.99869037 -0.0005885285
3626249.616634799 -0.030270424 -0.051160358 0.004228669 -0.044297393 -0.020064173 0.9988084 0.0041248337
3676266.616634799 -0.02452644 -0.055778664 0.0028835386 -0.040850714 -0.018411817 0.998975 0.0064206095
3726283.616634799 -0.018339721 -0.05821386 0.0027128435 -0.036349684 -0.01763816 0.99914515 0.008757538
3776300.616634799 -0.011302579 -0.05882567 0.0021672857 -0.030028058 -0.017378388 0.99934787 0.010010208
3826318.616634799 -0.0027826845 -0.059749242 0.0026277632 -0.02267393 -0.017442813 0.9995527 0.00872101
3876335.616634799 0.0032788734 -0.058481794 0.004504127 -0.012198707 -0.018052109 0.9997345 0.007497377
3926352.616634799 0.009930444 -0.05582181 0.0048059504 -0.0013796822 -0.01877634 0.9998122 0.004610476
3976369.616634799 0.015442683 -0.05201515 0.0054591578 0.009264606 -0.019349553 0.9997697 0.00066634244
4026386.616634799 0.019971393 -0.047422487 0.006917839 0.019287197 -0.019982314 0.9996057 -0.00415187
4076404.616634799 0.023289349 -0.043325298 0.00738478 0.027463343 -0.021130046 0.9993415 -0.010766468
4126421.616634799 0.024429664 -0.038047936 0.008999524 0.035321422 -0.022271499 0.99898195 -0.01707167
4176438.616634799 0.025637122 -0.032295685 0.009458186 0.040639095 -0.02271047 0.9986519 -0.022958914
4226455.616634799 0.024903562 -0.027193075 0.010688734 0.04343333 -0.022181729 0.99837714 -0.029404974
4276473.616634799 0.021426795 -0.020736504 0.013831947 0.04469631 -0.021128595 0.99816996 -0.03482239
4326490.616634799 0.016870031 -0.016060779 0.014349617 0.043561183 -0.018225148 0.9980559 -0.040678434
4376507.616634799 0.012364846 -0.012357246 0.015208849 0.03975779 -0.014655025 0.99803585 -0.046141077
4426524.616634799 0.00680245 -0.009910326 0.015618693 0.035305634 -0.009830385 0.9980007 -0.051493667
4476542.616634799 -0.0010390981 -0.007998655 0.016163997 0.032880533 -0.0057893884 0.9979384 -0.05481314
4526559.616634799 -0.00938191 -0.0077329553 0.01775833 0.0311337 -6.7078334e-05 0.9978018 -0.058500595
4576576.616634799 -0.016971888 -0.008192394 0.019549996 0.029939903 0.007363268 0.99771225 -0.060164303
4626593.616634799 -0.023659207 -0.00973907 0.021125454 0.030692648 0.013363113 0.9975108 -0.062061775
4676611.616634799 -0.029944992 -0.011003609 0.02209712 0.03128566 0.020346064 0.99741304 -0.061438177
4726628.616634799 -0.036931504 -0.014760885 0.024599487 0.035169333 0.026824286 0.9970383 -0.062914185
4776645.616634799 -0.042581018 -0.017544162 0.027609343 0.041234184 0.032778956 0.9966127 -0.06315403
4826662.616634799 -0.047280118 -0.022240497 0.028913544 0.046844255 0.03812078 0.9960832 -0.06458168
4876679.616634799 -0.051638532 -0.025524925 0.031213297 0.05249963 0.042549882 0.9956019 -0.06488542
4926697.616634799 -0.058051825 -0.030218968 0.03393453 0.058212247 0.04576514 0.9950598 -0.06612834
4976714.616634799 -0.061641652 -0.0348267 0.035821524 0.06122915 0.04953415 0.9946937 -0.06619558
5026731.616634799 -0.06544422 -0.0402156 0.038295727 0.06332222 0.052266635 0.99439347 -0.066634625
5076748.616634799 -0.06862761 -0.045017026 0.04077923 0.06413408 0.05584175 0.99422276 -0.06549597
5126766.616634799 -0.07133232 -0.05055636 0.04250193 0.06475843 0.058691546 0.9941201 -0.06392862
5176783.616634799 -0.07176483 -0.056511886 0.044599116 0.06519176 0.062252723 0.99397576 -0.06234567
5226800.616634799 -0.07158284 -0.062719434 0.045738805 0.068248294 0.06658426 0.9936408 -0.0598893
5276817.616634799 -0.0690176 -0.06866816 0.046983026 0.07328751 0.06984269 0.9931829 -0.057782438
5326835.616634799 -0.06752912 -0.07085125 0.048288424 0.082413405 0.07483774 0.9924013 -0.052412488
5376852.616634799 -0.06571197 -0.073826045 0.050011914 0.09285777 0.07822614 0.9914252 -0.048314646
5426869.616634799 -0.06236608 -0.07533345 0.0507321 0.102270536 0.08139441 0.99044377 -0.044009704
5476886.616634799 -0.059582047 -0.07501349 0.051135797 0.11202874 0.08375511 0.9893603 -0.040011242
5526903.616634799 -0.056084387 -0.07523522 0.050919585 0.120869115 0.0847166 0.9882959 -0.03853548
5576921.616634799 -0.054554805 -0.07343765 0.050840646 0.1309811 0.084555015 0.9870572 -0.03758314
5626938.616634799 -0.052762162 -0.06961414 0.05041277 0.13929312 0.083988495 0.9859613 -0.03773108
5676955.616634799 -0.05311851 -0.065133624 0.050747886 0.1462197 0.082937926 0.9849443 -0.04032238
5726972.616634799 -0.053803988 -0.061653707 0.05322244 0.14935693 0.08173434 0.9843478 -0.045512605
5776990.616634799 -0.054256793 -0.05634112 0.05320827 0.14627141 0.082265 0.9846532 -0.047909345
5827007.616634799 -0.056541268 -0.051238276 0.05392824 0.14291061 0.081671126 0.98505807 -0.050665054
5877024.616634799 -0.060299125 -0.047005214 0.054658975 0.13932094 0.08105921 0.9854642 -0.053659856
5927041.616634799 -0.064383686 -0.04221798 0.05585322 0.13496241 0.081656195 0.98589003 -0.05602039
5977059.616634799 -0.06773944 -0.039047603 0.056250006 0.12869908 0.08218414 0.9864464 -0.06004911
6027076.616634799 -0.07207576 -0.037137475 0.05712981 0.12299362 0.08295815 0.9868096 -0.06478655
6077093.616634799 -0.07810121 -0.034040947 0.05848091 0.11660352 0.08307494 0.9874743 -0.066307224
6127110.616634799 -0.084326744 -0.032399524 0.059972107 0.11024887 0.08229141 0.98820215 -0.067304656
6177128.616634799 -0.0906447 -0.034223653 0.061832227 0.10326028 0.080074 0.9890072 -0.06921201
6227145.616634799 -0.097903624 -0.035453554 0.06344481 0.096526034 0.07698726 0.9899353 -0.069165654
6277162.616634799 -0.104246795 -0.036784995 0.0658934 0.08943903 0.07434762 0.99077713 -0.06952532
6327179.616634799 -0.11067743 -0.03851975 0.06857839 0.08280917 0.072208576 0.9914749 -0.0700438
6377196.616634799 -0.11658132 -0.04101462 0.070985034 0.073876575 0.0698987 0.9923191 -0.070422396
6427214.616634799 -0.12034567 -0.0452629 0.0730603 0.065271854 0.06893174 0.9929374 -0.071157336
6477231.616634799 -0.12240892 -0.050356768 0.07452868 0.06199852 0.06781916 0.993229 -0.07108419
6527248.616634799 -0.1235344 -0.05653628 0.07536856 0.06110907 0.06683877 0.99348044 -0.069245495
6577265.616634799 -0.12524197 -0.062576994 0.07757243 0.061012115 0.06657192 0.99375397 -0.06556501
6627283.616634799 -0.1247335 -0.06951568 0.07833093 0.0618381 0.066437945 0.993936 -0.062074404
6677300.616634799 -0.12323786 -0.075387515 0.0790966 0.06532161 0.06636625 0.9940157 -0.05710935
6727317.616634799 -0.12164319 -0.08149511 0.07985583 0.069121584 0.067391224 0.9939234 -0.052885856
6777334.616634799 -0.11860875 -0.0853878 0.08003079 0.074386045 0.06883068 0.9937218 -0.047392484
6827352.616634799 -0.114177644 -0.088337205 0.07939187 0.08266054 0.07047622 0.99315596 -0.04291369
6877369.616634799 -0.10944399 -0.090470694 0.07885285 0.09260995 0.07193855 0.99231213 -0.039559618
6927386.616634799 -0.10361742 -0.090329416 0.07738339 0.101589076 0.07304973 0.9914588 -0.036782146
6977403.616634799 -0.098367944 -0.09041826 0.07542531 0.11106834 0.075138815 0.99031746 -0.035907052
7027420.616634799 -0.09470944 -0.087669685 0.07418289 0.12146031 0.07484167 0.9891058 -0.036275756
7077438.616634799 -0.090815425 -0.0847731 0.07190811 0.13079286 0.07704403 0.98765177 -0.038749762
7127455.616634799 -0.08801456 -0.07956491 0.0701038 0.13963126 0.07782823 0.9862623 -0.041623186
7177472.616634799 -0.08559723 -0.07465105 0.06933981 0.14697921 0.079397626 0.9848463 -0.04659295
7227489.616634799 -0.08488712 -0.06917747 0.06903011 0.15409599 0.081115894 0.98335 -0.051937655
7277507.616634799 -0.084145054 -0.0624394 0.068458326 0.1581188 0.08290997 0.982295 -0.056753494
7327524.616634799 -0.085423715 -0.056752652 0.07003879 0.16143757 0.08416958 0.9812936 -0.06258045
7377541.616634799 -0.0859921 -0.051391914 0.06987945 0.16009344 0.08700692 0.9808971 -0.06812266
7427558.616634799 -0.08883062 -0.04613935 0.07143706 0.15872675 0.089847416 0.98054606 -0.072544724
7477576.616634799 -0.09148438 -0.040834196 0.07138796 0.1548137 0.09259857 0.9807115 -0.07525412
7527593.616634799 -0.09445652 -0.036747824 0.0719104 0.14945288 0.09480557 0.98115987 -0.077467695
7577610.616634799 -0.10007587 -0.03368848 0.07423603 0.14479288 0.09663845 0.9815362 -0.079264276
7627627.616634799 -0.105496 -0.03266323 0.07669962 0.13828994 0.09742072 0.9822738 -0.08076758
7677645.616634799 -0.11166303 -0.032079015 0.079147 0.13251421 0.09641778 0.9831261 -0.081281066
7727662.616634799 -0.117585056 -0.031648226 0.08099632 0.12655294 0.09426803 0.9841578 -0.08081735
7777679.616634799 -0.12388122 -0.031882707 0.08398569 0.12174578 0.092444375 0.9849787 -0.08030577
7827696.616634799 -0.13033004 -0.033839315 0.0858728 0.115328565 0.08924134 0.9860265 -0.080542415
7877713.616634799 -0.13544424 -0.036462307 0.08854786 0.107571125 0.086452104 0.9871279 -0.08082687
7927731.616634799 -0.14043164 -0.04040639 0.09186939 0.10049074 0.08300528 0.9881003 -0.08166749
7977748.616634799 -0.14552882 -0.046218127 0.094155155 0.095357545 0.07971039 0.9888127 -0.08247901
8027765.616634799 -0.14825395 -0.05174601 0.095571384 0.09033112 0.07674534 0.989681 -0.08051136
8077782.616634799 -0.15090851 -0.059497185 0.098053895 0.08691554 0.073741846 0.99018764 -0.08084803
8127800.616634799 -0.15310234 -0.06486615 0.10084042 0.08498564 0.0709706 0.9908264 -0.07748324
8177817.616634799 -0.15380925 -0.07181199 0.10177174 0.08317222 0.07006445 0.99129015 -0.07427748
8227834.616634799 -0.15384898 -0.07879149 0.102836594 0.08339348 0.06848688 0.9916118 -0.0711418
8277851.616634799 -0.15174264 -0.084456526 0.10279184 0.08420522 0.06881972 0.9918683 -0.06611044
8327869.616634799 -0.14830227 -0.090569414 0.10233986 0.08610349 0.070084505 0.9918754 -0.06210976
8377886.616634799 -0.14510922 -0.09509589 0.10195187 0.09002563 0.07182065 0.9916894 -0.057354383
8427903.6166348 -0.14109653 -0.09873509 0.10111798 0.096403226 0.07381485 0.9911451 -0.05375245
8477920.6166348 -0.13587086 -0.101287685 0.09966057 0.10332718 0.076439954 0.99041086 -0.050663996
8527937.6166348 -0.13092801 -0.10200935 0.09836635 0.11088596 0.07751189 0.9896359 -0.048135474
8577955.6166348 -0.12516554 -0.10115294 0.09677811 0.118777245 0.07877053 0.98871005 -0.04625622
8627972.6166348 -0.120715134 -0.10045915 0.0943702 0.12738562 0.07992373 0.98755395 -0.04606888
8677989.6166348 -0.11612024 -0.09837155 0.092361666 0.13539155 0.08082225 0.98637176 -0.046985667
8728006.6166348 -0.11246883 -0.09475644 0.090166144 0.14329925 0.081285484 0.9851736 -0.047865156
8778024.6166348 -0.108672604 -0.090349555 0.08675398 0.14938872 0.08109828 0.9841979 -0.049605086
8828041.6166348 -0.10701989 -0.08547496 0.08521802 0.15616544 0.07994461 0.98305404 -0.053160418
8878058.6166348 -0.10511784 -0.07906719 0.08333251 0.16047919 0.08001095 0.9821683 -0.05648173
8928075.6166348 -0.10480491 -0.07277906 0.082481965 0.16389123 0.07918662 0.98141813 -0.06072631
8978093.6166348 -0.10602937 -0.06597999 0.08244807 0.16639492 0.07873615 0.9808319 -0.06389257
9028110.6166348 -0.1068708 -0.058936607 0.08124498 0.16325752 0.07846903 0.98131126 -0.06494486
9078127.6166348 -0.110242955 -0.05250403 0.0808337 0.16072752 0.0777804 0.98174417 -0.065539055
9128144.6166348 -0.11342287 -0.046294674 0.08089093 0.15697257 0.07710381 0.9823507 -0.066345684
9178162.6166348 -0.11880835 -0.041338142 0.08097955 0.15415046 0.076276116 0.98277915 -0.067563385
9228179.6166348 -0.12399636 -0.035736248 0.08229413 0.14775084 0.07493013 0.98383546 -0.067992374
9278196.6166348 -0.13037609 -0.033533838 0.08316315 0.13894361 0.07288637 0.9850443 -0.07120321
9328213.6166348 -0.13708644 -0.03131863 0.08486412 0.12986933 0.0713723 0.9862089 -0.07370197
9378230.6166348 -0.14466059 -0.030450916 0.08680734 0.121477924 0.06919949 0.98716956 -0.07714225
9428248.6166348 -0.15288001 -0.030955005 0.09044772 0.11084809 0.065092474 0.9884354 -0.08044416
9478265.6166348 -0.16079336 -0.03300636 0.091937535 0.100374565 0.060151424 0.9896897 -0.082589746
9528282.6166348 -0.16824076 -0.035157852 0.09435509 0.09102013 0.05493335 0.99085146 -0.08313326
9578299.6166348 -0.17486466 -0.039306857 0.09778504 0.08090467 0.049470752 0.99197125 -0.0836673
9628317.6166348 -0.17844628 -0.045966886 0.100604884 0.07027179 0.0465324 0.9929271 -0.083621725
9678334.6166348 -0.18283448 -0.052241154 0.102530494 0.06331247 0.04308322 0.99374354 -0.08129699
9728351.6166348 -0.18642989 -0.058970828 0.10424908 0.057484705 0.04006906 0.9944665 -0.078271955
9778368.6166348 -0.18811622 -0.06483162 0.10538857 0.051074684 0.03752362 0.9953068 -0.073128924
9828386.6166348 -0.18915074 -0.07309645 0.10618079 0.046345092 0.03692661 0.9958149 -0.06957905
9878403.6166348 -0.18815178 -0.080711424 0.10677276 0.042603843 0.037566625 0.99625987 -0.06511523
9928420.6166348 -0.18782479 -0.087751284 0.107300535 0.041306015 0.037296638 0.9966504 -0.059923623
9978437.6166348 -0.18518274 -0.09570677 0.106526524 0.042111844 0.039300874 0.9967676 -0.056004915
10028454.6166348 -0.18095587 -0.1032873 0.10578078 0.04588023 0.04370468 0.9966218 -0.052249074
10078472.6166348 -0.17565916 -0.10891302 0.10554559 0.051587176 0.04727717 0.9963629 -0.048627198
10128489.6166348 -0.16801202 -0.11278905 0.104100466 0.05825122 0.051860455 0.9959569 -0.044577714
10178506.6166348 -0.15957887 -0.11671171 0.10408839 0.067534275 0.05718299 0.9951845 -0.042156633
10228523.6166348 -0.15078966 -0.11826466 0.102393545 0.07720549 0.061450817 0.9943298 -0.03964188
10278541.6166348 -0.14211439 -0.11897582 0.10102552 0.08733283 0.065567 0.9932694 -0.038599018
10328558.6166348 -0.13418935 -0.11761169 0.09899134 0.09795175 0.06832355 0.9921102 -0.03814079
10378575.6166348 -0.12630329 -0.11533024 0.09703538 0.108365566 0.070951685 0.99078953 -0.039482765
10428592.6166348 -0.12024753 -0.11146134 0.09512374 0.11785161 0.07223116 0.98952407 -0.041664045
10478610.6166348 -0.11595905 -0.10574895 0.09307785 0.12578331 0.07184196 0.9884752 -0.043979116
10528627.6166348 -0.11269629 -0.099547446 0.09174249 0.1324587 0.070532165 0.9875338 -0.04750708
10578644.6166348 -0.10973903 -0.09268712 0.09092774 0.13886832 0.07109322 0.98639786 -0.051775694
10628661.6166348 -0.10740101 -0.08494055 0.089440405 0.14379057 0.07143757 0.9854183 -0.056317464
10678679.6166348 -0.10710991 -0.07755222 0.08993979 0.14831065 0.07245893 0.9843744 -0.061325464
10728696.6166348 -0.10870018 -0.07098177 0.09074877 0.15040807 0.07360984 0.9835878 -0.067186385
10778713.6166348 -0.10956573 -0.06348541 0.091507025 0.14793122 0.075128555 0.98349947 -0.07211737
10828730.6166348 -0.114052154 -0.057800718 0.093213655 0.14610736 0.076552905 0.9831873 -0.07832692
10878747.6166348 -0.118592635 -0.052236743 0.095496856 0.14168276 0.07815381 0.9832618 -0.08375143
10928765.6166348 -0.124067605 -0.04848578 0.09765757 0.13524583 0.08046439 0.9834982 -0.08924907
10978782.6166348 -0.12968977 -0.045414526 0.099461555 0.12769103 0.08235326 0.98404235 -0.09259454
11028799.6166348 -0.13676237 -0.04459524 0.10273112 0.12115004 0.08451045 0.9842749 -0.09686936
11078816.6166348 -0.14381728 -0.04560222 0.104920186 0.115391254 0.08657384 0.9844764 -0.09998072
11128834.6166348 -0.15091243 -0.04679879 0.10804255 0.11040536 0.08796054 0.9846622 -0.102538556
11178851.6166348 -0.15717828 -0.049417824 0.11032681 0.10643518 0.08942508 0.9848055 -0.10408096
11228868.6166348 -0.16255713 -0.053248838 0.11325569 0.10428145 0.091576554 0.984739 -0.105015725
11278885.6166348 -0.16644992 -0.0584136 0.11474085 0.102281526 0.094786495 0.98473835 -0.10413637
11328903.6166348 -0.16920422 -0.064379215 0.11562101 0.10229173 0.099155165 0.98455507 -0.10176436
11378920.6166348 -0.17033294 -0.06894113 0.117108464 0.10359011 0.10402611 0.98430735 -0.09791249
11428937.6166348 -0.1725772 -0.074882664 0.11681924 0.10794798 0.10842689 0.9836118 -0.09538702
11478954.6166348 -0.17180476 -0.07874337 0.11704335 0.11207184 0.11335863 0.9829231 -0.09193446
11528971.6166348 -0.17180757 -0.083247185 0.116506815 0.11636103 0.11740221 0.9823357 -0.08771309
11578989.6166348 -0.16974859 -0.087427825 0.115200505 0.120074324 0.12258137 0.9816815 -0.08280959
11629006.6166348 -0.16783789 -0.09151929 0.11369154 0.12438874 0.12581646 0.981124 -0.0780604
11679023.6166348 -0.16503696 -0.09425442 0.11203488 0.12891483 0.12709525 0.98077375 -0.07287433
11729040.6166348 -0.16227257 -0.0960729 0.10880267 0.13896789 0.12760527 0.9797688 -0.06676857
11779058.6166348 -0.15805744 -0.09688568 0.10554393 0.14900967 0.12823154 0.9786866 -0.059375964
11829075.6166348 -0.15625378 -0.09685764 0.10274586 0.15685743 0.12918285 0.97785 -0.05016905
11879092.6166348 -0.15303954 -0.095670536 0.099173024 0.16419703 0.13032684 0.97685075 -0.04262546
11929109.6166348 -0.15052341 -0.09257326 0.09771551 0.17436256 0.12991093 0.97532815 -0.038156245
11979127.6166348 -0.14864369 -0.090084955 0.09652889 0.18439165 0.1302986 0.97342217 -0.038357463
12029144.6166348 -0.1484751 -0.0856763 0.09660533 0.19489191 0.13067372 0.97125787 -0.03999754
12079161.6166348 -0.14892976 -0.081233725 0.09889951 0.20166351 0.13140215 0.96961015 -0.043835077
12129178.6166348 -0.15056576 -0.07702255 0.102084294 0.20420983 0.13241719 0.9687027 -0.048776567
12179196.6166348 -0.15286857 -0.072785646 0.106374115 0.20770715 0.13483489 0.96737427 -0.053520247
12229213.6166348 -0.15532786 -0.068991035 0.11007392 0.21098414 0.13770285 0.9659928 -0.058150776
12279230.6166348 -0.1576318 -0.06461056 0.11525292 0.2107679 0.14213255 0.96526444 -0.060330823
12329247.6166348 -0.1613381 -0.061446927 0.12065333 0.2099541 0.14671029 0.96463937 -0.06217957
12379264.6166348 -0.16559799 -0.059028275 0.12673269 0.20919418 0.15077887 0.96406645 -0.06387063
12429282.6166348 -0.1701401 -0.058521833 0.13222964 0.20633166 0.15477851 0.96387 -0.06652495
12479299.6166348 -0.17468667 -0.058694832 0.13661173 0.20067614 0.15752466 0.9644977 -0.06825903
12529316.6166348 -0.17918381 -0.06014527 0.14151806 0.19483723 0.16010429 0.96518815 -0.06940444
12579333.6166348 -0.18414454 -0.06341666 0.14596182 0.19084229 0.16149096 0.96568024 -0.07043907
12629351.6166348 -0.18804453 -0.06713162 0.15036671 0.18754125 0.16092153 0.9664818 -0.06960978
12679368.6166348 -0.19079097 -0.07274723 0.15292753 0.18391442 0.16031563 0.967349 -0.06863246
12729385.6166348 -0.19382337 -0.07774684 0.15502395 0.1812814 0.15889348 0.96829253 -0.06557131
12779402.6166348 -0.19628121 -0.082636505 0.15735303 0.18081588 0.15748513 0.968828 -0.062260907
12829420.6166348 -0.19794916 -0.08923984 0.15882641 0.17999837 0.15576856 0.9693893 -0.0601758
12879437.6166348 -0.1986719 -0.09448295 0.1604621 0.17996934 0.15437149 0.9698589 -0.05616255
12929454.6166348 -0.1973232 -0.100986205 0.16015704 0.17947291 0.15376268 0.9702356 -0.052815303
12979471.6166348 -0.19594549 -0.10748292 0.15991834 0.18174946 0.15347643 0.9699824 -0.050460454
13029488.6166348 -0.19240056 -0.11243163 0.15891038 0.18364732 0.15389742 0.96971565 -0.047337078
13079506.6166348 -0.1886709 -0.1163709 0.15753803 0.18892705 0.15367213 0.9689118 -0.04360397
13129523.6166348 -0.1833609 -0.11952149 0.15579954 0.19642094 0.15488596 0.9673776 -0.040121704
13179540.6166348 -0.17810501 -0.12178743 0.15321904 0.20525521 0.15549578 0.96558845 -0.03647516
13229557.6166348 -0.17261074 -0.12285948 0.15144995 0.21637943 0.15719593 0.96299976 -0.033179566
13279575.6166348 -0.16659945 -0.121980585 0.1488722 0.22719672 0.15787628 0.96047264 -0.030807057
13329592.6166348 -0.16200161 -0.121570945 0.14627871 0.23917587 0.1582934 0.95750785 -0.030280314
13379609.6166348 -0.15766142 -0.11967809 0.14333491 0.24989244 0.15983023 0.9545163 -0.0301131
13429626.6166348 -0.15489939 -0.116105296 0.14192161 0.25885072 0.16014934 0.9520523 -0.030740643
13479644.6166348 -0.15299305 -0.11169644 0.14009127 0.26613793 0.16169704 0.9497317 -0.03216203
13529661.6166348 -0.15236312 -0.106599376 0.13999364 0.27262756 0.16281986 0.9475756 -0.03555783
13579678.6166348 -0.15132545 -0.101277724 0.13962717 0.2761347 0.16552703 0.94594175 -0.039302252
13629695.6166348 -0.15167683 -0.09519374 0.14078566 0.27937204 0.16854234 0.94428366 -0.043280784
13679713.6166348 -0.15293378 -0.08976374 0.14246999 0.27953613 0.1716303 0.94347507 -0.047511917
13729730.6166348 -0.15535317 -0.0852598 0.14375558 0.2772902 0.1752695 0.94325024 -0.051670775
13779747.6166348 -0.15901275 -0.08029969 0.14741077 0.2757859 0.17877635 0.9428128 -0.055544186
13829764.6166348 -0.16355506 -0.07741923 0.15065198 0.2713269 0.18175025 0.9432895 -0.059611306
13879781.6166348 -0.16820525 -0.07515302 0.15412128 0.26449507 0.18300445 0.94473803 -0.06341793
13929799.6166348 -0.17316668 -0.074326664 0.15749863 0.25626293 0.18409224 0.9465846 -0.0664615
13979816.6166348 -0.17779346 -0.073914975 0.16122498 0.24662217 0.1838121 0.94899684 -0.06925022
14029833.6166348 -0.18336225 -0.0749655 0.16423418 0.23660295 0.18351595 0.95149595 -0.07068626
14079850.6166348 -0.18807197 -0.077137955 0.16797273 0.22646415 0.1811428 0.9542755 -0.072523065
14129868.6166348 -0.19234368 -0.080764465 0.17170505 0.21700877 0.1777159 0.9569883 -0.07414698
14179885.6166348 -0.1960223 -0.084533475 0.17470227 0.20786165 0.17313935 0.9598651 -0.07399552
14229902.6166348 -0.19819602 -0.09051665 0.17700346 0.19987951 0.16868939 0.96234465 -0.074060254
14279919.6166348 -0.20060593 -0.09569556 0.17909758 0.19380519 0.16352177 0.9646268 -0.072079234
14329937.6166348 -0.20097797 -0.10007972 0.18182334 0.18768007 0.15831757 0.9669333 -0.06893353
14379954.6166348 -0.20133698 -0.10607917 0.18275906 0.18289974 0.153728 0.96875644 -0.06653091
14429971.6166348 -0.20022051 -0.111766346 0.18329372 0.17778344 0.14921798 0.97060037 -0.063734174
14479988.6166348 -0.19763516 -0.11632054 0.18264574 0.17276157 0.14571042 0.97229075 -0.05977163
14530005.6166348 -0.19532 -0.12096038 0.18308556 0.17261681 0.1422085 0.97301286 -0.05680002
14580023.6166348 -0.19146296 -0.12459943 0.18139699 0.17177674 0.13817532 0.97394323 -0.05324526
14630040.6166348 -0.18656254 -0.1272176 0.17942351 0.17021139 0.13529222 0.97480804 -0.04973369
14680057.6166348 -0.18202032 -0.12847453 0.17794105 0.17043069 0.13196705 0.97538507 -0.046497934
14730074.6166348 -0.17613064 -0.12979682 0.17465025 0.16958086 0.13044788 0.9758611 -0.04382774
14780092.6166348 -0.17117412 -0.1321386 0.17165096 0.16878399 0.1286438 0.97628045 -0.042887233
14830109.6166348 -0.1658102 -0.13232794 0.16761224 0.16675785 0.12639165 0.9770193 -0.040624082
14880126.6166348 -0.15942758 -0.13173479 0.16335836 0.16305088 0.12372006 0.97805864 -0.0388469
14930143.6166348 -0.15299223 -0.1308919 0.15688334 0.1558174 0.12031711 0.97971606 -0.037433404
14980161.6166348 -0.14580058 -0.12890922 0.15182158 0.14730728 0.11730756 0.9814052 -0.03719395
15030178.6166348 -0.14194351 -0.12934645 0.14808822 0.14035578 0.11205351 0.9829169 -0.040233307
15080195.6166348 -0.13577677 -0.1268512 0.14463998 0.13170299 0.108064175 0.9845092 -0.04144998
15130212.6166348 -0.12936622 -0.12560855 0.14028211 0.121889904 0.103220336 0.98615587 -0.04455362
15180230.6166348 -0.122668505 -0.12371331 0.13609283 0.111321405 0.098314025 0.9877722 -0.04741177
15230247.6166348 -0.117882945 -0.12115798 0.13261694 0.10368516 0.091547966 0.9891051 -0.050394084
15280264.6166348 -0.11029733 -0.119032085 0.12948534 0.09125704 0.08691883 0.99056596 -0.053817797
15330281.6166348 -0.10521409 -0.11762281 0.1262121 0.08037235 0.0815599 0.9917305 -0.057956744
15380298.6166348 -0.100054845 -0.11586476 0.1224774 0.067966804 0.07630355 0.9928627 -0.061497513
15430316.6166348 -0.09573569 -0.114620596 0.12046955 0.057720795 0.07082528 0.9936504 -0.06565852
15480333.6166348 -0.09029891 -0.11270451 0.118931495 0.048531592 0.06515675 0.9943058 -0.068959765
15530350.6166348 -0.08705208 -0.10942148 0.11878822 0.042652063 0.058165934 0.9950112 -0.06892211
15580367.6166348 -0.08454089 -0.10691985 0.117758274 0.034155942 0.050535258 0.99573386 -0.069236845
15630385.6166348 -0.08100444 -0.10395333 0.11745541 0.024380459 0.044083457 0.9964145 -0.067974135
15680402.6166348 -0.076719835 -0.102096796 0.11704248 0.01460692 0.039012127 0.9968839 -0.06698641
15730419.6166348 -0.07195212 -0.100967005 0.11878521 0.0067370054 0.03530538 0.9970237 -0.06820553
15780436.6166348 -0.068312526 -0.09981021 0.11967591 0.0009203283 0.032340497 0.9971467 -0.06820393
15830454.6166348 -0.06556704 -0.10031342 0.12152701 -0.0029460182 0.028581964 0.9971472 -0.06979902
15880471.6166348 -0.060982034 -0.09804041 0.12442726 -0.009375911 0.025438493 0.9972183 -0.06943119
15930488.6166348 -0.0592292 -0.10260254 0.12360956 -0.016113902 0.023801506 0.9969688 -0.07229866
15980505.6166348 -0.055151433 -0.10486719 0.12628807 -0.02240004 0.020783044 0.99685377 -0.07313641
16030522.6166348 -0.052381836 -0.107991554 0.128223 -0.02573493 0.016887086 0.99683416 -0.07330979
16080540.6166348 -0.048039846 -0.1085102 0.13097978 -0.027650328 0.01327137 0.99707985 -0.069936655
16130557.6166348 -0.044462655 -0.11166888 0.13437659 -0.026852759 0.00890456 0.9971869 -0.06941118
16180574.6166348 -0.041369483 -0.11519618 0.13476664 -0.027002953 0.008599962 0.9973102 -0.06759616
16230591.6166348 -0.034132253 -0.118732445 0.13478717 -0.031351827 0.008327587 0.9973346 -0.06535611
16280609.6166348 -0.026466507 -0.12174889 0.13390008 -0.032916617 0.008606928 0.9974366 -0.06295027
16330626.6166348 -0.016021876 -0.12107302 0.1330055 -0.03237473 0.009997985 0.9976728 -0.059168823
16380643.6166348 -0.0058888984 -0.11914386 0.1327796 -0.028103054 0.010810209 0.9979347 -0.05674342
16430660.6166348 0.0026379537 -0.11632161 0.13084468 -0.022280185 0.00901834 0.9982251 -0.05448902
16480678.6166348 0.010994147 -0.112673014 0.12966557 -0.01847363 0.007742976 0.99830925 -0.05456671
16530695.6166348 0.017701128 -0.10828521 0.12770939 -0.014903805 0.0048620375 0.9982345 -0.057289653
16580712.6166348 0.023071853 -0.10137463 0.12663317 -0.01262138 -0.00024546895 0.99810547 -0.060218222
16630729.6166348 0.027101658 -0.09394487 0.1258531 -0.01516015 -0.00488446 0.9977986 -0.06437611
16680747.6166348 0.029555194 -0.08741068 0.124966465 -0.019506287 -0.008267879 0.9974105 -0.068727925
16730764.6166348 0.030286992 -0.08111385 0.124129154 -0.024838585 -0.011805382 0.996983 -0.07258591
16780781.6166348 0.02974006 -0.07569042 0.12275268 -0.030982697 -0.013581506 0.99652314 -0.07614046
16830798.6166348 0.026733492 -0.07063613 0.1220822 -0.038547065 -0.015079213 0.9959895 -0.0793206
16880815.6166348 0.022624297 -0.067788824 0.12182743 -0.048708364 -0.015173141 0.9951613 -0.083971485
16930833.6166348 0.018564504 -0.065621376 0.12067613 -0.061577495 -0.014859208 0.9942109 -0.086788595
16980850.6166348 0.013610362 -0.06620688 0.120104045 -0.074390806 -0.013899813 0.9929444 -0.091292046
17030867.6166348 0.00828472 -0.0700974 0.118218735 -0.08106308 -0.017493144 0.99224406 -0.09259932
17080884.6166348 0.0034559374 -0.074217424 0.11766615 -0.09144271 -0.021473875 0.99126285 -0.09260214
17130902.6166348 0.0009524191 -0.08067679 0.117679246 -0.099461794 -0.02119824 0.99044865 -0.093109615
17180919.6166348 -0.00083236373 -0.08621988 0.118381046 -0.10031779 -0.019218143 0.9907284 -0.08957945
17230936.6166348 -0.0014663859 -0.092766866 0.117981695 -0.10301009 -0.014734548 0.9909938 -0.08428052
17280953.6166348 0.00024098624 -0.09933424 0.11767999 -0.10776353 -0.00883992 0.99105346 -0.078242764
17330971.6166348 0.0014827342 -0.10538578 0.11629211 -0.10539401 -0.0043123215 0.991867 -0.07122767
17380988.6166348 0.007379426 -0.111164525 0.11590606 -0.100901045 0.000689648 0.9927798 -0.064860165
17431005.6166348 0.0127893 -0.1150041 0.11663642 -0.09604137 0.0041323425 0.993588 -0.059514724
17481022.6166348 0.018966531 -0.116751246 0.11637842 -0.090087004 0.005749238 0.99440897 -0.054791927
17531039.6166348 0.027207369 -0.11656851 0.11551529 -0.08179508 0.006688992 0.9953058 -0.051295538
17581057.6166348 0.034108683 -0.11414266 0.1155581 -0.070173904 0.0038963992 0.99629307 -0.04960476
17631074.6166348 0.04084516 -0.110775135 0.11479338 -0.059239782 0.0011138493 0.99702185 -0.049364857
17681091.6166348 0.04594363 -0.10517883 0.11422336 -0.04922288 -0.002641656 0.99744844 -0.051641386
17731108.6166348 0.05045442 -0.098176725 0.11410497 -0.041119028 -0.007709279 0.9975581 -0.055925723
17781126.6166348 0.052741796 -0.09100266 0.114038855 -0.030001974 -0.011470325 0.9975153 -0.06270154
17831143.6166348 0.0544216 -0.08173663 0.11471973 -0.024373518 -0.013260816 0.997222 -0.06912663
17881160.6166348 0.054257132 -0.07572227 0.11505295 -0.02558708 -0.013574051 0.9964427 -0.07914009
17931177.6166348 0.05398131 -0.06984011 0.115260296 -0.03231807 -0.010628098 0.9955598 -0.08776823
17981195.6166348 0.051550794 -0.06469935 0.11444932 -0.03952438 -0.0065922127 0.9947589 -0.09407049
18031212.6166348 0.048474185 -0.063146025 0.11380432 -0.04819261 -0.0018487449 0.9937409 -0.10076289
18081229.6166348 0.045305096 -0.062594995 0.113099724 -0.058134023 0.0034957493 0.9928459 -0.10423683
18131246.6166348 0.042561494 -0.06476994 0.112022124 -0.068377905 0.0091223065 0.9919454 -0.10623387
18181264.6166348 0.0389772 -0.069135584 0.11207834 -0.07612016 0.014143879 0.9911448 -0.1078785
18231281.6166348 0.03770251 -0.075447135 0.11179215 -0.08437154 0.018219171 0.9904081 -0.10789473
18281298.6166348 0.037602652 -0.081664935 0.111352645 -0.09035264 0.01995168 0.9902246 -0.10437293
18331315.6166348 0.036271684 -0.088715 0.11086891 -0.09145086 0.02038044 0.99064136 -0.09925289
18381332.6166348 0.037128247 -0.095672704 0.11043313 -0.094429135 0.02057535 0.99099505 -0.09267511
18431350.6166348 0.038834885 -0.102460764 0.10954881 -0.09668319 0.020022184 0.99149036 -0.08484297
18481367.6166348 0.042319097 -0.1097235 0.10879858 -0.09711684 0.019475106 0.99201053 -0.07812917
18531384.6166348 0.04728775 -0.11501941 0.10845469 -0.095648736 0.018449105 0.9926947 -0.07119246
18581401.6166348 0.05334079 -0.11967334 0.108540386 -0.093796134 0.014480509 0.9932408 -0.0668237
18631419.6166348 0.05974267 -0.12195665 0.108475834 -0.08941917 0.01042831 0.99390733 -0.06358943
18681436.6166348 0.0656181 -0.12131408 0.10782882 -0.08349816 0.0041066688 0.99471223 -0.05965597
18731453.6166348 0.072840296 -0.11989685 0.10827247 -0.07775273 -0.0007001874 0.995256 -0.05847711
18781470.6166348 0.08024109 -0.11767977 0.10729252 -0.070454955 -0.005806416 0.9958084 -0.05803517
18831488.6166348 0.08629282 -0.11371517 0.10657299 -0.06245808 -0.011471936 0.99619883 -0.059626292
18881505.6166348 0.0919294 -0.10747992 0.10570618 -0.054928347 -0.015849119 0.99646026 -0.06163418
18931522.6166348 0.09561284 -0.10009667 0.10563649 -0.04700456 -0.020226143 0.99653 -0.06564686
18981539.6166348 0.09890276 -0.091395445 0.1055924 -0.0406399 -0.022840988 0.9964661 -0.06987191
19031556.6166348 0.10135376 -0.08276324 0.10805015 -0.03986569 -0.024169225 0.99590415 -0.077470124
19081574.6166348 0.10120135 -0.07451157 0.10757794 -0.041611858 -0.023270665 0.9953158 -0.084103785
19131591.6166348 0.10084821 -0.066929765 0.10785456 -0.04650323 -0.021855282 0.9946656 -0.089443706
19181608.6166348 0.09920416 -0.06151999 0.10768226 -0.05470837 -0.018473852 0.9937445 -0.0955912
19231625.6166348 0.09682087 -0.05873169 0.107604995 -0.063304715 -0.0149888005 0.99266076 -0.101943746
19281643.6166348 0.093524724 -0.057407267 0.10654392 -0.07270378 -0.011552221 0.9916552 -0.10583397
19331660.6166348 0.08987495 -0.05766636 0.10572258 -0.08422771 -0.007492751 0.9905611 -0.107880525
19381677.6166348 0.0867246 -0.060359642 0.10503824 -0.096260354 -0.00342756 0.9893294 -0.10931429
19431694.6166348 0.08356511 -0.06465286 0.10455495 -0.10664968 -0.00025273775 0.98830384 -0.1090019
19481712.6166348 0.08158561 -0.0705775 0.10324022 -0.117317595 0.0008402679 0.98729235 -0.10719041
19531729.6166348 0.08021707 -0.07664939 0.10271841 -0.12506479 0.002317173 0.9867093 -0.103721336
19581746.6166348 0.0794274 -0.08284087 0.10160882 -0.12955825 0.0011794434 0.9867696 -0.09746326
19631763.6166348 0.08154806 -0.08872443 0.100994006 -0.1345065 0.00012392824 0.98681253 -0.09004995
19681781.6166348 0.0835799 -0.095779836 0.10007938 -0.13757303 -0.0018513631 0.9869202 -0.084016666
19731798.6166348 0.08720208 -0.10068718 0.10027837 -0.13969493 -0.0047892593 0.9871872 -0.07696675
19781815.6166348 0.09240274 -0.10599652 0.10043437 -0.14060321 -0.0074331313 0.9874035 -0.07217885
19831832.6166348 0.09867305 -0.108905934 0.10095484 -0.14058794 -0.010705516 0.9877072 -0.06749043
19881849.6166348 0.10630954 -0.11066426 0.10142577 -0.13725853 -0.015389308 0.988357 -0.06382661
19931867.6166348 0.112806514 -0.11066081 0.10184193 -0.13104275 -0.020973563 0.9892218 -0.061872393
19981884.6166348 0.12133112 -0.10948204 0.10124233 -0.12697358 -0.026845727 0.98962265 -0.061678078
20031901.6166348 0.12840512 -0.10655786 0.10228146 -0.12173235 -0.031266738 0.9900803 -0.06280712
20081918.6166348 0.13544783 -0.10347737 0.10261121 -0.116658226 -0.03559498 0.9903338 -0.06605202
20131936.6166348 0.14187026 -0.09800189 0.102016985 -0.11123637 -0.040556103 0.9906391 -0.067940354
20181953.6166348 0.1467702 -0.09222641 0.10171829 -0.10566126 -0.04379009 0.9908706 -0.07136973
20231970.6166348 0.15127139 -0.08528451 0.101589136 -0.10347159 -0.04648056 0.9907586 -0.07436831
20281987.6166348 0.15456247 -0.079688765 0.101969466 -0.102044605 -0.047590073 0.99043226 -0.07978732
20332005.6166348 0.15526852 -0.07195001 0.10342066 -0.10149244 -0.047272604 0.99013704 -0.084221564
20382022.6166348 0.15521212 -0.06591654 0.102771945 -0.10402457 -0.046381053 0.9894792 -0.08921192
20432039.6166348 0.1541734 -0.061147284 0.102530845 -0.10991687 -0.04211854 0.98848265 -0.09511299
20482056.6166348 0.15229967 -0.058488265 0.10235654 -0.11874443 -0.03931831 0.98691356 -0.10176244
20532073.6166348 0.15008411 -0.055559296 0.10239486 -0.13016437 -0.034854632 0.9851231 -0.10665321
20582091.6166348 0.14695105 -0.055303648 0.10215352 -0.14133556 -0.031824816 0.98311514 -0.11178592
20632108.6166348 0.14550959 -0.05614162 0.10199567 -0.15355915 -0.02684546 0.981126 -0.114414215
20682125.6166348 0.14320575 -0.05785306 0.101190925 -0.16440694 -0.023727564 0.97951704 -0.11381457
20732142.6166348 0.14204744 -0.062548414 0.10036069 -0.17542751 -0.019814527 0.9777441 -0.11335387
20782160.6166348 0.14202659 -0.06728021 0.097537145 -0.18538097 -0.018704602 0.9764695 -0.10858828
20832177.6166348 0.14182013 -0.07247608 0.09584949 -0.18975519 -0.017667802 0.9761637 -0.10385266
20882194.6166348 0.14199428 -0.0793964 0.09333617 -0.19012752 -0.020036964 0.9764603 -0.09987701
20932211.6166348 0.14446576 -0.08416752 0.091646634 -0.18949768 -0.02206181 0.97720146 -0.093173645
20982229.6166348 0.14798431 -0.08861885 0.090738386 -0.18645442 -0.02517726 0.9782757 -0.08704883
21032246.6166348 0.15184015 -0.09273159 0.09102899 -0.18270923 -0.029396465 0.97928375 -0.082198456
21082263.6166348 0.15738343 -0.09610389 0.090781234 -0.17929447 -0.03280312 0.98010814 -0.07852078
21132280.6166348 0.16246547 -0.09850135 0.091031514 -0.17441647 -0.03716946 0.981038 -0.07590789
21182298.6166348 0.16892053 -0.09998704 0.09222208 -0.169023 -0.042656347 0.9818194 -0.07511583
21232315.6166348 0.17412284 -0.098933116 0.0932907 -0.16231823 -0.04728494 0.982796 -0.074357264
21282332.6166348 0.17935422 -0.096981116 0.09459559 -0.15456246 -0.05159671 0.98381716 -0.074511714
21332349.6166348 0.18471 -0.094516926 0.09536339 -0.14656731 -0.05695941 0.98470944 -0.074973315
21382366.6166348 0.18829416 -0.09074017 0.09699045 -0.13826682 -0.061870977 0.9854942 -0.07652151
21432384.6166348 0.18953145 -0.086061396 0.09837682 -0.13075744 -0.06632262 0.9860589 -0.0786877
21482401.6166348 0.19090815 -0.08068708 0.0992582 -0.12702002 -0.0683327 0.9862777 -0.08032999
21532418.6166348 0.18986306 -0.076176494 0.1009347 -0.12548868 -0.070197895 0.98606616 -0.083657205
21582435.6166348 0.18605892 -0.070246845 0.10193664 -0.12465503 -0.0704766 0.98599803 -0.085452236
21632453.6166348 0.18445997 -0.066237554 0.102641575 -0.12960337 -0.06909776 0.9852029 -0.08833877
21682470.6166348 0.18283044 -0.061975405 0.10294558 -0.13645448 -0.06688949 0.9842809 -0.08998449
21732487.6166348 0.17767105 -0.060676675 0.10246393 -0.14021538 -0.064831704 0.98355144 -0.09361144
21782504.6166348 0.17374206 -0.060440883 0.10281854 -0.14618678 -0.06111931 0.982659 -0.09630782
21832522.6166348 0.16894908 -0.061350167 0.10001552 -0.15287355 -0.056729794 0.9819089 -0.0962616
21882539.6166348 0.16532198 -0.064560525 0.099662974 -0.16051054 -0.05331486 0.98090416 -0.09602542
21932556.6166348 0.162034 -0.06882635 0.09766294 -0.16694322 -0.05045392 0.9801435 -0.0943562
21982573.6166348 0.15989292 -0.074711464 0.096003585 -0.17416936 -0.048052456 0.979171 -0.09262981
22032590.6166348 0.15735881 -0.07981023 0.09380506 -0.17799214 -0.04716427 0.9788986 -0.08861122
22082608.6166348 0.1558509 -0.08596242 0.09320804 -0.18040068 -0.04659643 0.97871834 -0.08599334
22132625.6166348 0.15522553 -0.09061731 0.09248899 -0.18220827 -0.0463878 0.9787811 -0.08146116
22182642.6166348 0.15404005 -0.095684074 0.09242608 -0.18088174 -0.046910487 0.9793029 -0.077763356
22232659.6166348 0.1567716 -0.10074391 0.09301689 -0.18156205 -0.04706343 0.97944754 -0.07418045
22282677.6166348 0.15909441 -0.10487862 0.09426184 -0.17992415 -0.048025187 0.9799146 -0.07133239
22332694.6166348 0.16275688 -0.106967166 0.0960061 -0.17766519 -0.04880929 0.9805355 -0.067844555
22382711.6166348 0.1670936 -0.10787897 0.09692142 -0.17391224 -0.049325395 0.9814088 -0.06448583
22432728.6166348 0.17149292 -0.10767509 0.09970035 -0.16918346 -0.051092427 0.9822914 -0.06221021
22482746.6166348 0.17641449 -0.10612385 0.10161911 -0.16271746 -0.05206171 0.983413 -0.06092292
22532763.6166348 0.18217444 -0.10466254 0.10355987 -0.15692209 -0.05274462 0.98426294 -0.06180591
22582780.6166348 0.18682626 -0.100087404 0.10546315 -0.15008973 -0.052856106 0.98524123 -0.0630794
22632797.6166348 0.19003084 -0.09576381 0.108104184 -0.14318399 -0.05386273 0.9859768 -0.06668557
22682815.6166348 0.19280052 -0.090506926 0.1099715 -0.13579813 -0.054458547 0.9867528 -0.07008646
22732832.6166348 0.19346607 -0.08588539 0.11114768 -0.12938945 -0.05520748 0.987257 -0.07439188
22782849.6166348 0.19484673 -0.08126248 0.112543344 -0.12565027 -0.056239557 0.987371 -0.078406826
22832866.6166348 0.19432546 -0.07558671 0.112660095 -0.11922932 -0.056035135 0.9880521 -0.07998452
22882883.6166348 0.19231623 -0.07082854 0.11289734 -0.11142712 -0.05474806 0.98890525 -0.08156681
22932901.6166348 0.19037566 -0.067764655 0.11315602 -0.10648549 -0.053420164 0.9893456 -0.08368065
22982918.6166348 0.18661249 -0.063352 0.11248906 -0.10185992 -0.04798068 0.9900819 -0.084025085
23032935.6166348 0.183569 -0.06238927 0.110290706 -0.10058079 -0.04215179 0.9902883 -0.08623106
23082952.6166348 0.17992221 -0.06262923 0.107837126 -0.10364187 -0.035435002 0.9899952 -0.088951066
23132970.6166348 0.17395304 -0.06405899 0.105248354 -0.10960289 -0.02859271 0.9892489 -0.0925006
23182987.6166348 0.16768922 -0.067011125 0.10240328 -0.11903651 -0.021486599 0.9880491 -0.0955386
23233004.6166348 0.16245846 -0.07146061 0.1005358 -0.12843946 -0.013882289 0.98659945 -0.099660344
23283021.6166348 0.15755816 -0.07707483 0.099693 -0.13563515 -0.0072697345 0.9853978 -0.102671646
23333039.6166348 0.15433668 -0.08459693 0.09963788 -0.13914055 -0.0019216379 0.98462653 -0.105578735
23383056.6166348 0.1504677 -0.09140164 0.100631446 -0.13856684 0.0020224885 0.9845456 -0.107075185
23433073.6166348 0.14695321 -0.099216186 0.100815855 -0.1353013 0.0044890954 0.9849336 -0.10760669
23483090.6166348 0.14521924 -0.1051299 0.100788586 -0.13195986 0.004872929 0.9857178 -0.10451516
23533107.6166348 0.14551182 -0.10839511 0.10194774 -0.12531708 0.0048983344 0.987131 -0.099217325
23583125.6166348 0.14565054 -0.10988259 0.10232904 -0.11330733 0.0026066913 0.9891942 -0.09300337
23633142.6166348 0.14474243 -0.111312866 0.10334632 -0.098919705 -0.0008786204 0.991133 -0.08871082
23683159.6166348 0.14323042 -0.10946711 0.10402895 -0.08288224 -0.004300962 0.99302685 -0.083724566
23733176.6166348 0.14183582 -0.10580221 0.10399351 -0.070632756 -0.008133772 0.9943191 -0.0792116
23783194.6166348 0.1401056 -0.10089904 0.10327417 -0.05890453 -0.010336588 0.995291 -0.076283835
23833211.6166348 0.13570634 -0.09515798 0.104120374 -0.045599665 -0.013743628 0.99599767 -0.07563408
23883228.6166348 0.12989853 -0.086942405 0.104300745 -0.03318303 -0.015016807 0.9964547 -0.07583831
23933245.6166348 0.12385826 -0.08037098 0.10512945 -0.023673614 -0.015350682 0.99640703 -0.07985615
23983263.6166348 0.116780035 -0.07154272 0.1058602 -0.016088061 -0.012601 0.99632424 -0.08318896
24033280.6166348 0.10766562 -0.064543605 0.10649333 -0.011445497 -0.008156234 0.9959769 -0.08850119
24083297.6166348 0.09687683 -0.059050724 0.10659889 -0.010545762 -0.0032028493 0.9954295 -0.0948614
24133314.6166348 0.08704029 -0.05503664 0.10610153 -0.013304919 0.004103264 0.9948261 -0.10063469
24183332.6166348 0.07586668 -0.052713025 0.106593125 -0.016859837 0.011709013 0.9941732 -0.10582161
24233349.6166348 0.065326534 -0.05317411 0.10583252 -0.023123654 0.019993732 0.99346745 -0.10994598
24283366.6166348 0.05598286 -0.054947235 0.105423704 -0.031137759 0.028017618 0.99303097 -0.11015945
24333383.6166348 0.047458887 -0.05942868 0.10466246 -0.03797547 0.034850024 0.9927667 -0.10843267
24383400.6166348 0.04034153 -0.06630556 0.1034756 -0.043456174 0.03895943 0.9927934 -0.10466631
24433418.6166348 0.033963617 -0.07253968 0.101214565 -0.046810474 0.041787 0.993237 -0.09768783
24483435.6166348 0.02760886 -0.080711104 0.09981293 -0.04946041 0.04276766 0.99363846 -0.091691256
24533452.6166348 0.02565014 -0.090630494 0.09881148 -0.053331155 0.04502703 0.9936959 -0.08773151
24583469.6166348 0.024699025 -0.099165216 0.097526364 -0.0510977 0.04548816 0.9942964 -0.081820786
24633487.6166348 0.024774997 -0.10727035 0.09653473 -0.047387827 0.044836458 0.99484056 -0.077693954
24683504.6166348 0.027900688 -0.11251878 0.095916264 -0.042587724 0.044954732 0.99548864 -0.07188742
24733521.6166348 0.030960973 -0.11645498 0.09522113 -0.03407644 0.042798113 0.99627346 -0.06668132
24783538.6166348 0.03538977 -0.11833672 0.09363328 -0.026086371 0.039877664 0.99698335 -0.061265737
24833556.6166348 0.039737474 -0.11818488 0.09154793 -0.016557757 0.036921117 0.99758977 -0.056368634
24883573.6166348 0.04395269 -0.11519951 0.08935443 -0.007428102 0.034584627 0.9980085 -0.052228283
24933590.6166348 0.046587516 -0.11329853 0.08812972 0.0029547112 0.03327581 0.9980448 -0.05282637
24983607.6166348 0.049107116 -0.108082816 0.08550105 0.014458476 0.032560747 0.9979107 -0.053898398
25033625.6166348 0.050765175 -0.101384245 0.08426119 0.02399227 0.03234671 0.99746853 -0.0586065
25083642.6166348 0.05040804 -0.094340645 0.083526015 0.030954568 0.032565847 0.9968184 -0.06583577
25133659.6166348 0.051397827 -0.08518865 0.08358831 0.03308364 0.035431072 0.99616706 -0.07281037
25183676.6166348 0.048665226 -0.07748564 0.08309559 0.034007497 0.037339773 0.99542063 -0.08116094
25233693.6166348 0.044410355 -0.07079051 0.08238098 0.03232352 0.038665783 0.9946652 -0.09000808
25283711.6166348 0.038317107 -0.06326362 0.08172082 0.02710064 0.03985538 0.9942189 -0.095947966
25333728.6166348 0.03073968 -0.058540717 0.080997504 0.019520266 0.04041735 0.99381715 -0.101552665
25383745.6166348 0.024094008 -0.05542712 0.079709224 0.00983567 0.040422752 0.99360055 -0.10501069
25433762.6166348 0.015960293 -0.054864287 0.077998534 0.0011808955 0.039157875 0.99346024 -0.1072476
25483780.6166348 0.007674069 -0.055927265 0.07602846 -0.008198701 0.036971428 0.9935265 -0.107102826
25533797.6166348 -0.0009459866 -0.05996099 0.074873604 -0.017489024 0.03258958 0.99358654 -0.1068548
25583814.6166348 -0.009577218 -0.064130865 0.073456 -0.023573209 0.028156245 0.99401855 -0.10285283
25633831.6166348 -0.015031513 -0.07148304 0.07132416 -0.030637896 0.024557844 0.99428326 -0.09929291
25683849.6166348 -0.020520734 -0.07870861 0.068472415 -0.036702942 0.021542987 0.9948368 -0.09213343
25733866.6166348 -0.024564276 -0.08695688 0.06546412 -0.04220354 0.018263822 0.99537176 -0.08438286
25783883.6166348 -0.025803726 -0.09566581 0.062638514 -0.045007527 0.017384915 0.99596226 -0.07570466
25833900.6166348 -0.02522627 -0.10449416 0.059164234 -0.045599915 0.017745258 0.9965763 -0.06664366
25883917.6166348 -0.023097008 -0.111686036 0.055268653 -0.043819577 0.019109948 0.99722975 -0.05698665
25933935.6166348 -0.018756641 -0.11850755 0.050964046 -0.04072557 0.02382125 0.99769884 -0.04869328
25983952.6166348 -0.01234386 -0.1222193 0.048946925 -0.035405476 0.029388892 0.9980682 -0.041744635
26033969.6166348 -0.0060448986 -0.12541065 0.047941055 -0.02591746 0.035876494 0.9982906 -0.038171735
26083986.6166348 0.0011962459 -0.12574922 0.04713266 -0.014707407 0.04301498 0.9983294 -0.03566303
26134004.6166348 0.007726732 -0.124835506 0.046546973 -0.0005601822 0.048985325 0.99817204 -0.035393562
