# timestamp[secs] tx ty tz qx qy qz qw
0.02500861663479924 -0.0 -0.0 -0.0 -0.0 -0.0 -0.0 1.0
0.07502561663479924 -0.0 -0.0 -0.0 -0.0 -0.0 -0.0 1.0
0.12504261663479924 -0.0 -0.0 -0.0 -0.0 -0.0 -0.0 1.0
0.17506061663479922 -0.0 -0.0 -0.0 -0.0 -0.0 -0.0 1.0
0.22507761663479922 -0.0 -0.0 -0.0 -0.0 -0.0 -0.0 1.0
0.2750946166347992 -0.0 -0.0 -0.0 -0.0 -0.0 -0.0 1.0
0.3251116166347992 -0.0015612588031217456 -0.010631930083036423 0.0012562369229272008 0.0019129402935504913 -0.004488603677600622 0.002660268684849143 0.999984622001648
0.37512861663479924 -0.0015612588031217456 -0.010631930083036423 0.0012562369229272008 0.0019129402935504913 -0.004488603677600622 0.002660268684849143 0.999984622001648
0.42514661663479925 -0.0015612588031217456 -0.010631930083036423 0.0012562369229272008 0.0019129402935504913 -0.004488603677600622 0.002660268684849143 0.999984622001648
0.4751636166347992 -0.0015612588031217456 -0.010631930083036423 0.0012562369229272008 0.0019129402935504913 -0.004488603677600622 0.002660268684849143 0.999984622001648
0.5251806166347992 0.01363169401884079 -0.023586442694067955 -0.0007222123676910996 0.0030108506325632334 0.0003949031815864146 0.011027594096958637 0.9999346137046814
0.5751976166347992 0.01363169401884079 -0.023586442694067955 -0.0007222123676910996 0.0030108506325632334 0.0003949031815864146 0.011027594096958637 0.9999346137046814
0.6252156166347992 0.023236708715558052 -0.02579997293651104 -0.0017509564058855176 0.006123347207903862 0.012279455550014973 0.012425157241523266 0.9998286962509155
0.6752326166347992 0.023236708715558052 -0.02579997293651104 -0.0017509564058855176 0.006123347207903862 0.012279455550014973 0.012425157241523266 0.9998286962509155
0.7252496166347991 0.03122403845191002 -0.025442296639084816 -0.002252614591270685 0.00759504409506917 0.026247946545481682 0.01026905607432127 0.9995738863945007
0.7752666166347991 0.03122403845191002 -0.025442296639084816 -0.002252614591270685 0.00759504409506917 0.026247946545481682 0.01026905607432127 0.9995738863945007
0.8252846166347991 0.03122403845191002 -0.025442296639084816 -0.002252614591270685 0.00759504409506917 0.026247946545481682 0.01026905607432127 0.9995738863945007
0.8753016166347992 0.03854147717356682 -0.016789276152849197 -0.001243022968992591 0.003774089040234685 0.041594792157411575 0.0028196510393172503 0.9991235136985779
0.9253186166347992 0.03854147717356682 -0.016789276152849197 -0.001243022968992591 0.003774089040234685 0.041594792157411575 0.0028196510393172503 0.9991235136985779
0.9753356166347992 0.03800445422530174 -0.004647515714168549 0.004199590999633074 -0.0033059094566851854 0.0435294546186924 -0.0015307724243029952 0.9990455508232117
1.0253526166347993 0.03800445422530174 -0.004647515714168549 0.004199590999633074 -0.0033059094566851854 0.0435294546186924 -0.0015307724243029952 0.9990455508232117
1.0753706166347992 0.032010242342948914 0.007006682921200991 0.007648261729627848 -0.012181384488940239 0.04040474072098732 -0.010191891342401505 0.9990571737289429
1.1253876166347991 0.02871341072022915 0.010141775943338871 0.008722785860300064 -0.017861809581518173 0.03729826584458351 -0.012953391298651695 0.9990605711936951
1.1754046166347991 0.024874692782759666 0.013727338053286076 0.008530965074896812 -0.020927028730511665 0.03352224826812744 -0.016910165548324585 0.9990757703781128
1.225421616634799 0.018057364970445633 0.01962922513484955 0.010124735534191132 -0.02162621170282364 0.031434495002031326 -0.020137716084718704 0.9990689158439636
1.2754396166347992 0.012493553571403027 0.0230222400277853 0.008460228331387043 -0.020471889525651932 0.027022717520594597 -0.022029872983694077 0.999182403087616
1.3254566166347992 0.009937804192304611 0.019976472482085228 0.005318693351000547 -0.016168495640158653 0.022829603403806686 -0.02536211721599102 0.9992868304252625
1.3754736166347992 0.002019888022914529 0.020286913961172104 0.004861312918365002 -0.01730070449411869 0.01805712841451168 -0.02817358821630478 0.9992902278900146
1.4254906166347991 -0.005249635316431522 0.019835039973258972 0.006051196251064539 -0.01791413128376007 0.012113097123801708 -0.030391711741685867 0.9993041157722473
1.4755086166347993 -0.010670650750398636 0.017352841794490814 0.006165221333503723 -0.01837453432381153 0.004810343962162733 -0.030041705816984177 0.9993681907653809
1.5255256166347992 -0.017652209848165512 0.01291702501475811 0.006849740631878376 -0.019118567928671837 -0.0014758547767996788 -0.030736973509192467 0.9993435740470886
1.5755426166347992 -0.022295253351330757 0.0075017111375927925 0.006022368557751179 -0.018084276467561722 -0.00887959823012352 -0.028437351807951927 0.999392569065094
1.6255596166347992 -0.022611966356635094 0.002670814050361514 0.005462002474814653 -0.0168544203042984 -0.014043903909623623 -0.026788316667079926 0.9994004368782043
1.675577616634799 -0.025885872542858124 -0.004203058313578367 0.0043536340817809105 -0.013402939774096012 -0.019886178895831108 -0.024310657754540443 0.9994167685508728
1.725594616634799 -0.02808566205203533 -0.012067216448485851 0.0025238587986677885 -0.009444992989301682 -0.024687420576810837 -0.021121494472026825 0.9994274973869324
1.7756116166347993 -0.028990071266889572 -0.01865360140800476 0.002653368515893817 -0.004594857804477215 -0.027811892330646515 -0.01763073354959488 0.9994471669197083
1.8256286166347993 -0.029778793454170227 -0.025457516312599182 0.0024585574865341187 0.00012181225611129776 -0.02783072181046009 -0.013796752318739891 0.9995174407958984
1.8756456166347992 -0.028666270896792412 -0.03323265537619591 0.00131668196991086 0.0027148579247295856 -0.028932541608810425 -0.010527933947741985 0.9995222687721252
1.9256636166347991 -0.027156658470630646 -0.040425557643175125 0.0007877512834966183 0.004231647122651339 -0.028110777959227562 -0.007072540931403637 0.9995708465576172
1.975680616634799 -0.022981934249401093 -0.045664966106414795 0.0016204046551138163 0.005685284733772278 -0.02658170275390148 -0.0032541723921895027 0.9996252655982971
2.0256976166347993 -0.01761830784380436 -0.04981344938278198 0.0008941034320741892 0.007664977572858334 -0.024092208594083786 -0.0005571575602516532 0.99968022108078
2.0757146166347993 -0.0126226507127285 -0.05350151285529137 0.0013541796943172812 0.008519335649907589 -0.018874021247029305 0.001024899771437049 0.9997850656509399
2.125732616634799 -0.005833781789988279 -0.054741401225328445 0.0022471677511930466 0.009049246087670326 -0.012943848967552185 0.0021059191785752773 0.9998731017112732
2.1757496166347994 0.0014056105865165591 -0.056983720511198044 0.003307156730443239 0.00668279780074954 -0.00807054340839386 0.0014934750506654382 0.9999440312385559
2.2257666166347994 0.005933123640716076 -0.05572877079248428 0.004258383065462112 0.006011441815644503 -0.0027979156002402306 -0.000657666299957782 0.9999778270721436
2.2757836166347993 0.012213870882987976 -0.05292675271630287 0.005078500136733055 0.004355011973530054 0.0006743663689121604 -0.0024043358862400055 0.9999874234199524
2.325801616634799 0.017332468181848526 -0.049712032079696655 0.0050261905416846275 0.0017926011933013797 0.004884376656264067 -0.0051802401430904865 0.9999730587005615
2.375818616634799 0.02002127096056938 -0.04454318806529045 0.005601098295301199 -0.0010579228401184082 0.00961685087531805 -0.009269043803215027 0.999910295009613
2.425835616634799 0.023109180852770805 -0.03911266103386879 0.006074154749512672 -0.003488041227683425 0.012482431717216969 -0.012940416112542152 0.9998323321342468
2.4758526166347994 0.02535487525165081 -0.03346480801701546 0.0054205856285989285 -0.006197942886501551 0.015470301732420921 -0.01662098988890648 0.999722957611084
2.5258696166347994 0.027499498799443245 -0.026382770389318466 0.006232272367924452 -0.008521543815732002 0.017023174092173576 -0.019857073202729225 0.9996216297149658
2.575887616634799 0.02934017777442932 -0.019867563620209694 0.007311180233955383 -0.011489477008581161 0.017608312889933586 -0.02164086513221264 0.9995447397232056
2.625904616634799 0.02916727028787136 -0.013279741629958153 0.0075004384852945805 -0.014688927680253983 0.01822798140347004 -0.022975869476795197 0.9994619488716125
2.675921616634799 0.027042469009757042 -0.005679795052856207 0.009254100732505322 -0.01756095699965954 0.019550392404198647 -0.026284772902727127 0.9993090629577637
2.725938616634799 0.026224374771118164 0.0017440634546801448 0.010391103103756905 -0.01990756019949913 0.01751364953815937 -0.028463367372751236 0.9992431402206421
2.775956616634799 0.022627804428339005 0.008346488699316978 0.011244789697229862 -0.022841740399599075 0.01633923500776291 -0.03153189271688461 0.9991081357002258
2.825973616634799 0.018222784623503685 0.014674311503767967 0.012121333740651608 -0.024976084008812904 0.012389780953526497 -0.03454224765300751 0.9990143179893494
2.875990616634799 0.012966175563633442 0.018617423251271248 0.012640194967389107 -0.028022974729537964 0.007505446206778288 -0.03746146708726883 0.9988769292831421
2.926007616634799 0.006637002807110548 0.022046776488423347 0.012935178354382515 -0.029382260516285896 0.0013189321616664529 -0.03978082165122032 0.9987755417823792
2.976025616634799 0.0010758647695183754 0.023557906970381737 0.012500785291194916 -0.030562590807676315 -0.0064882212318480015 -0.04190456494688988 0.9986330270767212
3.026042616634799 -0.006668032146990299 0.022763662040233612 0.011936581693589687 -0.031790610402822495 -0.013236509636044502 -0.044243358075618744 0.9984270930290222
3.076059616634799 -0.014257964678108692 0.02005801349878311 0.011399881914258003 -0.03147285431623459 -0.019263651221990585 -0.045401640236377716 0.9982870817184448
3.126076616634799 -0.021226517856121063 0.015469848178327084 0.011154512874782085 -0.03094208799302578 -0.025483418256044388 -0.04587913304567337 0.9981424808502197
3.176094616634799 -0.02702437900006771 0.010854830965399742 0.010555081069469452 -0.028237642720341682 -0.03266914188861847 -0.044497884809970856 0.9980758428573608
3.226111616634799 -0.031827863305807114 0.0034529012627899647 0.01009228453040123 -0.027045344933867455 -0.03849707916378975 -0.04341137036681175 0.997948944568634
3.276128616634799 -0.03601721301674843 -0.003131586592644453 0.008099048398435116 -0.02363995835185051 -0.040647730231285095 -0.04171973094344139 0.9980222582817078
3.326145616634799 -0.038325756788253784 -0.010756215080618858 0.007778629660606384 -0.020690977573394775 -0.04293110966682434 -0.038668204098939896 0.998115062713623
3.376162616634799 -0.04120443016290665 -0.018786968663334846 0.007617972791194916 -0.018023570999503136 -0.04356498643755913 -0.036065466701984406 0.9982367753982544
3.4261806166347992 -0.04119829833507538 -0.026604773476719856 0.007101014722138643 -0.013844652101397514 -0.04546738788485527 -0.03130306676030159 0.9983792901039124
3.476197616634799 -0.039877135306596756 -0.033887118101119995 0.0066354344598948956 -0.009392596781253815 -0.04611755907535553 -0.027247406542301178 0.9985201954841614
3.526214616634799 -0.037656817585229874 -0.04036889225244522 0.0059391590766608715 -0.004418021533638239 -0.04698827490210533 -0.024378705769777298 0.9985881447792053
3.576231616634799 -0.0344310961663723 -0.046805549412965775 0.005647751502692699 -0.0005885285208933055 -0.046156879514455795 -0.022064074873924255 0.9986903667449951
3.6262496166347993 -0.030270423740148544 -0.051160357892513275 0.004228669218719006 0.004124833736568689 -0.044297393411397934 -0.02006417326629162 0.9988083839416504
3.6762666166347993 -0.024526439607143402 -0.055778663605451584 0.002883538603782654 0.006420609541237354 -0.04085071384906769 -0.018411817029118538 0.9989749789237976
3.7262836166347992 -0.018339721485972404 -0.05821385979652405 0.0027128434740006924 0.00875753816217184 -0.03634968400001526 -0.017638159915804863 0.9991451501846313
3.776300616634799 -0.011302579194307327 -0.058825671672821045 0.002167285652831197 0.010010208003222942 -0.03002805821597576 -0.017378387972712517 0.9993478655815125
3.8263186166347993 -0.0027826845180243254 -0.059749241918325424 0.0026277631986886263 0.008721009828150272 -0.02267392911016941 -0.017442813143134117 0.9995527267456055
3.8763356166347993 0.0032788733951747417 -0.058481793850660324 0.004504126962274313 0.007497377227991819 -0.012198707088828087 -0.018052108585834503 0.9997345209121704
3.9263526166347993 0.009930443949997425 -0.05582180991768837 0.0048059504479169846 0.004610476084053516 -0.0013796822167932987 -0.018776340410113335 0.9998121857643127
3.9763696166347993 0.0154426833614707 -0.05201515182852745 0.00545915775001049 0.0006663424428552389 0.009264606051146984 -0.01934955269098282 0.9997696876525879
4.026386616634799 0.019971393048763275 -0.047422487288713455 0.00691783893853426 -0.004151870030909777 0.019287196919322014 -0.019982313737273216 0.9996057152748108
4.076404616634799 0.023289348930120468 -0.04332529753446579 0.007384779863059521 -0.0107664680108428 0.027463342994451523 -0.021130045875906944 0.9993414878845215
4.126421616634799 0.02442966401576996 -0.03804793581366539 0.00899952370673418 -0.017071669921278954 0.035321421921253204 -0.022271499037742615 0.9989819526672363
4.176438616634799 0.025637121871113777 -0.03229568526148796 0.009458186104893684 -0.022958913818001747 0.04063909500837326 -0.022710470482707024 0.998651921749115
4.226455616634799 0.024903561919927597 -0.02719307504594326 0.010688734240829945 -0.02940497361123562 0.043433330953121185 -0.02218172885477543 0.9983771443367004
4.276473616634799 0.021426795050501823 -0.02073650434613228 0.01383194699883461 -0.03482238948345184 0.04469630867242813 -0.021128594875335693 0.9981699585914612
4.326490616634799 0.016870031133294106 -0.016060778871178627 0.014349617063999176 -0.04067843407392502 0.0435611829161644 -0.01822514832019806 0.9980558753013611
4.376507616634799 0.012364845722913742 -0.01235724613070488 0.015208848752081394 -0.04614107683300972 0.03975778818130493 -0.014655024744570255 0.9980358481407166
4.426524616634799 0.006802449934184551 -0.009910326451063156 0.015618693083524704 -0.05149366706609726 0.03530563414096832 -0.009830385446548462 0.9980006814002991
4.4765426166347995 -0.0010390981333330274 -0.007998654618859291 0.01616399735212326 -0.054813139140605927 0.03288053348660469 -0.005789388436824083 0.9979383945465088
4.526559616634799 -0.009381909854710102 -0.007732955273240805 0.017758330330252647 -0.05850059539079666 0.031133700162172318 -6.70783338136971e-05 0.9978017807006836
4.576576616634799 -0.01697188802063465 -0.00819239392876625 0.01954999566078186 -0.060164302587509155 0.02993990294635296 0.007363268174231052 0.997712254524231
4.626593616634799 -0.023659206926822662 -0.009739070199429989 0.02112545445561409 -0.06206177547574043 0.030692648142576218 0.013363112695515156 0.9975107908248901
4.6766116166347995 -0.029944991692900658 -0.01100360881537199 0.022097120061516762 -0.0614381767809391 0.03128565847873688 0.020346064120531082 0.9974130392074585
4.726628616634799 -0.03693150356411934 -0.014760885387659073 0.024599486961960793 -0.06291418522596359 0.0351693332195282 0.026824286207556725 0.9970383048057556
4.7766456166347995 -0.042581018060445786 -0.017544161528348923 0.027609342709183693 -0.06315402686595917 0.04123418405652046 0.03277895599603653 0.9966127276420593
4.826662616634799 -0.047280117869377136 -0.022240497171878815 0.02891354449093342 -0.06458167731761932 0.046844255179166794 0.038120780140161514 0.9960831999778748
4.876679616634799 -0.05163853242993355 -0.02552492544054985 0.031213296577334404 -0.06488542258739471 0.05249962955713272 0.04254988208413124 0.9956018924713135
4.926697616634799 -0.05805182456970215 -0.03021896816790104 0.03393452987074852 -0.06612834334373474 0.058212246745824814 0.045765139162540436 0.9950597882270813
4.9767146166347995 -0.06164165213704109 -0.034826699644327164 0.035821523517370224 -0.06619557738304138 0.061229150742292404 0.0495341494679451 0.9946936964988708
5.026731616634799 -0.0654442235827446 -0.04021560028195381 0.03829572722315788 -0.06663462519645691 0.06332222372293472 0.05226663500070572 0.9943934679031372
5.0767486166347995 -0.06862761080265045 -0.045017026364803314 0.0407792292535305 -0.06549596786499023 0.06413408368825912 0.055841751396656036 0.9942227602005005
5.126766616634799 -0.07133232057094574 -0.05055636167526245 0.04250193014740944 -0.06392861902713776 0.06475842744112015 0.05869154632091522 0.9941201210021973
5.1767836166348 -0.07176482677459717 -0.05651188641786575 0.04459911584854126 -0.06234566867351532 0.06519176065921783 0.062252722680568695 0.9939757585525513
5.226800616634799 -0.0715828388929367 -0.0627194344997406 0.04573880508542061 -0.0598893016576767 0.06824829429388046 0.0665842592716217 0.9936407804489136
5.2768176166347995 -0.06901759654283524 -0.06866815686225891 0.0469830259680748 -0.05778243765234947 0.07328750938177109 0.06984268873929977 0.993182897567749
5.326835616634799 -0.0675291195511818 -0.07085125148296356 0.04828842356801033 -0.0524124875664711 0.08241340517997742 0.07483773678541183 0.9924013018608093
5.376852616634799 -0.06571196764707565 -0.07382604479789734 0.05001191422343254 -0.048314645886421204 0.09285777062177658 0.07822614163160324 0.9914252161979675
5.426869616634799 -0.06236607953906059 -0.07533345371484756 0.050732098519802094 -0.044009704142808914 0.10227053612470627 0.08139441162347794 0.990443766117096
5.4768866166348 -0.059582047164440155 -0.07501348853111267 0.051135797053575516 -0.040011242032051086 0.11202874034643173 0.08375511318445206 0.9893602728843689
5.526903616634799 -0.05608438700437546 -0.07523521780967712 0.050919584929943085 -0.038535479456186295 0.12086911499500275 0.08471660315990448 0.9882959127426147
5.576921616634799 -0.05455480515956879 -0.0734376534819603 0.05084064602851868 -0.037583138793706894 0.13098110258579254 0.0845550149679184 0.9870572090148926
5.626938616634799 -0.05276216194033623 -0.06961414217948914 0.05041277036070824 -0.03773108124732971 0.1392931193113327 0.0839884951710701 0.9859613180160522
5.676955616634799 -0.0531185083091259 -0.06513362377882004 0.050747886300086975 -0.040322378277778625 0.14621970057487488 0.08293792605400085 0.9849442839622498
5.726972616634799 -0.05380398780107498 -0.061653707176446915 0.05322244018316269 -0.045512605458498 0.1493569314479828 0.08173433691263199 0.9843478202819824
5.776990616634799 -0.05425679311156273 -0.05634111911058426 0.05320826917886734 -0.04790934547781944 0.14627140760421753 0.08226499706506729 0.9846531748771667
5.827007616634799 -0.05654126778244972 -0.051238276064395905 0.05392824113368988 -0.050665054470300674 0.14291061460971832 0.08167112618684769 0.985058069229126
5.877024616634799 -0.06029912456870079 -0.04700521379709244 0.05465897545218468 -0.05365985631942749 0.13932093977928162 0.08105921000242233 0.9854642152786255
5.927041616634799 -0.06438368558883667 -0.042217981070280075 0.055853221565485 -0.05602039024233818 0.13496240973472595 0.08165619522333145 0.9858900308609009
5.977059616634799 -0.06773944199085236 -0.03904760256409645 0.05625000596046448 -0.060049109160900116 0.12869907915592194 0.08218414336442947 0.9864463806152344
6.027076616634799 -0.07207576185464859 -0.0371374748647213 0.057129811495542526 -0.06478655338287354 0.12299361824989319 0.0829581469297409 0.9868096113204956
6.077093616634799 -0.07810121029615402 -0.03404094651341438 0.05848091095685959 -0.06630722433328629 0.11660352349281311 0.08307494223117828 0.9874743223190308
6.127110616634799 -0.08432674407958984 -0.03239952400326729 0.05997210741043091 -0.06730465590953827 0.1102488711476326 0.08229140937328339 0.9882021546363831
6.177128616634799 -0.0906447023153305 -0.03422365337610245 0.06183222681283951 -0.06921201199293137 0.10326027870178223 0.0800739973783493 0.9890071749687195
6.227145616634799 -0.09790362417697906 -0.03545355424284935 0.06344480812549591 -0.0691656544804573 0.09652603417634964 0.07698725908994675 0.9899352788925171
6.277162616634799 -0.10424679517745972 -0.03678499534726143 0.06589339673519135 -0.06952531635761261 0.0894390270113945 0.07434762269258499 0.9907771348953247
6.327179616634799 -0.11067742854356766 -0.03851975128054619 0.06857839226722717 -0.07004380226135254 0.08280917257070541 0.07220857590436935 0.9914749264717102
6.377196616634799 -0.11658132076263428 -0.041014619171619415 0.07098503410816193 -0.07042239606380463 0.07387657463550568 0.06989870220422745 0.9923191070556641
6.427214616634799 -0.12034566700458527 -0.0452628992497921 0.0730602964758873 -0.07115733623504639 0.06527185440063477 0.06893174350261688 0.9929373860359192
6.477231616634799 -0.1224089190363884 -0.05035676807165146 0.07452867925167084 -0.07108418643474579 0.06199852004647255 0.06781916320323944 0.9932289719581604
6.527248616634799 -0.12353439629077911 -0.05653627961874008 0.07536856085062027 -0.06924549490213394 0.06110906973481178 0.06683877110481262 0.9934804439544678
6.577265616634799 -0.1252419650554657 -0.06257699429988861 0.07757242769002914 -0.06556501239538193 0.06101211532950401 0.0665719211101532 0.993753969669342
6.6272836166347995 -0.12473350018262863 -0.06951568275690079 0.07833092659711838 -0.06207440420985222 0.06183810159564018 0.06643794476985931 0.9939360022544861
6.677300616634799 -0.12323786318302155 -0.07538751512765884 0.07909660041332245 -0.057109348475933075 0.06532160937786102 0.06636624783277512 0.9940156936645508
6.727317616634799 -0.12164319306612015 -0.08149511367082596 0.07985582947731018 -0.05288585647940636 0.0691215842962265 0.06739122420549393 0.9939234256744385
6.777334616634799 -0.1186087504029274 -0.08538780361413956 0.08003079146146774 -0.04739248380064964 0.07438604533672333 0.06883067637681961 0.9937217831611633
6.8273526166347995 -0.1141776442527771 -0.08833720535039902 0.07939186692237854 -0.04291369020938873 0.08266054093837738 0.0704762190580368 0.9931559562683105
6.877369616634799 -0.10944399237632751 -0.09047069400548935 0.07885284721851349 -0.03955961763858795 0.0926099494099617 0.07193855196237564 0.9923121333122253
6.9273866166347995 -0.10361742228269577 -0.09032941609621048 0.07738339155912399 -0.036782145500183105 0.10158907622098923 0.07304973155260086 0.9914587736129761
6.977403616634799 -0.09836794435977936 -0.0904182568192482 0.07542531192302704 -0.03590705245733261 0.11106833815574646 0.07513881474733353 0.9903174638748169
7.027420616634799 -0.09470944106578827 -0.08766968548297882 0.074182890355587 -0.03627575561404228 0.12146031111478806 0.07484167069196701 0.9891058206558228
7.077438616634799 -0.09081542491912842 -0.08477310091257095 0.07190810889005661 -0.03874976187944412 0.13079285621643066 0.0770440325140953 0.9876517653465271
7.1274556166347995 -0.08801455795764923 -0.0795649066567421 0.07010380178689957 -0.04162318632006645 0.1396312564611435 0.07782822847366333 0.986262321472168
7.177472616634799 -0.08559723198413849 -0.07465104758739471 0.0693398118019104 -0.04659295082092285 0.1469792127609253 0.07939762622117996 0.984846293926239
7.2274896166347995 -0.08488711714744568 -0.06917747110128403 0.06903011351823807 -0.05193765461444855 0.15409599244594574 0.08111589401960373 0.9833499789237976
7.277507616634799 -0.08414505422115326 -0.06243940070271492 0.06845832616090775 -0.0567534938454628 0.15811879932880402 0.0829099714756012 0.9822949767112732
7.3275246166348 -0.08542371541261673 -0.05675265192985535 0.07003878802061081 -0.06258045136928558 0.16143757104873657 0.08416958153247833 0.9812936186790466
7.377541616634799 -0.08599209785461426 -0.05139191448688507 0.069879449903965 -0.06812266260385513 0.16009344160556793 0.08700691908597946 0.9808971285820007
7.4275586166347995 -0.0888306200504303 -0.046139348298311234 0.0714370608329773 -0.07254472374916077 0.1587267518043518 0.08984741568565369 0.9805460572242737
7.477576616634799 -0.09148438274860382 -0.04083419591188431 0.07138796150684357 -0.07525411993265152 0.1548137068748474 0.0925985723733902 0.9807115197181702
7.527593616634799 -0.09445652365684509 -0.036747824400663376 0.07191040366888046 -0.07746769487857819 0.14945288002490997 0.09480556845664978 0.9811598658561707
7.577610616634799 -0.1000758707523346 -0.03368847817182541 0.07423602789640427 -0.07926427572965622 0.14479288458824158 0.09663844853639603 0.9815362095832825
7.6276276166348 -0.10549599677324295 -0.03266322985291481 0.0766996219754219 -0.08076757937669754 0.1382899433374405 0.09742072224617004 0.9822738170623779
7.677645616634799 -0.11166302859783173 -0.03207901492714882 0.07914700359106064 -0.08128106594085693 0.13251420855522156 0.09641777724027634 0.9831261038780212
7.727662616634799 -0.11758505553007126 -0.03164822608232498 0.0809963196516037 -0.08081734925508499 0.12655293941497803 0.09426803141832352 0.9841578006744385
7.777679616634799 -0.12388122081756592 -0.03188270702958107 0.08398568630218506 -0.08030577003955841 0.12174578011035919 0.09244437515735626 0.9849786758422852
7.827696616634799 -0.13033004105091095 -0.03383931517601013 0.08587279915809631 -0.0805424153804779 0.11532856523990631 0.08924134075641632 0.9860265254974365
7.877713616634799 -0.13544423878192902 -0.03646230697631836 0.08854786306619644 -0.08082687109708786 0.10757112503051758 0.08645210415124893 0.9871279001235962
7.927731616634799 -0.14043164253234863 -0.04040639102458954 0.09186939150094986 -0.08166749030351639 0.1004907414317131 0.08300527930259705 0.9881002902984619
7.977748616634799 -0.14552882313728333 -0.04621812701225281 0.09415515512228012 -0.08247900754213333 0.09535754472017288 0.07971038669347763 0.9888126850128174
8.027765616634799 -0.14825394749641418 -0.05174601078033447 0.09557138383388519 -0.08051136136054993 0.09033112227916718 0.07674533873796463 0.9896810054779053
8.0777826166348 -0.15090851485729218 -0.05949718505144119 0.09805389493703842 -0.08084803074598312 0.08691553771495819 0.0737418457865715 0.9901876449584961
8.127800616634799 -0.1531023383140564 -0.06486614793539047 0.10084041953086853 -0.07748323678970337 0.0849856436252594 0.07097060233354568 0.990826427936554
8.1778176166348 -0.15380924940109253 -0.0718119889497757 0.10177174210548401 -0.07427748292684555 0.08317221701145172 0.07006444782018661 0.9912901520729065
8.2278346166348 -0.15384897589683533 -0.07879149168729782 0.10283659398555756 -0.0711418017745018 0.08339347690343857 0.06848687678575516 0.9916117787361145
8.277851616634798 -0.15174263715744019 -0.08445652574300766 0.10279183834791183 -0.06611043959856033 0.08420521765947342 0.06881971657276154 0.9918683171272278
8.3278696166348 -0.14830227196216583 -0.09056941419839859 0.10233985632658005 -0.06210976094007492 0.08610349148511887 0.07008450478315353 0.991875410079956
8.377886616634799 -0.14510922133922577 -0.09509588778018951 0.10195186734199524 -0.057354383170604706 0.0900256335735321 0.07182064652442932 0.9916893839836121
8.427903616634799 -0.14109653234481812 -0.09873508661985397 0.10111798346042633 -0.05375244840979576 0.09640322625637054 0.07381484657526016 0.9911450743675232
8.4779206166348 -0.13587085902690887 -0.10128768533468246 0.09966056793928146 -0.05066399648785591 0.103327177464962 0.07643995434045792 0.9904108643531799
8.5279376166348 -0.13092800974845886 -0.1020093485713005 0.09836634993553162 -0.04813547432422638 0.11088596284389496 0.07751189172267914 0.9896358847618103
8.5779556166348 -0.12516553699970245 -0.1011529415845871 0.09677810966968536 -0.04625622183084488 0.11877724528312683 0.07877053320407867 0.9887100458145142
8.6279726166348 -0.12071513384580612 -0.10045915096998215 0.09437020123004913 -0.04606888070702553 0.12738561630249023 0.07992372661828995 0.9875539541244507
8.677989616634799 -0.11612024158239365 -0.09837155044078827 0.09236166626214981 -0.04698566719889641 0.13539154827594757 0.08082225173711777 0.9863717555999756
8.728006616634799 -0.11246883124113083 -0.09475643932819366 0.09016614407300949 -0.04786515608429909 0.14329925179481506 0.08128548413515091 0.9851735830307007
8.778024616634799 -0.1086726039648056 -0.09034955501556396 0.0867539793252945 -0.04960508644580841 0.14938871562480927 0.0810982808470726 0.9841979146003723
8.828041616634799 -0.10701988637447357 -0.08547496050596237 0.08521801978349686 -0.0531604178249836 0.15616543591022491 0.07994461059570312 0.9830540418624878
8.8780586166348 -0.10511784255504608 -0.07906719297170639 0.08333250880241394 -0.056481730192899704 0.16047918796539307 0.08001095056533813 0.9821683168411255
8.9280756166348 -0.10480491071939468 -0.07277905941009521 0.08248196542263031 -0.060726311057806015 0.16389122605323792 0.07918661832809448 0.9814181327819824
8.9780936166348 -0.10602936893701553 -0.0659799873828888 0.0824480727314949 -0.06389257311820984 0.1663949191570282 0.07873614877462387 0.9808319211006165
9.0281106166348 -0.10687080025672913 -0.05893660709261894 0.08124498277902603 -0.06494486331939697 0.16325752437114716 0.07846903055906296 0.9813112616539001
9.078127616634799 -0.11024295538663864 -0.052504029124975204 0.08083370327949524 -0.06553905457258224 0.16072751581668854 0.07778040319681168 0.9817441701889038
9.128144616634799 -0.11342287063598633 -0.0462946742773056 0.08089093118906021 -0.0663456842303276 0.15697257220745087 0.07710380852222443 0.9823507070541382
9.178162616634799 -0.11880835145711899 -0.04133814200758934 0.08097954839468002 -0.06756338477134705 0.15415045619010925 0.07627611607313156 0.9827791452407837
9.2281796166348 -0.12399636209011078 -0.03573624789714813 0.08229412883520126 -0.06799237430095673 0.1477508395910263 0.07493013143539429 0.9838354587554932
9.2781966166348 -0.13037608563899994 -0.033533837646245956 0.08316314965486526 -0.07120320945978165 0.138943612575531 0.07288637012243271 0.9850443005561829
9.3282136166348 -0.1370864361524582 -0.031318631023168564 0.08486411720514297 -0.07370197027921677 0.12986932694911957 0.07137230038642883 0.9862089157104492
9.378230616634799 -0.1446605920791626 -0.030450915917754173 0.08680734038352966 -0.07714225351810455 0.12147792428731918 0.06919948756694794 0.9871695637702942
9.428248616634798 -0.1528800129890442 -0.030955005437135696 0.09044771641492844 -0.08044415712356567 0.1108480915427208 0.06509247422218323 0.9884353876113892
9.478265616634799 -0.16079336404800415 -0.03300635889172554 0.09193753451108932 -0.08258974552154541 0.10037456452846527 0.06015142425894737 0.9896897077560425
9.5282826166348 -0.1682407557964325 -0.03515785187482834 0.09435509145259857 -0.0831332579255104 0.0910201296210289 0.054933350533246994 0.9908514618873596
9.5782996166348 -0.17486466467380524 -0.03930685669183731 0.09778504073619843 -0.08366730064153671 0.08090467005968094 0.049470752477645874 0.9919712543487549
9.6283176166348 -0.17844627797603607 -0.04596688598394394 0.10060488432645798 -0.08362172544002533 0.07027179002761841 0.04653239995241165 0.992927074432373
9.6783346166348 -0.1828344762325287 -0.05224115401506424 0.10253049433231354 -0.08129698783159256 0.06331247091293335 0.04308322072029114 0.9937435388565063
9.728351616634798 -0.18642988801002502 -0.05897082760930061 0.10424908250570297 -0.07827195525169373 0.0574847050011158 0.040069058537483215 0.9944664835929871
9.778368616634799 -0.18811622262001038 -0.06483162194490433 0.1053885668516159 -0.07312892377376556 0.05107468366622925 0.03752361983060837 0.9953067898750305
9.828386616634798 -0.18915073573589325 -0.07309644669294357 0.10618078708648682 -0.06957904994487762 0.04634509235620499 0.03692660853266716 0.9958149194717407
9.878403616634799 -0.1881517767906189 -0.08071142435073853 0.1067727580666542 -0.06511522829532623 0.04260384291410446 0.03756662458181381 0.996259868144989
9.9284206166348 -0.1878247857093811 -0.08775128424167633 0.1073005348443985 -0.059923622757196426 0.041306015104055405 0.037296637892723083 0.9966503977775574
9.9784376166348 -0.18518273532390594 -0.0957067683339119 0.10652652382850647 -0.05600491538643837 0.0421118438243866 0.03930087387561798 0.9967675805091858
10.028454616634798 -0.18095587193965912 -0.10328730195760727 0.10578078031539917 -0.05224907398223877 0.04588022828102112 0.04370468109846115 0.9966217875480652
10.0784726166348 -0.1756591647863388 -0.10891301929950714 0.10554558783769608 -0.04862719774246216 0.05158717557787895 0.04727717116475105 0.9963629245758057
10.128489616634798 -0.16801202297210693 -0.11278904974460602 0.10410046577453613 -0.044577714055776596 0.05825122073292732 0.05186045542359352 0.9959568977355957
10.178506616634799 -0.15957887470722198 -0.11671171337366104 0.10408838838338852 -0.042156632989645004 0.06753427535295486 0.05718299001455307 0.9951844811439514
10.2285236166348 -0.15078966319561005 -0.11826466023921967 0.10239354521036148 -0.03964187949895859 0.07720548659563065 0.06145081669092178 0.9943298101425171
10.278541616634799 -0.14211438596248627 -0.11897581815719604 0.1010255217552185 -0.03859901800751686 0.0873328298330307 0.0655670017004013 0.9932693839073181
10.3285586166348 -0.13418935239315033 -0.11761169135570526 0.09899134188890457 -0.03814078867435455 0.0979517474770546 0.06832355260848999 0.9921101927757263
10.3785756166348 -0.1263032853603363 -0.11533024162054062 0.09703537821769714 -0.03948276489973068 0.10836556553840637 0.0709516853094101 0.990789532661438
10.428592616634798 -0.12024752795696259 -0.111461341381073 0.09512373805046082 -0.04166404530405998 0.1178516075015068 0.07223115861415863 0.9895240664482117
10.4786106166348 -0.1159590482711792 -0.10574895143508911 0.09307785332202911 -0.04397911578416824 0.125783309340477 0.07184196263551712 0.9884752035140991
10.528627616634799 -0.11269629001617432 -0.09954744577407837 0.09174249321222305 -0.04750708118081093 0.13245870172977448 0.0705321654677391 0.9875338077545166
10.578644616634799 -0.1097390279173851 -0.09268712252378464 0.09092774242162704 -0.05177569389343262 0.1388683170080185 0.07109321653842926 0.9863978624343872
10.6286616166348 -0.10740101337432861 -0.08494055271148682 0.08944040536880493 -0.056317463517189026 0.1437905728816986 0.07143756747245789 0.9854183197021484
10.678679616634799 -0.1071099117398262 -0.07755222171545029 0.08993978798389435 -0.06132546439766884 0.14831064641475677 0.07245893031358719 0.9843744039535522
10.7286966166348 -0.10870017856359482 -0.07098177075386047 0.09074877202510834 -0.0671863853931427 0.150408074259758 0.0736098363995552 0.9835878014564514
10.7787136166348 -0.10956572741270065 -0.06348540633916855 0.09150702506303787 -0.07211737334728241 0.14793121814727783 0.07512855529785156 0.9834994673728943
10.828730616634799 -0.11405215412378311 -0.057800717651844025 0.09321365505456924 -0.07832691818475723 0.14610736072063446 0.07655290514230728 0.9831873178482056
10.878747616634799 -0.11859263479709625 -0.05223674327135086 0.09549685567617416 -0.08375143259763718 0.14168275892734528 0.0781538113951683 0.9832618236541748
10.928765616634799 -0.12406760454177856 -0.04848577827215195 0.09765756875276566 -0.08924906700849533 0.13524582982063293 0.08046439290046692 0.983498215675354
10.978782616634799 -0.1296897679567337 -0.045414526015520096 0.09946155548095703 -0.09259454160928726 0.12769103050231934 0.08235325664281845 0.9840423464775085
11.0287996166348 -0.1367623656988144 -0.04459524154663086 0.1027311235666275 -0.09686935693025589 0.12115003913640976 0.0845104530453682 0.9842749238014221
11.0788166166348 -0.14381727576255798 -0.0456022210419178 0.10492018610239029 -0.09998071938753128 0.11539125442504883 0.08657383918762207 0.9844763875007629
11.1288346166348 -0.15091243386268616 -0.046798791736364365 0.10804255306720734 -0.10253855586051941 0.11040536314249039 0.08796054124832153 0.9846621751785278
11.1788516166348 -0.15717828273773193 -0.04941782355308533 0.11032681167125702 -0.10408096015453339 0.10643517971038818 0.08942507952451706 0.9848055243492126
11.228868616634799 -0.16255712509155273 -0.05324883759021759 0.11325568705797195 -0.10501572489738464 0.10428144782781601 0.09157655388116837 0.9847390055656433
11.278885616634799 -0.1664499193429947 -0.05841359868645668 0.11474084854125977 -0.10413637012243271 0.10228152573108673 0.09478649497032166 0.9847383499145508
11.328903616634799 -0.1692042201757431 -0.06437921524047852 0.11562100797891617 -0.10176435858011246 0.10229173302650452 0.09915516525506973 0.9845550656318665
11.3789206166348 -0.17033293843269348 -0.068941131234169 0.11710846424102783 -0.0979124903678894 0.10359010845422745 0.10402610898017883 0.9843073487281799
11.4289376166348 -0.17257720232009888 -0.07488266378641129 0.11681924015283585 -0.09538701921701431 0.10794798284769058 0.10842689126729965 0.9836118221282959
11.4789546166348 -0.1718047559261322 -0.07874336838722229 0.11704335361719131 -0.0919344574213028 0.11207184195518494 0.11335863173007965 0.9829230904579163
11.528971616634799 -0.17180757224559784 -0.08324718475341797 0.11650681495666504 -0.0877130925655365 0.11636102944612503 0.11740221083164215 0.9823356866836548
11.578989616634798 -0.16974858939647675 -0.08742782473564148 0.11520050466060638 -0.08280958980321884 0.1200743243098259 0.1225813701748848 0.9816815257072449
11.629006616634799 -0.16783788800239563 -0.09151928871870041 0.1136915385723114 -0.07806040346622467 0.12438873946666718 0.1258164644241333 0.9811239838600159
11.6790236166348 -0.16503696143627167 -0.09425441920757294 0.1120348796248436 -0.07287432998418808 0.12891483306884766 0.12709525227546692 0.9807737469673157
11.7290406166348 -0.16227257251739502 -0.09607289731502533 0.1088026687502861 -0.0667685717344284 0.13896788656711578 0.12760527431964874 0.9797688126564026
11.7790586166348 -0.15805743634700775 -0.09688568115234375 0.10554392635822296 -0.05937596410512924 0.14900967478752136 0.12823154032230377 0.9786865711212158
11.8290756166348 -0.15625378489494324 -0.09685763716697693 0.10274586081504822 -0.05016905069351196 0.156857430934906 0.1291828453540802 0.9778500199317932
11.879092616634798 -0.15303954482078552 -0.09567053616046906 0.09917302429676056 -0.042625460773706436 0.16419702768325806 0.13032683730125427 0.9768507480621338
11.929109616634799 -0.15052340924739838 -0.09257326275110245 0.09771551191806793 -0.03815624490380287 0.17436255514621735 0.1299109309911728 0.9753281474113464
11.979127616634798 -0.14864368736743927 -0.09008495509624481 0.09652888774871826 -0.038357462733983994 0.18439164757728577 0.13029859960079193 0.9734221696853638
12.029144616634799 -0.14847509562969208 -0.08567629754543304 0.0966053307056427 -0.039997540414333344 0.19489191472530365 0.13067372143268585 0.9712578654289246
12.0791616166348 -0.14892975986003876 -0.08123372495174408 0.09889951348304749 -0.043835077434778214 0.20166350901126862 0.1314021497964859 0.9696101546287537
12.1291786166348 -0.1505657583475113 -0.07702255249023438 0.10208429396152496 -0.04877656698226929 0.2042098343372345 0.13241718709468842 0.9687026739120483
12.1791966166348 -0.15286856889724731 -0.0727856457233429 0.1063741147518158 -0.05352024734020233 0.20770715177059174 0.134834885597229 0.9673742651939392
12.2292136166348 -0.15532785654067993 -0.0689910352230072 0.11007391661405563 -0.058150775730609894 0.21098414063453674 0.1377028524875641 0.96599280834198
12.279230616634798 -0.1576317995786667 -0.0646105632185936 0.11525291949510574 -0.0603308230638504 0.21076789498329163 0.14213255047798157 0.9652644395828247
12.329247616634799 -0.16133810579776764 -0.06144692748785019 0.12065333127975464 -0.0621795691549778 0.20995409786701202 0.14671029150485992 0.9646393656730652
12.3792646166348 -0.16559799015522003 -0.059028275310993195 0.1267326921224594 -0.0638706311583519 0.20919418334960938 0.1507788747549057 0.9640664458274841
12.429282616634799 -0.1701401025056839 -0.05852183327078819 0.13222964107990265 -0.06652495265007019 0.20633165538311005 0.15477851033210754 0.9638699889183044
12.4792996166348 -0.17468667030334473 -0.058694832026958466 0.1366117298603058 -0.06825903058052063 0.20067614316940308 0.15752466022968292 0.9644976854324341
12.5293166166348 -0.17918381094932556 -0.06014527007937431 0.14151805639266968 -0.06940443813800812 0.19483722746372223 0.16010428965091705 0.9651881456375122
12.579333616634798 -0.1841445416212082 -0.06341665983200073 0.14596182107925415 -0.07043907046318054 0.19084228575229645 0.16149096190929413 0.9656802415847778
12.6293516166348 -0.18804453313350677 -0.06713162362575531 0.15036670863628387 -0.06960978358983994 0.18754124641418457 0.16092152893543243 0.9664818048477173
12.679368616634799 -0.19079096615314484 -0.07274723052978516 0.15292753279209137 -0.06863246113061905 0.1839144229888916 0.1603156328201294 0.9673489928245544
12.729385616634799 -0.19382336735725403 -0.07774683833122253 0.1550239473581314 -0.06557130813598633 0.18128140270709991 0.15889348089694977 0.9682925343513489
12.7794026166348 -0.19628120958805084 -0.0826365053653717 0.15735302865505219 -0.062260907143354416 0.18081587553024292 0.15748512744903564 0.968828022480011
12.829420616634799 -0.19794915616512299 -0.08923984318971634 0.15882641077041626 -0.06017579883337021 0.17999836802482605 0.15576855838298798 0.9693893194198608
12.8794376166348 -0.19867190718650818 -0.09448295086622238 0.16046209633350372 -0.056162551045417786 0.17996934056282043 0.1543714851140976 0.9698588848114014
12.9294546166348 -0.19732320308685303 -0.10098620504140854 0.16015703976154327 -0.05281530320644379 0.1794729083776474 0.15376268327236176 0.9702355861663818
12.979471616634799 -0.19594548642635345 -0.1074829176068306 0.15991833806037903 -0.05046045407652855 0.18174946308135986 0.15347643196582794 0.969982385635376
13.029488616634799 -0.19240055978298187 -0.11243163049221039 0.1589103788137436 -0.04733707755804062 0.18364731967449188 0.15389741957187653 0.9697156548500061
13.079506616634799 -0.18867090344429016 -0.11637090146541595 0.1575380265712738 -0.04360397160053253 0.1889270544052124 0.15367212891578674 0.9689118266105652
13.129523616634799 -0.18336090445518494 -0.11952149122953415 0.15579953789710999 -0.04012170433998108 0.19642093777656555 0.15488596260547638 0.9673776030540466
13.1795406166348 -0.17810501158237457 -0.121787428855896 0.1532190442085266 -0.03647515922784805 0.20525521039962769 0.1554957777261734 0.9655884504318237
13.2295576166348 -0.17261074483394623 -0.12285947799682617 0.15144994854927063 -0.03317956626415253 0.21637943387031555 0.15719592571258545 0.9629997611045837
13.2795756166348 -0.16659945249557495 -0.12198058515787125 0.14887219667434692 -0.03080705739557743 0.22719672322273254 0.15787628293037415 0.9604726433753967
13.3295926166348 -0.1620016098022461 -0.12157094478607178 0.14627870917320251 -0.03028031438589096 0.23917587101459503 0.15829339623451233 0.957507848739624
13.379609616634799 -0.15766142308712006 -0.1196780875325203 0.14333491027355194 -0.03011309914290905 0.2498924434185028 0.1598302274942398 0.9545162916183472
13.429626616634799 -0.15489938855171204 -0.11610529571771622 0.14192160964012146 -0.03074064292013645 0.25885072350502014 0.16014933586120605 0.9520522952079773
13.479644616634799 -0.15299305319786072 -0.11169643700122833 0.14009127020835876 -0.032162029296159744 0.2661379277706146 0.16169704496860504 0.949731707572937
13.5296616166348 -0.152363121509552 -0.10659937560558319 0.13999363780021667 -0.0355578288435936 0.2726275622844696 0.16281986236572266 0.9475756287574768
13.5796786166348 -0.15132544934749603 -0.10127772390842438 0.13962717354297638 -0.03930225223302841 0.2761346995830536 0.16552703082561493 0.9459417462348938
13.6296956166348 -0.15167683362960815 -0.09519374370574951 0.14078566431999207 -0.04328078404068947 0.27937203645706177 0.16854234039783478 0.944283664226532
13.6797136166348 -0.1529337763786316 -0.08976373821496964 0.14246998727321625 -0.04751191660761833 0.2795361280441284 0.17163029313087463 0.943475067615509
13.729730616634798 -0.15535317361354828 -0.0852598026394844 0.14375558495521545 -0.051670774817466736 0.2772901952266693 0.1752694994211197 0.9432502388954163
13.779747616634799 -0.15901274979114532 -0.08029969036579132 0.14741076529026031 -0.055544186383485794 0.275785893201828 0.178776353597641 0.9428128004074097
13.8297646166348 -0.1635550558567047 -0.0774192288517952 0.1506519764661789 -0.059611305594444275 0.2713268995285034 0.18175025284290314 0.9432895183563232
13.8797816166348 -0.16820524632930756 -0.07515302300453186 0.1541212797164917 -0.06341792643070221 0.2644950747489929 0.1830044537782669 0.9447380304336548
13.9297996166348 -0.1731666773557663 -0.07432666420936584 0.15749862790107727 -0.06646150350570679 0.2562629282474518 0.18409223854541779 0.9465845823287964
13.9798166166348 -0.1777934581041336 -0.07391497492790222 0.16122497618198395 -0.06925021857023239 0.24662217497825623 0.18381209671497345 0.9489968419075012
14.029833616634798 -0.18336224555969238 -0.07496549934148788 0.16423417627811432 -0.07068625837564468 0.23660294711589813 0.18351595103740692 0.9514959454536438
14.079850616634799 -0.18807196617126465 -0.07713795453310013 0.16797272861003876 -0.07252306491136551 0.2264641523361206 0.18114280700683594 0.9542754888534546
14.129868616634798 -0.19234368205070496 -0.08076446503400803 0.17170505225658417 -0.07414697855710983 0.2170087695121765 0.17771589756011963 0.9569882750511169
14.179885616634799 -0.19602230191230774 -0.08453347533941269 0.17470227181911469 -0.07399552315473557 0.20786164700984955 0.17313934862613678 0.9598650932312012
14.2299026166348 -0.19819602370262146 -0.09051664918661118 0.17700345814228058 -0.07406025379896164 0.1998795121908188 0.16868938505649567 0.9623446464538574
14.2799196166348 -0.20060592889785767 -0.09569556266069412 0.17909757792949677 -0.07207923382520676 0.19380518794059753 0.16352176666259766 0.9646267890930176
14.3299376166348 -0.20097796618938446 -0.1000797227025032 0.18182334303855896 -0.06893353164196014 0.18768006563186646 0.15831756591796875 0.9669333100318909
14.3799546166348 -0.20133697986602783 -0.10607916861772537 0.18275906145572662 -0.06653091311454773 0.18289974331855774 0.15372799336910248 0.9687564373016357
14.429971616634798 -0.2002205103635788 -0.11176634579896927 0.18329371511936188 -0.06373417377471924 0.17778344452381134 0.14921797811985016 0.9706003665924072
14.479988616634799 -0.19763515889644623 -0.11632054299116135 0.1826457381248474 -0.05977163091301918 0.17276157438755035 0.14571042358875275 0.9722907543182373
14.5300056166348 -0.1953199952840805 -0.12096037715673447 0.18308556079864502 -0.05680001899600029 0.17261680960655212 0.1422085016965866 0.9730128645896912
14.580023616634799 -0.19146296381950378 -0.12459942698478699 0.1813969910144806 -0.05324526131153107 0.17177674174308777 0.13817532360553741 0.9739432334899902
14.6300406166348 -0.18656253814697266 -0.1272176057100296 0.1794235110282898 -0.04973369091749191 0.17021138966083527 0.13529221713542938 0.9748080372810364
14.6800576166348 -0.18202032148838043 -0.12847453355789185 0.17794105410575867 -0.04649793356657028 0.17043069005012512 0.13196705281734467 0.9753850698471069
14.730074616634798 -0.17613063752651215 -0.1297968178987503 0.17465025186538696 -0.043827738612890244 0.1695808619260788 0.1304478794336319 0.9758610725402832
14.7800926166348 -0.17117412388324738 -0.13213859498500824 0.1716509610414505 -0.042887233197689056 0.1687839925289154 0.12864379584789276 0.9762804508209229
14.830109616634799 -0.16581019759178162 -0.13232794404029846 0.1676122397184372 -0.04062408208847046 0.16675785183906555 0.12639164924621582 0.9770193099975586
14.880126616634799 -0.15942758321762085 -0.13173478841781616 0.16335836052894592 -0.03884689882397652 0.16305087506771088 0.12372005730867386 0.9780586361885071
14.9301436166348 -0.15299223363399506 -0.13089190423488617 0.1568833440542221 -0.037433404475450516 0.1558174043893814 0.12031710892915726 0.9797160625457764
14.980161616634799 -0.14580057561397552 -0.12890921533107758 0.1518215835094452 -0.03719395026564598 0.14730727672576904 0.11730755865573883 0.9814051985740662
15.0301786166348 -0.14194351434707642 -0.12934644520282745 0.1480882167816162 -0.0402333065867424 0.14035578072071075 0.1120535135269165 0.9829168915748596
15.0801956166348 -0.13577677309513092 -0.12685120105743408 0.1446399837732315 -0.041449978947639465 0.1317029893398285 0.10806417465209961 0.9845092296600342
15.130212616634799 -0.1293662190437317 -0.12560854852199554 0.14028210937976837 -0.044553618878126144 0.12188990414142609 0.10322033613920212 0.9861558675765991
15.1802306166348 -0.12266850471496582 -0.12371330708265305 0.13609282672405243 -0.04741176962852478 0.11132140457630157 0.09831402450799942 0.9877722263336182
15.230247616634799 -0.11788294464349747 -0.12115798145532608 0.13261693716049194 -0.05039408430457115 0.103685162961483 0.09154796600341797 0.9891051054000854
15.280264616634799 -0.11029732972383499 -0.11903208494186401 0.1294853389263153 -0.05381779745221138 0.09125704318284988 0.08691883087158203 0.9905659556388855
15.3302816166348 -0.10521408915519714 -0.11762280762195587 0.12621210515499115 -0.057956743985414505 0.08037234842777252 0.08155989646911621 0.9917305111885071
15.3802986166348 -0.10005484521389008 -0.11586476117372513 0.12247739732265472 -0.061497513204813004 0.06796680390834808 0.07630354911088943 0.9928627014160156
15.4303166166348 -0.09573569148778915 -0.11462059617042542 0.12046954780817032 -0.06565851718187332 0.05772079527378082 0.07082527875900269 0.9936503767967224
15.4803336166348 -0.09029891341924667 -0.11270450800657272 0.11893149465322495 -0.06895976513624191 0.04853159189224243 0.06515675038099289 0.9943057894706726
15.530350616634799 -0.08705207705497742 -0.10942147672176361 0.1187882199883461 -0.06892210990190506 0.04265206307172775 0.058165933936834335 0.9950112104415894
15.580367616634799 -0.08454088866710663 -0.10691984742879868 0.11775827407836914 -0.06923684477806091 0.034155942499637604 0.050535257905721664 0.9957338571548462
15.630385616634799 -0.08100444078445435 -0.10395333170890808 0.11745540797710419 -0.06797413527965546 0.024380458518862724 0.04408345744013786 0.9964144825935364
15.6804026166348 -0.07671983540058136 -0.1020967960357666 0.11704248189926147 -0.06698641180992126 0.014606920070946217 0.0390121266245842 0.9968839287757874
15.7304196166348 -0.07195211946964264 -0.10096700489521027 0.11878520995378494 -0.06820552796125412 0.006737005431205034 0.03530538082122803 0.9970237016677856
15.7804366166348 -0.06831252574920654 -0.09981021285057068 0.11967591196298599 -0.06820393353700638 0.0009203283116221428 0.03234049677848816 0.997146725654602
15.8304546166348 -0.06556703895330429 -0.10031341761350632 0.12152700871229172 -0.0697990208864212 -0.0029460182413458824 0.02858196385204792 0.9971472024917603
15.880471616634798 -0.06098203361034393 -0.09804040938615799 0.12442725896835327 -0.06943119317293167 -0.009375911206007004 0.025438493117690086 0.9972183108329773
15.930488616634799 -0.05922919884324074 -0.10260254144668579 0.12360955774784088 -0.07229866087436676 -0.016113901510834694 0.02380150556564331 0.9969688057899475
15.9805056166348 -0.05515143275260925 -0.10486719012260437 0.12628807127475739 -0.07313641160726547 -0.022400040179491043 0.020783044397830963 0.996853768825531
16.030522616634798 -0.052381835877895355 -0.10799155384302139 0.1282230019569397 -0.07330978661775589 -0.025734929367899895 0.016887085512280464 0.9968341588973999
16.0805406166348 -0.04803984612226486 -0.10851020365953445 0.1309797763824463 -0.06993665546178818 -0.02765032835304737 0.013271369971334934 0.9970798492431641
16.1305576166348 -0.0444626547396183 -0.11166887730360031 0.13437658548355103 -0.06941118091344833 -0.02685275860130787 0.008904559537768364 0.9971868991851807
16.1805746166348 -0.0413694828748703 -0.11519618332386017 0.13476663827896118 -0.06759615987539291 -0.027002952992916107 0.0085999621078372 0.997310221195221
16.2305916166348 -0.034132253378629684 -0.11873244494199753 0.1347871720790863 -0.06535611301660538 -0.03135182708501816 0.008327586576342583 0.9973345994949341
16.2806096166348 -0.026466507464647293 -0.12174888700246811 0.13390007615089417 -0.0629502683877945 -0.03291661664843559 0.008606928400695324 0.9974365830421448
16.3306266166348 -0.01602187566459179 -0.12107302248477936 0.13300549983978271 -0.059168823063373566 -0.032374728471040726 0.009997985325753689 0.9976727962493896
16.3806436166348 -0.005888898391276598 -0.11914385855197906 0.13277959823608398 -0.05674342066049576 -0.0281030535697937 0.010810209438204765 0.9979346990585327
16.4306606166348 0.002637953730300069 -0.1163216084241867 0.13084468245506287 -0.05448902025818825 -0.02228018455207348 0.009018340148031712 0.9982250928878784
16.480678616634798 0.010994146578013897 -0.11267301440238953 0.1296655684709549 -0.05456671118736267 -0.018473630771040916 0.00774297583848238 0.9983092546463013
16.530695616634798 0.017701128497719765 -0.10828521102666855 0.12770938873291016 -0.05728965252637863 -0.01490380521863699 0.0048620374873280525 0.9982345104217529
16.5807126166348 0.023071853443980217 -0.10137463361024857 0.1266331672668457 -0.06021822243928909 -0.012621380388736725 -0.0002454689529258758 0.9981054663658142
16.6307296166348 0.027101658284664154 -0.09394486993551254 0.12585310637950897 -0.0643761083483696 -0.01516014989465475 -0.004884460009634495 0.9977986216545105
16.6807476166348 0.029555194079875946 -0.08741068094968796 0.12496646493673325 -0.06872792541980743 -0.019506286829710007 -0.00826787855476141 0.9974104762077332
16.7307646166348 0.030286991968750954 -0.08111385256052017 0.12412915378808975 -0.07258591055870056 -0.024838585406541824 -0.011805381625890732 0.996982991695404
16.7807816166348 0.02974005974829197 -0.07569041848182678 0.12275268137454987 -0.07614046335220337 -0.030982697382569313 -0.013581505976617336 0.9965231418609619
16.8307986166348 0.02673349156975746 -0.07063613086938858 0.12208220362663269 -0.07932060211896896 -0.03854706510901451 -0.015079213306307793 0.9959895014762878
16.880815616634802 0.022624297067523003 -0.06778882443904877 0.12182743102312088 -0.08397148549556732 -0.048708364367485046 -0.015173140913248062 0.9951612949371338
16.9308336166348 0.018564503639936447 -0.06562137603759766 0.12067613005638123 -0.0867885947227478 -0.06157749518752098 -0.014859207905828953 0.9942108988761902
16.9808506166348 0.013610362075269222 -0.06620687991380692 0.12010404467582703 -0.09129204601049423 -0.07439080625772476 -0.013899813406169415 0.9929444193840027
17.0308676166348 0.008284719660878181 -0.07009740173816681 0.11821873486042023 -0.09259931743144989 -0.08106307685375214 -0.017493143677711487 0.9922440648078918
17.0808846166348 0.003455937374383211 -0.07421742379665375 0.11766614764928818 -0.09260214120149612 -0.09144271165132523 -0.021473875269293785 0.9912628531455994
17.130902616634803 0.000952419126406312 -0.08067678660154343 0.11767924576997757 -0.0931096151471138 -0.09946179389953613 -0.02119823917746544 0.9904486536979675
17.1809196166348 -0.0008323637302964926 -0.08621987700462341 0.11838104575872421 -0.08957944810390472 -0.10031779110431671 -0.019218143075704575 0.9907283782958984
17.2309366166348 -0.0014663859037682414 -0.09276686608791351 0.1179816946387291 -0.08428052067756653 -0.10301008820533752 -0.014734547585248947 0.9909937977790833
17.2809536166348 0.00024098623543977737 -0.0993342399597168 0.11767999082803726 -0.07824276387691498 -0.10776352882385254 -0.008839920163154602 0.9910534620285034
17.330971616634802 0.0014827342238277197 -0.10538578033447266 0.11629211157560349 -0.07122766971588135 -0.10539401322603226 -0.0043123215436935425 0.9918670058250427
17.380988616634802 0.007379426155239344 -0.11116452515125275 0.11590605974197388 -0.06486016511917114 -0.1009010449051857 0.0006896479753777385 0.9927797913551331
17.431005616634803 0.012789299711585045 -0.11500409990549088 0.11663641780614853 -0.05951472371816635 -0.09604136645793915 0.004132342524826527 0.9935879707336426
17.4810226166348 0.01896653138101101 -0.11675124615430832 0.11637841910123825 -0.054791927337646484 -0.09008700400590897 0.0057492381893098354 0.9944089651107788
17.5310396166348 0.02720736898481846 -0.11656851321458817 0.11551529169082642 -0.05129553750157356 -0.08179508149623871 0.006688992027193308 0.9953057765960693
17.5810576166348 0.034108683466911316 -0.11414265632629395 0.11555810272693634 -0.049604758620262146 -0.07017390429973602 0.0038963991682976484 0.9962930679321289
17.631074616634802 0.04084515944123268 -0.11077513545751572 0.11479338258504868 -0.049364857375621796 -0.05923978239297867 0.0011138493428006768 0.9970218539237976
17.681091616634802 0.04594362899661064 -0.1051788330078125 0.11422336101531982 -0.05164138600230217 -0.049222879111766815 -0.002641655970364809 0.9974484443664551
17.731108616634803 0.05045441910624504 -0.09817672520875931 0.1141049712896347 -0.055925723165273666 -0.04111902788281441 -0.00770927919074893 0.9975581169128418
17.7811266166348 0.052741795778274536 -0.09100265800952911 0.1140388548374176 -0.06270153820514679 -0.03000197373330593 -0.011470325291156769 0.9975153207778931
17.8311436166348 0.054421599954366684 -0.08173663169145584 0.11471973359584808 -0.06912662833929062 -0.02437351830303669 -0.013260816223919392 0.9972220063209534
17.8811606166348 0.05425713211297989 -0.07572226971387863 0.1150529533624649 -0.0791400894522667 -0.02558708004653454 -0.01357405073940754 0.9964426755905151
17.931177616634802 0.05398131161928177 -0.06984011083841324 0.1152602955698967 -0.08776822686195374 -0.03231807053089142 -0.01062809769064188 0.995559811592102
17.9811956166348 0.05155079439282417 -0.06469935178756714 0.11444932222366333 -0.09407048672437668 -0.0395243801176548 -0.006592212710529566 0.9947589039802551
18.0312126166348 0.048474185168743134 -0.06314602494239807 0.11380431801080704 -0.10076288878917694 -0.04819260910153389 -0.0018487449269741774 0.9937409162521362
18.0812296166348 0.04530509561300278 -0.06259499490261078 0.11309972405433655 -0.10423682630062103 -0.05813402310013771 0.00349574931897223 0.992845892906189
18.1312466166348 0.04256149381399155 -0.0647699385881424 0.11202212423086166 -0.1062338724732399 -0.06837790459394455 0.009122306481003761 0.9919453859329224
18.181264616634802 0.03897719830274582 -0.06913558393716812 0.11207833886146545 -0.10787849873304367 -0.07612016052007675 0.01414387859404087 0.9911447763442993
18.2312816166348 0.03770250827074051 -0.07544713467359543 0.11179214715957642 -0.10789473354816437 -0.08437153697013855 0.018219171091914177 0.9904081225395203
18.2812986166348 0.03760265186429024 -0.08166493475437164 0.11135264486074448 -0.10437293350696564 -0.09035263955593109 0.019951680675148964 0.9902245998382568
18.3313156166348 0.03627168387174606 -0.08871500194072723 0.1108689084649086 -0.09925288707017899 -0.09145086258649826 0.02038043923676014 0.9906413555145264
18.3813326166348 0.03712824732065201 -0.09567270427942276 0.11043313145637512 -0.0926751121878624 -0.0944291353225708 0.020575350150465965 0.9909950494766235
18.431350616634802 0.03883488476276398 -0.10246076434850693 0.10954880714416504 -0.0848429724574089 -0.09668318927288055 0.020022183656692505 0.991490364074707
18.481367616634802 0.04231909662485123 -0.10972350090742111 0.10879857838153839 -0.07812917232513428 -0.09711684286594391 0.01947510614991188 0.9920105338096619
18.5313846166348 0.047287750989198685 -0.11501941084861755 0.10845468938350677 -0.07119245827198029 -0.09564873576164246 0.018449105322360992 0.9926946759223938
18.5814016166348 0.053340788930654526 -0.11967334151268005 0.10854038596153259 -0.06682369858026505 -0.09379613399505615 0.014480508863925934 0.9932407736778259
18.6314196166348 0.05974267050623894 -0.12195664644241333 0.10847583413124084 -0.0635894313454628 -0.0894191712141037 0.010428310371935368 0.9939073324203491
18.6814366166348 0.06561809778213501 -0.12131407856941223 0.10782881826162338 -0.05965597182512283 -0.08349815756082535 0.004106668755412102 0.994712233543396
18.731453616634802 0.07284029573202133 -0.11989685148000717 0.10827247053384781 -0.05847711116075516 -0.0777527317404747 -0.0007001874037086964 0.9952560067176819
18.781470616634802 0.08024109154939651 -0.11767976731061935 0.10729251801967621 -0.058035168796777725 -0.07045495510101318 -0.005806415807455778 0.9958084225654602
18.8314886166348 0.0862928181886673 -0.11371517181396484 0.10657299309968948 -0.05962629243731499 -0.06245807930827141 -0.011471935547888279 0.996198832988739
18.8815056166348 0.09192939847707748 -0.10747992247343063 0.10570617765188217 -0.06163417920470238 -0.05492834746837616 -0.015849119052290916 0.9964602589607239
18.9315226166348 0.09561283886432648 -0.1000966727733612 0.10563649237155914 -0.06564685702323914 -0.04700455814599991 -0.020226143300533295 0.9965299963951111
18.9815396166348 0.09890276193618774 -0.09139544516801834 0.10559239983558655 -0.06987190991640091 -0.04063989967107773 -0.022840987890958786 0.9964661002159119
19.031556616634802 0.10135375708341599 -0.08276323974132538 0.1080501526594162 -0.07747012376785278 -0.03986569121479988 -0.024169225245714188 0.9959041476249695
19.0815746166348 0.10120134800672531 -0.0745115727186203 0.10757794231176376 -0.0841037854552269 -0.04161185771226883 -0.023270664736628532 0.9953157901763916
19.1315916166348 0.10084821283817291 -0.06692976504564285 0.10785456001758575 -0.08944370597600937 -0.046503230929374695 -0.02185528166592121 0.9946656227111816
19.1816086166348 0.0992041602730751 -0.06151999160647392 0.1076822578907013 -0.09559120237827301 -0.054708369076251984 -0.018473852425813675 0.9937444925308228
19.2316256166348 0.09682086855173111 -0.05873169004917145 0.1076049953699112 -0.10194374620914459 -0.06330471485853195 -0.014988800510764122 0.9926607608795166
19.281643616634803 0.09352472424507141 -0.05740726739168167 0.10654392093420029 -0.10583397001028061 -0.0727037787437439 -0.011552221141755581 0.991655170917511
19.3316606166348 0.08987495303153992 -0.0576663613319397 0.105722576379776 -0.10788052529096603 -0.08422771096229553 -0.007492750883102417 0.9905611276626587
19.3816776166348 0.08672460168600082 -0.060359641909599304 0.10503824055194855 -0.10931429266929626 -0.09626035392284393 -0.0034275599755346775 0.9893293976783752
19.4316946166348 0.0835651084780693 -0.06465286016464233 0.10455495119094849 -0.10900189727544785 -0.10664968192577362 -0.00025273775099776685 0.9883038401603699
19.481712616634802 0.0815856084227562 -0.07057750225067139 0.10324022173881531 -0.10719040781259537 -0.11731759458780289 0.0008402679231949151 0.9872923493385315
19.531729616634802 0.08021707087755203 -0.07664939016103745 0.10271841287612915 -0.10372133553028107 -0.12506479024887085 0.0023171729408204556 0.9867092967033386
19.581746616634803 0.07942739874124527 -0.08284086734056473 0.10160882025957108 -0.09746325761079788 -0.1295582503080368 0.0011794434394687414 0.9867696166038513
19.6317636166348 0.0815480574965477 -0.08872442692518234 0.10099400579929352 -0.09004995226860046 -0.134506493806839 0.00012392824282869697 0.9868125319480896
19.6817816166348 0.0835798978805542 -0.09577983617782593 0.10007937997579575 -0.08401666581630707 -0.1375730335712433 -0.0018513631075620651 0.986920177936554
19.7317986166348 0.08720207959413528 -0.1006871834397316 0.10027837008237839 -0.07696674764156342 -0.1396949291229248 -0.004789259284734726 0.9871872067451477
19.781815616634802 0.09240274131298065 -0.1059965193271637 0.10043437033891678 -0.07217884808778763 -0.1406032145023346 -0.0074331313371658325 0.9874035120010376
19.831832616634802 0.09867305308580399 -0.10890593379735947 0.10095483809709549 -0.06749042868614197 -0.1405879408121109 -0.010705515742301941 0.9877071976661682
19.881849616634803 0.10630954056978226 -0.1106642633676529 0.10142576694488525 -0.06382661312818527 -0.13725852966308594 -0.015389308333396912 0.9883570075035095
19.9318676166348 0.11280651390552521 -0.11066080629825592 0.10184192657470703 -0.061872392892837524 -0.1310427486896515 -0.020973563194274902 0.9892218112945557
19.9818846166348 0.1213311180472374 -0.109482042491436 0.10124233365058899 -0.06167807802557945 -0.12697358429431915 -0.026845727115869522 0.9896226525306702
20.0319016166348 0.1284051239490509 -0.10655786097049713 0.10228145867586136 -0.0628071203827858 -0.12173234671354294 -0.03126673772931099 0.9900802969932556
20.081918616634802 0.13544782996177673 -0.1034773737192154 0.10261120647192001 -0.06605201959609985 -0.11665822565555573 -0.03559498116374016 0.9903337955474854
20.1319366166348 0.14187026023864746 -0.0980018898844719 0.10201698541641235 -0.067940354347229 -0.11123637109994888 -0.040556102991104126 0.9906390905380249
20.1819536166348 0.1467701941728592 -0.09222640842199326 0.10171829164028168 -0.0713697299361229 -0.10566125810146332 -0.04379009082913399 0.9908705949783325
20.2319706166348 0.15127138793468475 -0.0852845087647438 0.101589135825634 -0.07436831295490265 -0.10347159206867218 -0.046480558812618256 0.9907585978507996
20.2819876166348 0.15456247329711914 -0.07968876510858536 0.10196946561336517 -0.07978732138872147 -0.10204460471868515 -0.04759007319808006 0.9904322624206543
20.332005616634802 0.15526852011680603 -0.07195001095533371 0.10342065989971161 -0.08422156423330307 -0.10149244219064713 -0.04727260395884514 0.9901370406150818
20.3820226166348 0.15521211922168732 -0.06591653823852539 0.10277194529771805 -0.08921191841363907 -0.10402456670999527 -0.04638105258345604 0.9894791841506958
20.4320396166348 0.15417340397834778 -0.061147283762693405 0.10253084450960159 -0.09511298686265945 -0.10991687327623367 -0.04211853817105293 0.988482654094696
20.4820566166348 0.1522996723651886 -0.05848826467990875 0.10235653817653656 -0.10176243633031845 -0.11874443292617798 -0.03931830823421478 0.9869135618209839
20.5320736166348 0.15008410811424255 -0.055559296160936356 0.10239485651254654 -0.10665321350097656 -0.13016436994075775 -0.03485463187098503 0.9851230978965759
20.582091616634802 0.14695104956626892 -0.05530364811420441 0.10215351730585098 -0.11178591847419739 -0.14133556187152863 -0.03182481601834297 0.9831151366233826
20.632108616634802 0.14550958573818207 -0.05614161863923073 0.10199566930532455 -0.11441421508789062 -0.153559148311615 -0.026845460757613182 0.9811260104179382
20.6821256166348 0.14320574700832367 -0.05785306170582771 0.10119092464447021 -0.1138145700097084 -0.1644069403409958 -0.02372756414115429 0.9795170426368713
20.7321426166348 0.1420474350452423 -0.06254841387271881 0.1003606915473938 -0.11335387080907822 -0.17542751133441925 -0.01981452666223049 0.9777441024780273
20.7821606166348 0.14202658832073212 -0.06728021055459976 0.09753714501857758 -0.10858827829360962 -0.1853809654712677 -0.018704602494835854 0.9764695167541504
20.8321776166348 0.14182013273239136 -0.07247608155012131 0.09584949165582657 -0.10385265946388245 -0.18975518643856049 -0.017667802050709724 0.9761636853218079
20.882194616634802 0.14199428260326385 -0.07939639687538147 0.09333617240190506 -0.0998770073056221 -0.19012752175331116 -0.020036963745951653 0.9764602780342102
20.932211616634802 0.14446575939655304 -0.08416751772165298 0.09164663404226303 -0.09317364543676376 -0.1894976794719696 -0.02206180989742279 0.9772014617919922
20.9822296166348 0.1479843109846115 -0.08861885219812393 0.09073838591575623 -0.08704882860183716 -0.1864544153213501 -0.025177260860800743 0.978275716304779
21.0322466166348 0.15184015035629272 -0.09273158758878708 0.09102898836135864 -0.08219845592975616 -0.1827092319726944 -0.02939646504819393 0.9792837500572205
21.0822636166348 0.15738342702388763 -0.09610389173030853 0.09078123420476913 -0.07852078229188919 -0.17929446697235107 -0.032803118228912354 0.9801081418991089
21.1322806166348 0.16246546804904938 -0.09850134700536728 0.091031514108181 -0.07590789347887039 -0.1744164675474167 -0.03716946020722389 0.981037974357605
21.1822986166348 0.16892053186893463 -0.09998703747987747 0.09222207963466644 -0.07511582970619202 -0.16902300715446472 -0.042656347155570984 0.9818193912506104
21.2323156166348 0.17412284016609192 -0.09893311560153961 0.09329070150852203 -0.07435726374387741 -0.16231822967529297 -0.047284938395023346 0.9827960133552551
21.2823326166348 0.1793542206287384 -0.09698111563920975 0.09459558874368668 -0.07451171427965164 -0.15456245839595795 -0.051596708595752716 0.9838171601295471
21.3323496166348 0.18470999598503113 -0.09451692551374435 0.09536339342594147 -0.07497331500053406 -0.14656731486320496 -0.05695940926671028 0.9847094416618347
21.3823666166348 0.1882941573858261 -0.09074016660451889 0.09699045121669769 -0.07652150839567184 -0.13826681673526764 -0.06187097728252411 0.9854941964149475
21.432384616634803 0.18953144550323486 -0.08606139570474625 0.0983768180012703 -0.07868769764900208 -0.1307574361562729 -0.06632261723279953 0.9860588908195496
21.4824016166348 0.19090814888477325 -0.08068708330392838 0.09925819933414459 -0.08032999187707901 -0.12702001631259918 -0.06833270192146301 0.98627769947052
21.5324186166348 0.18986305594444275 -0.07617649435997009 0.100934699177742 -0.08365720510482788 -0.12548868358135223 -0.07019789516925812 0.9860661625862122
21.5824356166348 0.1860589236021042 -0.07024684548377991 0.10193663835525513 -0.08545223623514175 -0.12465503066778183 -0.07047659903764725 0.9859980344772339
21.632453616634802 0.18445996940135956 -0.06623755395412445 0.10264157503843307 -0.08833876997232437 -0.12960337102413177 -0.06909775733947754 0.9852029085159302
21.682470616634802 0.18283043801784515 -0.06197540462017059 0.10294558107852936 -0.08998449146747589 -0.1364544779062271 -0.06688948720693588 0.9842808842658997
21.732487616634803 0.17767104506492615 -0.06067667528986931 0.10246393084526062 -0.09361144155263901 -0.14021538197994232 -0.0648317039012909 0.9835514426231384
21.7825046166348 0.17374205589294434 -0.06044088304042816 0.10281854122877121 -0.09630782157182693 -0.14618678390979767 -0.061119310557842255 0.9826589822769165
21.8325226166348 0.16894908249378204 -0.06135016679763794 0.10001552104949951 -0.09626159816980362 -0.15287354588508606 -0.056729793548583984 0.981908917427063
21.8825396166348 0.1653219759464264 -0.06456052511930466 0.09966297447681427 -0.09602542221546173 -0.16051054000854492 -0.05331486091017723 0.9809041619300842
21.932556616634802 0.16203400492668152 -0.0688263475894928 0.09766294062137604 -0.09435620158910751 -0.16694322228431702 -0.05045391991734505 0.9801434874534607
21.982573616634802 0.15989291667938232 -0.07471146434545517 0.09600358456373215 -0.0926298126578331 -0.1741693615913391 -0.048052456229925156 0.9791709780693054
22.032590616634803 0.1573588103055954 -0.079810231924057 0.09380505979061127 -0.08861122280359268 -0.17799213528633118 -0.04716426879167557 0.9788985848426819
22.0826086166348 0.15585090219974518 -0.08596242219209671 0.09320803731679916 -0.08599334210157394 -0.18040068447589874 -0.046596430242061615 0.9787183403968811
22.1326256166348 0.15522553026676178 -0.09061730653047562 0.09248898923397064 -0.08146116137504578 -0.18220826983451843 -0.046387799084186554 0.9787811040878296
22.1826426166348 0.15404005348682404 -0.09568407386541367 0.09242607653141022 -0.07776335626840591 -0.18088173866271973 -0.04691048711538315 0.9793028831481934
22.232659616634802 0.15677160024642944 -0.10074391216039658 0.09301689267158508 -0.07418044656515121 -0.18156205117702484 -0.0470634289085865 0.9794475436210632
22.2826776166348 0.1590944081544876 -0.10487861931324005 0.09426183998584747 -0.07133238762617111 -0.1799241453409195 -0.048025187104940414 0.9799146056175232
22.3326946166348 0.16275687515735626 -0.10696716606616974 0.09600610285997391 -0.06784455478191376 -0.17766518890857697 -0.04880928993225098 0.9805355072021484
22.3827116166348 0.16709360480308533 -0.10787896811962128 0.0969214215874672 -0.0644858330488205 -0.17391224205493927 -0.04932539537549019 0.9814087748527527
22.4327286166348 0.17149291932582855 -0.10767509043216705 0.09970034658908844 -0.06221020966768265 -0.16918346285820007 -0.05109242722392082 0.9822914004325867
22.482746616634802 0.17641448974609375 -0.10612384974956512 0.10161910951137543 -0.06092292070388794 -0.16271746158599854 -0.05206171050667763 0.9834129810333252
22.5327636166348 0.1821744441986084 -0.10466253757476807 0.10355986654758453 -0.06180591136217117 -0.1569220870733261 -0.05274461954832077 0.9842629432678223
22.5827806166348 0.18682625889778137 -0.10008740425109863 0.10546314716339111 -0.06307940185070038 -0.15008972585201263 -0.05285610631108284 0.9852412343025208
22.6327976166348 0.19003084301948547 -0.09576380997896194 0.10810418426990509 -0.06668557226657867 -0.14318399131298065 -0.05386272817850113 0.9859768152236938
22.6828156166348 0.19280052185058594 -0.09050692617893219 0.10997150093317032 -0.07008645683526993 -0.1357981264591217 -0.05445854738354683 0.9867528080940247
22.732832616634802 0.19346606731414795 -0.08588539063930511 0.1111476793885231 -0.07439187914133072 -0.1293894499540329 -0.05520747974514961 0.9872570037841797
22.782849616634802 0.1948467344045639 -0.08126247674226761 0.11254334449768066 -0.07840682566165924 -0.12565027177333832 -0.05623955652117729 0.987371027469635
22.8328666166348 0.19432546198368073 -0.0755867063999176 0.11266009509563446 -0.07998452335596085 -0.11922931671142578 -0.05603513494133949 0.9880521297454834
22.8828836166348 0.1923162341117859 -0.07082854211330414 0.11289733648300171 -0.08156681060791016 -0.11142712086439133 -0.0547480583190918 0.9889052510261536
22.9329016166348 0.1903756558895111 -0.06776465475559235 0.1131560206413269 -0.0836806520819664 -0.10648549348115921 -0.053420163691043854 0.9893456101417542
22.9829186166348 0.18661248683929443 -0.06335200369358063 0.11248905956745148 -0.08402508497238159 -0.1018599197268486 -0.04798068106174469 0.9900819063186646
23.032935616634802 0.18356899917125702 -0.06238926947116852 0.11029070615768433 -0.0862310603260994 -0.10058078914880753 -0.042151790112257004 0.9902883172035217
23.082952616634802 0.1799222081899643 -0.06262923032045364 0.10783712565898895 -0.08895106613636017 -0.10364186763763428 -0.03543500229716301 0.9899951815605164
23.1329706166348 0.17395304143428802 -0.06405898928642273 0.1052483543753624 -0.09250059723854065 -0.10960289090871811 -0.028592709451913834 0.9892488718032837
23.1829876166348 0.1676892191171646 -0.06701112538576126 0.10240328311920166 -0.09553860127925873 -0.11903651058673859 -0.021486598998308182 0.9880490899085999
23.2330046166348 0.16245846450328827 -0.07146061211824417 0.1005358025431633 -0.09966034442186356 -0.12843945622444153 -0.013882288709282875 0.9865994453430176
23.2830216166348 0.1575581580400467 -0.07707483321428299 0.09969300031661987 -0.10267164558172226 -0.1356351524591446 -0.007269734516739845 0.9853978157043457
23.3330396166348 0.15433667600154877 -0.08459693193435669 0.09963788092136383 -0.10557873547077179 -0.1391405463218689 -0.0019216379150748253 0.9846265316009521
23.3830566166348 0.15046769380569458 -0.09140163660049438 0.10063144564628601 -0.10707518458366394 -0.13856683671474457 0.002022488508373499 0.9845455884933472
23.4330736166348 0.14695321023464203 -0.09921618551015854 0.10081585496664047 -0.1076066866517067 -0.13530130684375763 0.004489095415920019 0.984933614730835
23.4830906166348 0.14521923661231995 -0.1051298975944519 0.10078858584165573 -0.10451515763998032 -0.13195985555648804 0.004872928839176893 0.9857177734375
23.5331076166348 0.14551182091236115 -0.10839510709047318 0.10194773972034454 -0.09921732544898987 -0.12531708180904388 0.004898334387689829 0.9871309995651245
23.583125616634803 0.14565053582191467 -0.10988259315490723 0.10232903808355331 -0.09300336986780167 -0.11330732703208923 0.00260669132694602 0.9891942143440247
23.6331426166348 0.1447424292564392 -0.1113128662109375 0.1033463180065155 -0.08871082216501236 -0.09891970455646515 -0.0008786204271018505 0.9911329746246338
23.6831596166348 0.14323042333126068 -0.10946711152791977 0.10402894765138626 -0.08372456580400467 -0.08288224041461945 -0.0043009622022509575 0.993026852607727
23.7331766166348 0.14183582365512848 -0.10580220818519592 0.10399351269006729 -0.07921160012483597 -0.07063275575637817 -0.00813377182930708 0.9943190813064575
23.783194616634802 0.14010560512542725 -0.10089904069900513 0.10327416658401489 -0.07628383487462997 -0.05890452861785889 -0.010336588136851788 0.995290994644165
23.833211616634802 0.1357063353061676 -0.09515798091888428 0.10412037372589111 -0.07563407719135284 -0.045599665492773056 -0.013743627816438675 0.9959976673126221
23.883228616634803 0.1298985332250595 -0.0869424045085907 0.10430074483156204 -0.07583831250667572 -0.033183030784130096 -0.015016807243227959 0.9964547157287598
23.9332456166348 0.1238582581281662 -0.08037097752094269 0.10512945055961609 -0.07985614985227585 -0.023673614487051964 -0.015350681729614735 0.9964070320129395
23.9832636166348 0.11678003519773483 -0.07154271751642227 0.10586020350456238 -0.08318895846605301 -0.016088061034679413 -0.012601000256836414 0.9963242411613464
24.0332806166348 0.10766562074422836 -0.06454360485076904 0.10649333149194717 -0.08850119262933731 -0.011445497162640095 -0.00815623439848423 0.9959769248962402
24.083297616634802 0.0968768298625946 -0.059050723910331726 0.10659889131784439 -0.09486140310764313 -0.01054576225578785 -0.0032028493005782366 0.995429515838623
24.133314616634802 0.08704029023647308 -0.05503664165735245 0.10610152781009674 -0.10063468664884567 -0.013304919004440308 0.0041032638400793076 0.994826078414917
24.1833326166348 0.07586667686700821 -0.052713025361299515 0.10659312456846237 -0.10582160949707031 -0.016859836876392365 0.011709013022482395 0.9941732287406921
24.2333496166348 0.06532653421163559 -0.053174108266830444 0.10583251714706421 -0.10994598269462585 -0.02312365360558033 0.019993731752038002 0.9934674501419067
24.2833666166348 0.055982861667871475 -0.05494723469018936 0.105423703789711 -0.11015944927930832 -0.031137758865952492 0.028017617762088776 0.9930309653282166
24.3333836166348 0.04745888710021973 -0.059428680688142776 0.1046624630689621 -0.10843267291784286 -0.03797547146677971 0.034850023686885834 0.9927666783332825
24.383400616634802 0.04034152999520302 -0.06630556285381317 0.10347560048103333 -0.10466630756855011 -0.043456174433231354 0.038959428668022156 0.9927933812141418
24.4334186166348 0.03396361693739891 -0.07253967970609665 0.10121456533670425 -0.09768783301115036 -0.04681047424674034 0.04178699851036072 0.9932370185852051
24.4834356166348 0.027608860284090042 -0.08071110397577286 0.09981293231248856 -0.09169125556945801 -0.049460411071777344 0.042767658829689026 0.9936384558677673
24.5334526166348 0.025650139898061752 -0.09063049405813217 0.09881147742271423 -0.0877315104007721 -0.0533311553299427 0.045027028769254684 0.9936959147453308
24.5834696166348 0.024699024856090546 -0.09916521608829498 0.09752636402845383 -0.0818207859992981 -0.051097698509693146 0.045488160103559494 0.9942963719367981
24.633487616634802 0.02477499656379223 -0.10727035254240036 0.09653472900390625 -0.07769395411014557 -0.047387827187776566 0.04483645781874657 0.9948405623435974
24.6835046166348 0.027900688350200653 -0.1125187799334526 0.0959162637591362 -0.07188741862773895 -0.04258772358298302 0.044954732060432434 0.9954886436462402
24.7335216166348 0.030960973352193832 -0.11645498126745224 0.0952211320400238 -0.06668131798505783 -0.03407644107937813 0.04279811307787895 0.9962734580039978
24.7835386166348 0.035389769822359085 -0.11833672225475311 0.09363327920436859 -0.0612657368183136 -0.026086371392011642 0.03987766429781914 0.9969833493232727
24.8335566166348 0.03973747417330742 -0.1181848794221878 0.09154792875051498 -0.0563686341047287 -0.016557756811380386 0.03692111745476723 0.9975897669792175
24.883573616634802 0.043952688574790955 -0.1151995062828064 0.08935443311929703 -0.052228283137083054 -0.007428102195262909 0.03458462655544281 0.9980084896087646
24.933590616634802 0.046587515622377396 -0.11329852789640427 0.08812972158193588 -0.05282637104392052 0.0029547112062573433 0.03327580913901329 0.9980447888374329
24.9836076166348 0.04910711571574211 -0.10808281600475311 0.0855010524392128 -0.0538983978331089 0.01445847563445568 0.03256074711680412 0.9979106783866882
25.0336256166348 0.05076517537236214 -0.1013842448592186 0.08426118642091751 -0.058606501668691635 0.023992270231246948 0.032346710562705994 0.9974685311317444
25.0836426166348 0.05040803924202919 -0.09434064477682114 0.08352601528167725 -0.06583576649427414 0.030954567715525627 0.03256584703922272 0.9968184232711792
25.1336596166348 0.05139782652258873 -0.08518864959478378 0.08358830958604813 -0.07281036674976349 0.03308364003896713 0.03543107211589813 0.9961670637130737
25.183676616634802 0.04866522550582886 -0.07748564332723618 0.08309558779001236 -0.08116094022989273 0.03400749713182449 0.037339773029088974 0.9954206347465515
25.233693616634802 0.044410355389118195 -0.07079050689935684 0.0823809802532196 -0.09000808000564575 0.03232352063059807 0.038665782660245895 0.9946652054786682
25.2837116166348 0.038317106664180756 -0.06326361745595932 0.08172082155942917 -0.09594796597957611 0.027100639417767525 0.03985537961125374 0.9942188858985901
25.3337286166348 0.0307396799325943 -0.058540716767311096 0.08099750429391861 -0.10155266523361206 0.019520265981554985 0.040417350828647614 0.993817150592804
25.3837456166348 0.024094007909297943 -0.05542711913585663 0.07970922440290451 -0.10501068830490112 0.00983566977083683 0.04042275249958038 0.9936005473136902
25.4337626166348 0.015960292890667915 -0.05486428737640381 0.07799853384494781 -0.10724759846925735 0.0011808954877778888 0.03915787488222122 0.9934602379798889
25.4837806166348 0.00767406914383173 -0.05592726543545723 0.07602845877408981 -0.10710282623767853 -0.008198700845241547 0.036971427500247955 0.9935265183448792
25.5337976166348 -0.0009459865977987647 -0.0599609911441803 0.07487360388040543 -0.10685479640960693 -0.017489023506641388 0.03258958086371422 0.993586540222168
25.5838146166348 -0.009577218443155289 -0.06413086503744125 0.07345599681138992 -0.10285282880067825 -0.02357320860028267 0.02815624512732029 0.9940185546875
25.6338316166348 -0.015031512826681137 -0.07148303836584091 0.07132416218519211 -0.09929291158914566 -0.030637895688414574 0.024557843804359436 0.9942832589149475
25.683849616634802 -0.020520733669400215 -0.07870861142873764 0.06847241520881653 -0.09213343262672424 -0.03670294210314751 0.02154298685491085 0.9948368072509766
25.733866616634803 -0.02456427551805973 -0.08695688098669052 0.06546411663293839 -0.08438286185264587 -0.04220354184508324 0.01826382242143154 0.9953717589378357
25.7838836166348 -0.02580372616648674 -0.0956658124923706 0.06263851374387741 -0.0757046565413475 -0.045007526874542236 0.017384914681315422 0.9959622621536255
25.8339006166348 -0.025226270779967308 -0.10449416190385818 0.05916423350572586 -0.06664366275072098 -0.04559991508722305 0.017745258286595345 0.9965763092041016
25.8839176166348 -0.02309700846672058 -0.11168603599071503 0.055268652737140656 -0.056986648589372635 -0.043819576501846313 0.019109947606921196 0.9972297549247742
25.933935616634802 -0.018756641075015068 -0.11850754916667938 0.05096404626965523 -0.048693280667066574 -0.04072557017207146 0.02382124960422516 0.9976988434791565
25.983952616634802 -0.012343860231339931 -0.12221930176019669 0.04894692450761795 -0.04174463450908661 -0.0354054756462574 0.02938889153301716 0.9980682134628296
26.033969616634803 -0.006044898647814989 -0.12541064620018005 0.04794105514883995 -0.038171734660863876 -0.025917459279298782 0.03587649390101433 0.9982905983924866
26.0839866166348 0.0011962458956986666 -0.12574921548366547 0.04713265970349312 -0.03566303104162216 -0.014707406982779503 0.04301498085260391 0.9983294010162354
26.1340046166348 0.007726732175797224 -0.12483550608158112 0.046546973288059235 -0.03539356216788292 -0.0005601822049356997 0.048985324800014496 0.9981720447540283
