1542151703987408.5 -0.0 -0.0 -0.0 -0.0 -0.0 1.0 -0.0
1542151704017072.5 -0.0359112 -0.030780042 0.025870182 -0.037605453 -0.01789722 0.9991235 0.004219191
1542151704046841.5 -0.06681232 -0.059333045 0.045990136 -0.07019831 -0.039492916 0.99674743 0.0026643698
1542151704076654.5 -0.09332343 -0.08773467 0.057355914 -0.09136667 -0.056584723 0.994175 -0.008151934
1542151704106383.5 -0.12033033 -0.11395697 0.05642134 -0.10383934 -0.062181704 0.9924876 -0.017865475
1542151704135914.5 -0.14019367 -0.132302 0.06322302 -0.106654465 -0.06756106 0.99166185 -0.025829548
1542151704165249.5 -0.1503972 -0.14653361 0.07502444 -0.10237484 -0.06573665 0.99186647 -0.037403688
1542151704194458.5 -0.15451868 -0.16174647 0.08563265 -0.09367364 -0.05631531 0.9927783 -0.04944732
1542151704223614.5 -0.13528231 -0.17710797 0.10666746 -0.09043754 -0.037188224 0.9933949 -0.06003947
1542151704252785.5 -0.12124368 -0.17796725 0.12057296 -0.08038356 -0.015217069 0.99377203 -0.07565822
1542151704282058.5 -0.10404954 -0.1889817 0.12687352 -0.062584005 0.0143283745 0.9938303 -0.090439364
1542151704311509.5 -0.070480436 -0.19012287 0.13684516 -0.040592156 0.037352383 0.9941825 -0.09251082
1542151704341193.5 -0.046681874 -0.18993483 0.13706155 -0.012913588 0.06784806 0.99324703 -0.093221486
1542151704371155.5 -0.010194337 -0.17917366 0.12696226 0.012195259 0.09792943 0.9909213 -0.09130245
1542151704401405.5 0.032337327 -0.16430387 0.10811841 0.041073296 0.12077324 0.9881159 -0.08575477
1542151704431906.5 0.08768785 -0.14832976 0.075875096 0.07803864 0.12350635 0.9858176 -0.08258197
1542151704462624.5 0.14622591 -0.13572314 0.035689298 0.120217785 0.11083699 0.98340034 -0.07865605
1542151704493519.5 0.19783114 -0.11698527 -0.0028323578 0.14963077 0.09942337 0.9808317 -0.07546458
1542151704524519.5 0.24673799 -0.09119837 -0.038588524 0.16241826 0.0997059 0.97862434 -0.07728858
1542151704555479.5 0.30067372 -0.06377167 -0.07237593 0.16933289 0.100164235 0.9769893 -0.08237339
1542151704586243.5 0.35314468 -0.046168186 -0.10501229 0.1823051 0.09004556 0.9752086 -0.08732088
1542151704616742.5 0.3979327 -0.030162446 -0.12837231 0.19563125 0.07647196 0.97330403 -0.09251874
1542151704646956.5 0.4451786 -0.01968014 -0.15097035 0.20536087 0.06535969 0.97141033 -0.09958466
1542151704676888.5 0.48498124 -0.021982804 -0.16999787 0.22328204 0.048920274 0.9682705 -0.10101625
1542151704706626.5 0.5157942 -0.029420812 -0.18215835 0.24438708 0.023517687 0.96435183 -0.09872975
1542151704736307.5 0.5395786 -0.041501865 -0.19118704 0.2616691 -0.009642653 0.95994276 -0.09973151
1542151704766022.5 0.5640844 -0.054515187 -0.19666979 0.2748458 -0.053920206 0.9542872 -0.1043474
1542151704795816.5 0.5806077 -0.07211848 -0.2002052 0.28900784 -0.10769058 0.9447139 -0.11132385
1542151704825680.5 0.5927756 -0.08347622 -0.19942431 0.30299476 -0.17097019 0.92956674 -0.12193907
1542151704855546.5 0.6116551 -0.09543237 -0.1985887 0.30459464 -0.20142326 0.9215938 -0.131589
1542151704885307.5 0.62152624 -0.1132029 -0.20317593 0.29826635 -0.1958624 0.923411 -0.14137648
1542151704914867.5 0.6590259 -0.12809373 -0.21534015 0.2878005 -0.18308039 0.9288064 -0.14481422
1542151704944228.5 0.6836285 -0.13522157 -0.21839128 0.29822785 -0.17823975 0.9269593 -0.1415532
1542151704973455.5 0.6996063 -0.15030164 -0.23490047 0.30371568 -0.14998293 0.9308802 -0.13683589
1542151705002606.5 0.71270937 -0.15666085 -0.24757174 0.2998644 -0.10548836 0.93895245 -0.13161297
1542151705031717.5 0.7230685 -0.14711462 -0.2542148 0.2940967 -0.07364793 0.9446839 -0.12512186
1542151705060843.5 0.7332409 -0.13272357 -0.2573548 0.28436217 -0.055004124 0.9493254 -0.12204103
1542151705090090.5 0.7317581 -0.1105016 -0.2607966 0.27362883 -0.046083916 0.952173 -0.12794597
1542151705119550.5 0.73388976 -0.083377145 -0.2651907 0.2564039 -0.04354157 0.95498365 -0.14271457
1542151705149225.5 0.72714686 -0.048550747 -0.26709387 0.24175704 -0.045179028 0.9562422 -0.15847197
1542151705179045.5 0.7183688 -0.011977479 -0.26924562 0.22724698 -0.042339753 0.9578656 -0.17046894
1542151705208904.5 0.7059294 0.023959875 -0.27022505 0.21370102 -0.03536549 0.95950276 -0.18009879
1542151705238740.5 0.6918202 0.057007737 -0.26958194 0.20308892 -0.027444167 0.9612845 -0.18421152
1542151705268552.5 0.6713 0.08450036 -0.26613298 0.1944752 -0.01812226 0.9641534 -0.17960869
1542151705298397.5 0.6475276 0.10925272 -0.26351443 0.1853884 -0.011036282 0.9664131 -0.17763789
1542151705328362.5 0.62979954 0.12931697 -0.25957036 0.1743916 0.0018032147 0.9678824 -0.18107481
1542151705358505.5 0.61004215 0.15094353 -0.2550312 0.16249473 0.03150091 0.9697731 -0.17928566
1542151705388833.5 0.5881538 0.1707613 -0.24859746 0.14675172 0.07351475 0.9713412 -0.17191818
1542151705419349.5 0.56360817 0.18853189 -0.24225259 0.13148364 0.10966731 0.9707502 -0.16831264
1542151705450092.5 0.53706723 0.20654303 -0.23665252 0.116231404 0.13634406 0.9692478 -0.16869888
1542151705481112.5 0.50552225 0.22075534 -0.23258516 0.10225876 0.15966164 0.9673256 -0.16832253
1542151705512408.5 0.47104937 0.2268768 -0.23104134 0.09755627 0.17525381 0.9657118 -0.16483238
1542151705543946.5 0.45367834 0.23380959 -0.22790277 0.09523121 0.19357939 0.9640929 -0.15486436
1542151705575700.5 0.41852042 0.23975849 -0.23138762 0.094140396 0.21597126 0.9604656 -0.14832334
1542151705607696.5 0.38712075 0.2585315 -0.2278963 0.08719079 0.2329949 0.95763785 -0.14505489
1542151705639927.5 0.34835213 0.27097562 -0.23650227 0.09471303 0.23691353 0.95555604 -0.1476964
1542151705672298.5 0.33429253 0.2897032 -0.24287957 0.099489845 0.23985818 0.9535197 -0.15287264
1542151705704779.5 0.30592972 0.3065269 -0.2553088 0.10849428 0.24637851 0.9508668 -0.15290178
1542151705737394.5 0.2798036 0.32068077 -0.26112708 0.108358555 0.2544278 0.94955593 -0.14787982
1542151705770147.5 0.23012602 0.3318176 -0.27065775 0.113612 0.25170183 0.9495201 -0.14882912
1542151705803073.5 0.21247703 0.34044668 -0.27845624 0.108993284 0.25744617 0.9476939 -0.15400745
1542151705836152.5 0.17189997 0.347975 -0.28686392 0.11441058 0.26625207 0.9446601 -0.15374455
1542151705869304.5 0.14432284 0.34995025 -0.2964242 0.11615117 0.26413584 0.944383 -0.15774016
1542151705902466.5 0.13165161 0.35108957 -0.30697638 0.10940601 0.24508041 0.9487825 -0.1666662
1542151705935591.5 0.14315203 0.36071122 -0.3079836 0.093112834 0.20103078 0.9586971 -0.17837207
1542151705968602.5 0.14080063 0.35941154 -0.31009376 0.09007384 0.14594732 0.96709996 -0.18789302
1542151706001367.5 0.14116356 0.35839522 -0.3119657 0.08116212 0.088785194 0.9728827 -0.19755831
