# timestamp[secs] tx ty tz qx qy qz qw
1542151703.9874084 -0.0 -0.0 -0.0 -0.0 -0.0 -0.0 1.0
1542151704.0170724 -0.0359111987054348 -0.030780041590332985 0.025870181620121002 0.004219191148877144 -0.03760545328259468 -0.017897220328450203 0.9991235136985779
1542151704.0468414 -0.06681232154369354 -0.05933304503560066 0.04599013552069664 0.0026643697638064623 -0.07019831240177155 -0.03949291631579399 0.9967474341392517
1542151704.0766544 -0.09332343190908432 -0.08773466944694519 0.057355914264917374 -0.008151933550834656 -0.09136667102575302 -0.05658472329378128 0.9941750168800354
1542151704.1063836 -0.1203303337097168 -0.11395697295665741 0.05642133951187134 -0.01786547526717186 -0.10383933782577515 -0.06218170374631882 0.9924876093864441
1542151704.1359146 -0.14019367098808289 -0.13230200111865997 0.06322301924228668 -0.02582954801619053 -0.10665446519851685 -0.0675610601902008 0.9916618466377258
1542151704.1652496 -0.1503971964120865 -0.14653360843658447 0.07502444088459015 -0.037403687834739685 -0.1023748368024826 -0.06573665142059326 0.9918664693832397
1542151704.1944585 -0.15451867878437042 -0.16174647212028503 0.08563265204429626 -0.04944732040166855 -0.09367363899946213 -0.056315310299396515 0.9927783012390137
1542151704.2236145 -0.13528230786323547 -0.17710797488689423 0.10666745901107788 -0.060039471834897995 -0.09043753892183304 -0.037188224494457245 0.9933949112892151
1542151704.2527854 -0.1212436780333519 -0.17796725034713745 0.12057296186685562 -0.07565821707248688 -0.08038356155157089 -0.01521706860512495 0.993772029876709
1542151704.2820585 -0.10404954105615616 -0.18898169696331024 0.12687352299690247 -0.09043936431407928 -0.06258400529623032 0.014328374527394772 0.9938303232192993
1542151704.3115096 -0.07048043608665466 -0.19012287259101868 0.1368451565504074 -0.09251081943511963 -0.04059215635061264 0.03735238313674927 0.9941825270652771
1542151704.3411934 -0.04668187350034714 -0.1899348348379135 0.13706155121326447 -0.09322148561477661 -0.012913588434457779 0.06784805655479431 0.9932470321655273
1542151704.3711555 -0.010194336995482445 -0.17917366325855255 0.12696225941181183 -0.09130244702100754 0.01219525933265686 0.09792943298816681 0.9909213185310364
1542151704.4014056 0.03233732655644417 -0.16430386900901794 0.10811840742826462 -0.08575476706027985 0.04107329621911049 0.12077324092388153 0.9881159067153931
1542151704.4319065 0.08768784999847412 -0.14832976460456848 0.07587509602308273 -0.08258196711540222 0.07803864032030106 0.12350635230541229 0.9858176112174988
1542151704.4626245 0.1462259143590927 -0.13572314381599426 0.03568929806351662 -0.07865604758262634 0.12021778523921967 0.11083699017763138 0.9834003448486328
1542151704.4935195 0.1978311389684677 -0.1169852688908577 -0.00283235777169466 -0.07546457648277283 0.14963077008724213 0.0994233712553978 0.9808316826820374
1542151704.5245194 0.2467379868030548 -0.09119836986064911 -0.038588523864746094 -0.07728858292102814 0.16241826117038727 0.09970589727163315 0.9786243438720703
1542151704.5554795 0.3006737232208252 -0.06377167254686356 -0.07237593084573746 -0.08237338811159134 0.16933289170265198 0.10016423463821411 0.9769893288612366
1542151704.5862434 0.35314467549324036 -0.04616818577051163 -0.10501229017972946 -0.08732087910175323 0.18230509757995605 0.09004555642604828 0.975208580493927
1542151704.6167426 0.3979327082633972 -0.030162446200847626 -0.12837231159210205 -0.09251873940229416 0.1956312507390976 0.0764719620347023 0.973304033279419
1542151704.6469564 0.4451785981655121 -0.019680140540003777 -0.15097035467624664 -0.09958466142416 0.20536087453365326 0.0653596892952919 0.97141033411026
1542151704.6768885 0.4849812388420105 -0.02198280394077301 -0.16999787092208862 -0.10101625323295593 0.22328203916549683 0.048920273780822754 0.968270480632782
1542151704.7066264 0.5157942175865173 -0.02942081168293953 -0.18215835094451904 -0.09872975200414658 0.24438707530498505 0.023517686873674393 0.9643518328666687
1542151704.7363074 0.5395786166191101 -0.04150186479091644 -0.1911870390176773 -0.09973151236772537 0.2616690993309021 -0.009642653167247772 0.9599427580833435
1542151704.7660224 0.5640844106674194 -0.054515186697244644 -0.1966697871685028 -0.10434740036725998 0.27484580874443054 -0.0539202056825161 0.9542871713638306
1542151704.7958164 0.5806077122688293 -0.07211848348379135 -0.20020520687103271 -0.11132384836673737 0.28900784254074097 -0.10769058018922806 0.9447138905525208
1542151704.8256805 0.5927755832672119 -0.083476223051548 -0.19942431151866913 -0.12193907052278519 0.3029947578907013 -0.17097018659114838 0.9295667409896851
1542151704.8555465 0.6116551160812378 -0.09543237090110779 -0.19858869910240173 -0.13158899545669556 0.30459463596343994 -0.2014232575893402 0.9215937852859497
1542151704.8853076 0.6215262413024902 -0.11320289969444275 -0.20317593216896057 -0.14137648046016693 0.29826635122299194 -0.19586239755153656 0.9234110116958618
1542151704.9148674 0.6590259075164795 -0.12809373438358307 -0.21534015238285065 -0.14481422305107117 0.28780049085617065 -0.18308039009571075 0.9288064241409302
1542151704.9442284 0.683628499507904 -0.13522157073020935 -0.2183912843465805 -0.14155319333076477 0.29822784662246704 -0.17823974788188934 0.9269592761993408
1542151704.9734554 0.6996062994003296 -0.15030163526535034 -0.23490047454833984 -0.13683588802814484 0.30371567606925964 -0.14998292922973633 0.9308801889419556
1542151705.0026064 0.712709367275238 -0.15666085481643677 -0.24757173657417297 -0.13161297142505646 0.29986441135406494 -0.1054883599281311 0.9389524459838867
1542151705.0317175 0.7230684757232666 -0.1471146196126938 -0.2542147934436798 -0.1251218616962433 0.2940967082977295 -0.07364793121814728 0.9446839094161987
1542151705.0608435 0.7332409024238586 -0.13272356986999512 -0.2573547959327698 -0.12204103171825409 0.28436216711997986 -0.05500412359833717 0.9493253827095032
1542151705.0900905 0.7317581176757812 -0.11050160229206085 -0.26079660654067993 -0.12794597446918488 0.273628830909729 -0.04608391597867012 0.9521729946136475
1542151705.1195505 0.7338897585868835 -0.08337714523077011 -0.2651906907558441 -0.14271457493305206 0.2564038932323456 -0.043541569262742996 0.954983651638031
1542151705.1492255 0.7271468639373779 -0.04855074733495712 -0.26709386706352234 -0.1584719717502594 0.24175703525543213 -0.04517902806401253 0.9562422037124634
1542151705.1790454 0.7183688282966614 -0.011977478861808777 -0.26924562454223633 -0.17046894133090973 0.2272469848394394 -0.0423397533595562 0.9578655958175659
1542151705.2089045 0.7059293985366821 0.023959875106811523 -0.27022504806518555 -0.1800987869501114 0.2137010246515274 -0.03536548838019371 0.9595027565956116
1542151705.2387404 0.6918202042579651 0.05700773745775223 -0.26958194375038147 -0.18421152234077454 0.2030889242887497 -0.02744416706264019 0.9612845182418823
1542151705.2685525 0.6712999939918518 0.08450035750865936 -0.26613298058509827 -0.17960868775844574 0.1944752037525177 -0.01812225952744484 0.9641534090042114
1542151705.2983975 0.6475275754928589 0.10925272107124329 -0.2635144293308258 -0.17763788998126984 0.18538840115070343 -0.011036282405257225 0.9664130806922913
1542151705.3283625 0.6297995448112488 0.12931697070598602 -0.2595703601837158 -0.1810748130083084 0.17439159750938416 0.0018032146617770195 0.9678823947906494
1542151705.3585055 0.610042154788971 0.15094353258609772 -0.25503119826316833 -0.1792856603860855 0.1624947339296341 0.031500909477472305 0.9697731137275696
1542151705.3888335 0.5881537795066833 0.17076130211353302 -0.24859745800495148 -0.17191818356513977 0.14675171673297882 0.07351475208997726 0.9713411927223206
1542151705.4193494 0.5636081695556641 0.18853189051151276 -0.24225258827209473 -0.16831263899803162 0.13148364424705505 0.10966730862855911 0.9707502126693726
1542151705.4500926 0.5370672345161438 0.20654302835464478 -0.23665252327919006 -0.16869887709617615 0.11623140424489975 0.1363440603017807 0.9692478179931641
1542151705.4811125 0.5055222511291504 0.22075533866882324 -0.23258516192436218 -0.16832253336906433 0.10225875675678253 0.15966163575649261 0.9673256278038025
1542151705.5124085 0.47104936838150024 0.22687679529190063 -0.2310413420200348 -0.16483238339424133 0.09755627065896988 0.17525380849838257 0.965711772441864
1542151705.5439465 0.45367833971977234 0.23380959033966064 -0.22790277004241943 -0.1548643559217453 0.09523121267557144 0.19357939064502716 0.9640929102897644
1542151705.5757005 0.41852042078971863 0.23975849151611328 -0.23138761520385742 -0.14832334220409393 0.09414039552211761 0.21597126126289368 0.9604656100273132
1542151705.6076965 0.3871207535266876 0.25853151082992554 -0.2278963029384613 -0.145054891705513 0.08719079196453094 0.2329948991537094 0.9576378464698792
1542151705.6399274 0.3483521342277527 0.27097561955451965 -0.2365022748708725 -0.14769640564918518 0.09471303224563599 0.2369135320186615 0.9555560350418091
1542151705.6722984 0.33429253101348877 0.2897031903266907 -0.24287956953048706 -0.15287263691425323 0.09948984533548355 0.23985818028450012 0.9535197019577026
1542151705.7047794 0.3059297204017639 0.30652689933776855 -0.2553088068962097 -0.1529017835855484 0.10849428176879883 0.24637851119041443 0.9508668184280396
1542151705.7373946 0.279803603887558 0.32068076729774475 -0.2611270844936371 -0.14787982404232025 0.10835855454206467 0.25442779064178467 0.9495559334754944
1542151705.7701476 0.2301260232925415 0.3318175971508026 -0.2706577479839325 -0.1488291174173355 0.11361200362443924 0.25170183181762695 0.9495201110839844
1542151705.8030734 0.21247702836990356 0.34044668078422546 -0.2784562408924103 -0.1540074497461319 0.1089932844042778 0.25744616985321045 0.9476938843727112
1542151705.8361526 0.1718999743461609 0.3479749858379364 -0.28686392307281494 -0.15374454855918884 0.11441057920455933 0.2662520706653595 0.9446601271629333
1542151705.8693044 0.14432284235954285 0.34995025396347046 -0.2964242100715637 -0.15774016082286835 0.11615116894245148 0.26413583755493164 0.9443830251693726
1542151705.9024665 0.1316516101360321 0.35108956694602966 -0.3069763779640198 -0.1666661947965622 0.1094060093164444 0.24508041143417358 0.9487825036048889
1542151705.9355915 0.14315202832221985 0.3607112169265747 -0.3079836070537567 -0.1783720701932907 0.09311283379793167 0.20103077590465546 0.9586970806121826
1542151705.9686024 0.1408006250858307 0.3594115376472473 -0.3100937604904175 -0.18789301812648773 0.0900738388299942 0.14594732224941254 0.9670999646186829
1542151706.0013676 0.14116355776786804 0.35839521884918213 -0.3119657039642334 -0.19755831360816956 0.08116211742162704 0.08878519386053085 0.9728826880455017
