# timestamp[secs] tx ty tz qx qy qz qw
0.04639840860215053 -0.0 -0.0 -0.0 -0.0 -0.0 -0.0 1.0
0.07086440860215054 -0.0 -0.0 -0.0 -0.0 -0.0 -0.0 1.0
0.09533040860215053 0.08840186893939972 0.00988567341119051 8.016837819013745e-05 -0.0008002198301255703 -0.006861454341560602 0.00025239743990823627 0.9999761581420898
0.11979940860215053 0.08840186893939972 0.00988567341119051 8.016837819013745e-05 -0.0008002198301255703 -0.006861454341560602 0.00025239743990823627 0.9999761581420898
0.14427640860215055 0.13668367266654968 0.04131525754928589 -0.008837769739329815 -0.004935379605740309 -0.011818330734968185 -0.006655352655798197 0.9998958706855774
0.16877240860215054 0.13668367266654968 0.04131525754928589 -0.008837769739329815 -0.004935379605740309 -0.011818330734968185 -0.006655352655798197 0.9998958706855774
0.19330040860215053 0.13668367266654968 0.04131525754928589 -0.008837769739329815 -0.004935379605740309 -0.011818330734968185 -0.006655352655798197 0.9998958706855774
0.21786440860215053 0.13668367266654968 0.04131525754928589 -0.008837769739329815 -0.004935379605740309 -0.011818330734968185 -0.006655352655798197 0.9998958706855774
0.24245740860215054 0.13914121687412262 0.04751142859458923 -0.011415950953960419 -0.00020632459199987352 -0.023794177919626236 -0.019934965297579765 0.9995181560516357
0.2670674086021505 0.13914121687412262 0.04751142859458923 -0.011415950953960419 -0.00020632459199987352 -0.023794177919626236 -0.019934965297579765 0.9995181560516357
0.2916804086021505 0.09264404326677322 0.032456424087285995 -0.010362586937844753 0.0016259009717032313 -0.027642562985420227 -0.031165271997451782 0.9991306066513062
0.3162824086021505 0.09264404326677322 0.032456424087285995 -0.010362586937844753 0.0016259009717032313 -0.027642562985420227 -0.031165271997451782 0.9991306066513062
0.3408574086021505 0.030363690108060837 -0.0018327326979488134 -0.005966224242001772 0.005616646725684404 -0.02993849664926529 -0.033242352306842804 0.9989830255508423
0.3653984086021505 0.030363690108060837 -0.0018327326979488134 -0.005966224242001772 0.005616646725684404 -0.02993849664926529 -0.033242352306842804 0.9989830255508423
0.3899114086021505 -0.041185952723026276 -0.03326885402202606 0.0021695077884942293 0.008726594969630241 -0.029397455975413322 -0.034876175224781036 0.9989210367202759
0.4144034086021505 -0.041185952723026276 -0.03326885402202606 0.002169507322832942 0.008726595900952816 -0.02939745783805847 -0.034876178950071335 0.9989210963249207
0.4388824086021505 -0.13683360815048218 -0.06235349550843239 0.009998688474297523 0.010417159646749496 -0.027107220143079758 -0.030620284378528595 0.999109148979187
0.46336340860215053 -0.199666827917099 -0.08537497371435165 0.006676975172013044 0.009681600145995617 -0.02451777458190918 -0.02644931524991989 0.9993025660514832
0.4878644086021505 -0.2608254849910736 -0.09950214624404907 0.01962347701191902 0.013578482903540134 -0.024720704182982445 -0.022462502121925354 0.9993497729301453
0.5123934086021505 -0.34000635147094727 -0.12113424390554428 0.02361173741519451 0.015161879360675812 -0.02428082749247551 -0.018680600449442863 0.9994156360626221
0.5369524086021507 -0.4260302186012268 -0.14118176698684692 0.027318935841321945 0.01684245839715004 -0.024420378729701042 -0.01736152544617653 0.9994091391563416
0.5615394086021506 -0.5150536894798279 -0.15898165106773376 0.02949126623570919 0.018174320459365845 -0.023500042036175728 -0.017157508060336113 0.999411404132843
0.5861594086021507 -0.6056668758392334 -0.17884771525859833 0.03177495673298836 0.019442789256572723 -0.021826723590493202 -0.012387030757963657 0.9994959831237793
0.6108084086021506 -0.7017542719841003 -0.19595666229724884 0.03701101243495941 0.022024154663085938 -0.020481174811720848 -0.0022437640000134706 0.999545156955719
0.6354814086021506 -0.7963324785232544 -0.20790065824985504 0.04132970795035362 0.023578142747282982 -0.019193802028894424 0.0060319011099636555 0.9995195269584656
0.6601834086021506 -0.8878141641616821 -0.2146003395318985 0.045519083738327026 0.024096088483929634 -0.017052462324500084 0.012096005491912365 0.9994910955429077
0.6849364086021507 -0.9831724762916565 -0.21837902069091797 0.05259602144360542 0.02463381178677082 -0.014076202176511288 0.019465018063783646 0.9994078874588013
0.7097784086021506 -1.0882891416549683 -0.223774716258049 0.05458763614296913 0.024255061522126198 -0.012053760699927807 0.0291579756885767 0.9992077946662903
0.7347444086021506 -1.198528528213501 -0.2305690050125122 0.054804727435112 0.02349400334060192 -0.010777474381029606 0.03667031228542328 0.9989930987358093
0.7598354086021506 -1.314624309539795 -0.23975031077861786 0.05648920312523842 0.023072944954037666 -0.009105928242206573 0.04084023833274841 0.9988577365875244
0.7850174086021506 -1.432744026184082 -0.2540905475616455 0.057023726403713226 0.022564763203263283 -0.007743820082396269 0.04344957321882248 0.9987707734107971
0.8102404086021506 -1.5514341592788696 -0.2716861367225647 0.05333888158202171 0.0216192789375782 -0.006181363016366959 0.04616785794496536 0.998680591583252
0.8354784086021506 -1.663303017616272 -0.2894173264503479 0.049344249069690704 0.02045375481247902 -0.005450807046145201 0.051067449152469635 0.9984709024429321
0.8607404086021506 -1.7672252655029297 -0.30285200476646423 0.05120763182640076 0.01959342323243618 -0.00316630769520998 0.058120694011449814 0.9981122612953186
0.8860554086021506 -1.8518400192260742 -0.3137301802635193 0.04509110003709793 0.017763258889317513 -0.002407690044492483 0.06630789488554001 0.9976381659507751
0.9114294086021506 -1.905346155166626 -0.30933043360710144 0.053758811205625534 0.019102850928902626 -0.002702009165659547 0.0741439014673233 0.9970608949661255
0.9368474086021507 -1.9370747804641724 -0.3078056871891022 0.04548876732587814 0.018433770164847374 -0.004741952754557133 0.07895468175411224 0.9966964721679688
0.9623114086021506 -1.9326332807540894 -0.2935902178287506 0.04090212285518646 0.019385764375329018 -0.00835936889052391 0.07811008393764496 0.9967212677001953
0.9878324086021506 -1.8952319622039795 -0.280775249004364 0.04522860050201416 0.019564373418688774 -0.010813692584633827 0.07482116669416428 0.996946394443512
1.0134014086021506 -1.827446699142456 -0.2611309587955475 0.03077295795083046 0.020101746544241905 -0.016620106995105743 0.071236252784729 0.9971184134483337
1.0390014086021504 -1.722380518913269 -0.23157057166099548 0.03586293011903763 0.022778423503041267 -0.020507333800196648 0.06861398369073868 0.9971724152565002
1.0646164086021506 -1.6039519309997559 -0.21538953483104706 0.029251083731651306 0.022348880767822266 -0.022827371954917908 0.06679528206586838 0.9972552061080933
1.0902204086021505 -1.4647612571716309 -0.1962854266166687 0.028517184779047966 0.02302192710340023 -0.025506045669317245 0.06339017301797867 0.997397243976593
1.1157764086021507 -1.3101871013641357 -0.1685619354248047 0.03734074905514717 0.025003429502248764 -0.02790401130914688 0.05374949052929878 0.9978513717651367
1.1412734086021505 -1.152443289756775 -0.1436322182416916 0.056129153817892075 0.027294572442770004 -0.029755789786577225 0.03671571984887123 0.9985097050666809
1.1667024086021507 -1.0004607439041138 -0.1255941540002823 0.06090535596013069 0.028073618188500404 -0.03331223130226135 0.02007417380809784 0.9988489747047424
1.1920414086021507 -0.8532061576843262 -0.11382263153791428 0.07014644891023636 0.027828646823763847 -0.036913540214300156 0.005083985161036253 0.9989179372787476
1.2173054086021506 -0.7127655148506165 -0.10558822005987167 0.07225467264652252 0.0262520220130682 -0.039880841970443726 -0.010436993092298508 0.9988049864768982
1.2425604086021507 -0.5798450112342834 -0.10111585259437561 0.07636040449142456 0.025421027094125748 -0.04338689520955086 -0.024065488949418068 0.9984449744224548
1.2678544086021506 -0.4536503851413727 -0.10729414224624634 0.0764308050274849 0.02450084313750267 -0.04824839532375336 -0.03439577296376228 0.9979422688484192
1.2931614086021506 -0.3290863633155823 -0.11890169978141785 0.07840132713317871 0.023345014080405235 -0.05219694599509239 -0.045891173183918 0.9973086714744568
1.3184184086021506 -0.20416191220283508 -0.12689247727394104 0.08374194800853729 0.022014159709215164 -0.054240982979536057 -0.05871503800153732 0.9965570569038391
1.3436024086021505 -0.07309392094612122 -0.13686074316501617 0.08684919774532318 0.01863117143511772 -0.054860688745975494 -0.07006414234638214 0.9958585500717163
1.3687094086021505 0.052704229950904846 -0.14857123792171478 0.08320511877536774 0.014546550810337067 -0.05540858581662178 -0.07370146363973618 0.9956336617469788
1.3937174086021507 0.1698937565088272 -0.16645726561546326 0.07832872122526169 0.010225488804280758 -0.05518079921603203 -0.07099166512489319 0.9958969354629517
1.4186244086021507 0.2996155321598053 -0.1835666298866272 0.07655847072601318 0.00728901382535696 -0.05798201262950897 -0.06961816549301147 0.9958605766296387
1.4434214086021506 0.4019389748573303 -0.20913180708885193 0.06721612811088562 0.001759137725457549 -0.05707409977912903 -0.07051003724336624 0.9958754181861877
1.4680724086021506 0.48231378197669983 -0.23408298194408417 0.0618605799973011 -0.0010684869484975934 -0.0579448863863945 -0.06839247792959213 0.9959737658500671
1.4925384086021507 0.536661684513092 -0.25714239478111267 0.062313713133335114 -0.0013065777020528913 -0.05993419513106346 -0.06549985706806183 0.9960501790046692
1.5167904086021506 0.5745041370391846 -0.2785090506076813 0.0594094917178154 -0.00190584862139076 -0.061455000191926956 -0.06481616944074631 0.9960013031959534
1.5408434086021505 0.5864163041114807 -0.2860727906227112 0.058027610182762146 -0.0016630619065836072 -0.06263028085231781 -0.06519843637943268 0.9959035515785217
1.5647404086021506 0.56717848777771 -0.2740424573421478 0.06463160365819931 -1.4976570128055755e-05 -0.06432952731847763 -0.06811396777629852 0.9956014752388
1.5885284086021507 0.5234672427177429 -0.25631096959114075 0.07268223911523819 0.003267607418820262 -0.06616023182868958 -0.070143923163414 0.9953351616859436
1.6122494086021506 0.49007973074913025 -0.25647419691085815 0.06518017500638962 0.003244520863518119 -0.06989522278308868 -0.07564548403024673 0.9946768283843994
1.6359404086021507 0.4065667688846588 -0.24295352399349213 0.06315744668245316 0.00582894729450345 -0.0678277239203453 -0.07881978154182434 0.9945616722106934
1.6596364086021507 0.3173888921737671 -0.21791036427021027 0.07299835979938507 0.009724603965878487 -0.07012324780225754 -0.08416011184453964 0.9939342141151428
1.6833514086021506 0.21976305544376373 -0.18922951817512512 0.07324040681123734 0.01351105235517025 -0.07260990142822266 -0.08885733038187027 0.9933024048805237
1.7070984086021506 0.11188995838165283 -0.17879614233970642 0.0651719719171524 0.01254319865256548 -0.07375702261924744 -0.09250029176473618 0.9928979277610779
1.7309004086021507 -0.001193382777273655 -0.159912571310997 0.06286598742008209 0.01554673258215189 -0.07330650091171265 -0.092278391122818 0.9929094910621643
1.7548044086021506 -0.1131909191608429 -0.1663915514945984 0.04568963125348091 0.013782919384539127 -0.074109748005867 -0.08888246864080429 0.9931856989860535
1.7788624086021507 -0.2236947864294052 -0.17545150220394135 0.03366408869624138 0.014167286455631256 -0.07496511191129684 -0.08030594885349274 0.9938463568687439
1.8031094086021506 -0.33755987882614136 -0.17952392995357513 0.040391575545072556 0.017722131684422493 -0.07542546838521957 -0.07212117314338684 0.9943819642066956
1.8275574086021507 -0.4516601860523224 -0.18283937871456146 0.04933568835258484 0.022855574265122414 -0.07271922379732132 -0.06417775899171829 0.9950230121612549
1.8521974086021507 -0.5412012338638306 -0.19847679138183594 0.042724836617708206 0.023940276354551315 -0.07164932042360306 -0.05708187073469162 0.9955074191093445
1.8770244086021506 -0.615100085735321 -0.20486034452915192 0.04528667405247688 0.026496388018131256 -0.07016684859991074 -0.04870595782995224 0.9959931373596191
1.9020354086021507 -0.6726834774017334 -0.2089964747428894 0.04281199723482132 0.026923198252916336 -0.07024993002414703 -0.041338760405778885 0.9963088035583496
1.9272144086021505 -0.7282379865646362 -0.20884622633457184 0.04044285789132118 0.02635890059173107 -0.0687641128897667 -0.03148164972662926 0.9967876672744751
1.9525304086021507 -0.7800082564353943 -0.20284365117549896 0.03888317570090294 0.025831187143921852 -0.0677555575966835 -0.020596161484718323 0.9971548318862915
1.9779604086021507 -0.8332775831222534 -0.19191372394561768 0.03888006880879402 0.02592839114367962 -0.06669355183839798 -0.012310146354138851 0.9973606467247009
2.0034804086021505 -0.8910421133041382 -0.18362537026405334 0.03650565445423126 0.026302732527256012 -0.067515067756176 -0.008080052211880684 0.9973388314247131
2.029061408602151 -0.952717661857605 -0.18821826577186584 0.02454547956585884 0.025402400642633438 -0.06861140578985214 -0.007793669123202562 0.9972895979881287
2.0546774086021506 -1.0118408203125 -0.19981786608695984 0.01844622567296028 0.026201816275715828 -0.0702575072646141 -0.013291977345943451 0.9970961809158325
2.0803144086021508 -1.0669066905975342 -0.23317907750606537 -0.0001411269186064601 0.02261948212981224 -0.07076146453619003 -0.019893240183591843 0.9970383644104004
2.1059514086021505 -1.0952986478805542 -0.26095470786094666 -0.007887337356805801 0.021577198058366776 -0.07095737755298615 -0.024891626089811325 0.9969353079795837
2.1315744086021504 -1.0913015604019165 -0.2844707667827606 -0.012269486673176289 0.020541466772556305 -0.0725046768784523 -0.02793189138174057 0.9967652559280396
2.1571714086021507 -1.0637342929840088 -0.2793493866920471 0.0021111289970576763 0.02390175685286522 -0.07131602615118027 -0.03017563559114933 0.9967107176780701
2.1827394086021505 -1.0241633653640747 -0.27477627992630005 0.008846246637403965 0.022560063749551773 -0.06914997100830078 -0.027555076405405998 0.9969704747200012
2.2082934086021506 -0.9656001329421997 -0.26628920435905457 0.02445870079100132 0.021052971482276917 -0.06687493622303009 -0.021422306075692177 0.9973092079162598
2.2338494086021505 -0.9008020758628845 -0.26134806871414185 0.03247002512216568 0.0190077256411314 -0.06547188758850098 -0.011716049164533615 0.9976046085357666
2.2594254086021506 -0.8255078196525574 -0.2639102339744568 0.049007121473550797 0.019847238436341286 -0.06374755501747131 -0.0034760523121804 0.9977626204490662
2.285047408602151 -0.7444857954978943 -0.2795703113079071 0.05932627618312836 0.019698606804013252 -0.06188693642616272 0.0025932365097105503 0.9978854656219482
2.3107254086021505 -0.6703532934188843 -0.29204583168029785 0.06566870212554932 0.01942799985408783 -0.059748049825429916 0.005111930891871452 0.9980113506317139
2.3364444086021505 -0.6032260060310364 -0.2957317531108856 0.06939898431301117 0.018973391503095627 -0.05908946692943573 0.006804793607443571 0.9980491995811462
2.3621784086021504 -0.535040557384491 -0.2947740852832794 0.07279489189386368 0.017265239730477333 -0.05850210413336754 0.005684848874807358 0.9981218576431274
2.3878864086021507 -0.4624227285385132 -0.2875790297985077 0.07675563544034958 0.015729982405900955 -0.05673347786068916 0.0033983963076025248 0.9982597231864929
2.4135364086021505 -0.38765349984169006 -0.2872529923915863 0.07536929845809937 0.012522764503955841 -0.055732715874910355 0.0034631264861673117 0.9983612298965454
2.4390964086021505 -0.31019219756126404 -0.2730667293071747 0.08631891012191772 0.013698226772248745 -0.0568050891160965 0.007189416792243719 0.9982654452323914
2.4645374086021508 -0.23908506333827972 -0.2716619372367859 0.08037810027599335 0.010078114457428455 -0.0569574199616909 0.009129040874540806 0.9982840418815613
2.4898484086021506 -0.18568283319473267 -0.2601799964904785 0.08647310733795166 0.009930827654898167 -0.05315455421805382 0.00811093021184206 0.9985039830207825
2.5150324086021505 -0.13337042927742004 -0.25309523940086365 0.0823645293712616 0.007902594283223152 -0.053686633706092834 0.003123337170109153 0.9985217452049255
2.5401094086021505 -0.09740612655878067 -0.24263888597488403 0.08018967509269714 0.007264395244419575 -0.05517404153943062 0.0008879365050233901 0.998449981212616
2.5651114086021507 -0.07492620497941971 -0.22996187210083008 0.07609988003969193 0.006028048228472471 -0.056906696408987045 -0.0015544063644483685 0.9983601570129395
2.5900674086021507 -0.06444691121578217 -0.21484912931919098 0.0720096156001091 0.005153535399585962 -0.056399255990982056 -0.00964871235191822 0.9983484148979187
2.6149974086021506 -0.05239785462617874 -0.20107708871364594 0.0668049231171608 0.004115354735404253 -0.05765563249588013 -0.01717417873442173 0.9981803894042969
2.6399274086021505 -0.05591679364442825 -0.1886707842350006 0.06686472147703171 0.004935107659548521 -0.05632106959819794 -0.019691873341798782 0.9982063174247742
2.6648774086021505 -0.04549691081047058 -0.18595349788665771 0.06162174046039581 0.0037570565473288298 -0.0582723468542099 -0.018762875348329544 0.9981173276901245
2.6898544086021507 -0.05688420683145523 -0.18043047189712524 0.06604228168725967 0.005422254092991352 -0.055712420493364334 -0.016725100576877594 0.998292088508606
2.7148644086021507 -0.06878920644521713 -0.17702734470367432 0.07163650542497635 0.0068717231042683125 -0.05300550162792206 -0.015006337314844131 0.9984578490257263
2.7398964086021507 -0.06659026443958282 -0.18209092319011688 0.06608355790376663 0.005836294498294592 -0.05365537106990814 -0.012365318834781647 0.9984659552574158
2.7649374086021505 -0.06568077951669693 -0.18749454617500305 0.06866777688264847 0.0059755644761025906 -0.053846508264541626 -0.009366588667035103 0.9984874725341797
2.7899884086021505 -0.07760784775018692 -0.19213326275348663 0.06520625948905945 0.006378506775945425 -0.051685962826013565 -0.004743833094835281 0.9986318349838257
2.815029408602151 -0.08002584427595139 -0.19718149304389954 0.055944621562957764 0.006071825046092272 -0.05216413736343384 -0.002914627781137824 0.9986158013343811
2.8400614086021507 -0.08238276839256287 -0.20791222155094147 0.05314630642533302 0.004167134407907724 -0.054405372589826584 -0.0014387662522494793 0.9985092878341675
2.8650814086021508 -0.09507396072149277 -0.1942209005355835 0.05434904247522354 0.0073126498609781265 -0.05431324988603592 -0.00023752129345666617 0.9984971284866333
2.8900834086021505 -0.10865236073732376 -0.19200091063976288 0.054107729345560074 0.00663282535970211 -0.0534815639257431 -0.0004563659313134849 0.9985467195510864
2.9150614086021505 -0.12193423509597778 -0.18734098970890045 0.048711203038692474 0.005636901594698429 -0.05143914371728897 0.00182197499088943 0.9986585974693298
2.9400134086021508 -0.1359616219997406 -0.1841927468776703 0.049227140843868256 0.005099648144096136 -0.05079197511076927 0.006520936265587807 0.9986749887466431
2.9649454086021505 -0.15815386176109314 -0.17645102739334106 0.05584661662578583 0.006828049663454294 -0.050284769386053085 0.010914637707173824 0.9986519813537598
2.9898534086021504 -0.18163037300109863 -0.17172983288764954 0.061417218297719955 0.009826306253671646 -0.051049813628196716 0.010436277836561203 0.998593270778656
3.014742408602151 -0.21967704594135284 -0.17482253909111023 0.06378801167011261 0.011474200524389744 -0.05054934695363045 0.00955314002931118 0.9986099600791931
3.0396154086021507 -0.26292628049850464 -0.17549902200698853 0.06716262549161911 0.013194390572607517 -0.050084762275218964 0.00670137582346797 0.9986353516578674
3.0644754086021506 -0.2857031524181366 -0.20436081290245056 0.024516863748431206 0.0037881997413933277 -0.05565435811877251 -0.0007805432542227209 0.9984426498413086
3.0893264086021506 -0.330793559551239 -0.210737407207489 0.02535243146121502 0.0052501726895570755 -0.05627991631627083 -0.004892407916486263 0.9983892440795898
3.114179408602151 -0.37870609760284424 -0.22518150508403778 0.015463698655366898 0.004401202313601971 -0.057909805327653885 -0.008996164426207542 0.9982715845108032
3.1390304086021508 -0.432858407497406 -0.22884304821491241 0.01806553825736046 0.006401156075298786 -0.05874159187078476 -0.013239647261798382 0.9981649518013
3.1638864086021505 -0.48003625869750977 -0.2338249236345291 0.01138058491051197 0.006443089805543423 -0.06082724779844284 -0.01939140073955059 0.9979391694068909
3.1887614086021507 -0.5411933660507202 -0.23331917822360992 0.010060434229671955 0.0065848808735609055 -0.062460608780384064 -0.024370968341827393 0.997728168964386
3.2136764086021508 -0.6111047863960266 -0.22476737201213837 0.016450414434075356 0.009391379542648792 -0.06327251344919205 -0.02655983157455921 0.9975986480712891
3.2386504086021506 -0.6660105586051941 -0.23487795889377594 0.011628484353423119 0.008538779802620411 -0.06617353111505508 -0.029253169894218445 0.9973427057266235
3.2637124086021507 -0.6996822357177734 -0.25882670283317566 0.007558127865195274 0.006428745575249195 -0.06838059425354004 -0.03358367830514908 0.997073233127594
3.2888794086021504 -0.715381383895874 -0.29515936970710754 0.0033189442474395037 0.0030183945782482624 -0.06828585267066956 -0.037056177854537964 0.9969727993011475
3.3141584086021507 -0.7026406526565552 -0.322510302066803 0.007998300716280937 0.0045964824967086315 -0.06884829699993134 -0.03483637422323227 0.9970081448554993
3.3395424086021506 -0.6743491888046265 -0.348578542470932 0.014201682060956955 0.00529040303081274 -0.06957577168941498 -0.030019132420420647 0.997110903263092
3.3650124086021505 -0.640941321849823 -0.3900860548019409 0.0056344568729400635 0.0018823540303856134 -0.07108636200428009 -0.025390500202775 0.9971451759338379
3.3905474086021505 -0.5925514698028564 -0.37579286098480225 0.03471294045448303 0.010510736145079136 -0.07219785451889038 -0.01997506059706211 0.9971349239349365
3.4161254086021504 -0.5527612566947937 -0.41010603308677673 0.017526783049106598 0.0024107354693114758 -0.0758914202451706 -0.019794978201389313 0.996916651725769
3.4417314086021507 -0.5172212719917297 -0.4025496542453766 0.024377891793847084 0.0038446513935923576 -0.07678909599781036 -0.019644245505332947 0.9968464374542236
3.4673614086021507 -0.4922734797000885 -0.3887559175491333 0.03316902741789818 0.0038099910598248243 -0.07567168772220612 -0.0183719489723444 0.9969562888145447
3.4930024086021505 -0.4555313289165497 -0.3697938323020935 0.03138551861047745 0.0012097012950107455 -0.08012749999761581 -0.020051201805472374 0.9965822696685791
3.5186394086021506 -0.4599478542804718 -0.3221297562122345 0.04331101104617119 0.004272285383194685 -0.07510997354984283 -0.02237684279680252 0.9969149827957153
3.5442624086021506 -0.4298970103263855 -0.2986856997013092 0.009256163612008095 -0.0026958463713526726 -0.08486248552799225 -0.027539923787117004 0.9960083961486816
3.5698644086021507 -0.4267931878566742 -0.2525867521762848 0.010698162019252777 -0.001997049432247877 -0.08615481108427048 -0.029415016993880272 0.9958454966545105
3.5954404086021508 -0.43384119868278503 -0.20623403787612915 0.011471953243017197 -0.0034052038099616766 -0.08716398477554321 -0.031147053465247154 0.9957011938095093
3.6209934086021507 -0.4466099441051483 -0.12993717193603516 0.03863254562020302 0.004450819920748472 -0.08517862856388092 -0.034963466227054596 0.99574214220047
3.6465204086021505 -0.46583887934684753 -0.07992233335971832 0.04191015288233757 0.005354287568479776 -0.08485803008079529 -0.04375160112977028 0.9954176545143127
3.6720204086021506 -0.4834534525871277 -0.04088088124990463 0.04303502291440964 0.006793380714952946 -0.08437895774841309 -0.05098182335495949 0.995105504989624
3.6974984086021507 -0.5648191571235657 -0.028843240812420845 -0.008908472955226898 -0.000949126435443759 -0.07616182416677475 -0.047858141362667084 0.9959458708763123
3.7229674086021505 -0.579337477684021 -0.016360340639948845 -0.007453714497387409 -0.00010157008364330977 -0.07616329938173294 -0.04885976389050484 0.9958975315093994
3.748437408602151 -0.584666907787323 -0.025440745055675507 -0.0007896606111899018 0.0011543062282726169 -0.07637940347194672 -0.04768701642751694 0.995937168598175
3.7739154086021505 -0.5874389410018921 -0.05375165492296219 0.012868259102106094 0.0018042962765321136 -0.07587581872940063 -0.04535859078168869 0.9960834980010986
3.7993994086021505 -0.5945996046066284 -0.09880565851926804 0.010756961070001125 0.000876409059856087 -0.07431574910879135 -0.0435144416987896 0.9962846040725708
3.8248794086021505 -0.5561575293540955 -0.13815882802009583 0.057142168283462524 0.00911575835198164 -0.0860547125339508 -0.049012307077646255 0.9950423836708069
3.850346408602151 -0.564866304397583 -0.19958053529262543 0.061158180236816406 0.009585758671164513 -0.08530646562576294 -0.04632209986448288 0.9952312707901001
3.8758034086021507 -0.5938069224357605 -0.23894639313220978 0.10523165017366409 0.020937513560056686 -0.07808981090784073 -0.03992548957467079 0.9959264993667603
3.9012554086021507 -0.6034242510795593 -0.31215542554855347 0.10444962978363037 0.02176615223288536 -0.07700648903846741 -0.040737345814704895 0.9959602355957031
3.926714408602151 -0.5909119844436646 -0.4049951434135437 0.08825787156820297 0.015743672847747803 -0.08063095808029175 -0.04600956663489342 0.9955571293830872
3.9522014086021504 -0.5880523324012756 -0.4607170522212982 0.08939000219106674 0.016381511464715004 -0.07931308448314667 -0.0446297861635685 0.9957154989242554
3.9777404086021506 -0.5702142119407654 -0.5060092210769653 0.10004556179046631 0.01820046454668045 -0.07774969935417175 -0.03930293023586273 0.996031641960144
4.003339408602151 -0.531664252281189 -0.5709033012390137 0.0843668282032013 0.011159292422235012 -0.07602591067552567 -0.03152552247047424 0.9965448975563049
4.02901340860215 -0.4897571802139282 -0.5909811854362488 0.09924858063459396 0.013002884574234486 -0.07251089066267014 -0.027091719210147858 0.9969148635864258
4.054745408602151 -0.4401663541793823 -0.6015562415122986 0.108876071870327 0.013918600045144558 -0.06866905838251114 -0.01952446438372135 0.9973512887954712
4.080479408602151 -0.3917827606201172 -0.5981151461601257 0.12124611437320709 0.01362804789096117 -0.0656682699918747 -0.011313593946397305 0.9976842999458313
4.10614140860215 -0.3314806818962097 -0.5748690962791443 0.13237613439559937 0.013166267424821854 -0.06573370844125748 -0.006261277012526989 0.9977307319641113
4.131651408602151 -0.28615811467170715 -0.5416930317878723 0.1369057446718216 0.011270991526544094 -0.06423954665660858 -0.00511804036796093 0.9978577494621277
4.1569694086021505 -0.23051080107688904 -0.493412584066391 0.14443989098072052 0.009059351868927479 -0.06489438563585281 -0.008601241745054722 0.9978139400482178
4.182114408602151 -0.18240991234779358 -0.43922826647758484 0.1476675122976303 0.00632295710965991 -0.06224748492240906 -0.017655132338404655 0.9978845715522766
4.20711640860215 -0.1221717894077301 -0.3669700622558594 0.15599049627780914 0.00692483875900507 -0.06102709099650383 -0.02862079069018364 0.9977016448974609
4.23200440860215 -0.06655982881784439 -0.29643842577934265 0.15485228598117828 0.005483051761984825 -0.06044873222708702 -0.03188908472657204 0.9976467490196228
4.25679040860215 -0.025061218068003654 -0.21818208694458008 0.15535280108451843 0.005949989426881075 -0.061033476144075394 -0.02587691880762577 0.9977825880050659
4.2814804086021505 -0.001904880627989769 -0.1306517869234085 0.16237914562225342 0.008262771181762218 -0.0613747276365757 -0.01936122588813305 0.9978927969932556
4.30609540860215 0.004082260187715292 -0.03670614957809448 0.16821067035198212 0.010571111924946308 -0.06079629436135292 -0.02012905292212963 0.9978912472724915
4.33066740860215 -0.01687687635421753 0.0417998731136322 0.17665231227874756 0.013894051313400269 -0.05996154621243477 -0.021366562694311142 0.9978752732276917
4.3552334086021505 -0.06696498394012451 0.10769189149141312 0.19250458478927612 0.020767945796251297 -0.058895956724882126 -0.019406123086810112 0.9978594183921814
4.37983540860215 -0.13583390414714813 0.16543272137641907 0.21010148525238037 0.027882084250450134 -0.057143859565258026 -0.01842217892408371 0.9978064894676208
4.40451540860215 -0.22036802768707275 0.21521423757076263 0.227898508310318 0.034148409962654114 -0.05572473257780075 -0.013248191215097904 0.9977741241455078
4.42929140860215 -0.31768330931663513 0.2543671131134033 0.23966963589191437 0.03867955878376961 -0.05401812866330147 -0.0057534463703632355 0.9977739453315735
4.45417740860215 -0.4240548312664032 0.28334563970565796 0.24657496809959412 0.04184176027774811 -0.05173417180776596 0.0005495949299074709 0.9977838397026062
4.47917440860215 -0.538378894329071 0.2988836467266083 0.2514294683933258 0.044254742562770844 -0.048531562089920044 0.006385955959558487 0.9978203773498535
4.50428940860215 -0.6516733169555664 0.30078354477882385 0.25965937972068787 0.04693487659096718 -0.04448262229561806 0.010796633549034595 0.997848629951477
4.52952440860215 -0.7579590678215027 0.29225867986679077 0.26603853702545166 0.049227286130189896 -0.040390495210886 0.012071684002876282 0.9978975653648376
4.554864408602151 -0.8518553972244263 0.2741127610206604 0.27303314208984375 0.05087100341916084 -0.037052497267723083 0.014220301993191242 0.9979164004325867
4.58027340860215 -0.9281885623931885 0.24923314154148102 0.2785058617591858 0.05049118027091026 -0.03335971012711525 0.014717715792357922 0.9980587363243103
4.6056974086021505 -0.9899210929870605 0.21738125383853912 0.28410255908966064 0.0491822212934494 -0.02947653830051422 0.0145118935033679 0.998249351978302
4.6310824086021505 -1.042227029800415 0.17379753291606903 0.28716468811035156 0.04797333851456642 -0.027285227552056313 0.018548304215073586 0.9983035922050476
4.65640140860215 -1.0804885625839233 0.1189243420958519 0.28787848353385925 0.04785754159092903 -0.025830117985606194 0.021688196808099747 0.9982845783233643
4.68162240860215 -1.1013723611831665 0.058820296078920364 0.28687599301338196 0.04770054668188095 -0.025501711294054985 0.020314907655119896 0.9983294606208801
4.7067234086021505 -1.1116029024124146 0.0024848401080816984 0.281123548746109 0.04721952602267265 -0.02562490664422512 0.01631123200058937 0.9984225630760193
4.73169040860215 -1.106245756149292 -0.036467552185058594 0.27984461188316345 0.04718509688973427 -0.02636229433119297 0.010833822190761566 0.9984794855117798
4.75656040860215 -1.090098261833191 -0.07292856276035309 0.27224594354629517 0.04520663246512413 -0.028116408735513687 0.010245057754218578 0.9985294342041016
4.78139040860215 -1.0538763999938965 -0.09467721730470657 0.2673605978488922 0.04443717375397682 -0.03135544806718826 0.008870531804859638 0.9984806180000305
4.80622840860215 -1.0120303630828857 -0.10781422257423401 0.26554593443870544 0.04233941063284874 -0.029921172186732292 0.0025294104125350714 0.9986520409584045
4.83111540860215 -0.9560419321060181 -0.11623626947402954 0.2602262496948242 0.039967071264982224 -0.03141450136899948 -0.006443127058446407 0.9986863136291504
4.85607640860215 -0.8977710008621216 -0.11754261702299118 0.25531402230262756 0.038759905844926834 -0.03244854137301445 -0.01294009480625391 0.9986377954483032
4.88112340860215 -0.8285641074180603 -0.11495807766914368 0.24891367554664612 0.03737828508019447 -0.03405449539422989 -0.017725087702274323 0.9985635280609131
4.90626840860215 -0.7487083077430725 -0.10255923122167587 0.2460768073797226 0.03656560555100441 -0.03574714809656143 -0.023287320509552956 0.9984201788902283
4.93151540860215 -0.6577874422073364 -0.08548369258642197 0.241810142993927 0.03465685620903969 -0.03744632005691528 -0.028735103085637093 0.998284101486206
4.95684740860215 -0.5574555397033691 -0.06692662835121155 0.23755145072937012 0.032558098435401917 -0.03831804543733597 -0.03234412521123886 0.9982112646102905
4.98222640860215 -0.444577693939209 -0.05043676123023033 0.23570756614208221 0.031173279508948326 -0.039419565349817276 -0.034762684255838394 0.998131275177002
5.00758540860215 -0.325807124376297 -0.03825465962290764 0.23149877786636353 0.02938239835202694 -0.03952033445239067 -0.03736600652337074 0.998087465763092
5.03288140860215 -0.20940083265304565 -0.029467716813087463 0.2249969094991684 0.027429528534412384 -0.039134226739406586 -0.039025530219078064 0.9980947375297546
5.0580854086021505 -0.10178884118795395 -0.02120174840092659 0.2167532593011856 0.02526974491775036 -0.03981107845902443 -0.03938896209001541 0.9981107711791992
5.08320440860215 -0.01188922580331564 -0.008078512735664845 0.2084367573261261 0.023366177454590797 -0.04046373814344406 -0.037884894758462906 0.9981891512870789
5.10823440860215 0.06375820934772491 0.009655271656811237 0.19983458518981934 0.02143554948270321 -0.042276766151189804 -0.03573787584900856 0.9982364773750305
5.13317440860215 0.12683813273906708 0.02671373076736927 0.1916254311800003 0.019799239933490753 -0.04423641040921211 -0.03521818295121193 0.9982038140296936
5.15803540860215 0.16340415179729462 0.04738190770149231 0.18802988529205322 0.01990872249007225 -0.04504464194178581 -0.03559010103344917 0.9981523156166077
5.18284140860215 0.17169034481048584 0.06800969690084457 0.18794529139995575 0.020566269755363464 -0.04485365003347397 -0.03611483424901962 0.9981287121772766
5.20762040860215 0.1560889482498169 0.0857892856001854 0.19119609892368317 0.022093171253800392 -0.043769724667072296 -0.03650353103876114 0.9981300234794617
5.23239840860215 0.11614784598350525 0.09930110722780228 0.1981501579284668 0.02387073077261448 -0.042599886655807495 -0.03409430757164955 0.9982249736785889
5.25720240860215 0.07014527916908264 0.11075623333454132 0.20343045890331268 0.02576335519552231 -0.042541440576314926 -0.0317891389131546 0.998256504535675
5.28204540860215 0.01972285285592079 0.1236630529165268 0.20772260427474976 0.028491590172052383 -0.04370691627264023 -0.030935801565647125 0.9981588125228882
5.30693040860215 -0.053367964923381805 0.1386178880929947 0.21631193161010742 0.03163186088204384 -0.041797854006290436 -0.02903248928487301 0.9982032179832458
5.33186640860215 -0.13585978746414185 0.1482265442609787 0.22241473197937012 0.034307125955820084 -0.04169077426195145 -0.02426745742559433 0.9982464909553528
5.35685640860215 -0.22878514230251312 0.14652150869369507 0.22083449363708496 0.03501344099640846 -0.040012333542108536 -0.0210118368268013 0.9983644485473633
5.38189940860215 -0.329992413520813 0.1430366486310959 0.21773818135261536 0.03685582056641579 -0.038366902619600296 -0.018818173557519913 0.9984064698219299
5.40697340860215 -0.43353989720344543 0.13049788773059845 0.21744337677955627 0.03682687133550644 -0.03576555475592613 -0.024158010259270668 0.9983891844749451
5.43204840860215 -0.5324532985687256 0.11174129694700241 0.2064180225133896 0.036241818219423294 -0.034830670803785324 -0.02260667271912098 0.9984800219535828
5.45710540860215 -0.629618763923645 0.0948587954044342 0.20585288107395172 0.03787650540471077 -0.031978096812963486 -0.017427895218133926 0.9986186027526855
5.48213440860215 -0.7192655205726624 0.07102172076702118 0.18459145724773407 0.03753358870744705 -0.030374962836503983 -0.007564622443169355 0.9988049864768982
5.50712940860215 -0.7932378053665161 0.049875129014253616 0.17487826943397522 0.038250625133514404 -0.029543133452534676 0.003747268347069621 0.9988243579864502
5.53208340860215 -0.8448361754417419 0.03847518935799599 0.14650823175907135 0.037224866449832916 -0.03266092389822006 0.008432919159531593 0.9987374544143677
5.5570114086021505 -0.8839659094810486 0.03385620564222336 0.13882675766944885 0.03692584112286568 -0.03172549977898598 0.021274717524647713 0.9985877275466919
5.58194740860215 -0.9037095308303833 0.03836504742503166 0.1323622167110443 0.036790765821933746 -0.03141464293003082 0.03245522081851959 0.9983016848564148
5.6069114086021505 -0.9152169823646545 0.047203805297613144 0.1268559694290161 0.03674732521176338 -0.02889605239033699 0.03847924619913101 0.9981653690338135
5.63191440860215 -0.9146460890769958 0.0565464124083519 0.11762892454862595 0.03646545112133026 -0.02730811946094036 0.04291164129972458 0.998039722442627
5.65693540860215 -0.9060502052307129 0.06711646914482117 0.10125613957643509 0.034465134143829346 -0.026742001995444298 0.047005388885736465 0.9979417324066162
5.68194440860215 -0.8681433796882629 0.08735042810440063 0.09459217637777328 0.03535250946879387 -0.03111681342124939 0.047341734170913696 0.9977678656578064
5.7069204086021506 -0.8336285948753357 0.09788734465837479 0.07978294044733047 0.034235879778862 -0.030948881059885025 0.044912662357091904 0.9979243874549866
5.73185540860215 -0.8043171167373657 0.08963239938020706 0.05084681510925293 0.030625883489847183 -0.03165702149271965 0.04377186298370361 0.9980701208114624
5.75674740860215 -0.7715159058570862 0.1106654554605484 -0.03774399682879448 0.03127264603972435 -0.03686600923538208 0.0387602373957634 0.998078465461731
5.7816074086021505 -0.7477809190750122 0.11864519864320755 -0.054687317460775375 0.029313573613762856 -0.03766993433237076 0.027310404926538467 0.9984868168830872
5.80644140860215 -0.7197455763816833 0.1303226351737976 -0.0702347457408905 0.026260634884238243 -0.03895889222621918 0.013820181600749493 0.9988000988960266
5.83126140860215 -0.6932784914970398 0.1464545577764511 -0.08097768574953079 0.02350604347884655 -0.039538003504276276 0.004044539760798216 0.9989333748817444
5.856079408602151 -0.682340681552887 0.16687177121639252 -0.01970955915749073 0.023839551955461502 -0.027968203648924828 0.0022394717670977116 0.9993219971656799
5.88090940860215 -0.6428365707397461 0.186629518866539 -0.021686501801013947 0.021034294739365578 -0.027544045820832253 -0.0021805239375680685 0.9993969202041626
5.9057624086021505 -0.589520275592804 0.19271035492420197 -0.00046178913908079267 0.018971426412463188 -0.02526124380528927 -0.0006436352268792689 0.9995006918907166
5.930652408602151 -0.5418680310249329 0.19478288292884827 0.011898782104253769 0.019308028742671013 -0.02363646775484085 0.00538360932841897 0.9995197057723999
5.95558740860215 -0.5056124925613403 0.19316206872463226 0.03201396018266678 0.020863709971308708 -0.022334782406687737 0.014370478689670563 0.9994295835494995
5.98055440860215 -0.5062325596809387 0.18530972301959991 0.05951442942023277 0.017790280282497406 -0.014095461927354336 0.022577617317438126 0.9994874596595764
6.00553540860215 -0.4855685532093048 0.1804562360048294 0.08995506912469864 0.01650785095989704 -0.01182545255869627 0.022549111396074295 0.9995394945144653
6.03050740860215 -0.4641733765602112 0.16080501675605774 0.12019965052604675 0.01460261270403862 -0.011554259806871414 0.02239699847996235 0.9995757937431335
6.05547940860215 -0.4567471742630005 0.12933960556983948 0.14719432592391968 0.013717778027057648 -0.008655273355543613 0.023923804983496666 0.9995822310447693
6.080465408602151 -0.45177116990089417 0.0820978507399559 0.1524757593870163 0.01051701232790947 0.0002538940461818129 0.03079238347709179 0.9994704127311707
6.1054624086021505 -0.4365280270576477 0.04045576602220535 0.19140203297138214 0.013918202370405197 0.0011688320664688945 0.026352686807513237 0.9995551705360413
6.13046240860215 -0.4164946377277374 0.0037167544942349195 0.2318553626537323 0.020931808277964592 -0.0003766955924220383 0.021621650084853172 0.9995470643043518
6.15543540860215 -0.40507641434669495 -0.03446035832166672 0.26315030455589294 0.026131009683012962 -0.0008774370071478188 0.026338474825024605 0.999311089515686
6.18037940860215 -0.39127638936042786 -0.06352488696575165 0.29492616653442383 0.027448799461126328 -0.0013516388135030866 0.03080328181385994 0.9991476535797119
6.20530540860215 -0.37567633390426636 -0.08900672942399979 0.33812156319618225 0.024648502469062805 0.002216719789430499 0.03064601868391037 0.9992239475250244
6.23022540860215 -0.35957881808280945 -0.10346830636262894 0.38768649101257324 0.023853005841374397 0.0068013290874660015 0.03279225900769234 0.9991543889045715
6.25514040860215 -0.35121047496795654 -0.1264592409133911 0.41850122809410095 0.02527107298374176 0.005049982573837042 0.04479345306754112 0.9986638426780701
6.28005240860215 -0.3485156297683716 -0.14896439015865326 0.4432619512081146 0.025125466287136078 0.004222756251692772 0.05162139609456062 0.9983417391777039
6.30498340860215 -0.3393116295337677 -0.16773445904254913 0.47863659262657166 0.02455408126115799 0.00543711893260479 0.04723383113741875 0.9985672235488892
6.32997040860215 -0.3284964859485626 -0.19712822139263153 0.5207611322402954 0.02338520623743534 0.007867920212447643 0.039729952812194824 0.9989058375358582
6.35503840860215 -0.3243802487850189 -0.20938679575920105 0.5507863759994507 0.026392539963126183 0.009627663530409336 0.0387258306145668 0.9988548755645752
6.38019540860215 -0.3206128478050232 -0.22467295825481415 0.5761890411376953 0.026915816590189934 0.007079677190631628 0.03965020924806595 0.9988259673118591
6.4054384086021505 -0.3242288827896118 -0.23130787909030914 0.6084649562835693 0.025971271097660065 0.00654284842312336 0.03552334010601044 0.9990099668502808
6.43075640860215 -0.3256229758262634 -0.2411438375711441 0.6438507437705994 0.024654604494571686 0.0070304893888533115 0.027781546115875244 0.9992852210998535
6.456145408602151 -0.33079400658607483 -0.25177258253097534 0.665661633014679 0.023705599829554558 0.007352335378527641 0.01718039996922016 0.9995443224906921
6.48159740860215 -0.3306214213371277 -0.25142911076545715 0.6712737679481506 0.027068758383393288 0.0017662675818428397 0.010422172024846077 0.9995777010917664
6.50710340860215 -0.31568560004234314 -0.259528785943985 0.6988124847412109 0.028114834800362587 -0.013610751368105412 -0.002213620115071535 0.9995096325874329
6.532675408602151 -0.32351788878440857 -0.25944218039512634 0.7118889689445496 0.029601331800222397 -0.016961421817541122 -0.007059863768517971 0.9993929862976074
6.55834340860215 -0.3351306915283203 -0.2544642984867096 0.7227421998977661 0.031724996864795685 -0.024083413183689117 -0.006867703050374985 0.9991828799247742
6.58411040860215 -0.35063573718070984 -0.24963846802711487 0.7224821448326111 0.03272821381688118 -0.030191877856850624 -0.005070832092314959 0.998995304107666
6.60996040860215 -0.3744651973247528 -0.24458636343479156 0.7097619771957397 0.031715456396341324 -0.03431904688477516 -0.004923560190945864 0.998895525932312
6.6358734086021505 -0.39645642042160034 -0.23576076328754425 0.6986010670661926 0.03342354670166969 -0.04031798616051674 -0.005731654353439808 0.998611330986023
6.66181740860215 -0.4270066022872925 -0.2235012799501419 0.6751218438148499 0.03529250994324684 -0.047563400119543076 -0.0058527663350105286 0.9982274174690247
6.6877744086021504 -0.4900321066379547 -0.2026476413011551 0.6409488320350647 0.03658824786543846 -0.04800468310713768 -0.004203330725431442 0.9981679320335388
6.71373040860215 -0.523968517780304 -0.18509936332702637 0.6066868901252747 0.038193508982658386 -0.054217029362916946 -0.007679192814975977 0.9977689385414124
6.73969240860215 -0.5560926198959351 -0.16631227731704712 0.5658741593360901 0.039149750024080276 -0.0607340931892395 -0.011001670733094215 0.9973252415657043
6.76565940860215 -0.5619004964828491 -0.14010359346866608 0.5796405076980591 0.042655788362026215 -0.06766079366207123 -0.01371444296091795 0.9967017769813538
6.79162740860215 -0.6001443266868591 -0.10467806458473206 0.5334989428520203 0.040943026542663574 -0.07301409542560577 -0.019563443958759308 0.9962981343269348
6.81758240860215 -0.6323074698448181 -0.07816558331251144 0.49871793389320374 0.03972621262073517 -0.07713478803634644 -0.023563027381896973 0.9959502220153809
6.843504408602151 -0.6675419211387634 -0.039808131754398346 0.4491135776042938 0.0388692170381546 -0.08224586397409439 -0.029819823801517487 0.995407223701477
6.86936840860215 -0.7138542532920837 0.00432336051017046 0.40155917406082153 0.03695691376924515 -0.081902414560318 -0.03517022728919983 0.9953337907791138
6.89516840860215 -0.746333658695221 0.05279433727264404 0.35475122928619385 0.032016441226005554 -0.0818726047873497 -0.03416941314935684 0.9955422282218933
6.92090740860215 -0.7542152404785156 0.0956786647439003 0.31300386786460876 0.026427481323480606 -0.08531010895967484 -0.025400716811418533 0.995680034160614
6.94659340860215 -0.7753584980964661 0.14098258316516876 0.28146758675575256 0.019088255241513252 -0.08285655081272125 -0.016671322286128998 0.9962392449378967
6.97222640860215 -0.8005357980728149 0.1803690493106842 0.24123671650886536 0.010004700161516666 -0.0797891765832901 -0.0059949117712676525 0.9967435598373413
6.997816408602151 -0.8293633460998535 0.2214185744524002 0.20779432356357574 0.0047326479107141495 -0.0772339254617691 0.0048318710178136826 0.9969900846481323
7.02337340860215 -0.8687058687210083 0.25619402527809143 0.1708848923444748 0.0011330295819789171 -0.07394000142812729 0.01455135177820921 0.9971559643745422
7.04891540860215 -0.9197636246681213 0.2850005626678467 0.12861724197864532 -0.002103519858792424 -0.07018895447254181 0.0208667553961277 0.9973132610321045
7.07449940860215 -1.0153838396072388 0.29875651001930237 0.09945327043533325 -0.004530700389295816 -0.05114986374974251 0.02878637984395027 0.9982657432556152
7.10019040860215 -1.110155701637268 0.30290642380714417 0.08101875334978104 -0.00500944210216403 -0.04036708176136017 0.03702210634946823 0.998486340045929
7.12603040860215 -1.2189112901687622 0.29490843415260315 0.06236593797802925 -0.004630628041923046 -0.026092717424035072 0.04560167342424393 0.9986082315444946
7.15200440860215 -1.3369818925857544 0.27794134616851807 0.06153671443462372 -0.004904350731521845 -0.009058458730578423 0.058783505111932755 0.9982176423072815
7.17807540860215 -1.4412286281585693 0.26008328795433044 0.07251378893852234 -0.003746912581846118 0.005744053516536951 0.06668533384799957 0.9977505207061768
7.20421440860215 -1.5336016416549683 0.22995314002037048 0.09098674356937408 -0.004737734328955412 0.020209364593029022 0.07513965666294098 0.9969569444656372
7.23043640860215 -1.6190235614776611 0.19006922841072083 0.11655422300100327 -0.003019935917109251 0.03303759545087814 0.09147487580776215 0.995254635810852
7.2567684086021504 -1.694483995437622 0.13862298429012299 0.1480029821395874 -0.0005695104482583702 0.043971866369247437 0.1056056022644043 0.993435263633728
7.28322040860215 -1.75629723072052 0.07604905962944031 0.18273012340068817 0.0020106241572648287 0.054060760885477066 0.11057846993207932 0.992393970489502
7.30976140860215 -1.7973123788833618 0.007817826233804226 0.21714666485786438 0.004198136739432812 0.06091037392616272 0.11046978831291199 0.9920024275779724
7.33633740860215 -1.8204253911972046 -0.05750415101647377 0.25149667263031006 0.0058686635456979275 0.06877095252275467 0.11040341854095459 0.991487443447113
7.36283840860215 -1.8120754957199097 -0.10555443167686462 0.28650805354118347 0.010134885087609291 0.07506942003965378 0.11799371242523193 0.9901209473609924
7.38911740860215 -1.7406558990478516 -0.12018954753875732 0.2968115508556366 0.016495930030941963 0.060902033001184464 0.12327605485916138 0.9903644919395447
7.41509740860215 -1.7051634788513184 -0.14803145825862885 0.3303390145301819 0.018444227054715157 0.06862208247184753 0.13611558079719543 0.9881414175033569
7.4407934086021505 -1.6539217233657837 -0.16653525829315186 0.3828774094581604 0.020899085327982903 0.08396100997924805 0.15003082156181335 0.9848880767822266
7.46628240860215 -1.5922077894210815 -0.18340201675891876 0.42971858382225037 0.024967186152935028 0.09606077522039413 0.16098111867904663 0.9819542169570923
7.49162940860215 -1.5393431186676025 -0.194238543510437 0.4591585397720337 0.029498320072889328 0.1062617301940918 0.16900362074375153 0.979426383972168
7.516872408602151 -1.4815447330474854 -0.1968521922826767 0.49080100655555725 0.03659825399518013 0.11551272124052048 0.17874868214130402 0.9764047861099243
7.54201140860215 -1.4281848669052124 -0.18738462030887604 0.523838996887207 0.04226385056972504 0.12743374705314636 0.18660001456737518 0.9732188582420349
7.5670254086021504 -1.3862159252166748 -0.18482846021652222 0.5378438830375671 0.04094872996211052 0.13794271647930145 0.20084525644779205 0.968997597694397
7.591890408602151 -1.344505786895752 -0.1704816222190857 0.55484539270401 0.04431859403848648 0.14621001482009888 0.21811145544052124 0.9638910889625549
7.61659340860215 -1.3059157133102417 -0.16143080592155457 0.5720919370651245 0.04822303354740143 0.15612855553627014 0.2358761876821518 0.9579461812973022
7.64115740860215 -1.2645739316940308 -0.15134820342063904 0.5840005874633789 0.049275364726781845 0.16369038820266724 0.24215121567249298 0.9550603628158569
7.66561540860215 -1.245228886604309 -0.15170136094093323 0.5901285409927368 0.0445086732506752 0.1767697036266327 0.24617530405521393 0.9519292116165161
7.69000940860215 -1.210555076599121 -0.15023285150527954 0.5902521014213562 0.04757992923259735 0.18061058223247528 0.2494233399629593 0.9502126574516296
7.71436440860215 -1.192692518234253 -0.15975087881088257 0.5815681219100952 0.04784644767642021 0.18834242224693298 0.2542438507080078 0.9474164247512817
7.738704408602151 -1.1693742275238037 -0.15944638848304749 0.5772076845169067 0.04801095649600029 0.1912534236907959 0.25123852491378784 0.9476267099380493
7.76304140860215 -1.1535698175430298 -0.15913568437099457 0.5724973678588867 0.04781113564968109 0.19512179493904114 0.24986808001995087 0.9472103714942932
7.787390408602151 -1.1470242738723755 -0.15769454836845398 0.5660988688468933 0.050124555826187134 0.19452296197414398 0.2521890699863434 0.9465987086296082
7.81175740860215 -1.1545603275299072 -0.16200247406959534 0.5501514673233032 0.04969092458486557 0.2026888132095337 0.2536286413669586 0.9445213675498962
7.83614640860215 -1.156472086906433 -0.16357813775539398 0.5378091931343079 0.049930181354284286 0.20163454115390778 0.2556442618370056 0.9441909790039062
7.86055440860215 -1.1667678356170654 -0.16334198415279388 0.5251191854476929 0.04957883059978485 0.20014432072639465 0.2559281289577484 0.9444496035575867
7.88498140860215 -1.1814138889312744 -0.1615343689918518 0.5159254670143127 0.051241353154182434 0.19948500394821167 0.25556284189224243 0.9445992708206177
7.9094224086021505 -1.1942652463912964 -0.16243574023246765 0.5003017783164978 0.05137653648853302 0.19671575725078583 0.25828269124031067 0.9444328546524048
7.93386940860215 -1.2379895448684692 -0.17702990770339966 0.47314149141311646 0.04257650300860405 0.19596128165721893 0.2585931420326233 0.9449423551559448
7.95832040860215 -1.2950576543807983 -0.18539151549339294 0.425898015499115 0.03760750964283943 0.1970893144607544 0.2624382972717285 0.9438579082489014
7.98276640860215 -1.3410606384277344 -0.18928314745426178 0.4057798981666565 0.0341196171939373 0.18927901983261108 0.26206061244010925 0.9456921219825745
8.00719440860215 -1.358919382095337 -0.16468563675880432 0.38622337579727173 0.03630848973989487 0.16916193068027496 0.25582560896873474 0.9511147141456604
8.03160040860215 -1.4117859601974487 -0.15640823543071747 0.36702653765678406 0.03040129691362381 0.16223680973052979 0.25375431776046753 0.9530811905860901
8.05597440860215 -1.4559409618377686 -0.1571236401796341 0.3550812602043152 0.02468133717775345 0.15524983406066895 0.25953516364097595 0.9528535604476929
8.08031440860215 -1.4826321601867676 -0.1473381519317627 0.3355439007282257 0.02216928079724312 0.1495768427848816 0.264236181974411 0.9525306224822998
8.10464140860215 -1.50040602684021 -0.13715752959251404 0.31685107946395874 0.021714715287089348 0.14837895333766937 0.2682430148124695 0.9516080617904663
8.12899340860215 -1.4961843490600586 -0.14173172414302826 0.3002689480781555 0.02113783173263073 0.14600202441215515 0.2753782570362091 0.9499492049217224
8.153402408602151 -1.4968290328979492 -0.14619454741477966 0.2849130630493164 0.022005595266819 0.14760668575763702 0.2821108102798462 0.9477033019065857
8.17789340860215 -1.482631802558899 -0.139872208237648 0.2847473621368408 0.02653936669230461 0.14656692743301392 0.2799566984176636 0.9483871459960938
8.20247640860215 -1.4632668495178223 -0.12910009920597076 0.26666226983070374 0.0290700513869524 0.14148016273975372 0.27755221724510193 0.9497910737991333
8.22714640860215 -1.4829570055007935 -0.15345659852027893 0.22685472667217255 0.0188704002648592 0.15430283546447754 0.2802189886569977 0.9472655057907104
8.25190040860215 -1.464109182357788 -0.14111708104610443 0.21685174107551575 0.02031766250729561 0.15548954904079437 0.2783462107181549 0.947593629360199
8.27672840860215 -1.4360074996948242 -0.1336129903793335 0.21557185053825378 0.016270292922854424 0.1616809219121933 0.27732914686203003 0.9469335675239563
8.30161040860215 -1.4031836986541748 -0.11918701231479645 0.21040242910385132 0.01409116480499506 0.16537076234817505 0.272795706987381 0.9476478695869446
8.32652740860215 -1.3559117317199707 -0.10424245893955231 0.2086450606584549 0.008836467750370502 0.17184995114803314 0.26685023307800293 0.9482513070106506
8.35146040860215 -1.2731443643569946 -0.06582960486412048 0.196071594953537 0.01239875890314579 0.16820533573627472 0.26330533623695374 0.9498544931411743
8.376377408602151 -1.171425223350525 -0.02622528374195099 0.19071032106876373 0.019066570326685905 0.16283805668354034 0.2652326226234436 0.9501430988311768
8.401254408602151 -1.0778052806854248 0.016961894929409027 0.20142123103141785 0.025104887783527374 0.16011984646320343 0.2567873001098633 0.952781081199646
8.42607840860215 -0.9796195030212402 0.048123590648174286 0.2164122760295868 0.021759027615189552 0.1592768281698227 0.23316515982151031 0.959057629108429
8.45087640860215 -0.8876281976699829 0.0664898157119751 0.2199806123971939 0.02572709135711193 0.1557445526123047 0.22152933478355408 0.9622923135757446
8.47568840860215 -0.7926942706108093 0.06945779919624329 0.22402432560920715 0.03271687403321266 0.15128426253795624 0.22169643640518188 0.9627530574798584
8.50055840860215 -0.7137722969055176 0.07754652202129364 0.23138831555843353 0.04214618355035782 0.1480269879102707 0.2233767956495285 0.9625043869018555
8.52553040860215 -0.6548988223075867 0.0928521379828453 0.2454337179660797 0.0440414622426033 0.14509707689285278 0.2181243896484375 0.9640690088272095
8.55063340860215 -0.6111248731613159 0.10101419687271118 0.26550838351249695 0.031850751489400864 0.152119442820549 0.21140342950820923 0.9649631381034851
8.57586940860215 -0.5774181485176086 0.10837205499410629 0.2841379940509796 0.02340308204293251 0.15508051216602325 0.21205107867717743 0.9645915031433105
8.60122140860215 -0.5494612455368042 0.11433080583810806 0.29905521869659424 0.014123175293207169 0.1528742015361786 0.21347133815288544 0.9648109078407288
8.62668540860215 -0.5245484113693237 0.11686117202043533 0.31212905049324036 0.003157089464366436 0.15245988965034485 0.20891942083835602 0.9659703969955444
8.65228540860215 -0.5029381513595581 0.11602526903152466 0.32321733236312866 -0.0008541100542061031 0.1534164398908615 0.20795556902885437 0.9660316705703735
8.67806340860215 -0.47734227776527405 0.11524646729230881 0.3296074867248535 -0.002500395756214857 0.14459821581840515 0.2068164199590683 0.9676322340965271
8.70406740860215 -0.46639272570610046 0.11106092482805252 0.33844003081321716 -0.0037395120598375797 0.15265902876853943 0.2030111700296402 0.9671958088874817
8.73033740860215 -0.4497753381729126 0.10698696970939636 0.3421318531036377 -0.0057340399362146854 0.15064102411270142 0.19740234315395355 0.9686623811721802
8.75689940860215 -0.44085559248924255 0.10136034339666367 0.3450528681278229 -0.006616095546633005 0.15118923783302307 0.1944006234407425 0.9691782593727112
8.78373440860215 -0.44311779737472534 0.0973435491323471 0.3474644720554352 -0.005638058762997389 0.1561938226222992 0.19379298388957977 0.9685122966766357
8.81074940860215 -0.45130810141563416 0.09358207881450653 0.3507932722568512 -0.0009412548970431089 0.15674062073230743 0.2010892927646637 0.9669512510299683
8.83782540860215 -0.46716126799583435 0.0884038433432579 0.35636642575263977 0.00687058549374342 0.154292494058609 0.19697096943855286 0.9681679010391235
8.86485040860215 -0.49122655391693115 0.07743364572525024 0.35368815064430237 0.01605672389268875 0.14340496063232422 0.19154885411262512 0.9708173274993896
8.89175040860215 -0.5201781392097473 0.06768141686916351 0.3538321852684021 0.022849474102258682 0.1329626590013504 0.18099133670330048 0.9741873741149902
8.91843340860215 -0.5572991371154785 0.05800424516201019 0.34837108850479126 0.02788184955716133 0.12499185651540756 0.16782493889331818 0.9774633049964905
8.94474340860215 -0.6008592844009399 0.049861371517181396 0.3405595123767853 0.036705128848552704 0.11332034319639206 0.16722697019577026 0.9786962866783142
8.97057740860215 -0.6519680023193359 0.042942970991134644 0.3285294473171234 0.042134352028369904 0.10561519861221313 0.1638716459274292 0.9799062609672546
8.99595240860215 -0.7069031000137329 0.038430213928222656 0.3220755457878113 0.04539453983306885 0.1024918481707573 0.15886211395263672 0.9809167385101318
9.02098740860215 -0.7698100209236145 0.03222501277923584 0.31209778785705566 0.04396161437034607 0.0990421399474144 0.1568869650363922 0.9816539883613586
9.04583740860215 -0.8356104493141174 0.025198105722665787 0.3108494281768799 0.03994689881801605 0.0996498093008995 0.1541682779788971 0.9821946620941162
9.07064840860215 -0.9027493596076965 0.01410570740699768 0.31169331073760986 0.03849175572395325 0.10351867228746414 0.1570618897676468 0.9813938140869141
9.09551740860215 -0.9689784049987793 -0.0060808975249528885 0.3101959526538849 0.037859801203012466 0.10587345063686371 0.16202597320079803 0.9803597331047058
9.120455408602151 -1.0325443744659424 -0.032122038304805756 0.31018131971359253 0.035248640924692154 0.1087692454457283 0.15740692615509033 0.9808924198150635
9.14541240860215 -1.0972280502319336 -0.07246654480695724 0.3052828013896942 0.03122667968273163 0.11043179035186768 0.15557268261909485 0.9811354875564575
9.17031240860215 -1.150686264038086 -0.10876713693141937 0.3142176568508148 0.03145262226462364 0.1117648258805275 0.14997899532318115 0.9818480610847473
9.19512040860215 -1.1812291145324707 -0.1477402299642563 0.3204662501811981 0.028680961579084396 0.11599847674369812 0.13863418996334076 0.9831085205078125
9.21985940860215 -1.1842231750488281 -0.1852935403585434 0.33621111512184143 0.03181309998035431 0.11885543912649155 0.14463557302951813 0.9818054437637329
9.24456740860215 -1.1713016033172607 -0.21546776592731476 0.3448578417301178 0.03688470646739006 0.12346604466438293 0.15615148842334747 0.9792917370796204
9.26927540860215 -1.135542869567871 -0.2174234837293625 0.3709496557712555 0.04878983274102211 0.1265496462583542 0.16664715111255646 0.976643979549408
9.29399540860215 -1.0920448303222656 -0.21475262939929962 0.3833658695220947 0.05211663991212845 0.1334509700536728 0.17294076085090637 0.9744569063186646
9.31874040860215 -1.071480631828308 -0.21624965965747833 0.41135865449905396 0.05189839005470276 0.1399855762720108 0.1776663213968277 0.9726999998092651
9.34350540860215 -0.9867123365402222 -0.1908293217420578 0.40705254673957825 0.05219466984272003 0.13589775562286377 0.18384741246700287 0.9721150398254395
9.36827040860215 -0.9288958311080933 -0.15802177786827087 0.4439254403114319 0.06148134544491768 0.14411668479442596 0.18586482107639313 0.9700024724006653
9.39301640860215 -0.8879557847976685 -0.16268828511238098 0.43790706992149353 0.05555025860667229 0.15011534094810486 0.20623354613780975 0.9653224349021912
9.41774540860215 -0.8474477529525757 -0.1445748209953308 0.47169214487075806 0.0709659606218338 0.16089065372943878 0.22218242287635803 0.959016740322113
9.44247540860215 -0.8051121234893799 -0.12981685996055603 0.49057841300964355 0.07702699303627014 0.16629990935325623 0.22820235788822174 0.9562086462974548
9.46724440860215 -0.7541195154190063 -0.11058717966079712 0.5019249320030212 0.07402025908231735 0.17095912992954254 0.2127743512392044 0.9591773152351379
9.49210140860215 -0.7145693898200989 -0.10498608648777008 0.5114554762840271 0.07774965465068817 0.17794948816299438 0.2057829052209854 0.9591363072395325
9.517104408602151 -0.7129230499267578 -0.11961069703102112 0.5254158973693848 0.08243344724178314 0.1920611709356308 0.21218039095401764 0.9546186923980713
9.54226740860215 -0.685451865196228 -0.11418552696704865 0.5338174700737 0.09540344774723053 0.1859254539012909 0.1960178017616272 0.9580745697021484
9.56753940860215 -0.6448460221290588 -0.12324672937393188 0.5633457899093628 0.10312657058238983 0.20677436888217926 0.1927909404039383 0.953646183013916
9.59283640860215 -0.6106035709381104 -0.11512739956378937 0.5628952383995056 0.1065240427851677 0.20544083416461945 0.16316576302051544 0.9590743780136108
9.61810040860215 -0.5842302441596985 -0.11736494302749634 0.5566341280937195 0.10864102095365524 0.19787649810314178 0.15477827191352844 0.9618138074874878
9.643324408602151 -0.5849264860153198 -0.116036057472229 0.5541941523551941 0.1054191067814827 0.1951615959405899 0.14530740678310394 0.9642015099525452
9.66853540860215 -0.6106005907058716 -0.11304857581853867 0.5624629855155945 0.10267888009548187 0.19621315598487854 0.1464766263961792 0.9641069173812866
9.69376940860215 -0.6143667101860046 -0.10243387520313263 0.5774181485176086 0.10629212111234665 0.18719877302646637 0.14800556004047394 0.9652735590934753
9.71905440860215 -0.6047518253326416 -0.09356232732534409 0.566352367401123 0.10824961960315704 0.1717756688594818 0.15350840985774994 0.967062771320343
9.74440040860215 -0.6589032411575317 -0.11933116614818573 0.515883207321167 0.09172061830759048 0.17008154094219208 0.16478432714939117 0.9672154784202576
9.76980140860215 -0.6808147430419922 -0.12027163803577423 0.5108742117881775 0.09139840304851532 0.16866706311702728 0.1631692498922348 0.9677672982215881
9.79522940860215 -0.7122861742973328 -0.11721096932888031 0.5023085474967957 0.09107789397239685 0.16587935388088226 0.16175363957881927 0.9685167074203491
9.82065040860215 -0.729145884513855 -0.11225582659244537 0.4689801037311554 0.08330034464597702 0.15055258572101593 0.16114866733551025 0.9718158841133118
9.846029408602151 -0.7679526805877686 -0.10314968228340149 0.4492434859275818 0.07862066477537155 0.1392975002527237 0.16515964269638062 0.973209798336029
9.871338408602151 -0.8181971311569214 -0.10005560517311096 0.4304065704345703 0.0707419142127037 0.1293361335992813 0.16146622598171234 0.9758055210113525
9.89658140860215 -0.8904147744178772 -0.1037229374051094 0.4132121205329895 0.06141918525099754 0.12751664221286774 0.1560710072517395 0.9775526523590088
9.92176240860215 -0.9221224188804626 -0.09584619104862213 0.39038795232772827 0.058815520256757736 0.11048006266355515 0.1441396176815033 0.9816102981567383
9.946864408602151 -0.9725688099861145 -0.10013481974601746 0.36103615164756775 0.059186872094869614 0.09978049248456955 0.1434393972158432 0.9828357100486755
9.971874408602151 -1.0353705883026123 -0.11748921871185303 0.33156388998031616 0.05588424578309059 0.09891333431005478 0.1483285278081894 0.9823908805847168
9.99677240860215 -1.0867209434509277 -0.12461516261100769 0.3063287138938904 0.053767237812280655 0.0960727110505104 0.1518961787223816 0.9822458028793335
10.02155640860215 -1.1060248613357544 -0.11717376857995987 0.29265323281288147 0.05488791689276695 0.08858451247215271 0.15650002658367157 0.9821648597717285
10.04624540860215 -1.1361806392669678 -0.11546486616134644 0.27675706148147583 0.051781751215457916 0.08465325087308884 0.16493789851665497 0.9812991619110107
10.07086640860215 -1.1792582273483276 -0.11540538817644119 0.25159332156181335 0.047349393367767334 0.08101692795753479 0.17073537409305573 0.9808382987976074
10.09545340860215 -1.2278209924697876 -0.11525935679674149 0.23221535980701447 0.04269665107131004 0.08154457807540894 0.17551647126674652 0.9801640510559082
10.12002940860215 -1.2789260149002075 -0.12442117929458618 0.2061430960893631 0.03816217556595802 0.07903542369604111 0.17961208522319794 0.9798145890235901
10.14460940860215 -1.306267261505127 -0.1325540840625763 0.19157899916172028 0.036218784749507904 0.07473060488700867 0.1822744607925415 0.979734480381012
10.16918240860215 -1.3271043300628662 -0.1425282508134842 0.1716919094324112 0.03706994652748108 0.06842724978923798 0.18192261457443237 0.9802284836769104
10.19374940860215 -1.3495486974716187 -0.15497517585754395 0.15888355672359467 0.037168312817811966 0.0659005418419838 0.18185104429721832 0.9804111123085022
10.21831940860215 -1.3690367937088013 -0.1744776964187622 0.15032923221588135 0.0362134724855423 0.06524087488651276 0.18223464488983154 0.9804196953773499
10.24292740860215 -1.3669474124908447 -0.18413488566875458 0.15369611978530884 0.036445967853069305 0.06429823487997055 0.18064317107200623 0.9807678461074829
10.26760140860215 -1.3443143367767334 -0.17555277049541473 0.1603478640317917 0.039465975016355515 0.06334694474935532 0.17822211980819702 0.9811556935310364
10.29235640860215 -1.3152626752853394 -0.18222607672214508 0.16825775802135468 0.04150065407156944 0.06429609656333923 0.17994338274002075 0.9806957244873047
10.31718240860215 -1.2735666036605835 -0.18150998651981354 0.19066087901592255 0.04392627254128456 0.06819644570350647 0.18427333235740662 0.9795219302177429
10.34206040860215 -1.2409576177597046 -0.16223257780075073 0.21320119500160217 0.04642096161842346 0.07297620177268982 0.18565702438354492 0.9788008332252502
10.36696840860215 -1.1943703889846802 -0.1533225029706955 0.23436009883880615 0.048758044838905334 0.07688063383102417 0.18891644477844238 0.9777641296386719
10.39186440860215 -1.153515338897705 -0.1423601657152176 0.25628823041915894 0.05201687291264534 0.07847297191619873 0.1921912282705307 0.9768310189247131
10.41671840860215 -1.109623908996582 -0.13360492885112762 0.2756403982639313 0.051766496151685715 0.07876434922218323 0.1955306977033615 0.9761578440666199
10.44150840860215 -1.0746967792510986 -0.1266268938779831 0.2899470925331116 0.0475638322532177 0.08256570994853973 0.20280461013317108 0.9745721817016602
10.46624740860215 -1.0338678359985352 -0.11630140244960785 0.3049406409263611 0.04208332300186157 0.07745904475450516 0.21064499020576477 0.9735799431800842
10.49094940860215 -0.9928411245346069 -0.10161405056715012 0.3189021646976471 0.03608018159866333 0.06256777048110962 0.21295283734798431 0.974389374256134
10.51563740860215 -0.9622766971588135 -0.09494611620903015 0.33064255118370056 0.025743337348103523 0.04915478080511093 0.20932482182979584 0.9762706160545349
10.54032840860215 -0.9276875257492065 -0.09436284005641937 0.3406805992126465 0.012130395509302616 0.03496353700757027 0.20265686511993408 0.9785502552986145
10.56503640860215 -0.8942824602127075 -0.09765484184026718 0.3513490855693817 0.00800612848252058 0.024139687418937683 0.20106494426727295 0.9792477488517761
10.58977640860215 -0.8790674209594727 -0.10071857273578644 0.36245197057724 0.00899737048894167 0.025618579238653183 0.19185012578964233 0.981048583984375
10.61458040860215 -0.8527734875679016 -0.1060076653957367 0.3709268867969513 0.005027520004659891 0.01633421517908573 0.1813991367816925 0.9832611083984375
10.63948040860215 -0.8391578197479248 -0.11385266482830048 0.3788951337337494 -0.0049583809450268745 0.01502438634634018 0.16904839873313904 0.985480785369873
10.664496408602151 -0.8138760924339294 -0.11696570366621017 0.3848629295825958 -0.015326029621064663 0.004834312945604324 0.15213324129581451 0.9882293939590454
10.68962340860215 -0.7940014600753784 -0.12159451097249985 0.39116033911705017 -0.019089752808213234 -0.0004895370220765471 0.1450250744819641 0.989243745803833
10.71485640860215 -0.7845538258552551 -0.13547980785369873 0.37005138397216797 -0.018363893032073975 0.0021034665405750275 0.138217955827713 0.9902293682098389
10.74019040860215 -0.767266035079956 -0.1473267376422882 0.37031981348991394 -0.014653832651674747 0.00040143675869330764 0.1315600723028183 0.9911998510360718
10.76561640860215 -0.7556267976760864 -0.15157155692577362 0.3863695561885834 -0.00579759432002902 0.000496688240673393 0.12185792624950409 0.9925305247306824
10.79108840860215 -0.7469666600227356 -0.16437211632728577 0.3820112645626068 7.523807289544493e-05 -0.0035782877821475267 0.11071602255105972 0.9938457012176514
10.81656040860215 -0.7535134553909302 -0.17977748811244965 0.3832918405532837 0.011168968863785267 -0.0005192020907998085 0.09124854952096939 0.9957653880119324
10.842013408602151 -0.7553678154945374 -0.19079305231571198 0.3740837872028351 0.022585762664675713 -0.0025624402333050966 0.08128228038549423 0.9964319467544556
10.86744940860215 -0.7590991258621216 -0.19216768443584442 0.3756493926048279 0.03367118537425995 -0.0004736173723358661 0.07216621190309525 0.9968240857124329
10.89288840860215 -0.7604545950889587 -0.19480295479297638 0.37890496850013733 0.03626875579357147 -0.004770020022988319 0.06879038363695145 0.9969602823257446
10.91835640860215 -0.7618495225906372 -0.1961037665605545 0.37839826941490173 0.042952779680490494 0.003362566465511918 0.06847544759511948 0.9967221021652222
10.94387440860215 -0.7551068663597107 -0.19440801441669464 0.3457109332084656 0.05829115957021713 0.0067881434224545956 0.07642628997564316 0.99534672498703
10.96943340860215 -0.764885425567627 -0.19297049939632416 0.3279525637626648 0.06949865818023682 0.013719625771045685 0.08507206290960312 0.9938533306121826
10.99501840860215 -0.7866693735122681 -0.19039465487003326 0.3423835039138794 0.07087426632642746 0.020406275987625122 0.08594296872615814 0.9935664534568787
11.02060940860215 -0.7759178876876831 -0.1851135790348053 0.3457050323486328 0.07227490097284317 0.028771214187145233 0.0950285792350769 0.9924304485321045
11.04617540860215 -0.7914748191833496 -0.1772206723690033 0.3533443212509155 0.07424968481063843 0.04052767530083656 0.09593445062637329 0.9917868375778198
11.07168040860215 -0.8147979974746704 -0.16523189842700958 0.3200874328613281 0.0732559859752655 0.043925490230321884 0.11434968560934067 0.9897617697715759
11.097097408602151 -0.8359275460243225 -0.1564558893442154 0.31662172079086304 0.0739923045039177 0.04661443084478378 0.11799647659063339 0.9891557693481445
11.12242840860215 -0.8662247657775879 -0.14365513622760773 0.3186492621898651 0.0723792091012001 0.04989847168326378 0.11718209087848663 0.9892117381095886
11.14769940860215 -0.9007829427719116 -0.13956083357334137 0.2797648310661316 0.06037707254290581 0.04584009572863579 0.11920442432165146 0.9899715185165405
11.172941408602151 -0.9349501132965088 -0.12916357815265656 0.2703547477722168 0.05391852930188179 0.04847132787108421 0.12182506918907166 0.9899000525474548
11.19817640860215 -0.9712923169136047 -0.11876389384269714 0.2493785321712494 0.04625003784894943 0.04917192831635475 0.121741384267807 0.9902637004852295
11.22338440860215 -1.0052647590637207 -0.10856856405735016 0.24363794922828674 0.041562262922525406 0.05036712437868118 0.12704549729824066 0.9897450804710388
11.24854740860215 -1.0542103052139282 -0.09278376400470734 0.22513526678085327 0.03750573471188545 0.04844439774751663 0.13318201899528503 0.9891961812973022
11.27365340860215 -1.0912545919418335 -0.08098571747541428 0.21798163652420044 0.03080158121883869 0.044424910098314285 0.1386895775794983 0.9888594150543213
11.29870140860215 -1.1366560459136963 -0.07379838824272156 0.21497075259685516 0.022236371412873268 0.04796033725142479 0.1421908587217331 0.9884266257286072
11.32366640860215 -1.1626099348068237 -0.06583604216575623 0.2183486372232437 0.01587142050266266 0.04608841985464096 0.145682230591774 0.9881299138069153
11.34852240860215 -1.1857340335845947 -0.06206696107983589 0.21929126977920532 0.014253226108849049 0.04329996556043625 0.15426300466060638 0.9869776368141174
11.37323840860215 -1.2435202598571777 -0.06274652481079102 0.22684723138809204 0.014527673833072186 0.06200464069843292 0.16195911169052124 0.9847403764724731
11.39780840860215 -1.2579320669174194 -0.06778807938098907 0.23430977761745453 0.01443350501358509 0.06404552608728409 0.16136960685253143 0.9847079515457153
11.42224040860215 -1.2645597457885742 -0.0753667950630188 0.24137389659881592 0.015704723075032234 0.06487320363521576 0.15983285009860992 0.9848849177360535
11.44655540860215 -1.2639933824539185 -0.08472838252782822 0.24901095032691956 0.018733471632003784 0.06523213535547256 0.1579420417547226 0.985113263130188
11.47078840860215 -1.2589952945709229 -0.09081274271011353 0.25517988204956055 0.022794151678681374 0.06887353956699371 0.15472380816936493 0.98529052734375
11.49497340860215 -1.2375187873840332 -0.09742356836795807 0.27842584252357483 0.028979504480957985 0.07151725888252258 0.15971921384334564 0.9841418862342834
11.51913440860215 -1.2164831161499023 -0.11254176497459412 0.3167935311794281 0.03190027177333832 0.08666371554136276 0.1633862853050232 0.9822304844856262
11.54329140860215 -1.1851726770401 -0.1186688095331192 0.3307441174983978 0.03717995062470436 0.09390884637832642 0.17133371531963348 0.9800222516059875
11.56745540860215 -1.133094310760498 -0.12177073955535889 0.3635365962982178 0.043692003935575485 0.10045934468507767 0.17954500019550323 0.9776310920715332
11.59161640860215 -1.1015994548797607 -0.12501434981822968 0.36714205145835876 0.04824582114815712 0.10819420218467712 0.19161160290241241 0.9742953777313232
11.61577440860215 -1.0535590648651123 -0.12412312626838684 0.37525925040245056 0.05339743196964264 0.10872583836317062 0.19984935224056244 0.972310483455658
11.63994240860215 -1.0132187604904175 -0.12321288883686066 0.38289758563041687 0.05610230192542076 0.11432100832462311 0.2068324238061905 0.9700534343719482
11.66413340860215 -0.9560708403587341 -0.11198244988918304 0.38131892681121826 0.06234872713685036 0.10684484988451004 0.20774894952774048 0.9703284502029419
11.68835340860215 -0.9091694951057434 -0.11277644336223602 0.3874552845954895 0.06777864694595337 0.11407241970300674 0.2112651765346527 0.9683803915977478
11.71260740860215 -0.8550825715065002 -0.11312517523765564 0.39041975140571594 0.07255079597234726 0.11898559331893921 0.2052978128194809 0.9687268733978271
11.73691440860215 -0.8111594319343567 -0.11784325540065765 0.39350423216819763 0.0775655135512352 0.13231261074543 0.20435644686222076 0.9668068289756775
11.76131040860215 -0.7626444101333618 -0.11550796031951904 0.3908192813396454 0.0851636454463005 0.13997818529605865 0.20305708050727844 0.9653606414794922
11.78583440860215 -0.7242396473884583 -0.11773525178432465 0.38520145416259766 0.08460956066846848 0.14699749648571014 0.20186832547187805 0.9646150469779968
11.810490408602151 -0.6859191060066223 -0.11501762270927429 0.3747134208679199 0.08018269389867783 0.1507762372493744 0.19661866128444672 0.96549391746521
11.83523540860215 -0.6501092314720154 -0.1094418540596962 0.3652436137199402 0.0764537826180458 0.15344195067882538 0.19144530594348907 0.9664156436920166
11.86000440860215 -0.6180287003517151 -0.10367967933416367 0.35385385155677795 0.07181476801633835 0.15746641159057617 0.18573126196861267 0.9672388434410095
11.884739408602151 -0.5859242677688599 -0.09527439624071121 0.34018459916114807 0.06729602813720703 0.1555549055337906 0.1780640184879303 0.9693127274513245
11.909400408602151 -0.5583736300468445 -0.09045082330703735 0.3308117091655731 0.06440051645040512 0.15668927133083344 0.17125140130519867 0.970553457736969
11.93397340860215 -0.5228978395462036 -0.08507555723190308 0.31773704290390015 0.06265962868928909 0.1587894707918167 0.16532787680625916 0.9713528752326965
11.95845240860215 -0.49253755807876587 -0.07959040999412537 0.3094519376754761 0.0622999370098114 0.1628592610359192 0.15867751836776733 0.9718112945556641
11.98282840860215 -0.471260666847229 -0.07734836637973785 0.2980719208717346 0.06122875586152077 0.16740840673446655 0.15512457489967346 0.9716799259185791
12.00710740860215 -0.44646596908569336 -0.07433509081602097 0.28444990515708923 0.05957888439297676 0.167672261595726 0.15054409205913544 0.9724571704864502
12.03130040860215 -0.426635205745697 -0.06858592480421066 0.2706049382686615 0.055183056741952896 0.16629117727279663 0.14758604764938354 0.9734066724777222
12.05540540860215 -0.4295124411582947 -0.057811371982097626 0.2572680115699768 0.050119079649448395 0.1702483594417572 0.14419980347156525 0.9735040068626404
12.07941040860215 -0.41848763823509216 -0.043564699590206146 0.2456105500459671 0.04450235515832901 0.1680891364812851 0.1337985098361969 0.9756349921226501
12.10331040860215 -0.4178983271121979 -0.02600730024278164 0.24046505987644196 0.039652153849601746 0.16684913635253906 0.12176202982664108 0.9776313304901123
12.127127408602151 -0.42174088954925537 -0.006878791376948357 0.23581649363040924 0.035472966730594635 0.1623207926750183 0.11686763912439346 0.9791504740715027
12.15090040860215 -0.41071411967277527 0.007764907553792 0.21464906632900238 0.028781043365597725 0.14927105605602264 0.11304309219121933 0.9818915724754333
12.17466040860215 -0.4613397419452667 0.02635055035352707 0.23256215453147888 0.028642533347010612 0.15406019985675812 0.11187341809272766 0.9812896847724915
12.19842840860215 -0.5056321024894714 0.05682174488902092 0.24536563456058502 0.029958626255393028 0.151658296585083 0.10688573122024536 0.982180118560791
12.22224140860215 -0.5482247471809387 0.07324496656656265 0.24539656937122345 0.027261054143309593 0.14653043448925018 0.10599061846733093 0.9831336140632629
12.24613640860215 -0.5989284515380859 0.08016227930784225 0.2451392412185669 0.023497914895415306 0.14290904998779297 0.10593609511852264 0.9837695360183716
12.27014540860215 -0.6576640605926514 0.0821569487452507 0.2593572437763214 0.02352532558143139 0.1438264548778534 0.10867913067340851 0.9833358526229858
12.29428040860215 -0.7225348949432373 0.06870473176240921 0.2681715786457062 0.02190985716879368 0.14574511349201202 0.11647050082683563 0.9821980595588684
12.31855140860215 -0.7861865162849426 0.04891291633248329 0.28062066435813904 0.022730864584445953 0.1472596973180771 0.12590648233890533 0.9807882308959961
12.342960408602151 -0.8521478772163391 0.01758630946278572 0.29424819350242615 0.02369861677289009 0.1491003930568695 0.13644002377986908 0.9790768623352051
12.36750340860215 -0.9224910140037537 -0.021422095596790314 0.3048194944858551 0.02364031970500946 0.15069951117038727 0.1461755782365799 0.9774270057678223
12.39216540860215 -0.9932060241699219 -0.06486643105745316 0.3191300332546234 0.022739216685295105 0.15164607763290405 0.1554999202489853 0.9758617877960205
12.41691140860215 -1.0632394552230835 -0.11352017521858215 0.3338876962661743 0.020343927666544914 0.15247656404972076 0.16478405892848969 0.9742603898048401
12.44168640860215 -1.1287627220153809 -0.16732047498226166 0.34297898411750793 0.0157801304012537 0.15219824016094208 0.17461830377578735 0.9726742506027222
12.46644340860215 -1.182812213897705 -0.21615929901599884 0.35832086205482483 0.012305027805268764 0.15520848333835602 0.18571780622005463 0.97018963098526
12.49114540860215 -1.2242891788482666 -0.26849430799484253 0.3648916482925415 0.00657931063324213 0.15867196023464203 0.20133452117443085 0.9665631651878357
12.51577540860215 -1.2479954957962036 -0.30631929636001587 0.37415811419487 0.005370997358113527 0.16212862730026245 0.21335822343826294 0.9634125232696533
12.54033840860215 -1.2682334184646606 -0.3519878685474396 0.38031527400016785 0.0006121351034380496 0.16571462154388428 0.2287963330745697 0.9592656493186951
12.56485540860215 -1.289250135421753 -0.3952364921569824 0.3860956132411957 -0.0054098195396363735 0.16886332631111145 0.24623091518878937 0.954372227191925
12.58935640860215 -1.302610158920288 -0.41138947010040283 0.3935803771018982 -0.00876244530081749 0.1701609194278717 0.25787150859832764 0.9510366916656494
12.61386540860215 -1.3140236139297485 -0.4395182132720947 0.39809349179267883 -0.01513998955488205 0.1723526418209076 0.27302518486976624 0.9463205933570862
12.63840540860215 -1.3207411766052246 -0.4680812358856201 0.40245193243026733 -0.019638443365693092 0.17399784922599792 0.2880321741104126 0.9414757490158081
12.66299940860215 -1.3223803043365479 -0.4991510510444641 0.4057726562023163 -0.0220413226634264 0.17469361424446106 0.30159804224967957 0.9370352625846863
12.68765840860215 -1.3157163858413696 -0.5256140232086182 0.4115106761455536 -0.024048127233982086 0.17573872208595276 0.3055969476699829 0.935493528842926
12.71238740860215 -1.3033829927444458 -0.5335612297058105 0.40820595622062683 -0.021660536527633667 0.17469193041324615 0.3020595610141754 0.9368957281112671
12.73718640860215 -1.2712604999542236 -0.5454846024513245 0.40475165843963623 -0.02086915634572506 0.17328718304634094 0.29529398679733276 0.9393282532691956
12.76203740860215 -1.227708339691162 -0.5346117615699768 0.4043462574481964 -0.015355517156422138 0.17403896152973175 0.285643994808197 0.9422749876976013
12.786923408602151 -1.172098994255066 -0.5155781507492065 0.3965946435928345 -0.012125368230044842 0.17498040199279785 0.2811659574508667 0.9434937834739685
12.81181840860215 -1.109206199645996 -0.47985509037971497 0.3896671235561371 -0.007974551990628242 0.17577433586120605 0.27819907665252686 0.944269597530365
12.83668640860215 -1.044797658920288 -0.4499850869178772 0.3757885992527008 -0.007590550929307938 0.17591996490955353 0.2735334634780884 0.9456077814102173
12.86148740860215 -0.977070152759552 -0.4115123748779297 0.36309558153152466 -0.005237214732915163 0.17520739138126373 0.2635774314403534 0.9485788941383362
12.88619140860215 -0.9297803044319153 -0.3961433172225952 0.35060980916023254 -0.010844194330275059 0.18312416970729828 0.25707709789276123 0.9488199949264526
12.91079240860215 -0.874132513999939 -0.36338740587234497 0.3353990614414215 -0.015298393554985523 0.18831320106983185 0.2443263679742813 0.9511092305183411
12.93529440860215 -0.8182424306869507 -0.33644622564315796 0.3138078451156616 -0.019170671701431274 0.1904788464307785 0.23825374245643616 0.9521478414535522
12.95972240860215 -0.7691770792007446 -0.30470040440559387 0.2898295223712921 -0.021373650059103966 0.1874484121799469 0.23597827553749084 0.9532683491706848
12.98411540860215 -0.7280920743942261 -0.2756127417087555 0.26854074001312256 -0.029317913576960564 0.18246391415596008 0.22893019020557404 0.9557396769523621
13.00851140860215 -0.6889799237251282 -0.23421423137187958 0.2534691393375397 -0.03638707846403122 0.17514915764331818 0.2126266211271286 0.9606189131736755
13.032945408602151 -0.6734560132026672 -0.21514420211315155 0.25327807664871216 -0.0433269664645195 0.17582018673419952 0.213619664311409 0.9599878787994385
13.057440408602151 -0.6423783898353577 -0.19302131235599518 0.23841777443885803 -0.04777708277106285 0.16991300880908966 0.2020522505044937 0.9633389711380005
13.08201740860215 -0.6088423728942871 -0.170336052775383 0.2331005185842514 -0.05302030220627785 0.1633847951889038 0.18400374054908752 0.9678000807762146
13.10669040860215 -0.5749015212059021 -0.15381494164466858 0.21331901848316193 -0.05827239155769348 0.15491853654384613 0.16501514613628387 0.9723037481307983
13.13147140860215 -0.5724362730979919 -0.145191490650177 0.19525101780891418 -0.06196990981698036 0.15172262489795685 0.13907094299793243 0.9766265153884888
13.15635340860215 -0.543297529220581 -0.11469987779855728 0.23426705598831177 -0.05231244117021561 0.14926008880138397 0.11219065636396408 0.9810189008712769
13.18131140860215 -0.5344959497451782 -0.1081855446100235 0.22862757742404938 -0.04986142739653587 0.14542022347450256 0.0959848165512085 0.9834398031234741
13.20629840860215 -0.5338534116744995 -0.1009880006313324 0.23399783670902252 -0.04657610133290291 0.14180921018123627 0.08335866034030914 0.9852777719497681
13.23127540860215 -0.546809732913971 -0.10280836373567581 0.2278999537229538 -0.04414847493171692 0.1371239572763443 0.07839501649141312 0.986459493637085
13.256219408602151 -0.5624995231628418 -0.10325544327497482 0.23007552325725555 -0.037288885563611984 0.13627752661705017 0.07254568487405777 0.9873070120811462
13.28113740860215 -0.5553305745124817 -0.10713060945272446 0.22549468278884888 -0.0354195311665535 0.13090825080871582 0.07146915048360825 0.9881805181503296
13.30603340860215 -0.6238444447517395 -0.10809033364057541 0.25542497634887695 -0.029383931308984756 0.14002354443073273 0.07588627189397812 0.9867985248565674
13.33091440860215 -0.6476668119430542 -0.11046489328145981 0.2644597291946411 -0.021241169422864914 0.14083705842494965 0.08225023746490479 0.9863815903663635
13.35576240860215 -0.6772682070732117 -0.10846169292926788 0.2891324758529663 -0.01007391419261694 0.14047427475452423 0.08570019900798798 0.9863169193267822
13.38056740860215 -0.7159631252288818 -0.11256402730941772 0.30457478761672974 -0.003446845104917884 0.1422732174396515 0.08479881286621094 0.9861823916435242
13.40532140860215 -0.7390916347503662 -0.11346307396888733 0.30966296792030334 0.0029582984279841185 0.13960695266723633 0.08135618269443512 0.9868547916412354
13.43002440860215 -0.7836514115333557 -0.13001911342144012 0.3169504404067993 0.006923343054950237 0.1407080590724945 0.07816053926944733 0.9869368076324463
13.45467140860215 -0.841090738773346 -0.15336979925632477 0.32607370615005493 0.009993190877139568 0.14000563323497772 0.08176667988300323 0.9867181777954102
13.47927340860215 -0.908626914024353 -0.1765163689851761 0.3341570496559143 0.00854215957224369 0.1389128565788269 0.08885626494884491 0.9862732291221619
13.50384940860215 -0.9995308518409729 -0.19532011449337006 0.3500910997390747 0.005220563150942326 0.14062118530273438 0.09454014897346497 0.9855255484580994
13.52842340860215 -1.1027283668518066 -0.20459015667438507 0.37965863943099976 0.00410515908151865 0.1442810446023941 0.10253922641277313 0.9842011332511902
13.55300740860215 -1.2113125324249268 -0.22051653265953064 0.4231577515602112 0.0009179226472042501 0.15086296200752258 0.11245044320821762 0.9821376800537109
13.57762040860215 -1.3298468589782715 -0.23315466940402985 0.46469032764434814 -0.0019350871443748474 0.1570104956626892 0.1222539022564888 0.9799989461898804
13.60226340860215 -1.4410204887390137 -0.2481912076473236 0.5176626443862915 -0.0011729156831279397 0.16254599392414093 0.1311444342136383 0.9779461026191711
13.62692940860215 -1.5445880889892578 -0.27397412061691284 0.5735844969749451 0.002761338371783495 0.16849662363529205 0.14039501547813416 0.975648820400238
13.651591408602151 -1.6336220502853394 -0.30631333589553833 0.6244155764579773 0.004193803295493126 0.1752142608165741 0.14556293189525604 0.9737010598182678
13.67622740860215 -1.7143036127090454 -0.33550626039505005 0.6728399991989136 0.005755369085818529 0.1819646656513214 0.15221311151981354 0.971435546875
13.70084340860215 -1.7834007740020752 -0.35372546315193176 0.7356690168380737 0.014967883937060833 0.18811339139938354 0.16483670473098755 0.9681003093719482
13.725458408602151 -1.843062162399292 -0.3733135461807251 0.7975994348526001 0.021877065300941467 0.19414550065994263 0.1779043823480606 0.9644579291343689
13.75009040860215 -1.8958823680877686 -0.39547500014305115 0.8472407460212708 0.02397441305220127 0.20087698101997375 0.18559680879116058 0.9615755081176758
13.77474140860215 -1.937339425086975 -0.4146307706832886 0.8918328285217285 0.026351047679781914 0.20463499426841736 0.19294926524162292 0.9592709541320801
13.79942340860215 -1.9662272930145264 -0.4388769268989563 0.9293056726455688 0.021630192175507545 0.21002012491226196 0.1984659880399704 0.9570971131324768
13.82414940860215 -1.9802323579788208 -0.4561765193939209 0.9562340378761292 0.018608849495649338 0.21529053151607513 0.2024974822998047 0.95514315366745
13.84895440860215 -1.9697939157485962 -0.4729103147983551 0.9726518988609314 0.01828896626830101 0.22088982164859772 0.21029634773731232 0.9521809816360474
13.87388240860215 -1.9503480195999146 -0.4909496009349823 0.9873970150947571 0.018400797620415688 0.23371948301792145 0.2224177122116089 0.9463440775871277
13.89897440860215 -1.921201467514038 -0.5060701370239258 0.9918763637542725 0.0168337132781744 0.2446305900812149 0.2316923588514328 0.9413772821426392
13.92422340860215 -1.8963806629180908 -0.5198581218719482 0.9974364042282104 0.016830800101161003 0.2584790885448456 0.2390943467617035 0.9358094334602356
13.94957040860215 -1.8758777379989624 -0.5329586863517761 1.001057505607605 0.014177580364048481 0.26927292346954346 0.2453131526708603 0.9311888217926025
13.97492640860215 -1.8508585691452026 -0.537588357925415 0.9998907446861267 0.009075110778212547 0.27367886900901794 0.25013449788093567 0.9286820292472839
