46398.408602150535 -0.0 -0.0 -0.0 -0.0 -0.0 1.0 -0.0
70864.40860215054 -0.0 -0.0 -0.0 -0.0 -0.0 1.0 -0.0
95330.40860215054 0.08840187 0.009885673 8.016838e-05 -0.0068614543 0.00025239744 0.99997616 -0.00080021983
119799.40860215054 0.08840187 0.009885673 8.016838e-05 -0.0068614543 0.00025239744 0.99997616 -0.00080021983
144276.40860215054 0.13668367 0.041315258 -0.00883777 -0.011818331 -0.0066553527 0.9998959 -0.0049353796
168772.40860215054 0.13668367 0.041315258 -0.00883777 -0.011818331 -0.0066553527 0.9998959 -0.0049353796
193300.40860215054 0.13668367 0.041315258 -0.00883777 -0.011818331 -0.0066553527 0.9998959 -0.0049353796
217864.40860215054 0.13668367 0.041315258 -0.00883777 -0.011818331 -0.0066553527 0.9998959 -0.0049353796
242457.40860215054 0.13914122 0.04751143 -0.011415951 -0.023794178 -0.019934965 0.99951816 -0.00020632459
267067.4086021505 0.13914122 0.04751143 -0.011415951 -0.023794178 -0.019934965 0.99951816 -0.00020632459
291680.4086021505 0.09264404 0.032456424 -0.010362587 -0.027642563 -0.031165272 0.9991306 0.001625901
316282.4086021505 0.09264404 0.032456424 -0.010362587 -0.027642563 -0.031165272 0.9991306 0.001625901
340857.4086021505 0.03036369 -0.0018327327 -0.0059662242 -0.029938497 -0.033242352 0.998983 0.0056166467
365398.4086021505 0.03036369 -0.0018327327 -0.0059662242 -0.029938497 -0.033242352 0.998983 0.0056166467
389911.4086021505 -0.041185953 -0.033268854 0.0021695078 -0.029397456 -0.034876175 0.99892104 0.008726595
414403.4086021505 -0.041185953 -0.033268854 0.0021695073 -0.029397458 -0.03487618 0.9989211 0.008726596
438882.4086021505 -0.13683361 -0.062353496 0.0099986885 -0.02710722 -0.030620284 0.99910915 0.01041716
463363.4086021505 -0.19966683 -0.08537497 0.006676975 -0.024517775 -0.026449315 0.99930257 0.0096816
487864.4086021505 -0.26082548 -0.099502146 0.019623477 -0.024720704 -0.022462502 0.9993498 0.013578483
512393.40860215056 -0.34000635 -0.121134244 0.023611737 -0.024280827 -0.0186806 0.99941564 0.015161879
536952.4086021506 -0.42603022 -0.14118177 0.027318936 -0.024420379 -0.017361525 0.99940914 0.016842458
561539.4086021506 -0.5150537 -0.15898165 0.029491266 -0.023500042 -0.017157508 0.9994114 0.01817432
586159.4086021506 -0.6056669 -0.17884772 0.031774957 -0.021826724 -0.012387031 0.999496 0.01944279
610808.4086021506 -0.7017543 -0.19595666 0.037011012 -0.020481175 -0.002243764 0.99954516 0.022024155
635481.4086021506 -0.7963325 -0.20790066 0.041329708 -0.019193802 0.006031901 0.9995195 0.023578143
660183.4086021506 -0.88781416 -0.21460034 0.045519084 -0.017052462 0.0120960055 0.9994911 0.024096088
684936.4086021506 -0.9831725 -0.21837902 0.05259602 -0.014076202 0.019465018 0.9994079 0.024633812
709778.4086021506 -1.0882891 -0.22377472 0.054587636 -0.012053761 0.029157976 0.9992078 0.024255062
734744.4086021506 -1.1985285 -0.230569 0.054804727 -0.010777474 0.036670312 0.9989931 0.023494003
759835.4086021506 -1.3146243 -0.23975031 0.056489203 -0.009105928 0.04084024 0.99885774 0.023072945
785017.4086021506 -1.432744 -0.25409055 0.057023726 -0.00774382 0.043449573 0.9987708 0.022564763
810240.4086021506 -1.5514342 -0.27168614 0.05333888 -0.006181363 0.046167858 0.9986806 0.021619279
835478.4086021506 -1.663303 -0.28941733 0.04934425 -0.005450807 0.05106745 0.9984709 0.020453755
860740.4086021506 -1.7672253 -0.302852 0.05120763 -0.0031663077 0.058120694 0.99811226 0.019593423
886055.4086021506 -1.85184 -0.31373018 0.0450911 -0.00240769 0.066307895 0.99763817 0.017763259
911429.4086021506 -1.9053462 -0.30933043 0.05375881 -0.0027020092 0.0741439 0.9970609 0.01910285
936847.4086021506 -1.9370748 -0.3078057 0.045488767 -0.0047419528 0.07895468 0.9966965 0.01843377
962311.4086021506 -1.9326333 -0.29359022 0.040902123 -0.008359369 0.078110084 0.99672127 0.019385764
987832.4086021506 -1.895232 -0.28077525 0.0452286 -0.010813693 0.07482117 0.9969464 0.019564373
1013401.4086021506 -1.8274467 -0.26113096 0.030772958 -0.016620107 0.07123625 0.9971184 0.020101747
1039001.4086021505 -1.7223805 -0.23157057 0.03586293 -0.020507334 0.06861398 0.9971724 0.022778424
1064616.4086021506 -1.6039519 -0.21538953 0.029251084 -0.022827372 0.06679528 0.9972552 0.02234888
1090220.4086021506 -1.4647613 -0.19628543 0.028517185 -0.025506046 0.06339017 0.99739724 0.023021927
1115776.4086021506 -1.3101871 -0.16856194 0.03734075 -0.027904011 0.05374949 0.9978514 0.02500343
1141273.4086021506 -1.1524433 -0.14363222 0.056129154 -0.02975579 0.03671572 0.9985097 0.027294572
1166702.4086021506 -1.0004607 -0.12559415 0.060905356 -0.03331223 0.020074174 0.998849 0.028073618
1192041.4086021506 -0.85320616 -0.11382263 0.07014645 -0.03691354 0.005083985 0.99891794 0.027828647
1217305.4086021506 -0.7127655 -0.10558822 0.07225467 -0.039880842 -0.010436993 0.998805 0.026252022
1242560.4086021506 -0.579845 -0.10111585 0.076360404 -0.043386895 -0.024065489 0.998445 0.025421027
1267854.4086021506 -0.4536504 -0.10729414 0.076430805 -0.048248395 -0.034395773 0.99794227 0.024500843
1293161.4086021506 -0.32908636 -0.1189017 0.07840133 -0.052196946 -0.045891173 0.9973087 0.023345014
1318418.4086021506 -0.20416191 -0.12689248 0.08374195 -0.054240983 -0.058715038 0.99655706 0.02201416
1343602.4086021506 -0.07309392 -0.13686074 0.0868492 -0.05486069 -0.07006414 0.99585855 0.018631171
1368709.4086021506 0.05270423 -0.14857124 0.08320512 -0.055408586 -0.07370146 0.99563366 0.014546551
1393717.4086021506 0.16989376 -0.16645727 0.07832872 -0.0551808 -0.070991665 0.99589694 0.010225489
1418624.4086021506 0.29961553 -0.18356663 0.07655847 -0.057982013 -0.069618165 0.9958606 0.007289014
1443421.4086021506 0.40193897 -0.2091318 0.06721613 -0.0570741 -0.07051004 0.9958754 0.0017591377
1468072.4086021506 0.48231378 -0.23408298 0.06186058 -0.057944886 -0.06839248 0.99597377 -0.001068487
1492538.4086021506 0.5366617 -0.2571424 0.062313713 -0.059934195 -0.06549986 0.9960502 -0.0013065777
1516790.4086021506 0.57450414 -0.27850905 0.05940949 -0.061455 -0.06481617 0.9960013 -0.0019058486
1540843.4086021506 0.5864163 -0.2860728 0.05802761 -0.06263028 -0.06519844 0.99590355 -0.0016630619
1564740.4086021506 0.5671785 -0.27404246 0.0646316 -0.06432953 -0.06811397 0.9956015 -1.497657e-05
1588528.4086021506 0.52346724 -0.25631097 0.07268224 -0.06616023 -0.07014392 0.99533516 0.0032676074
1612249.4086021506 0.49007973 -0.2564742 0.065180175 -0.06989522 -0.075645484 0.9946768 0.0032445209
1635940.4086021506 0.40656677 -0.24295352 0.06315745 -0.067827724 -0.07881978 0.9945617 0.0058289473
1659636.4086021506 0.3173889 -0.21791036 0.07299836 -0.07012325 -0.08416011 0.9939342 0.009724604
1683351.4086021506 0.21976306 -0.18922952 0.07324041 -0.0726099 -0.08885733 0.9933024 0.013511052
1707098.4086021506 0.11188996 -0.17879614 0.06517197 -0.07375702 -0.09250029 0.9928979 0.012543199
1730900.4086021506 -0.0011933828 -0.15991257 0.06286599 -0.0733065 -0.09227839 0.9929095 0.015546733
1754804.4086021506 -0.11319092 -0.16639155 0.04568963 -0.07410975 -0.08888247 0.9931857 0.013782919
1778862.4086021506 -0.22369479 -0.1754515 0.03366409 -0.07496511 -0.08030595 0.99384636 0.014167286
1803109.4086021506 -0.33755988 -0.17952393 0.040391576 -0.07542547 -0.07212117 0.99438196 0.017722132
1827557.4086021506 -0.4516602 -0.18283938 0.04933569 -0.072719224 -0.06417776 0.995023 0.022855574
1852197.4086021506 -0.54120123 -0.19847679 0.042724837 -0.07164932 -0.05708187 0.9955074 0.023940276
1877024.4086021506 -0.6151001 -0.20486034 0.045286674 -0.07016685 -0.048705958 0.99599314 0.026496388
1902035.4086021506 -0.6726835 -0.20899647 0.042811997 -0.07024993 -0.04133876 0.9963088 0.026923198
1927214.4086021506 -0.728238 -0.20884623 0.040442858 -0.06876411 -0.03148165 0.99678767 0.0263589
1952530.4086021506 -0.78000826 -0.20284365 0.038883176 -0.06775556 -0.020596161 0.99715483 0.025831187
1977960.4086021506 -0.8332776 -0.19191372 0.03888007 -0.06669355 -0.012310146 0.99736065 0.025928391
2003480.4086021506 -0.8910421 -0.18362537 0.036505654 -0.06751507 -0.008080052 0.99733883 0.026302733
2029061.4086021506 -0.95271766 -0.18821827 0.02454548 -0.068611406 -0.007793669 0.9972896 0.0254024
2054677.4086021506 -1.0118408 -0.19981787 0.018446226 -0.07025751 -0.013291977 0.9970962 0.026201816
2080314.4086021506 -1.0669067 -0.23317908 -0.00014112692 -0.070761465 -0.01989324 0.99703836 0.022619482
2105951.4086021506 -1.0952986 -0.2609547 -0.007887337 -0.07095738 -0.024891626 0.9969353 0.021577198
2131574.4086021506 -1.0913016 -0.28447077 -0.012269487 -0.07250468 -0.027931891 0.99676526 0.020541467
2157171.4086021506 -1.0637343 -0.2793494 0.002111129 -0.071316026 -0.030175636 0.9967107 0.023901757
2182739.4086021506 -1.0241634 -0.27477628 0.008846247 -0.06914997 -0.027555076 0.9969705 0.022560064
2208293.4086021506 -0.96560013 -0.2662892 0.0244587 -0.066874936 -0.021422306 0.9973092 0.021052971
2233849.4086021506 -0.9008021 -0.26134807 0.032470025 -0.06547189 -0.011716049 0.9976046 0.019007726
2259425.4086021506 -0.8255078 -0.26391023 0.04900712 -0.063747555 -0.0034760523 0.9977626 0.019847238
2285047.4086021506 -0.7444858 -0.2795703 0.059326276 -0.061886936 0.0025932365 0.99788547 0.019698607
2310725.4086021506 -0.6703533 -0.29204583 0.0656687 -0.05974805 0.005111931 0.99801135 0.019428
2336444.4086021506 -0.603226 -0.29573175 0.069398984 -0.059089467 0.0068047936 0.9980492 0.018973392
2362178.4086021506 -0.53504056 -0.2947741 0.07279489 -0.058502104 0.005684849 0.99812186 0.01726524
2387886.4086021506 -0.46242273 -0.28757903 0.076755635 -0.056733478 0.0033983963 0.9982597 0.015729982
2413536.4086021506 -0.3876535 -0.287253 0.0753693 -0.055732716 0.0034631265 0.99836123 0.0125227645
2439096.4086021506 -0.3101922 -0.27306673 0.08631891 -0.05680509 0.007189417 0.99826545 0.013698227
2464537.4086021506 -0.23908506 -0.27166194 0.0803781 -0.05695742 0.009129041 0.99828404 0.010078114
2489848.4086021506 -0.18568283 -0.26018 0.08647311 -0.053154554 0.00811093 0.998504 0.009930828
2515032.4086021506 -0.13337043 -0.25309524 0.08236453 -0.053686634 0.0031233372 0.99852175 0.007902594
2540109.4086021506 -0.09740613 -0.24263889 0.080189675 -0.05517404 0.0008879365 0.99845 0.0072643952
2565111.4086021506 -0.074926205 -0.22996187 0.07609988 -0.056906696 -0.0015544064 0.99836016 0.006028048
2590067.4086021506 -0.06444691 -0.21484913 0.072009616 -0.056399256 -0.009648712 0.9983484 0.0051535354
2614997.4086021506 -0.052397855 -0.20107709 0.06680492 -0.057655632 -0.017174179 0.9981804 0.0041153547
2639927.4086021506 -0.055916794 -0.18867078 0.06686472 -0.05632107 -0.019691873 0.9982063 0.0049351077
2664877.4086021506 -0.04549691 -0.1859535 0.06162174 -0.058272347 -0.018762875 0.9981173 0.0037570565
2689854.4086021506 -0.056884207 -0.18043047 0.06604228 -0.05571242 -0.0167251 0.9982921 0.005422254
2714864.4086021506 -0.06878921 -0.17702734 0.071636505 -0.0530055 -0.015006337 0.99845785 0.006871723
2739896.4086021506 -0.066590264 -0.18209092 0.06608356 -0.05365537 -0.012365319 0.99846596 0.0058362945
2764937.4086021506 -0.06568078 -0.18749455 0.06866778 -0.05384651 -0.009366589 0.9984875 0.0059755645
2789988.4086021506 -0.07760785 -0.19213326 0.06520626 -0.051685963 -0.004743833 0.99863183 0.006378507
2815029.4086021506 -0.080025844 -0.1971815 0.05594462 -0.052164137 -0.0029146278 0.9986158 0.006071825
2840061.4086021506 -0.08238277 -0.20791222 0.053146306 -0.054405373 -0.0014387663 0.9985093 0.0041671344
2865081.4086021506 -0.09507396 -0.1942209 0.054349042 -0.05431325 -0.0002375213 0.9984971 0.00731265
2890083.4086021506 -0.10865236 -0.19200091 0.05410773 -0.053481564 -0.00045636593 0.9985467 0.0066328254
2915061.4086021506 -0.121934235 -0.18734099 0.048711203 -0.051439144 0.001821975 0.9986586 0.0056369016
2940013.4086021506 -0.13596162 -0.18419275 0.04922714 -0.050791975 0.0065209363 0.998675 0.005099648
2964945.4086021506 -0.15815386 -0.17645103 0.055846617 -0.05028477 0.010914638 0.998652 0.0068280497
2989853.4086021506 -0.18163037 -0.17172983 0.06141722 -0.051049814 0.010436278 0.9985933 0.009826306
3014742.4086021506 -0.21967705 -0.17482254 0.06378801 -0.050549347 0.00955314 0.99860996 0.0114742005
3039615.4086021506 -0.26292628 -0.17549902 0.067162625 -0.050084762 0.006701376 0.99863535 0.013194391
3064475.4086021506 -0.28570315 -0.20436081 0.024516864 -0.055654358 -0.00078054325 0.99844265 0.0037881997
3089326.4086021506 -0.33079356 -0.2107374 0.025352431 -0.056279916 -0.004892408 0.99838924 0.0052501727
3114179.4086021506 -0.3787061 -0.2251815 0.015463699 -0.057909805 -0.008996164 0.9982716 0.0044012023
3139030.4086021506 -0.4328584 -0.22884305 0.018065538 -0.058741592 -0.013239647 0.99816495 0.006401156
3163886.4086021506 -0.48003626 -0.23382492 0.011380585 -0.060827248 -0.0193914 0.99793917 0.00644309
3188761.4086021506 -0.54119337 -0.23331918 0.010060434 -0.06246061 -0.024370968 0.99772817 0.006584881
3213676.4086021506 -0.6111048 -0.22476737 0.016450414 -0.06327251 -0.026559832 0.99759865 0.00939138
3238650.4086021506 -0.66601056 -0.23487796 0.011628484 -0.06617353 -0.02925317 0.9973427 0.00853878
3263712.4086021506 -0.69968224 -0.2588267 0.007558128 -0.068380594 -0.03358368 0.99707323 0.0064287456
3288879.4086021506 -0.7153814 -0.29515937 0.0033189442 -0.06828585 -0.037056178 0.9969728 0.0030183946
3314158.4086021506 -0.70264065 -0.3225103 0.007998301 -0.0688483 -0.034836374 0.99700814 0.0045964825
3339542.4086021506 -0.6743492 -0.34857854 0.014201682 -0.06957577 -0.030019132 0.9971109 0.005290403
3365012.4086021506 -0.6409413 -0.39008605 0.005634457 -0.07108636 -0.0253905 0.9971452 0.001882354
3390547.4086021506 -0.59255147 -0.37579286 0.03471294 -0.072197855 -0.01997506 0.9971349 0.010510736
3416125.4086021506 -0.55276126 -0.41010603 0.017526783 -0.07589142 -0.019794978 0.99691665 0.0024107355
3441731.4086021506 -0.5172213 -0.40254965 0.024377892 -0.076789096 -0.019644246 0.99684644 0.0038446514
3467361.4086021506 -0.49227348 -0.38875592 0.033169027 -0.07567169 -0.018371949 0.9969563 0.003809991
3493002.4086021506 -0.45553133 -0.36979383 0.03138552 -0.0801275 -0.020051202 0.99658227 0.0012097013
3518639.4086021506 -0.45994785 -0.32212976 0.04331101 -0.07510997 -0.022376843 0.996915 0.0042722854
3544262.4086021506 -0.429897 -0.2986857 0.009256164 -0.084862486 -0.027539924 0.9960084 -0.0026958464
3569864.4086021506 -0.4267932 -0.25258675 0.010698162 -0.08615481 -0.029415017 0.9958455 -0.0019970494
3595440.4086021506 -0.4338412 -0.20623404 0.011471953 -0.087163985 -0.031147053 0.9957012 -0.0034052038
3620993.4086021506 -0.44660994 -0.12993717 0.038632546 -0.08517863 -0.034963466 0.99574214 0.00445082
3646520.4086021506 -0.46583888 -0.07992233 0.041910153 -0.08485803 -0.0437516 0.99541765 0.0053542876
3672020.4086021506 -0.48345345 -0.04088088 0.043035023 -0.08437896 -0.050981823 0.9951055 0.0067933807
3697498.4086021506 -0.56481916 -0.02884324 -0.008908473 -0.076161824 -0.04785814 0.9959459 -0.00094912644
3722967.4086021506 -0.5793375 -0.01636034 -0.0074537145 -0.0761633 -0.048859764 0.99589753 -0.000101570084
3748437.4086021506 -0.5846669 -0.025440745 -0.0007896606 -0.0763794 -0.047687016 0.99593717 0.0011543062
3773915.4086021506 -0.58743894 -0.053751655 0.012868259 -0.07587582 -0.04535859 0.9960835 0.0018042963
3799399.4086021506 -0.5945996 -0.09880566 0.010756961 -0.07431575 -0.04351444 0.9962846 0.00087640906
3824879.4086021506 -0.5561575 -0.13815883 0.05714217 -0.08605471 -0.049012307 0.9950424 0.009115758
3850346.4086021506 -0.5648663 -0.19958054 0.06115818 -0.085306466 -0.0463221 0.9952313 0.009585759
3875803.4086021506 -0.5938069 -0.2389464 0.10523165 -0.07808981 -0.03992549 0.9959265 0.020937514
3901255.4086021506 -0.60342425 -0.31215543 0.10444963 -0.07700649 -0.040737346 0.99596024 0.021766152
3926714.4086021506 -0.590912 -0.40499514 0.08825787 -0.08063096 -0.046009567 0.9955571 0.015743673
3952201.4086021506 -0.58805233 -0.46071705 0.08939 -0.079313084 -0.044629786 0.9957155 0.016381511
3977740.4086021506 -0.5702142 -0.5060092 0.10004556 -0.0777497 -0.03930293 0.99603164 0.018200465
4003339.4086021506 -0.53166425 -0.5709033 0.08436683 -0.07602591 -0.031525522 0.9965449 0.011159292
4029013.4086021506 -0.48975718 -0.5909812 0.09924858 -0.07251089 -0.02709172 0.99691486 0.013002885
4054745.4086021506 -0.44016635 -0.60155624 0.10887607 -0.06866906 -0.019524464 0.9973513 0.0139186
4080479.4086021506 -0.39178276 -0.59811515 0.121246114 -0.06566827 -0.011313594 0.9976843 0.013628048
4106141.4086021506 -0.33148068 -0.5748691 0.13237613 -0.06573371 -0.006261277 0.99773073 0.013166267
4131651.4086021506 -0.2861581 -0.54169303 0.13690574 -0.06423955 -0.0051180404 0.99785775 0.0112709915
4156969.4086021506 -0.2305108 -0.49341258 0.14443989 -0.064894386 -0.008601242 0.99781394 0.009059352
4182114.4086021506 -0.18240991 -0.43922827 0.14766751 -0.062247485 -0.017655132 0.9978846 0.006322957
4207116.40860215 -0.12217179 -0.36697006 0.1559905 -0.06102709 -0.02862079 0.99770164 0.0069248388
4232004.40860215 -0.06655983 -0.29643843 0.15485229 -0.060448732 -0.031889085 0.99764675 0.0054830518
4256790.40860215 -0.025061218 -0.21818209 0.1553528 -0.061033476 -0.025876919 0.9977826 0.0059499894
4281480.40860215 -0.0019048806 -0.13065179 0.16237915 -0.061374728 -0.019361226 0.9978928 0.008262771
4306095.40860215 0.00408226 -0.03670615 0.16821067 -0.060796294 -0.020129053 0.99789125 0.010571112
4330667.40860215 -0.016876876 0.041799873 0.17665231 -0.059961546 -0.021366563 0.9978753 0.013894051
4355233.40860215 -0.066964984 0.10769189 0.19250458 -0.058895957 -0.019406123 0.9978594 0.020767946
4379835.40860215 -0.1358339 0.16543272 0.21010149 -0.05714386 -0.018422179 0.9978065 0.027882084
4404515.40860215 -0.22036803 0.21521424 0.22789851 -0.055724733 -0.013248191 0.9977741 0.03414841
4429291.40860215 -0.3176833 0.2543671 0.23966964 -0.05401813 -0.0057534464 0.99777395 0.03867956
4454177.40860215 -0.42405483 0.28334564 0.24657497 -0.05173417 0.00054959493 0.99778384 0.04184176
4479174.40860215 -0.5383789 0.29888365 0.25142947 -0.048531562 0.006385956 0.9978204 0.044254743
4504289.40860215 -0.6516733 0.30078354 0.25965938 -0.044482622 0.010796634 0.99784863 0.046934877
4529524.40860215 -0.75795907 0.29225868 0.26603854 -0.040390495 0.012071684 0.99789757 0.049227286
4554864.40860215 -0.8518554 0.27411276 0.27303314 -0.037052497 0.014220302 0.9979164 0.050871003
4580273.40860215 -0.92818856 0.24923314 0.27850586 -0.03335971 0.014717716 0.99805874 0.05049118
4605697.40860215 -0.9899211 0.21738125 0.28410256 -0.029476538 0.0145118935 0.99824935 0.04918222
4631082.40860215 -1.042227 0.17379753 0.2871647 -0.027285228 0.018548304 0.9983036 0.04797334
4656401.40860215 -1.0804886 0.11892434 0.28787848 -0.025830118 0.021688197 0.9982846 0.04785754
4681622.40860215 -1.1013724 0.058820296 0.286876 -0.025501711 0.020314908 0.99832946 0.047700547
4706723.40860215 -1.1116029 0.00248484 0.28112355 -0.025624907 0.016311232 0.99842256 0.047219526
4731690.40860215 -1.1062458 -0.036467552 0.2798446 -0.026362294 0.010833822 0.9984795 0.047185097
4756560.40860215 -1.0900983 -0.07292856 0.27224594 -0.028116409 0.010245058 0.99852943 0.045206632
4781390.40860215 -1.0538764 -0.09467722 0.2673606 -0.031355448 0.008870532 0.9984806 0.044437174
4806228.40860215 -1.0120304 -0.10781422 0.26554593 -0.029921172 0.0025294104 0.99865204 0.04233941
4831115.40860215 -0.95604193 -0.11623627 0.26022625 -0.0314145 -0.006443127 0.9986863 0.03996707
4856076.40860215 -0.897771 -0.11754262 0.25531402 -0.03244854 -0.012940095 0.9986378 0.038759906
4881123.40860215 -0.8285641 -0.11495808 0.24891368 -0.034054495 -0.017725088 0.9985635 0.037378285
4906268.40860215 -0.7487083 -0.10255923 0.2460768 -0.035747148 -0.02328732 0.9984202 0.036565606
4931515.40860215 -0.65778744 -0.08548369 0.24181014 -0.03744632 -0.028735103 0.9982841 0.034656856
4956847.40860215 -0.55745554 -0.06692663 0.23755145 -0.038318045 -0.032344125 0.99821126 0.0325581
4982226.40860215 -0.4445777 -0.05043676 0.23570757 -0.039419565 -0.034762684 0.9981313 0.03117328
5007585.40860215 -0.32580712 -0.03825466 0.23149878 -0.039520334 -0.037366007 0.99808747 0.029382398
5032881.40860215 -0.20940083 -0.029467717 0.22499691 -0.039134227 -0.03902553 0.99809474 0.027429529
5058085.40860215 -0.10178884 -0.021201748 0.21675326 -0.03981108 -0.039388962 0.9981108 0.025269745
5083204.40860215 -0.011889226 -0.008078513 0.20843676 -0.04046374 -0.037884895 0.99818915 0.023366177
5108234.40860215 0.06375821 0.009655272 0.19983459 -0.042276766 -0.035737876 0.9982365 0.02143555
5133174.40860215 0.12683813 0.02671373 0.19162543 -0.04423641 -0.035218183 0.9982038 0.01979924
5158035.40860215 0.16340415 0.047381908 0.18802989 -0.045044642 -0.0355901 0.9981523 0.019908722
5182841.40860215 0.17169034 0.0680097 0.18794529 -0.04485365 -0.036114834 0.9981287 0.02056627
5207620.40860215 0.15608895 0.085789286 0.1911961 -0.043769725 -0.03650353 0.99813 0.022093171
5232398.40860215 0.116147846 0.09930111 0.19815016 -0.042599887 -0.034094308 0.998225 0.02387073
5257202.40860215 0.07014528 0.11075623 0.20343046 -0.04254144 -0.03178914 0.9982565 0.025763355
5282045.40860215 0.019722853 0.12366305 0.2077226 -0.043706916 -0.030935802 0.9981588 0.02849159
5306930.40860215 -0.053367965 0.13861789 0.21631193 -0.041797854 -0.02903249 0.9982032 0.03163186
5331866.40860215 -0.13585979 0.14822654 0.22241473 -0.041690774 -0.024267457 0.9982465 0.034307126
5356856.40860215 -0.22878514 0.14652151 0.2208345 -0.040012334 -0.021011837 0.99836445 0.03501344
5381899.40860215 -0.3299924 0.14303665 0.21773818 -0.038366903 -0.018818174 0.99840647 0.03685582
5406973.40860215 -0.4335399 0.13049789 0.21744338 -0.035765555 -0.02415801 0.9983892 0.03682687
5432048.40860215 -0.5324533 0.1117413 0.20641802 -0.03483067 -0.022606673 0.99848 0.03624182
5457105.40860215 -0.62961876 0.094858795 0.20585288 -0.031978097 -0.017427895 0.9986186 0.037876505
5482134.40860215 -0.7192655 0.07102172 0.18459146 -0.030374963 -0.0075646224 0.998805 0.03753359
5507129.40860215 -0.7932378 0.04987513 0.17487827 -0.029543133 0.0037472683 0.99882436 0.038250625
5532083.40860215 -0.8448362 0.03847519 0.14650823 -0.032660924 0.008432919 0.99873745 0.037224866
5557011.40860215 -0.8839659 0.033856206 0.13882676 -0.0317255 0.021274718 0.9985877 0.03692584
5581947.40860215 -0.90370953 0.038365047 0.13236222 -0.031414643 0.03245522 0.9983017 0.036790766
5606911.40860215 -0.915217 0.047203805 0.12685597 -0.028896052 0.038479246 0.99816537 0.036747325
5631914.40860215 -0.9146461 0.056546412 0.117628925 -0.02730812 0.04291164 0.9980397 0.03646545
5656935.40860215 -0.9060502 0.06711647 0.10125614 -0.026742002 0.04700539 0.99794173 0.034465134
5681944.40860215 -0.8681434 0.08735043 0.09459218 -0.031116813 0.047341734 0.99776787 0.03535251
5706920.40860215 -0.8336286 0.097887345 0.07978294 -0.030948881 0.044912662 0.9979244 0.03423588
5731855.40860215 -0.8043171 0.0896324 0.050846815 -0.03165702 0.043771863 0.9980701 0.030625883
5756747.40860215 -0.7715159 0.110665455 -0.037743997 -0.03686601 0.038760237 0.99807847 0.031272646
5781607.40860215 -0.7477809 0.1186452 -0.054687317 -0.037669934 0.027310405 0.9984868 0.029313574
5806441.40860215 -0.7197456 0.13032264 -0.070234746 -0.038958892 0.013820182 0.9988001 0.026260635
5831261.40860215 -0.6932785 0.14645456 -0.080977686 -0.039538004 0.0040445398 0.9989334 0.023506043
5856079.40860215 -0.6823407 0.16687177 -0.01970956 -0.027968204 0.0022394718 0.999322 0.023839552
5880909.40860215 -0.6428366 0.18662952 -0.021686502 -0.027544046 -0.002180524 0.9993969 0.021034295
5905762.40860215 -0.5895203 0.19271035 -0.00046178914 -0.025261244 -0.0006436352 0.9995007 0.018971426
5930652.40860215 -0.54186803 0.19478288 0.011898782 -0.023636468 0.0053836093 0.9995197 0.019308029
5955587.40860215 -0.5056125 0.19316207 0.03201396 -0.022334782 0.014370479 0.9994296 0.02086371
5980554.40860215 -0.50623256 0.18530972 0.05951443 -0.014095462 0.022577617 0.99948746 0.01779028
6005535.40860215 -0.48556855 0.18045624 0.08995507 -0.011825453 0.022549111 0.9995395 0.016507851
6030507.40860215 -0.46417338 0.16080502 0.12019965 -0.01155426 0.022396998 0.9995758 0.014602613
6055479.40860215 -0.45674717 0.1293396 0.14719433 -0.008655273 0.023923805 0.99958223 0.013717778
6080465.40860215 -0.45177117 0.08209785 0.15247576 0.00025389405 0.030792383 0.9994704 0.010517012
6105462.40860215 -0.43652803 0.040455766 0.19140203 0.0011688321 0.026352687 0.9995552 0.013918202
6130462.40860215 -0.41649464 0.0037167545 0.23185536 -0.0003766956 0.02162165 0.99954706 0.020931808
6155435.40860215 -0.4050764 -0.03446036 0.2631503 -0.000877437 0.026338475 0.9993111 0.02613101
6180379.40860215 -0.3912764 -0.06352489 0.29492617 -0.0013516388 0.030803282 0.99914765 0.0274488
6205305.40860215 -0.37567633 -0.08900673 0.33812156 0.0022167198 0.030646019 0.99922395 0.024648502
6230225.40860215 -0.35957882 -0.10346831 0.3876865 0.006801329 0.03279226 0.9991544 0.023853006
6255140.40860215 -0.35121047 -0.12645924 0.41850123 0.0050499826 0.044793453 0.99866384 0.025271073
6280052.40860215 -0.34851563 -0.14896439 0.44326195 0.0042227563 0.051621396 0.99834174 0.025125466
6304983.40860215 -0.33931163 -0.16773446 0.4786366 0.005437119 0.04723383 0.9985672 0.024554081
6329970.40860215 -0.3284965 -0.19712822 0.52076113 0.00786792 0.039729953 0.99890584 0.023385206
6355038.40860215 -0.32438025 -0.2093868 0.5507864 0.0096276635 0.03872583 0.9988549 0.02639254
6380195.40860215 -0.32061285 -0.22467296 0.57618904 0.007079677 0.03965021 0.99882597 0.026915817
6405438.40860215 -0.32422888 -0.23130788 0.60846496 0.0065428484 0.03552334 0.99900997 0.025971271
6430756.40860215 -0.32562298 -0.24114384 0.64385074 0.0070304894 0.027781546 0.9992852 0.024654604
6456145.40860215 -0.330794 -0.25177258 0.66566163 0.0073523354 0.0171804 0.9995443 0.0237056
6481597.40860215 -0.33062142 -0.2514291 0.67127377 0.0017662676 0.010422172 0.9995777 0.027068758
6507103.40860215 -0.3156856 -0.2595288 0.6988125 -0.013610751 -0.00221362 0.99950963 0.028114835
6532675.40860215 -0.3235179 -0.25944218 0.71188897 -0.016961422 -0.007059864 0.999393 0.029601332
6558343.40860215 -0.3351307 -0.2544643 0.7227422 -0.024083413 -0.006867703 0.9991829 0.031724997
6584110.40860215 -0.35063574 -0.24963847 0.72248214 -0.030191878 -0.005070832 0.9989953 0.032728214
6609960.40860215 -0.3744652 -0.24458636 0.709762 -0.034319047 -0.00492356 0.9988955 0.031715456
6635873.40860215 -0.39645642 -0.23576076 0.69860107 -0.040317986 -0.0057316544 0.99861133 0.033423547
6661817.40860215 -0.4270066 -0.22350128 0.67512184 -0.0475634 -0.0058527663 0.9982274 0.03529251
6687774.40860215 -0.4900321 -0.20264764 0.64094883 -0.048004683 -0.0042033307 0.99816793 0.036588248
6713730.40860215 -0.5239685 -0.18509936 0.6066869 -0.05421703 -0.007679193 0.99776894 0.03819351
6739692.40860215 -0.5560926 -0.16631228 0.56587416 -0.060734093 -0.011001671 0.99732524 0.03914975
6765659.40860215 -0.5619005 -0.1401036 0.5796405 -0.06766079 -0.013714443 0.9967018 0.04265579
6791627.40860215 -0.6001443 -0.104678065 0.53349894 -0.073014095 -0.019563444 0.99629813 0.040943027
6817582.40860215 -0.63230747 -0.07816558 0.49871793 -0.07713479 -0.023563027 0.9959502 0.039726213
6843504.40860215 -0.6675419 -0.03980813 0.44911358 -0.082245864 -0.029819824 0.9954072 0.038869217
6869368.40860215 -0.71385425 0.0043233605 0.40155917 -0.081902415 -0.035170227 0.9953338 0.036956914
6895168.40860215 -0.74633366 0.052794337 0.35475123 -0.081872605 -0.034169413 0.9955422 0.03201644
6920907.40860215 -0.75421524 0.095678665 0.31300387 -0.08531011 -0.025400717 0.99568003 0.026427481
6946593.40860215 -0.7753585 0.14098258 0.2814676 -0.08285655 -0.016671322 0.99623924 0.019088255
6972226.40860215 -0.8005358 0.18036905 0.24123672 -0.07978918 -0.005994912 0.99674356 0.0100047
6997816.40860215 -0.82936335 0.22141857 0.20779432 -0.077233925 0.004831871 0.9969901 0.004732648
7023373.40860215 -0.86870587 0.25619403 0.17088489 -0.07394 0.014551352 0.99715596 0.0011330296
7048915.40860215 -0.9197636 0.28500056 0.12861724 -0.070188954 0.020866755 0.99731326 -0.0021035199
7074499.40860215 -1.0153838 0.2987565 0.09945327 -0.051149864 0.02878638 0.99826574 -0.0045307004
7100190.40860215 -1.1101557 0.30290642 0.08101875 -0.04036708 0.037022106 0.99848634 -0.005009442
7126030.40860215 -1.2189113 0.29490843 0.062365938 -0.026092717 0.045601673 0.99860823 -0.004630628
7152004.40860215 -1.3369819 0.27794135 0.061536714 -0.009058459 0.058783505 0.99821764 -0.0049043507
7178075.40860215 -1.4412286 0.2600833 0.07251379 0.0057440535 0.066685334 0.9977505 -0.0037469126
7204214.40860215 -1.5336016 0.22995314 0.09098674 0.020209365 0.07513966 0.99695694 -0.0047377343
7230436.40860215 -1.6190236 0.19006923 0.11655422 0.033037595 0.091474876 0.99525464 -0.003019936
7256768.40860215 -1.694484 0.13862298 0.14800298 0.043971866 0.1056056 0.99343526 -0.00056951045
7283220.40860215 -1.7562972 0.07604906 0.18273012 0.05406076 0.11057847 0.992394 0.0020106242
7309761.40860215 -1.7973124 0.007817826 0.21714666 0.060910374 0.11046979 0.9920024 0.0041981367
7336337.40860215 -1.8204254 -0.05750415 0.25149667 0.06877095 0.11040342 0.99148744 0.0058686635
7362838.40860215 -1.8120755 -0.10555443 0.28650805 0.07506942 0.11799371 0.99012095 0.010134885
7389117.40860215 -1.7406559 -0.12018955 0.29681155 0.060902033 0.123276055 0.9903645 0.01649593
7415097.40860215 -1.7051635 -0.14803146 0.330339 0.06862208 0.13611558 0.9881414 0.018444227
7440793.40860215 -1.6539217 -0.16653526 0.3828774 0.08396101 0.15003082 0.9848881 0.020899085
7466282.40860215 -1.5922078 -0.18340202 0.42971858 0.096060775 0.16098112 0.9819542 0.024967186
7491629.40860215 -1.5393431 -0.19423854 0.45915854 0.10626173 0.16900362 0.9794264 0.02949832
7516872.40860215 -1.4815447 -0.19685219 0.490801 0.11551272 0.17874868 0.9764048 0.036598254
7542011.40860215 -1.4281849 -0.18738462 0.523839 0.12743375 0.18660001 0.97321886 0.04226385
7567025.40860215 -1.3862159 -0.18482846 0.5378439 0.13794272 0.20084526 0.9689976 0.04094873
7591890.40860215 -1.3445058 -0.17048162 0.5548454 0.14621001 0.21811146 0.9638911 0.044318594
7616593.40860215 -1.3059157 -0.1614308 0.57209194 0.15612856 0.23587619 0.9579462 0.048223034
7641157.40860215 -1.2645739 -0.1513482 0.5840006 0.16369039 0.24215122 0.95506036 0.049275365
7665615.40860215 -1.2452289 -0.15170136 0.59012854 0.1767697 0.2461753 0.9519292 0.044508673
7690009.40860215 -1.2105551 -0.15023285 0.5902521 0.18061058 0.24942334 0.95021266 0.04757993
7714364.40860215 -1.1926925 -0.15975088 0.5815681 0.18834242 0.25424385 0.9474164 0.047846448
7738704.40860215 -1.1693742 -0.15944639 0.5772077 0.19125342 0.25123852 0.9476267 0.048010956
7763041.40860215 -1.1535698 -0.15913568 0.57249737 0.1951218 0.24986808 0.9472104 0.047811136
7787390.40860215 -1.1470243 -0.15769455 0.56609887 0.19452296 0.25218907 0.9465987 0.050124556
7811757.40860215 -1.1545603 -0.16200247 0.55015147 0.20268881 0.25362864 0.94452137 0.049690925
7836146.40860215 -1.1564721 -0.16357814 0.5378092 0.20163454 0.25564426 0.944191 0.04993018
7860554.40860215 -1.1667678 -0.16334198 0.5251192 0.20014432 0.25592813 0.9444496 0.04957883
7884981.40860215 -1.1814139 -0.16153437 0.51592547 0.199485 0.25556284 0.9445993 0.051241353
7909422.40860215 -1.1942652 -0.16243574 0.5003018 0.19671576 0.2582827 0.94443285 0.051376536
7933869.40860215 -1.2379895 -0.17702991 0.4731415 0.19596128 0.25859314 0.94494236 0.042576503
7958320.40860215 -1.2950577 -0.18539152 0.42589802 0.19708931 0.2624383 0.9438579 0.03760751
7982766.40860215 -1.3410606 -0.18928315 0.4057799 0.18927902 0.2620606 0.9456921 0.034119617
8007194.40860215 -1.3589194 -0.16468564 0.38622338 0.16916193 0.2558256 0.9511147 0.03630849
8031600.40860215 -1.411786 -0.15640824 0.36702654 0.16223681 0.25375432 0.9530812 0.030401297
8055974.40860215 -1.455941 -0.15712364 0.35508126 0.15524983 0.25953516 0.95285356 0.024681337
8080314.40860215 -1.4826322 -0.14733815 0.3355439 0.14957684 0.26423618 0.9525306 0.02216928
8104641.40860215 -1.500406 -0.13715753 0.31685108 0.14837895 0.268243 0.95160806 0.021714715
8128993.40860215 -1.4961843 -0.14173172 0.30026895 0.14600202 0.27537826 0.9499492 0.021137832
8153402.40860215 -1.496829 -0.14619455 0.28491306 0.14760669 0.2821108 0.9477033 0.022005595
8177893.40860215 -1.4826318 -0.13987221 0.28474736 0.14656693 0.2799567 0.94838715 0.026539367
8202476.40860215 -1.4632668 -0.1291001 0.26666227 0.14148016 0.27755222 0.9497911 0.029070051
8227146.40860215 -1.482957 -0.1534566 0.22685473 0.15430284 0.280219 0.9472655 0.0188704
8251900.40860215 -1.4641092 -0.14111708 0.21685174 0.15548955 0.2783462 0.9475936 0.020317663
8276728.40860215 -1.4360075 -0.13361299 0.21557185 0.16168092 0.27732915 0.94693357 0.016270293
8301610.40860215 -1.4031837 -0.11918701 0.21040243 0.16537076 0.2727957 0.94764787 0.014091165
8326527.40860215 -1.3559117 -0.10424246 0.20864506 0.17184995 0.26685023 0.9482513 0.008836468
8351460.40860215 -1.2731444 -0.065829605 0.1960716 0.16820534 0.26330534 0.9498545 0.012398759
8376377.40860215 -1.1714252 -0.026225284 0.19071032 0.16283806 0.26523262 0.9501431 0.01906657
8401254.40860215 -1.0778053 0.016961895 0.20142123 0.16011985 0.2567873 0.9527811 0.025104888
8426078.40860215 -0.9796195 0.04812359 0.21641228 0.15927683 0.23316516 0.9590576 0.021759028
8450876.40860215 -0.8876282 0.066489816 0.21998061 0.15574455 0.22152933 0.9622923 0.025727091
8475688.40860215 -0.7926943 0.0694578 0.22402433 0.15128426 0.22169644 0.96275306 0.032716874
8500558.40860215 -0.7137723 0.07754652 0.23138832 0.14802699 0.2233768 0.9625044 0.042146184
8525530.40860215 -0.6548988 0.09285214 0.24543372 0.14509708 0.21812439 0.964069 0.044041462
8550633.40860215 -0.6111249 0.1010142 0.26550838 0.15211944 0.21140343 0.96496314 0.03185075
8575869.40860215 -0.57741815 0.108372055 0.284138 0.15508051 0.21205108 0.9645915 0.023403082
8601221.40860215 -0.54946125 0.114330806 0.29905522 0.1528742 0.21347134 0.9648109 0.014123175
8626685.40860215 -0.5245484 0.11686117 0.31212905 0.15245989 0.20891942 0.9659704 0.0031570895
8652285.40860215 -0.50293815 0.11602527 0.32321733 0.15341644 0.20795557 0.9660317 -0.00085411005
8678063.40860215 -0.47734228 0.11524647 0.3296075 0.14459822 0.20681642 0.96763223 -0.0025003958
8704067.40860215 -0.46639273 0.111060925 0.33844003 0.15265903 0.20301117 0.9671958 -0.003739512
8730337.40860215 -0.44977534 0.10698697 0.34213185 0.15064102 0.19740234 0.9686624 -0.00573404
8756899.40860215 -0.4408556 0.10136034 0.34505287 0.15118924 0.19440062 0.96917826 -0.0066160955
8783734.40860215 -0.4431178 0.09734355 0.34746447 0.15619382 0.19379298 0.9685123 -0.0056380588
8810749.40860215 -0.4513081 0.09358208 0.35079327 0.15674062 0.2010893 0.96695125 -0.0009412549
8837825.40860215 -0.46716127 0.08840384 0.35636643 0.1542925 0.19697097 0.9681679 0.0068705855
8864850.40860215 -0.49122655 0.077433646 0.35368815 0.14340496 0.19154885 0.9708173 0.016056724
8891750.40860215 -0.52017814 0.06768142 0.3538322 0.13296266 0.18099134 0.9741874 0.022849474
8918433.40860215 -0.55729914 0.058004245 0.3483711 0.12499186 0.16782494 0.9774633 0.02788185
8944743.40860215 -0.6008593 0.04986137 0.3405595 0.11332034 0.16722697 0.9786963 0.03670513
8970577.40860215 -0.651968 0.04294297 0.32852945 0.1056152 0.16387165 0.97990626 0.042134352
8995952.40860215 -0.7069031 0.038430214 0.32207555 0.10249185 0.15886211 0.98091674 0.04539454
9020987.40860215 -0.76981 0.032225013 0.3120978 0.09904214 0.15688697 0.981654 0.043961614
9045837.40860215 -0.83561045 0.025198106 0.31084943 0.09964981 0.15416828 0.98219466 0.0399469
9070648.40860215 -0.90274936 0.014105707 0.3116933 0.10351867 0.15706189 0.9813938 0.038491756
9095517.40860215 -0.9689784 -0.0060808975 0.31019595 0.10587345 0.16202597 0.98035973 0.0378598
9120455.40860215 -1.0325444 -0.03212204 0.31018132 0.108769245 0.15740693 0.9808924 0.03524864
9145412.40860215 -1.097228 -0.072466545 0.3052828 0.11043179 0.15557268 0.9811355 0.03122668
9170312.40860215 -1.1506863 -0.10876714 0.31421766 0.111764826 0.149979 0.98184806 0.031452622
9195120.40860215 -1.1812291 -0.14774023 0.32046625 0.11599848 0.13863419 0.9831085 0.028680962
9219859.40860215 -1.1842232 -0.18529354 0.33621112 0.11885544 0.14463557 0.98180544 0.0318131
9244567.40860215 -1.1713016 -0.21546777 0.34485784 0.123466045 0.15615149 0.97929174 0.036884706
9269275.40860215 -1.1355429 -0.21742348 0.37094966 0.12654965 0.16664715 0.976644 0.048789833
9293995.40860215 -1.0920448 -0.21475263 0.38336587 0.13345097 0.17294076 0.9744569 0.05211664
9318740.40860215 -1.0714806 -0.21624966 0.41135865 0.13998558 0.17766632 0.9727 0.05189839
9343505.40860215 -0.98671234 -0.19082932 0.40705255 0.13589776 0.18384741 0.97211504 0.05219467
9368270.40860215 -0.92889583 -0.15802178 0.44392544 0.14411668 0.18586482 0.9700025 0.061481345
9393016.40860215 -0.8879558 -0.16268829 0.43790707 0.15011534 0.20623355 0.96532243 0.05555026
9417745.40860215 -0.84744775 -0.14457482 0.47169214 0.16089065 0.22218242 0.95901674 0.07096596
9442475.40860215 -0.8051121 -0.12981686 0.4905784 0.16629991 0.22820236 0.95620865 0.07702699
9467244.40860215 -0.7541195 -0.11058718 0.50192493 0.17095913 0.21277435 0.9591773 0.07402026
9492101.40860215 -0.7145694 -0.10498609 0.5114555 0.17794949 0.2057829 0.9591363 0.077749655
9517104.40860215 -0.71292305 -0.1196107 0.5254159 0.19206117 0.21218039 0.9546187 0.08243345
9542267.40860215 -0.68545187 -0.11418553 0.53381747 0.18592545 0.1960178 0.95807457 0.09540345
9567539.40860215 -0.644846 -0.12324673 0.5633458 0.20677437 0.19279094 0.9536462 0.10312657
9592836.40860215 -0.6106036 -0.1151274 0.56289524 0.20544083 0.16316576 0.9590744 0.10652404
9618100.40860215 -0.58423024 -0.11736494 0.5566341 0.1978765 0.15477827 0.9618138 0.10864102
9643324.40860215 -0.5849265 -0.11603606 0.55419415 0.1951616 0.1453074 0.9642015 0.10541911
9668535.40860215 -0.6106006 -0.113048576 0.562463 0.19621316 0.14647663 0.9641069 0.10267888
9693769.40860215 -0.6143667 -0.102433875 0.57741815 0.18719877 0.14800556 0.96527356 0.10629212
9719054.40860215 -0.6047518 -0.09356233 0.56635237 0.17177567 0.15350841 0.9670628 0.10824962
9744400.40860215 -0.65890324 -0.119331166 0.5158832 0.17008154 0.16478433 0.9672155 0.09172062
9769801.40860215 -0.68081474 -0.12027164 0.5108742 0.16866706 0.16316925 0.9677673 0.0913984
9795229.40860215 -0.7122862 -0.11721097 0.50230855 0.16587935 0.16175364 0.9685167 0.091077894
9820650.40860215 -0.7291459 -0.11225583 0.4689801 0.15055259 0.16114867 0.9718159 0.083300345
9846029.40860215 -0.7679527 -0.10314968 0.4492435 0.1392975 0.16515964 0.9732098 0.078620665
9871338.40860215 -0.81819713 -0.100055605 0.43040657 0.12933613 0.16146623 0.9758055 0.070741914
9896581.40860215 -0.8904148 -0.10372294 0.41321212 0.12751664 0.156071 0.97755265 0.061419185
9921762.40860215 -0.9221224 -0.09584619 0.39038795 0.11048006 0.14413962 0.9816103 0.05881552
9946864.40860215 -0.9725688 -0.10013482 0.36103615 0.09978049 0.1434394 0.9828357 0.059186872
9971874.40860215 -1.0353706 -0.11748922 0.3315639 0.098913334 0.14832853 0.9823909 0.055884246
9996772.40860215 -1.086721 -0.12461516 0.3063287 0.09607271 0.15189618 0.9822458 0.053767238
10021556.40860215 -1.1060249 -0.11717377 0.29265323 0.08858451 0.15650003 0.98216486 0.054887917
10046245.40860215 -1.1361806 -0.115464866 0.27675706 0.08465325 0.1649379 0.98129916 0.05178175
10070866.40860215 -1.1792582 -0.11540539 0.25159332 0.08101693 0.17073537 0.9808383 0.047349393
10095453.40860215 -1.227821 -0.11525936 0.23221536 0.08154458 0.17551647 0.98016405 0.04269665
10120029.40860215 -1.278926 -0.12442118 0.2061431 0.07903542 0.17961209 0.9798146 0.038162176
10144609.40860215 -1.3062673 -0.13255408 0.191579 0.074730605 0.18227446 0.9797345 0.036218785
10169182.40860215 -1.3271043 -0.14252825 0.17169191 0.06842725 0.18192261 0.9802285 0.037069947
10193749.40860215 -1.3495487 -0.15497518 0.15888356 0.06590054 0.18185104 0.9804111 0.037168313
10218319.40860215 -1.3690368 -0.1744777 0.15032923 0.065240875 0.18223464 0.9804197 0.036213472
10242927.40860215 -1.3669474 -0.18413489 0.15369612 0.064298235 0.18064317 0.98076785 0.036445968
10267601.40860215 -1.3443143 -0.17555277 0.16034786 0.063346945 0.17822212 0.9811557 0.039465975
10292356.40860215 -1.3152627 -0.18222608 0.16825776 0.0642961 0.17994338 0.9806957 0.041500654
10317182.40860215 -1.2735666 -0.18150999 0.19066088 0.068196446 0.18427333 0.97952193 0.043926273
10342060.40860215 -1.2409576 -0.16223258 0.2132012 0.0729762 0.18565702 0.97880083 0.04642096
10366968.40860215 -1.1943704 -0.1533225 0.2343601 0.076880634 0.18891644 0.9777641 0.048758045
10391864.40860215 -1.1535153 -0.14236017 0.25628823 0.07847297 0.19219123 0.976831 0.052016873
10416718.40860215 -1.1096239 -0.13360493 0.2756404 0.07876435 0.1955307 0.97615784 0.051766496
10441508.40860215 -1.0746968 -0.1266269 0.2899471 0.08256571 0.20280461 0.9745722 0.047563832
10466247.40860215 -1.0338678 -0.1163014 0.30494064 0.077459045 0.21064499 0.97357994 0.042083323
10490949.40860215 -0.9928411 -0.10161405 0.31890216 0.06256777 0.21295284 0.9743894 0.03608018
10515637.40860215 -0.9622767 -0.094946116 0.33064255 0.04915478 0.20932482 0.9762706 0.025743337
10540328.40860215 -0.9276875 -0.09436284 0.3406806 0.034963537 0.20265687 0.97855026 0.0121303955
10565036.40860215 -0.89428246 -0.09765484 0.3513491 0.024139687 0.20106494 0.97924775 0.0080061285
10589776.40860215 -0.8790674 -0.10071857 0.36245197 0.02561858 0.19185013 0.9810486 0.0089973705
10614580.40860215 -0.8527735 -0.106007665 0.3709269 0.016334215 0.18139914 0.9832611 0.00502752
10639480.40860215 -0.8391578 -0.113852665 0.37889513 0.015024386 0.1690484 0.9854808 -0.004958381
10664496.40860215 -0.8138761 -0.1169657 0.38486293 0.004834313 0.15213324 0.9882294 -0.01532603
10689623.40860215 -0.79400146 -0.12159451 0.39116034 -0.000489537 0.14502507 0.98924375 -0.019089753
10714856.40860215 -0.7845538 -0.13547981 0.37005138 0.0021034665 0.13821796 0.99022937 -0.018363893
10740190.40860215 -0.76726604 -0.14732674 0.3703198 0.00040143676 0.13156007 0.99119985 -0.014653833
10765616.40860215 -0.7556268 -0.15157156 0.38636956 0.00049668824 0.121857926 0.9925305 -0.0057975943
10791088.40860215 -0.74696666 -0.16437212 0.38201126 -0.0035782878 0.11071602 0.9938457 7.523807e-05
10816560.40860215 -0.75351346 -0.17977749 0.38329184 -0.0005192021 0.09124855 0.9957654 0.011168969
10842013.40860215 -0.7553678 -0.19079305 0.3740838 -0.0025624402 0.08128228 0.99643195 0.022585763
10867449.40860215 -0.7590991 -0.19216768 0.3756494 -0.00047361737 0.07216621 0.9968241 0.033671185
10892888.40860215 -0.7604546 -0.19480295 0.37890497 -0.00477002 0.06879038 0.9969603 0.036268756
10918356.40860215 -0.7618495 -0.19610377 0.37839827 0.0033625665 0.06847545 0.9967221 0.04295278
10943874.40860215 -0.75510687 -0.19440801 0.34571093 0.0067881434 0.07642629 0.9953467 0.05829116
10969433.40860215 -0.7648854 -0.1929705 0.32795256 0.013719626 0.08507206 0.99385333 0.06949866
10995018.40860215 -0.7866694 -0.19039465 0.3423835 0.020406276 0.08594297 0.99356645 0.07087427
11020609.40860215 -0.7759179 -0.18511358 0.34570503 0.028771214 0.09502858 0.99243045 0.0722749
11046175.40860215 -0.7914748 -0.17722067 0.35334432 0.040527675 0.09593445 0.99178684 0.074249685
11071680.40860215 -0.814798 -0.1652319 0.32008743 0.04392549 0.114349686 0.98976177 0.073255986
11097097.40860215 -0.83592755 -0.15645589 0.31662172 0.04661443 0.11799648 0.98915577 0.073992305
11122428.40860215 -0.86622477 -0.14365514 0.31864926 0.04989847 0.11718209 0.98921174 0.07237921
11147699.40860215 -0.90078294 -0.13956083 0.27976483 0.045840096 0.119204424 0.9899715 0.060377073
11172941.40860215 -0.9349501 -0.12916358 0.27035475 0.048471328 0.12182507 0.98990005 0.05391853
11198176.40860215 -0.9712923 -0.118763894 0.24937853 0.04917193 0.121741384 0.9902637 0.046250038
11223384.40860215 -1.0052648 -0.108568564 0.24363795 0.050367124 0.1270455 0.9897451 0.041562263
11248547.40860215 -1.0542103 -0.092783764 0.22513527 0.048444398 0.13318202 0.9891962 0.037505735
11273653.40860215 -1.0912546 -0.08098572 0.21798164 0.04442491 0.13868958 0.9888594 0.030801581
11298701.40860215 -1.136656 -0.07379839 0.21497075 0.047960337 0.14219086 0.9884266 0.022236371
11323666.40860215 -1.1626099 -0.06583604 0.21834864 0.04608842 0.14568223 0.9881299 0.01587142
11348522.40860215 -1.185734 -0.06206696 0.21929127 0.043299966 0.154263 0.98697764 0.014253226
11373238.40860215 -1.2435203 -0.062746525 0.22684723 0.06200464 0.16195911 0.9847404 0.014527674
11397808.40860215 -1.2579321 -0.06778808 0.23430978 0.064045526 0.1613696 0.98470795 0.014433505
11422240.40860215 -1.2645597 -0.075366795 0.2413739 0.0648732 0.15983285 0.9848849 0.015704723
11446555.40860215 -1.2639934 -0.08472838 0.24901095 0.065232135 0.15794204 0.98511326 0.018733472
11470788.40860215 -1.2589953 -0.09081274 0.25517988 0.06887354 0.15472381 0.9852905 0.022794152
11494973.40860215 -1.2375188 -0.09742357 0.27842584 0.07151726 0.15971921 0.9841419 0.028979504
11519134.40860215 -1.2164831 -0.112541765 0.31679353 0.086663716 0.16338629 0.9822305 0.03190027
11543291.40860215 -1.1851727 -0.11866881 0.33074412 0.09390885 0.17133372 0.98002225 0.03717995
11567455.40860215 -1.1330943 -0.12177074 0.3635366 0.100459345 0.179545 0.9776311 0.043692004
11591616.40860215 -1.1015995 -0.12501435 0.36714205 0.1081942 0.1916116 0.9742954 0.04824582
11615774.40860215 -1.0535591 -0.124123126 0.37525925 0.10872584 0.19984935 0.9723105 0.053397432
11639942.40860215 -1.0132188 -0.12321289 0.3828976 0.11432101 0.20683242 0.97005343 0.056102302
11664133.40860215 -0.95607084 -0.11198245 0.38131893 0.10684485 0.20774895 0.97032845 0.062348727
11688353.40860215 -0.9091695 -0.11277644 0.38745528 0.11407242 0.21126518 0.9683804 0.06777865
11712607.40860215 -0.8550826 -0.113125175 0.39041975 0.11898559 0.20529781 0.9687269 0.072550796
11736914.40860215 -0.81115943 -0.117843255 0.39350423 0.13231261 0.20435645 0.9668068 0.07756551
11761310.40860215 -0.7626444 -0.11550796 0.39081928 0.13997819 0.20305708 0.96536064 0.085163645
11785834.40860215 -0.72423965 -0.11773525 0.38520145 0.1469975 0.20186833 0.96461505 0.08460956
11810490.40860215 -0.6859191 -0.11501762 0.37471342 0.15077624 0.19661866 0.9654939 0.080182694
11835235.40860215 -0.65010923 -0.109441854 0.3652436 0.15344195 0.1914453 0.96641564 0.07645378
11860004.40860215 -0.6180287 -0.10367968 0.35385385 0.15746641 0.18573126 0.96723884 0.07181477
11884739.40860215 -0.58592427 -0.095274396 0.3401846 0.1555549 0.17806402 0.9693127 0.06729603
11909400.40860215 -0.55837363 -0.09045082 0.3308117 0.15668927 0.1712514 0.97055346 0.06440052
11933973.40860215 -0.52289784 -0.08507556 0.31773704 0.15878947 0.16532788 0.9713529 0.06265963
11958452.40860215 -0.49253756 -0.07959041 0.30945194 0.16285926 0.15867752 0.9718113 0.062299937
11982828.40860215 -0.47126067 -0.07734837 0.29807192 0.1674084 0.15512457 0.9716799 0.061228756
12007107.40860215 -0.44646597 -0.07433509 0.2844499 0.16767226 0.15054409 0.9724572 0.059578884
12031300.40860215 -0.4266352 -0.068585925 0.27060494 0.16629118 0.14758605 0.9734067 0.055183057
12055405.40860215 -0.42951244 -0.057811372 0.257268 0.17024836 0.1441998 0.973504 0.05011908
12079410.40860215 -0.41848764 -0.0435647 0.24561055 0.16808914 0.13379851 0.975635 0.044502355
12103310.40860215 -0.41789833 -0.0260073 0.24046506 0.16684914 0.12176203 0.97763133 0.039652154
12127127.40860215 -0.4217409 -0.0068787914 0.2358165 0.1623208 0.11686764 0.9791505 0.035472967
12150900.40860215 -0.41071412 0.0077649076 0.21464907 0.14927106 0.11304309 0.9818916 0.028781043
12174660.40860215 -0.46133974 0.02635055 0.23256215 0.1540602 0.11187342 0.9812897 0.028642533
12198428.40860215 -0.5056321 0.056821745 0.24536563 0.1516583 0.10688573 0.9821801 0.029958626
12222241.40860215 -0.54822475 0.07324497 0.24539657 0.14653043 0.10599062 0.9831336 0.027261054
12246136.40860215 -0.59892845 0.08016228 0.24513924 0.14290905 0.105936095 0.98376954 0.023497915
12270145.40860215 -0.65766406 0.08215695 0.25935724 0.14382645 0.10867913 0.98333585 0.023525326
12294280.40860215 -0.7225349 0.06870473 0.26817158 0.14574511 0.1164705 0.98219806 0.021909857
12318551.40860215 -0.7861865 0.048912916 0.28062066 0.1472597 0.12590648 0.98078823 0.022730865
12342960.40860215 -0.8521479 0.01758631 0.2942482 0.1491004 0.13644002 0.97907686 0.023698617
12367503.40860215 -0.922491 -0.021422096 0.3048195 0.15069951 0.14617558 0.977427 0.02364032
12392165.40860215 -0.993206 -0.06486643 0.31913003 0.15164608 0.15549992 0.9758618 0.022739217
12416911.40860215 -1.0632395 -0.113520175 0.3338877 0.15247656 0.16478406 0.9742604 0.020343928
12441686.40860215 -1.1287627 -0.16732047 0.34297898 0.15219824 0.1746183 0.97267425 0.01578013
12466443.40860215 -1.1828122 -0.2161593 0.35832086 0.15520848 0.1857178 0.97018963 0.012305028
12491145.40860215 -1.2242892 -0.2684943 0.36489165 0.15867196 0.20133452 0.96656317 0.0065793106
12515775.40860215 -1.2479955 -0.3063193 0.3741581 0.16212863 0.21335822 0.9634125 0.0053709974
12540338.40860215 -1.2682334 -0.35198787 0.38031527 0.16571462 0.22879633 0.95926565 0.0006121351
12564855.40860215 -1.2892501 -0.3952365 0.3860956 0.16886333 0.24623092 0.9543722 -0.0054098195
12589356.40860215 -1.3026102 -0.41138947 0.39358038 0.17016092 0.2578715 0.9510367 -0.008762445
12613865.40860215 -1.3140236 -0.4395182 0.3980935 0.17235264 0.27302518 0.9463206 -0.01513999
12638405.40860215 -1.3207412 -0.46808124 0.40245193 0.17399785 0.28803217 0.94147575 -0.019638443
12662999.40860215 -1.3223803 -0.49915105 0.40577266 0.17469361 0.30159804 0.93703526 -0.022041323
12687658.40860215 -1.3157164 -0.525614 0.41151068 0.17573872 0.30559695 0.9354935 -0.024048127
12712387.40860215 -1.303383 -0.5335612 0.40820596 0.17469193 0.30205956 0.9368957 -0.021660537
12737186.40860215 -1.2712605 -0.5454846 0.40475166 0.17328718 0.295294 0.93932825 -0.020869156
12762037.40860215 -1.2277083 -0.53461176 0.40434626 0.17403896 0.285644 0.942275 -0.015355517
12786923.40860215 -1.172099 -0.51557815 0.39659464 0.1749804 0.28116596 0.9434938 -0.012125368
12811818.40860215 -1.1092062 -0.4798551 0.38966712 0.17577434 0.27819908 0.9442696 -0.007974552
12836686.40860215 -1.0447977 -0.4499851 0.3757886 0.17591996 0.27353346 0.9456078 -0.007590551
12861487.40860215 -0.97707015 -0.41151237 0.36309558 0.17520739 0.26357743 0.9485789 -0.0052372147
12886191.40860215 -0.9297803 -0.39614332 0.3506098 0.18312417 0.2570771 0.94882 -0.010844194
12910792.40860215 -0.8741325 -0.3633874 0.33539906 0.1883132 0.24432637 0.95110923 -0.015298394
12935294.40860215 -0.81824243 -0.33644623 0.31380785 0.19047885 0.23825374 0.95214784 -0.019170672
12959722.40860215 -0.7691771 -0.3047004 0.28982952 0.18744841 0.23597828 0.95326835 -0.02137365
12984115.40860215 -0.7280921 -0.27561274 0.26854074 0.18246391 0.22893019 0.9557397 -0.029317914
13008511.40860215 -0.6889799 -0.23421423 0.25346914 0.17514916 0.21262662 0.9606189 -0.03638708
13032945.40860215 -0.673456 -0.2151442 0.25327808 0.17582019 0.21361966 0.9599879 -0.043326966
13057440.40860215 -0.6423784 -0.19302131 0.23841777 0.16991301 0.20205225 0.963339 -0.047777083
13082017.40860215 -0.6088424 -0.17033605 0.23310052 0.1633848 0.18400374 0.9678001 -0.053020302
13106690.40860215 -0.5749015 -0.15381494 0.21331902 0.15491854 0.16501515 0.97230375 -0.05827239
13131471.40860215 -0.5724363 -0.14519149 0.19525102 0.15172262 0.13907094 0.9766265 -0.06196991
13156353.40860215 -0.5432975 -0.11469988 0.23426706 0.14926009 0.11219066 0.9810189 -0.05231244
13181311.40860215 -0.53449595 -0.108185545 0.22862758 0.14542022 0.09598482 0.9834398 -0.049861427
13206298.40860215 -0.5338534 -0.100988 0.23399784 0.14180921 0.08335866 0.9852778 -0.0465761
13231275.40860215 -0.54680973 -0.102808364 0.22789995 0.13712396 0.07839502 0.9864595 -0.044148475
13256219.40860215 -0.5624995 -0.10325544 0.23007552 0.13627753 0.072545685 0.987307 -0.037288886
13281137.40860215 -0.5553306 -0.10713061 0.22549468 0.13090825 0.07146915 0.9881805 -0.03541953
13306033.40860215 -0.62384444 -0.10809033 0.25542498 0.14002354 0.07588627 0.9867985 -0.029383931
13330914.40860215 -0.6476668 -0.11046489 0.26445973 0.14083706 0.08225024 0.9863816 -0.02124117
13355762.40860215 -0.6772682 -0.10846169 0.28913248 0.14047427 0.0857002 0.9863169 -0.010073914
13380567.40860215 -0.7159631 -0.11256403 0.3045748 0.14227322 0.08479881 0.9861824 -0.003446845
13405321.40860215 -0.73909163 -0.113463074 0.30966297 0.13960695 0.08135618 0.9868548 0.0029582984
13430024.40860215 -0.7836514 -0.13001911 0.31695044 0.14070806 0.07816054 0.9869368 0.006923343
13454671.40860215 -0.84109074 -0.1533698 0.3260737 0.14000563 0.08176668 0.9867182 0.009993191
13479273.40860215 -0.9086269 -0.17651637 0.33415705 0.13891286 0.088856265 0.9862732 0.00854216
13503849.40860215 -0.99953085 -0.19532011 0.3500911 0.14062119 0.09454015 0.98552555 0.005220563
13528423.40860215 -1.1027284 -0.20459016 0.37965864 0.14428104 0.10253923 0.98420113 0.004105159
13553007.40860215 -1.2113125 -0.22051653 0.42315775 0.15086296 0.11245044 0.9821377 0.00091792265
13577620.40860215 -1.3298469 -0.23315467 0.46469033 0.1570105 0.1222539 0.97999895 -0.0019350871
13602263.40860215 -1.4410205 -0.24819121 0.51766264 0.162546 0.13114443 0.9779461 -0.0011729157
13626929.40860215 -1.5445881 -0.27397412 0.5735845 0.16849662 0.14039502 0.9756488 0.0027613384
13651591.40860215 -1.633622 -0.30631334 0.6244156 0.17521426 0.14556293 0.97370106 0.0041938033
13676227.40860215 -1.7143036 -0.33550626 0.67284 0.18196467 0.15221311 0.97143555 0.005755369
13700843.40860215 -1.7834008 -0.35372546 0.735669 0.18811339 0.1648367 0.9681003 0.014967884
13725458.40860215 -1.8430622 -0.37331355 0.79759943 0.1941455 0.17790438 0.9644579 0.021877065
13750090.40860215 -1.8958824 -0.395475 0.84724075 0.20087698 0.18559681 0.9615755 0.023974413
13774741.40860215 -1.9373394 -0.41463077 0.8918328 0.204635 0.19294927 0.95927095 0.026351048
13799423.40860215 -1.9662273 -0.43887693 0.9293057 0.21002012 0.19846599 0.9570971 0.021630192
13824149.40860215 -1.9802324 -0.45617652 0.95623404 0.21529053 0.20249748 0.95514315 0.01860885
13848954.40860215 -1.9697939 -0.4729103 0.9726519 0.22088982 0.21029635 0.952181 0.018288966
13873882.40860215 -1.950348 -0.4909496 0.987397 0.23371948 0.22241771 0.9463441 0.018400798
13898974.40860215 -1.9212015 -0.50607014 0.99187636 0.24463059 0.23169236 0.9413773 0.016833713
13924223.40860215 -1.8963807 -0.5198581 0.9974364 0.2584791 0.23909435 0.93580943 0.0168308
13949570.40860215 -1.8758777 -0.5329587 1.0010575 0.26927292 0.24531315 0.9311888 0.01417758
13974926.40860215 -1.8508586 -0.53758836 0.99989074 0.27367887 0.2501345 0.928682 0.009075111
