1541976466263336.0 -0.0 -0.0 -0.0 -0.0 -0.0 1.0 -0.0
1541976466289024.0 -0.010628545 0.004423742 -0.040355895 -0.0057580383 0.0060027842 0.9998984 0.011580841
1541976466314657.0 -0.023518294 0.0090858415 -0.08475271 -0.007865525 0.0048446315 0.9997644 0.019641945
1541976466340200.0 -0.023518294 0.0090858415 -0.08475271 -0.007865525 0.0048446315 0.9997644 0.019641945
1541976466365628.0 -0.06422547 0.027245207 -0.17643613 -0.0070710937 -0.014878686 0.9996569 0.020365862
1541976466390925.0 -0.06422547 0.027245207 -0.17643613 -0.0070710937 -0.014878686 0.9996569 0.020365862
1541976466416104.0 -0.10777592 0.059815016 -0.26146126 -0.008893252 -0.021675473 0.99938345 0.026150402
1541976466441201.0 -0.1343068 0.08585334 -0.296503 -0.010056924 -0.025046162 0.99943024 0.020269245
1541976466466246.0 -0.16481817 0.11221768 -0.32057878 -0.015198168 -0.028887866 0.99937946 0.013240479
1541976466491259.0 -0.19806093 0.13870935 -0.34780645 -0.019808574 -0.036788296 0.9991009 0.007184031
1541976466516265.0 -0.22805063 0.16497675 -0.37071922 -0.022995688 -0.04380395 0.9987686 0.0036926926
1541976466541295.0 -0.25676402 0.19366878 -0.394299 -0.025173426 -0.044963975 0.9986693 0.0020369503
1541976466566363.0 -0.27852008 0.22424793 -0.41970325 -0.025560888 -0.04255906 0.9987666 -0.00084251695
1541976466591435.0 -0.29893252 0.26042274 -0.44496012 -0.025261419 -0.041693155 0.9988021 -0.0042409836
1541976466616426.0 -0.31966415 0.29740345 -0.4707958 -0.02487326 -0.04013247 0.99885154 -0.008145529
1541976466641258.0 -0.33799645 0.33384544 -0.49531174 -0.024098258 -0.03768207 0.99894243 -0.010647462
1541976466665897.0 -0.35138765 0.36788592 -0.5258827 -0.02352035 -0.034119524 0.9990676 -0.012107763
1541976466690378.0 -0.36573273 0.4016375 -0.5537289 -0.023184657 -0.030164316 0.9992001 -0.012319421
1541976466714794.0 -0.3796186 0.43653664 -0.5826901 -0.022168431 -0.025913818 0.99931794 -0.014169554
1541976466739212.0 -0.39639118 0.46987116 -0.6112158 -0.021854164 -0.021692073 0.9994008 -0.015813617
1541976466763670.0 -0.41471654 0.49806088 -0.641647 -0.021319814 -0.018877927 0.9994592 -0.01644459
1541976466788212.0 -0.4320612 0.52383506 -0.67249745 -0.020698048 -0.015510784 0.9995368 -0.016036218
1541976466812906.0 -0.45107517 0.548841 -0.7057514 -0.019956332 -0.011390176 0.9996058 -0.016133439
1541976466837807.0 -0.47209516 0.5707235 -0.73812246 -0.020217704 -0.009980781 0.999615 -0.016171856
1541976466862944.0 -0.49246418 0.5887501 -0.7732425 -0.019490005 -0.008288087 0.9996577 -0.01536278
1541976466888335.0 -0.5106681 0.60602194 -0.8091684 -0.017699895 -0.0055265357 0.9997291 -0.01407097
1541976466914018.0 -0.52923733 0.62030786 -0.84810007 -0.014779656 -0.0041230363 0.9997912 -0.01349755
1541976466940043.0 -0.5478556 0.6321609 -0.8874355 -0.010084538 -0.004998092 0.99982506 -0.014942753
1541976466966421.0 -0.5637652 0.64368904 -0.9281487 -0.008810059 -0.0032915394 0.9998466 -0.014779372
1541976466993129.0 -0.58684826 0.6492365 -0.9710093 -0.006705887 -0.0025933222 0.99987763 -0.01389627
1541976467020132.0 -0.60809284 0.6491577 -1.0103108 -0.0042107985 -0.008063098 0.9998547 -0.014418259
1541976467047402.0 -0.6317782 0.65034926 -1.0494189 0.00027934543 -0.016568465 0.99972034 -0.01687187
1541976467074898.0 -0.6502031 0.65319425 -1.0794812 -0.0018674753 -0.020244408 0.9996694 -0.015742378
1541976467102555.0 -0.6744716 0.6547267 -1.1188216 -0.0019151336 -0.026925718 0.9994833 -0.01745288
1541976467130319.0 -0.697499 0.6560832 -1.1634315 0.0008155681 -0.034970522 0.9991631 -0.021203704
1541976467158163.0 -0.7198657 0.6590351 -1.2080606 0.00073764595 -0.035204988 0.9991413 -0.021838868
1541976467186087.0 -0.7421618 0.6628536 -1.247852 -0.001179585 -0.034337483 0.99919254 -0.020828504
1541976467214091.0 -0.76154107 0.66836435 -1.2861058 -0.0005539706 -0.03816527 0.9990392 -0.021538509
1541976467242175.0 -0.7895312 0.6756629 -1.330962 0.00032387523 -0.04072784 0.99892217 -0.022264251
1541976467270328.0 -0.8151516 0.6837286 -1.374167 -0.00032191907 -0.04104846 0.9989266 -0.021464027
1541976467298547.0 -0.84899706 0.69622064 -1.4157588 0.0004523535 -0.04160509 0.9989277 -0.020305686
1541976467326830.0 -0.879657 0.7074181 -1.4532795 -0.00073428114 -0.043399163 0.9988503 -0.020348277
1541976467355177.0 -0.92749006 0.72132397 -1.4943005 0.0001554114 -0.048999064 0.99854517 -0.022508798
1541976467383593.0 -0.97497874 0.73414224 -1.524795 -0.00017541605 -0.052460354 0.9983464 -0.023505833
1541976467412095.0 -1.0268067 0.74972427 -1.5545831 -0.00027424475 -0.056003917 0.9981228 -0.02478791
1541976467440722.0 -1.0819753 0.7672072 -1.5849785 0.0012893407 -0.05964418 0.9978326 -0.027767692
1541976467469521.0 -1.1337818 0.78621054 -1.6147543 0.0012086063 -0.06007936 0.9977793 -0.028731344
1541976467498541.0 -1.2004303 0.8029297 -1.6448218 0.0012385773 -0.057362907 0.99792093 -0.029355772
1541976467527817.0 -1.2660047 0.81769705 -1.6768588 0.0005400387 -0.058600176 0.9978146 -0.030524751
1541976467557359.0 -1.3411945 0.8295809 -1.7045153 0.0005996318 -0.062323 0.9975005 -0.033291534
1541976467587153.0 -1.4207913 0.8376096 -1.729306 -0.0011175703 -0.06468136 0.9973386 -0.033629656
1541976467617184.0 -1.4948999 0.8397514 -1.7477928 -0.0020035456 -0.06755105 0.9971513 -0.033497475
1541976467647432.0 -1.5660408 0.8414333 -1.7726873 -0.0035628853 -0.07055669 0.99693626 -0.03357554
1541976467677879.0 -1.6342913 0.8451132 -1.7978082 -0.0041590915 -0.075047836 0.9965748 -0.034483787
1541976467708515.0 -1.6942981 0.8456823 -1.8246324 -0.0042145154 -0.07475893 0.9965926 -0.0345918
1541976467739321.0 -1.7423904 0.8411647 -1.8362768 -0.0018586885 -0.07230365 0.99672216 -0.036245324
1541976467770269.0 -1.7856601 0.8475817 -1.8670702 0.0012718964 -0.06900812 0.9968327 -0.039508462
1541976467801332.0 -1.828127 0.8526509 -1.8913544 0.003936371 -0.06520488 0.996969 -0.04225855
1541976467832481.0 -1.854 0.8548127 -1.9099486 0.0072858273 -0.063276075 0.9969558 -0.044968728
1541976467863695.0 -1.8850119 0.8551514 -1.9344001 0.009986952 -0.059596315 0.9970867 -0.046548367
1541976467894965.0 -1.9153101 0.8584766 -1.9557043 0.011377104 -0.056663584 0.99720395 -0.04737203
1541976467926275.0 -1.9472549 0.86394745 -1.9784718 0.013163561 -0.056976646 0.99705124 -0.049691457
1541976467957604.0 -1.9691223 0.86346406 -2.0014653 0.016154764 -0.058393408 0.99676144 -0.052876223
1541976467988942.0 -1.9907571 0.8711538 -2.0289767 0.017522365 -0.055614337 0.99684495 -0.053853687
1541976468020294.0 -2.0131793 0.8762728 -2.053103 0.019174425 -0.052047472 0.9969306 -0.055253275
1541976468051663.0 -2.03183 0.8862423 -2.0835063 0.022639062 -0.049874626 0.99679995 -0.05822334
1541976468083039.0 -2.0449042 0.89668924 -2.1112247 0.025131913 -0.041838884 0.9970778 -0.058768697
1541976468114415.0 -2.061894 0.9043078 -2.1429007 0.028337661 -0.033867154 0.9972349 -0.05977195
1541976468145780.0 -2.0793803 0.9103203 -2.1685534 0.03186316 -0.024150273 0.99727523 -0.061997395
1541976468177124.0 -2.098741 0.91916096 -2.1885655 0.033140954 -0.0075388323 0.99741477 -0.06331331
1541976468208433.0 -2.1236508 0.9290036 -2.2041752 0.0360403 0.011244117 0.99709964 -0.066083916
1541976468239696.0 -2.1342053 0.9526102 -2.232504 0.036304276 0.02727872 0.9967841 -0.06602625
1541976468270913.0 -2.15366 0.9505684 -2.256161 0.03783411 0.036829304 0.996377 -0.066671744
1541976468302089.0 -2.1756885 0.9347944 -2.28265 0.03868946 0.044543974 0.9961126 -0.065411806
1541976468333235.0 -2.196044 0.91818386 -2.3017492 0.0398563 0.047961265 0.99602 -0.06368237
1541976468364363.0 -2.2126124 0.91177565 -2.325636 0.039829865 0.052034836 0.99601585 -0.06048505
1541976468395486.0 -2.2360528 0.90658313 -2.3477962 0.041033823 0.0571209 0.99584323 -0.057877615
1541976468426600.0 -2.2611976 0.8992639 -2.3694398 0.04329793 0.059631083 0.99548954 -0.059749506
1541976468457687.0 -2.278003 0.90173143 -2.385086 0.042618126 0.061293054 0.995286 -0.061909493
1541976468488732.0 -2.292889 0.91708463 -2.4182615 0.04295842 0.06275208 0.99506754 -0.063697934
1541976468519719.0 -2.2999613 0.9353955 -2.4481928 0.043478265 0.0658232 0.9947379 -0.06537192
1541976468550651.0 -2.2957652 0.9535141 -2.4612827 0.045014165 0.064996906 0.9945165 -0.06845574
1541976468581549.0 -2.2837534 0.98640704 -2.490271 0.044852115 0.06426271 0.9945153 -0.06926744
1541976468612431.0 -2.2458954 1.0082784 -2.4636335 0.045732252 0.065939784 0.9946275 -0.06539662
1541976468643318.0 -2.1929266 1.0195419 -2.4560838 0.050488934 0.06468531 0.9944568 -0.06574403
1541976468674230.0 -2.1514616 1.0322253 -2.4179819 0.056399398 0.066244364 0.9941058 -0.064686805
1541976468705169.0 -2.0941834 1.0474623 -2.395788 0.061224837 0.06909075 0.9937489 -0.062778234
1541976468736101.0 -2.0430763 1.045896 -2.3439965 0.06888404 0.06954509 0.9933309 -0.06092936
1541976468767007.0 -1.9803413 1.0481216 -2.310912 0.07534004 0.06645546 0.9932491 -0.057998575
1541976468797877.0 -1.9337822 1.0346817 -2.2537777 0.08109113 0.06609868 0.99302745 -0.054329168
1541976468828700.0 -1.8794248 1.0352391 -2.222622 0.084321655 0.06517917 0.993013 -0.05066273
1541976468859448.0 -1.8124301 1.0299536 -2.1649377 0.08978347 0.06299105 0.9928851 -0.046371274
1541976468890095.0 -1.7680438 1.0293472 -2.136409 0.09448981 0.060890842 0.99264514 -0.044941217
1541976468920642.0 -1.7218904 1.0342772 -2.107114 0.095629424 0.061051562 0.9925571 -0.0442507
1541976468951080.0 -1.6761757 1.0283867 -2.0800896 0.09463166 0.06054411 0.9927403 -0.042966034
1541976468981398.0 -1.6416273 1.0256112 -2.0580413 0.09870538 0.059428196 0.9924803 -0.041335005
1541976469011616.0 -1.6162231 1.0216327 -2.0346231 0.104929514 0.059891887 0.99187136 -0.039924692
1541976469041748.0 -1.5908467 1.0147321 -2.018823 0.10755104 0.060213506 0.99153996 -0.040690918
1541976469071786.0 -1.5697885 1.0143346 -1.995733 0.10782965 0.06131628 0.9914238 -0.041135274
1541976469101714.0 -1.5470512 1.0046425 -1.981078 0.10944065 0.06181948 0.9912446 -0.040439148
1541976469131532.0 -1.5283625 0.98890615 -1.9424419 0.11119966 0.06368835 0.9910165 -0.038273364
1541976469161277.0 -1.5283542 0.9711594 -1.9195322 0.109907135 0.06676945 0.9910248 -0.0364998
1541976469190980.0 -1.5158687 0.9816016 -1.9261053 0.10342299 0.06574592 0.9918117 -0.035926428
1541976469220641.0 -1.4900155 0.9544781 -1.8823537 0.10141419 0.06145789 0.99237514 -0.033611555
1541976469250264.0 -1.4551022 0.9326787 -1.8569565 0.09600575 0.05732905 0.9932402 -0.031149017
1541976469279872.0 -1.4208479 0.90594923 -1.8336748 0.09105511 0.056877043 0.9937913 -0.029204672
1541976469309473.0 -1.4414146 0.9177774 -1.8247663 0.087703496 0.052387964 0.99445146 -0.025097992
1541976469339044.0 -1.407032 0.89690626 -1.7935387 0.08540844 0.048124474 0.9949607 -0.021041073
1541976469368554.0 -1.3664242 0.8761425 -1.7692139 0.08134951 0.04443893 0.9955696 -0.015771976
1541976469397944.0 -1.3310721 0.8558316 -1.7535776 0.07668564 0.039036658 0.99620366 -0.013181312
1541976469427102.0 -1.334461 0.8515922 -1.7624892 0.072675005 0.03260279 0.99671406 -0.014719792
1541976469455927.0 -1.3459476 0.8624814 -1.7677203 0.070704356 0.032374643 0.9968837 -0.013259092
1541976469484393.0 -1.3611001 0.86218697 -1.7649214 0.07048029 0.030502398 0.9969468 -0.014118533
1541976469512578.0 -1.3840269 0.87936026 -1.7850192 0.066247836 0.030530384 0.9972374 -0.014031552
1541976469540609.0 -1.3633691 0.8678744 -1.8003016 0.059063267 0.028753512 0.9977047 -0.01644084
1541976469568602.0 -1.3692802 0.86059195 -1.7954427 0.055401165 0.028445527 0.9978947 -0.018105118
1541976469596644.0 -1.4085109 0.8793577 -1.8292054 0.045396317 0.02942824 0.9984371 -0.014019884
1541976469624815.0 -1.546746 0.95040727 -1.9247004 0.045205414 0.020290893 0.9986398 -0.016226111
1541976469653179.0 -1.5776865 0.95300066 -1.9356167 0.040095173 0.01757248 0.9989284 -0.015021865
1541976469681775.0 -1.5938377 0.9547876 -1.9508748 0.036313083 0.016917584 0.99910307 -0.013719505
1541976469710626.0 -1.6057386 0.95217913 -1.9561452 0.0319593 0.013095555 0.99933624 -0.0115857115
1541976469739752.0 -1.7353843 0.99249685 -2.0350401 0.035397813 0.00885161 0.9992574 -0.012384526
1541976469769153.0 -1.7627215 0.9908453 -2.0486007 0.034078185 0.008767081 0.9993325 -0.009821078
1541976469798779.0 -1.7873391 0.98367685 -2.0670753 0.033923745 0.004532957 0.9993514 -0.01120103
1541976469828553.0 -1.7835263 0.98482615 -2.076028 0.032666393 0.0046115895 0.999423 -0.008083473
1541976469858405.0 -1.7919835 0.9882424 -2.096574 0.03252905 0.010221895 0.9994056 -0.005082785
1541976469888265.0 -1.8041372 0.99084204 -2.1437151 0.033507314 0.016080558 0.9992689 -0.0089662
1541976469918060.0 -1.839622 0.99511707 -2.2411737 0.030662857 0.031395566 0.9989889 -0.009762616
1541976469947741.0 -1.9750038 1.0367904 -2.3778133 0.035781946 0.036384173 0.99862987 -0.011593486
1541976469977303.0 -2.0185015 1.0399487 -2.4422705 0.03874946 0.041339424 0.9982878 -0.014529603
1541976470006748.0 -2.0719378 1.042567 -2.4948452 0.041227013 0.044846322 0.9979801 -0.018024448
1541976470036059.0 -2.1222348 1.0501308 -2.548325 0.041051842 0.049788058 0.9977163 -0.019953623
1541976470065241.0 -2.184351 1.0541031 -2.6263766 0.03784413 0.054567583 0.99755716 -0.02168149
1541976470094312.0 -2.2460132 1.0704913 -2.6766055 0.032416523 0.05687749 0.99768645 -0.018326104
1541976470123302.0 -2.3319833 1.0698162 -2.7279208 0.027156044 0.050588693 0.9981456 -0.020218182
1541976470152250.0 -2.4003484 1.0714507 -2.7711654 0.01925188 0.04401598 0.99863255 -0.020616742
1541976470181197.0 -2.4937313 1.0761758 -2.8163471 0.015185416 0.0384108 0.99890465 -0.021988958
1541976470210209.0 -2.55888 1.090806 -2.86113 0.009476989 0.03325671 0.99913067 -0.023282154
1541976470239351.0 -2.6446586 1.1022723 -2.8927188 0.0054896222 0.030352643 0.9992437 -0.023678446
1541976470268663.0 -2.7012172 1.1390018 -2.9763958 -0.0005513143 0.022473458 0.9993944 -0.026562981
1541976470298161.0 -2.7950323 1.1507932 -2.9970164 -0.0057615284 0.017283872 0.9994352 -0.028240165
1541976470327837.0 -2.8779922 1.1625472 -3.0390315 -0.0073140496 0.011714891 0.99949574 -0.028594216
1541976470357677.0 -2.9591298 1.1638364 -3.066172 -0.007567778 0.0088958675 0.99953085 -0.028315796
1541976470387662.0 -3.0321374 1.1566449 -3.0879555 -0.0067804926 0.0075760274 0.9994985 -0.029992895
1541976470417767.0 -3.1051366 1.1580893 -3.0912943 -0.0051404075 0.009356384 0.9995502 -0.028025873
1541976470447956.0 -3.161319 1.150075 -3.1128445 -0.0033932568 0.00744004 0.9995227 -0.029790536
1541976470478195.0 -3.210893 1.1481388 -3.1324475 -0.00046682844 0.007980435 0.99948937 -0.030938838
1541976470508455.0 -3.244607 1.1376389 -3.1382487 0.0031109182 0.011228743 0.9993679 -0.03358799
1541976470538713.0 -3.2903044 1.1330783 -3.153494 0.0073165363 0.014006836 0.99919564 -0.036857355
1541976470568944.0 -3.327053 1.1301506 -3.1699636 0.010340395 0.015464114 0.9990577 -0.03921337
1541976470599126.0 -3.3589787 1.1212316 -3.1814978 0.015000462 0.017877908 0.9988347 -0.04224506
1541976470629238.0 -3.399536 1.1196159 -3.2233896 0.020377703 0.022384271 0.99847794 -0.04610405
1541976470659266.0 -3.4276707 1.1181698 -3.2416399 0.023100778 0.027593445 0.99816585 -0.04868277
1541976470689205.0 -3.4568996 1.1148572 -3.2573295 0.02431439 0.032699507 0.9979497 -0.04935509
1541976470719049.0 -3.4881928 1.1085281 -3.276561 0.025817582 0.034659937 0.9977396 -0.05145737
1541976470748794.0 -3.5130908 1.1061178 -3.2994506 0.027022118 0.035780836 0.9975904 -0.052943304
1541976470778445.0 -3.533313 1.1040422 -3.3171387 0.028489662 0.03890135 0.9974214 -0.05315715
1541976470808005.0 -3.5444076 1.1053507 -3.3356292 0.026607918 0.04026004 0.9973844 -0.053809073
1541976470837484.0 -3.5467799 1.113587 -3.3484378 0.025858717 0.043924086 0.9972402 -0.053982466
1541976470866894.0 -3.528665 1.1231632 -3.3558655 0.026074821 0.046309914 0.9972778 -0.051114008
1541976470896244.0 -3.4932675 1.1343005 -3.3544636 0.026887095 0.051843487 0.9971642 -0.047465187
1541976470925550.0 -3.4564843 1.1489375 -3.347399 0.029825786 0.05677614 0.9968375 -0.046924964
1541976470954830.0 -3.362342 1.1644381 -3.3085308 0.026048029 0.06915402 0.996344 -0.042872407
1541976470984088.0 -3.3089151 1.1793492 -3.2936368 0.028716678 0.07339791 0.9959822 -0.042514943
1541976471013344.0 -3.3083334 1.1965292 -3.2741811 0.036485624 0.07481791 0.99561375 -0.04271312
1541976471042633.0 -3.249587 1.2050768 -3.2509482 0.039899416 0.07599503 0.99546325 -0.04105728
1541976471071987.0 -3.1025405 1.2111043 -3.246446 0.031446215 0.06940825 0.9961026 -0.04442222
1541976471101430.0 -3.0570374 1.2178133 -3.2190387 0.035892658 0.067588545 0.9960547 -0.044928167
1541976471130961.0 -3.0402956 1.2070132 -3.183729 0.04908426 0.07111029 0.995149 -0.047036737
1541976471160558.0 -2.970561 1.2065487 -3.1503065 0.05487208 0.07360567 0.9946911 -0.046485938
1541976471190208.0 -2.729036 1.237821 -3.055495 0.04097406 0.065923885 0.9962744 -0.037583485
1541976471219891.0 -2.646647 1.2368908 -3.011832 0.044205997 0.06147633 0.99641615 -0.03770078
1541976471249587.0 -2.601485 1.2272104 -2.9411151 0.054192152 0.0676654 0.9957181 -0.03209371
1541976471279275.0 -2.507825 1.2116439 -2.8894985 0.05990767 0.063582495 0.9957583 -0.028875815
1541976471308943.0 -2.5465722 1.2148976 -2.9273398 0.06598952 0.05826342 0.99565977 -0.030205822
1541976471338556.0 -2.500321 1.2077425 -2.9025128 0.0711278 0.05426472 0.99553657 -0.030053418
1541976471368054.0 -2.4255862 1.2036154 -2.8801105 0.071181275 0.050918728 0.99569815 -0.03042552
1541976471397366.0 -2.3608704 1.1979666 -2.8431969 0.07672139 0.048774812 0.9954188 -0.029602274
1541976471426458.0 -2.336714 1.1941087 -2.8308957 0.09084643 0.04528519 0.9943806 -0.030057132
1541976471455306.0 -2.270867 1.1873316 -2.8089845 0.094853565 0.046181936 0.9939743 -0.029752297
1541976471483887.0 -2.2348714 1.181949 -2.7961702 0.09703973 0.04692024 0.9936916 -0.030964458
1541976471512172.0 -2.226942 1.176355 -2.7865555 0.097550325 0.046690945 0.9936217 -0.031934004
1541976471540148.0 -2.2596903 1.1780202 -2.7988658 0.094822235 0.046999786 0.9939322 -0.029977793
1541976471567845.0 -2.255583 1.1700858 -2.7973092 0.089987926 0.046467267 0.99442714 -0.029285254
1541976471595312.0 -2.2153487 1.155592 -2.7912 0.080062546 0.04309128 0.99545914 -0.028183186
1541976471622600.0 -2.1967974 1.1341546 -2.7898107 0.0692974 0.039246507 0.99645394 -0.027150305
1541976471649766.0 -2.2277293 1.115783 -2.7781305 0.06309473 0.039508287 0.9969062 -0.025223574
1541976471676875.0 -2.3172655 1.1567512 -2.8352127 0.056576915 0.040615182 0.99735653 -0.02072504
1541976471703989.0 -2.3172004 1.1273092 -2.839386 0.039845325 0.039544456 0.99823177 -0.019542238
1541976471731162.0 -2.3579903 1.1205904 -2.8539019 0.032557536 0.03712722 0.99861914 -0.017927838
1541976471758431.0 -2.3831484 1.1104122 -2.8912854 0.020462198 0.03482577 0.99905515 -0.016040139
1541976471785828.0 -2.402785 1.1138697 -2.8994293 0.0065224105 0.029307906 0.9994722 -0.012402788
1541976471813371.0 -2.439946 1.1057737 -2.9244096 0.00079964235 0.028494824 0.9995392 -0.010429699
1541976471841070.0 -2.470428 1.1039581 -2.9503076 -0.0052776756 0.028823772 0.9995439 -0.0073114154
1541976471868916.0 -2.5517392 1.0964988 -2.982804 -0.006809678 0.027006932 0.9995844 -0.0074385237
1541976471896887.0 -2.597718 1.0947334 -3.0084484 -0.011018741 0.026162922 0.99957585 -0.006501093
1541976471924951.0 -2.6489327 1.0939655 -3.0422022 -0.0145049505 0.025947735 0.99954283 -0.005527551
1541976471953080.0 -2.656276 1.0951282 -3.0427446 -0.01902542 0.0266312 0.9994586 -0.0033680538
1541976471981269.0 -2.726694 1.0978774 -3.1015606 -0.018398082 0.028818857 0.99940455 -0.004645125
1541976472009523.0 -2.7650497 1.0930889 -3.127147 -0.019839633 0.031336144 0.9993028 -0.00428965
1541976472037830.0 -2.8064184 1.0910007 -3.1570432 -0.021082595 0.033292327 0.99921894 -0.002955922
1541976472066186.0 -2.8214092 1.0948085 -3.171687 -0.02374347 0.035649057 0.9990823 -4.970005e-05
1541976472094585.0 -2.82715 1.0947251 -3.1899092 -0.026735311 0.038257025 0.9989079 0.0021740259
1541976472123013.0 -2.9020064 1.0794996 -3.2451284 -0.027360065 0.03927835 0.99884987 0.002762786
1541976472151444.0 -2.9357293 1.0784047 -3.2777245 -0.029516218 0.038789555 0.9988041 0.0038331884
1541976472179846.0 -2.969999 1.0765964 -3.3122303 -0.03123232 0.039273214 0.99872535 0.0054602427
1541976472208163.0 -2.9795916 1.0823275 -3.3340309 -0.034110803 0.03961394 0.9985931 0.008890635
1541976472236334.0 -2.9925005 1.0880095 -3.3635848 -0.036395617 0.040283978 0.9984596 0.011453248
1541976472264326.0 -3.0057075 1.0965414 -3.3854642 -0.038239665 0.041130345 0.9983262 0.013818996
1541976472292122.0 -3.0408795 1.1034926 -3.4499674 -0.041289546 0.040719356 0.99817914 0.016597757
1541976472319722.0 -3.0608628 1.1129806 -3.4940836 -0.042261064 0.043252967 0.9979858 0.01917455
1541976472347143.0 -3.0783072 1.124168 -3.5262747 -0.04396897 0.048348118 0.99761003 0.022437887
1541976472374410.0 -3.093639 1.1394472 -3.5634072 -0.047671948 0.053575095 0.9971197 0.024687491
1541976472401542.0 -3.115508 1.1476061 -3.5943482 -0.050820034 0.055482063 0.99680495 0.026813682
1541976472428547.0 -3.113898 1.145666 -3.5883162 -0.056292787 0.05698003 0.996333 0.03008421
1541976472455436.0 -3.172532 1.1705315 -3.6884418 -0.060541417 0.056947865 0.995985 0.03325183
1541976472482216.0 -3.1982617 1.1784321 -3.7435164 -0.06477085 0.05639862 0.995651 0.03609842
1541976472508901.0 -3.2324107 1.1835235 -3.7873118 -0.06811444 0.056071166 0.9953272 0.039246514
1541976472535485.0 -3.2561781 1.1904762 -3.8231082 -0.07166279 0.056146216 0.9949821 0.041505482
1541976472561966.0 -3.2888134 1.1977597 -3.877084 -0.07398507 0.058289077 0.99461466 0.043247845
1541976472588339.0 -3.3146977 1.20669 -3.914231 -0.07439174 0.06068052 0.99429494 0.046489865
1541976472614618.0 -3.3482423 1.2214773 -3.9722567 -0.07514924 0.06274803 0.99402857 0.04819278
1541976472640824.0 -3.3504932 1.2378061 -3.9789858 -0.07776464 0.06289622 0.99374044 0.049766645
1541976472666970.0 -3.3482351 1.2447532 -3.981362 -0.07891428 0.063294366 0.9935711 0.050821915
1541976472693066.0 -3.41829 1.2607299 -4.100506 -0.07778 0.06164676 0.99382687 0.049579304
1541976472719133.0 -3.446114 1.2764513 -4.1541247 -0.07782912 0.062276877 0.9937816 0.049622104
1541976472745202.0 -3.4630504 1.2922043 -4.2118864 -0.0789932 0.061094724 0.9938788 0.047249947
1541976472771291.0 -3.4966373 1.3114887 -4.2407556 -0.07843141 0.05883606 0.9940979 0.046436884
1541976472797406.0 -3.5237973 1.3413707 -4.27615 -0.07919346 0.05779516 0.994142 0.0454965
1541976472823559.0 -3.5604694 1.3584976 -4.3164716 -0.078059115 0.058459736 0.9943116 0.042822946
1541976472849771.0 -3.585818 1.3835878 -4.3561454 -0.07885557 0.060082734 0.9942305 0.040959004
1541976472876067.0 -3.6138294 1.4089378 -4.4009037 -0.078608714 0.058871016 0.99444896 0.037765704
1541976472902459.0 -3.642477 1.4275277 -4.445691 -0.07826683 0.05661724 0.99471545 0.034784976
1541976472928966.0 -3.671114 1.4470414 -4.4818635 -0.07823898 0.054265153 0.9948909 0.03355553
1541976472955606.0 -3.7092776 1.4665121 -4.5189533 -0.077342644 0.05026555 0.9951853 0.03313047
1541976472982396.0 -3.7529144 1.4826914 -4.553534 -0.077086665 0.04483466 0.99553967 0.030793147
1541976473009346.0 -3.7909355 1.5054399 -4.579688 -0.07774479 0.038371783 0.99581915 0.028770188
1541976473036440.0 -3.84306 1.5279169 -4.6206656 -0.08088295 0.032151483 0.99586713 0.025938867
1541976473063663.0 -3.9019246 1.5509071 -4.6485233 -0.082951404 0.024644502 0.9959865 0.022859279
1541976473091019.0 -3.9680502 1.5791694 -4.6774216 -0.08395716 0.017523523 0.99615145 0.018072123
1541976473118525.0 -4.008506 1.6047646 -4.698907 -0.084048174 0.016090702 0.9962311 0.0141687365
1541976473146206.0 -4.038838 1.6201982 -4.730497 -0.0855772 0.021251913 0.99603254 0.012004342
1541976473174097.0 -4.086844 1.6213751 -4.7575564 -0.08411834 0.022614682 0.99613935 0.01091756
1541976473202220.0 -4.14321 1.6179864 -4.7814655 -0.08563533 0.018858017 0.99607974 0.011666816
1541976473230559.0 -4.1892953 1.608576 -4.796176 -0.09100831 0.012628909 0.9956798 0.013408077
1541976473259064.0 -4.2205687 1.5895333 -4.8024764 -0.097276494 0.005747014 0.9951201 0.015499286
1541976473287657.0 -4.2580056 1.5750127 -4.792484 -0.10253576 -0.00023680163 0.9945625 0.01821575
1541976473316263.0 -4.296492 1.5537336 -4.7705255 -0.10703455 -0.0064940476 0.994008 0.021201137
1541976473344818.0 -4.31538 1.534846 -4.7493763 -0.11088454 -0.013345555 0.99345154 0.024095453
1541976473373290.0 -4.321455 1.5145115 -4.7288256 -0.11399681 -0.0198414 0.9929152 0.02702966
1541976473401676.0 -4.313031 1.4942192 -4.706692 -0.118759416 -0.022959044 0.9921992 0.03016449
1541976473429985.0 -4.3085346 1.4842241 -4.6759253 -0.12091272 -0.028767373 0.99175495 0.031221488
1541976473458223.0 -4.288938 1.464128 -4.6539044 -0.1228325 -0.03386686 0.99133325 0.03199367
1541976473486406.0 -4.261311 1.4585203 -4.6280565 -0.12382108 -0.038575493 0.9910011 0.033121347
1541976473514569.0 -4.2389593 1.4567775 -4.588521 -0.12512326 -0.042467363 0.9906859 0.03289675
1541976473542745.0 -4.222486 1.4492764 -4.541549 -0.12498601 -0.047666214 0.99052835 0.030986499
1541976473570950.0 -4.1916294 1.4553901 -4.5005884 -0.12513043 -0.051241316 0.99037486 0.029570118
1541976473599200.0 -4.156223 1.4559369 -4.457709 -0.12432603 -0.051822286 0.99048126 0.028363185
1541976473627527.0 -4.118623 1.45474 -4.408313 -0.12249484 -0.050815623 0.9908336 0.025722755
1541976473655955.0 -4.0843463 1.4640528 -4.367163 -0.120316826 -0.049007546 0.9912851 0.021818714
1541976473684489.0 -4.047053 1.4664214 -4.3250017 -0.11762714 -0.047420748 0.9917638 0.017886333
1541976473713120.0 -4.010186 1.4671298 -4.279142 -0.11481759 -0.044358183 0.99227774 0.015303174
1541976473741840.0 -3.9728196 1.4743656 -4.2385125 -0.11224089 -0.041131064 0.99274844 0.012681448
1541976473770642.0 -3.9441328 1.4801588 -4.197229 -0.10862455 -0.037278052 0.9933409 0.009216345
1541976473799509.0 -3.9072685 1.486917 -4.1574388 -0.10727148 -0.033105988 0.99365276 0.0071443473
1541976473828420.0 -3.8805826 1.4919829 -4.1132517 -0.105614446 -0.03186028 0.99388295 0.005219733
1541976473857363.0 -3.8550277 1.4981036 -4.070392 -0.104512 -0.03200295 0.9940043 0.002918776
1541976473886330.0 -3.8299775 1.4975235 -4.0292687 -0.10361188 -0.03192734 0.994105 0.00074013724
1541976473915317.0 -3.7967935 1.4947474 -3.988052 -0.10274549 -0.030563157 0.99423736 -0.0011721584
1541976473944330.0 -3.7648063 1.5003978 -3.9473233 -0.10155905 -0.02900133 0.9944053 -0.0016911245
1541976473973380.0 -3.7253044 1.5015966 -3.8992298 -0.101337895 -0.024401413 0.9945522 -0.0010797352
1541976474002468.0 -3.6873617 1.4928135 -3.8651652 -0.0995347 -0.022326542 0.99478215 -0.0017154636
1541976474031574.0 -3.639419 1.4949236 -3.824717 -0.09912118 -0.019434553 0.99488527 -0.00084477407
1541976474060687.0 -3.5986867 1.4941266 -3.787316 -0.098125085 -0.019629154 0.9949795 -0.0014306954
1541976474089806.0 -3.5580595 1.4912485 -3.7508426 -0.09752964 -0.01919554 0.99504566 -0.0019231194
1541976474118925.0 -3.5117502 1.4941374 -3.7191978 -0.097411074 -0.020083962 0.9950409 -0.0011566462
1541976474148048.0 -3.4693863 1.4951558 -3.6914783 -0.09741906 -0.019395849 0.9950543 -0.0006079558
1541976474177174.0 -3.4322603 1.4958651 -3.66636 -0.098529056 -0.017834634 0.9949742 0.0006513972
1541976474206297.0 -3.3949988 1.5077548 -3.649943 -0.1006541 -0.017942553 0.9947587 0.0014035002
1541976474235415.0 -3.3613608 1.5170302 -3.6356843 -0.10479936 -0.020882647 0.9942669 0.003793146
1541976474264522.0 -3.3370202 1.5197934 -3.6205392 -0.10851254 -0.027287172 0.99370486 0.005587752
1541976474293617.0 -3.3120701 1.5304947 -3.6156168 -0.1130329 -0.033075165 0.9930133 0.007368237
1541976474322703.0 -3.2753873 1.5713133 -3.649532 -0.115899324 -0.036692258 0.9925459 0.008580446
1541976474351779.0 -3.2453663 1.5833482 -3.643649 -0.119106755 -0.04137983 0.99197286 0.009550874
1541976474380847.0 -3.2194617 1.5961536 -3.633513 -0.12138125 -0.046029158 0.991485 0.010268531
1541976474409904.0 -3.190449 1.6029643 -3.617271 -0.12423275 -0.051818248 0.99084747 0.0101243425
1541976474438963.0 -3.1400898 1.6340189 -3.6186485 -0.12880158 -0.055041246 0.99006283 0.012496826
1541976474468049.0 -3.1051886 1.6297268 -3.589785 -0.13135134 -0.057560906 0.9895516 0.014875147
1541976474497181.0 -3.0649154 1.6202061 -3.5572762 -0.13347179 -0.060469355 0.9890591 0.01705461
1541976474526367.0 -3.0083818 1.6187778 -3.538967 -0.1370409 -0.06527962 0.9882366 0.018620767
1541976474555599.0 -2.9705772 1.6112106 -3.5121431 -0.1381401 -0.07044233 0.9877215 0.019013524
1541976474584846.0 -2.9186468 1.6072348 -3.495246 -0.13871115 -0.07523703 0.9872447 0.021129008
1541976474614091.0 -2.872248 1.6008595 -3.4784207 -0.13641724 -0.07992749 0.98711306 0.024692925
1541976474643332.0 -2.8284657 1.5923455 -3.4554923 -0.13644294 -0.08344509 0.9867917 0.025739312
1541976474672569.0 -2.7918754 1.5959144 -3.4461863 -0.13627936 -0.08655551 0.98658985 0.024012234
1541976474701783.0 -2.7504067 1.5952014 -3.4314017 -0.13398884 -0.09035695 0.98657787 0.023382934
1541976474730961.0 -2.7062957 1.597231 -3.4155715 -0.1315749 -0.09142879 0.9867788 0.024422674
1541976474760121.0 -2.6515121 1.5988514 -3.4030309 -0.12865463 -0.096700266 0.9867103 0.022356845
1541976474789299.0 -2.6014102 1.6066159 -3.3975642 -0.1250404 -0.097479306 0.98713964 0.020445462
1541976474818514.0 -2.5557938 1.6108528 -3.3863807 -0.11868047 -0.09750343 0.9879552 0.018776115
1541976474847788.0 -2.512047 1.6205165 -3.3831716 -0.11431681 -0.09638733 0.9886057 0.017322443
1541976474877149.0 -2.477044 1.6239302 -3.375467 -0.10872129 -0.096916325 0.98920906 0.015887301
1541976474906619.0 -2.424449 1.6356716 -3.3727102 -0.10863978 -0.097617894 0.9891635 0.014956415
1541976474936211.0 -2.369163 1.6397927 -3.3488858 -0.11139001 -0.09686673 0.9889308 0.015002078
1541976474965923.0 -2.332875 1.6467364 -3.36197 -0.1031679 -0.103442594 0.989185 0.013008964
1541976474995759.0 -2.3237083 1.6664716 -3.3292813 -0.10051257 -0.10078082 0.98970455 0.015016135
1541976475025729.0 -2.2985806 1.6671853 -3.3138683 -0.09624702 -0.10406993 0.9898164 0.013022431
1541976475055833.0 -2.2752476 1.6688435 -3.3174584 -0.09073261 -0.10908751 0.9898324 0.009968871
1541976475086059.0 -2.2489033 1.6703433 -3.3003168 -0.090847366 -0.10908893 0.98980534 0.011483576
1541976475116406.0 -2.2378051 1.67304 -3.2493534 -0.10133903 -0.10306021 0.98926497 0.021538021
1541976475146869.0 -2.2230377 1.6534646 -3.2610567 -0.10269627 -0.1081442 0.98863083 0.019170567
1541976475177421.0 -2.2251892 1.6382616 -3.2563946 -0.10840535 -0.11331152 0.9873746 0.022368649
1541976475208003.0 -2.2352476 1.6177431 -3.2443051 -0.11456379 -0.11760635 0.9860681 0.026713641
