1541975545343234.0 -0.0 -0.0 -0.0 -0.0 -0.0 1.0 -0.0
1541975545373800.0 -0.0 -0.0 -0.0 -0.0 -0.0 1.0 -0.0
1541975545404365.0 -0.0 -0.0 -0.0 -0.0 -0.0 1.0 -0.0
1541975545434937.0 -0.011085086 -0.0052840696 0.0036683339 0.0014028114 -0.004298953 0.99998796 0.0019007348
1541975545465526.0 -0.014766437 -0.0072939876 0.0026021046 0.00041676272 -0.00280869 0.9999959 0.0005019858
1541975545496134.0 -0.014766437 -0.0072939876 0.0026021046 0.00041676272 -0.00280869 0.9999959 0.0005019858
1541975545526753.0 -0.014766437 -0.0072939876 0.0026021046 0.00041676272 -0.00280869 0.9999959 0.0005019858
1541975545557375.0 -0.014766437 -0.0072939876 0.0026021046 0.00041676272 -0.00280869 0.9999959 0.0005019858
1541975545588000.0 0.0063675875 -0.008653894 0.008730221 0.0032191211 0.0043135807 0.99998283 -0.0023374301
1541975545618624.0 0.0063675875 -0.008653894 0.008730221 0.0032191211 0.0043135807 0.99998283 -0.0023374301
1541975545649243.0 0.0063675875 -0.008653894 0.008730221 0.0032191211 0.0043135807 0.99998283 -0.0023374301
1541975545679856.0 0.026982572 0.00032941488 0.030072298 0.0043772715 0.022521654 0.99973464 -0.0020841893
1541975545710467.0 0.026982572 0.00032941488 0.030072298 0.0043772715 0.022521654 0.99973464 -0.0020841893
1541975545741090.0 0.04921922 -0.006301786 0.0339268 0.0088663455 0.03215953 0.99943745 -0.003472728
1541975545771737.0 0.04921922 -0.006301786 0.0339268 0.0088663455 0.03215953 0.99943745 -0.003472728
1541975545802401.0 0.08203405 -0.016647723 0.03485983 0.016961074 0.032674957 0.9993204 -0.0018578417
1541975545833075.0 0.08203405 -0.016647723 0.03485983 0.016961074 0.032674957 0.9993204 -0.0018578417
1541975545863732.0 0.100327335 -0.022280281 0.029488463 0.026960688 0.028856551 0.9992182 0.0018486571
1541975545894334.0 0.10759699 -0.025476238 0.02523418 0.030574724 0.027410034 0.9991566 0.00016041419
1541975545924856.0 0.11356468 -0.026978664 0.021656642 0.033671085 0.024833769 0.999121 -0.0026058939
1541975545955281.0 0.118814304 -0.027466174 0.020715633 0.03714321 0.022927983 0.9990327 -0.0053248676
1541975545985615.0 0.12331103 -0.027770275 0.015962599 0.03848932 0.021956116 0.9989761 -0.009130434
1541975546015890.0 0.13270496 -0.03276971 0.003340926 0.04226131 0.020692268 0.9988155 -0.012391046
1541975546046141.0 0.13573132 -0.032879785 -0.0015647187 0.042606432 0.019077614 0.9987945 -0.015178962
1541975546076395.0 0.13899025 -0.032912217 -0.004148029 0.042215414 0.017350785 0.9988234 -0.01639168
1541975546106678.0 0.14149678 -0.032561403 -0.006830568 0.041216478 0.014400334 0.99890304 -0.016930046
1541975546137003.0 0.1411818 -0.032775458 -0.011901019 0.03921835 0.011097956 0.9990192 -0.017306719
1541975546167364.0 0.13739224 -0.033890653 -0.014745195 0.037146937 0.007669852 0.9991239 -0.017685605
1541975546197751.0 0.12949847 -0.037570458 -0.020215942 0.034252062 0.0053258045 0.9992275 -0.01851484
1541975546228150.0 0.11105431 -0.041870974 -0.022178195 0.032885585 0.0048124646 0.99927896 -0.018358754
1541975546258551.0 0.081163965 -0.03795724 -0.012340784 0.03315964 0.002658851 0.99932694 -0.015458383
1541975546288949.0 0.06294486 -0.030506065 -0.0051822863 0.031043416 -0.0010142761 0.99943686 -0.01270082
1541975546319337.0 0.052209333 -0.038180135 -0.014545676 0.022714261 -0.0027897507 0.99964523 -0.013629757
1541975546349719.0 0.033754885 -0.031975497 -0.009096637 0.017502371 -0.005297327 0.9997892 -0.009342731
1541975546380106.0 0.012151599 -0.027948001 -0.0045352387 0.01155189 -0.008471986 0.999879 -0.0060709594
1541975546410504.0 -0.015818907 -0.019555327 0.00097516255 0.003981294 -0.012874933 0.99990374 -0.003312025
1541975546440906.0 -0.048570774 -0.0058572665 0.012994216 -0.00068286574 -0.01812326 0.9998339 0.0018612917
1541975546471301.0 -0.07762266 0.0027845479 0.018970381 -0.0051663327 -0.02253191 0.999717 0.005631423
1541975546501702.0 -0.09515896 0.0071610254 0.020324575 -0.00942458 -0.02646644 0.9995722 0.008138469
1541975546532136.0 -0.119566984 0.010245905 0.021339908 -0.011508812 -0.03140795 0.999414 0.007258591
1541975546562605.0 -0.13901025 0.018450182 0.024231555 -0.012504964 -0.0359323 0.99924535 0.0078280745
1541975546593098.0 -0.15815835 0.02578887 0.028021093 -0.0128365345 -0.03996177 0.99908745 0.007919592
1541975546623602.0 -0.16864087 0.033992015 0.03173223 -0.013561702 -0.044110607 0.9988975 0.008615594
1541975546654109.0 -0.17693649 0.03756609 0.029164433 -0.014172251 -0.04693006 0.9987601 0.0086589735
1541975546684617.0 -0.18636785 0.040345922 0.028513808 -0.013709231 -0.048667636 0.99868846 0.008059581
1541975546715134.0 -0.19240542 0.04030506 0.022292975 -0.013475944 -0.04908248 0.9986842 0.00626079
1541975546745654.0 -0.18782373 0.03619755 0.010274141 -0.014454483 -0.04997384 0.9986412 0.0030816987
1541975546776172.0 -0.19801348 0.04541511 0.012264082 -0.012259261 -0.051387373 0.9985997 0.002769182
1541975546806691.0 -0.20519234 0.045644403 0.0099894665 -0.010234027 -0.052899715 0.9985474 0.00047261242
1541975546837217.0 -0.20244764 0.059505645 0.011449684 -0.01055635 -0.055011686 0.9984294 0.0010319772
1541975546867753.0 -0.19815196 0.06251449 0.008267987 -0.010529249 -0.055197306 0.99842 5.657566e-05
1541975546898309.0 -0.19812852 0.064554766 0.0073736315 -0.009884002 -0.055036098 0.99843436 -0.001468133
1541975546928884.0 -0.20077482 0.06890752 0.00012198673 -0.008833191 -0.054381415 0.9984765 -0.0030573437
1541975546959478.0 -0.20364916 0.07431715 0.0057728286 -0.0068589724 -0.05362787 0.99853265 -0.0030947896
1541975546990095.0 -0.19424227 0.071966365 3.0693707e-05 -0.006728134 -0.052089468 0.9986081 -0.004822369
1541975547020733.0 -0.1858194 0.07654684 0.004018168 -0.005336419 -0.051089384 0.99866706 -0.0050605647
1541975547051388.0 -0.17650408 0.073870026 -0.00016817047 -0.005558777 -0.04915692 0.99875164 -0.006926969
1541975547082063.0 -0.17761506 0.07709483 -0.0016885867 -0.004078401 -0.047884036 0.99881476 -0.007716789
1541975547112757.0 -0.16447477 0.07692522 0.00488841 -0.0039419406 -0.047142163 0.99885416 -0.0072462847
1541975547143471.0 -0.15977798 0.07082096 0.002627866 -0.0035166617 -0.045700625 0.998914 -0.008360147
1541975547174208.0 -0.15326384 0.07347794 0.0049516363 -0.002877617 -0.045443434 0.99893427 -0.0075438996
1541975547204960.0 -0.14728858 0.069547996 0.00042383198 -0.0024445665 -0.04438785 0.9989795 -0.007985299
1541975547235733.0 -0.1324817 0.061362877 9.4374685e-05 -0.0016539826 -0.042660836 0.9990541 -0.008271997
1541975547266523.0 -0.11436518 0.0599749 0.0028763812 -0.00043291933 -0.040739093 0.9991442 -0.0071507557
1541975547297315.0 -0.102874875 0.053207863 0.0008888655 -0.0011635922 -0.03836599 0.99924195 -0.0065031657
1541975547328087.0 -0.09383302 0.047214758 0.0062422147 -0.0020747269 -0.03551751 0.9993575 -0.004330721
1541975547358829.0 -0.08047741 0.038581554 0.0073446813 -0.0024906772 -0.032444023 0.99946517 -0.0032607429
1541975547389547.0 -0.066530526 0.027876243 0.009448452 -0.0005353244 -0.027822303 0.9996069 -0.0034202766
1541975547420238.0 -0.04502071 0.020877238 0.0071387193 0.0011027036 -0.02270829 0.9997288 -0.005048414
1541975547450897.0 -0.027878078 0.017307304 0.013152998 0.0039266027 -0.018515356 0.99981564 -0.0032211286
1541975547481519.0 -0.0063526477 0.00023895802 0.005779277 0.005044037 -0.011664614 0.9999168 -0.0022431433
1541975547512106.0 0.01607696 -0.01624428 -0.0035483593 0.00991162 -0.00351956 0.9999376 -0.0037766201
1541975547542670.0 0.042943925 -0.02537329 -0.009650249 0.018616712 0.0015055574 0.9997899 -0.008448492
1541975547573204.0 0.05340642 -0.024478111 -0.013172396 0.025664313 0.0078449 0.99958134 -0.010819039
1541975547603680.0 0.06443797 -0.024880245 -0.012343101 0.026751677 0.012681774 0.9995179 -0.009356758
1541975547634092.0 0.065355204 -0.031597316 -0.016213052 0.028117755 0.015954608 0.9994216 -0.010548947
1541975547664475.0 0.070579514 -0.029882107 -0.016732587 0.02850552 0.01765251 0.9993577 -0.012654387
1541975547694872.0 0.07290101 -0.016699793 -0.014963778 0.028241094 0.019170342 0.99932003 -0.013943289
1541975547725295.0 0.06489871 -0.0067387363 -0.011629768 0.028584262 0.019434502 0.99927366 -0.016046999
1541975547755741.0 0.061233867 0.0048287916 -0.005063404 0.02746424 0.019791104 0.99927264 -0.017560488
1541975547786212.0 0.06217757 0.019455498 0.0024583428 0.025680304 0.018620739 0.99932253 -0.018662522
1541975547816715.0 0.05410219 0.027175294 0.005948217 0.025939416 0.020210125 0.9992214 -0.021803373
1541975547847258.0 0.04748661 0.035309203 0.008841994 0.026510848 0.019943321 0.9991409 -0.024837298
1541975547877840.0 0.04400559 0.044659123 0.0095583005 0.026330749 0.019048594 0.9991009 -0.027223572
1541975547908465.0 0.03718483 0.047876358 0.005106551 0.027344413 0.019660095 0.99899143 -0.029697856
1541975547939137.0 0.046264045 0.041200534 -0.0004925818 0.024997199 0.021345032 0.99887234 -0.034258917
1541975547969864.0 0.039598513 0.044118974 -0.0037493878 0.027286189 0.022713799 0.9986826 -0.037048973
1541975548000643.0 0.042469088 0.048880868 -0.005033383 0.029882582 0.025379606 0.9985033 -0.038130842
1541975548031463.0 0.053442225 0.05608455 -0.01311158 0.03199517 0.027122455 0.99833924 -0.039491165
1541975548062303.0 0.056887846 0.05584497 -0.016802145 0.037902243 0.029751744 0.997965 -0.04176451
1541975548093148.0 0.061411403 0.056141138 -0.022587268 0.04380887 0.033622794 0.9975065 -0.043944757
1541975548123985.0 0.06799954 0.0612074 -0.024495449 0.048881773 0.03707567 0.9971344 -0.04426094
1541975548154794.0 0.07777672 0.062355753 -0.024878297 0.051152434 0.04173526 0.9968054 -0.044950895
1541975548185573.0 0.09409859 0.072113015 -0.022199076 0.051719464 0.045728035 0.9966474 -0.043908976
1541975548216332.0 0.10523619 0.07043089 -0.020888463 0.05381021 0.049375318 0.9964075 -0.042880315
1541975548247072.0 0.11044726 0.06452648 -0.019695666 0.058461983 0.05447113 0.99605685 -0.03854729
1541975548277798.0 0.12596613 0.06421032 -0.016201448 0.057540137 0.060297806 0.99600613 -0.03201691
1541975548308509.0 0.13498595 0.060361873 -0.008074804 0.055844057 0.06420195 0.9959952 -0.027443083
1541975548339178.0 0.1367327 0.05273066 -0.0055312403 0.055226468 0.06808839 0.99587137 -0.023543041
1541975548369792.0 0.14722951 0.047547605 0.0008411177 0.05265904 0.071638115 0.9959047 -0.016402204
1541975548400366.0 0.15318869 0.03619709 0.008527056 0.050741915 0.07444478 0.99587387 -0.010887601
1541975548430902.0 0.1581029 0.03283955 0.016924452 0.050942454 0.07397517 0.99592745 -0.0078199925
1541975548461381.0 0.17333385 0.034316402 0.020922309 0.0490032 0.07555174 0.9959171 -0.006312099
1541975548491801.0 0.18363339 0.029712988 0.02108897 0.04983721 0.07658317 0.9958064 -0.0045808996
1541975548522182.0 0.19318803 0.021594452 0.01842281 0.053160135 0.078211255 0.99551713 -0.0016312273
1541975548552542.0 0.19892837 0.015823916 0.0142678935 0.059142455 0.078145534 0.99518615 -0.00018626031
1541975548582875.0 0.20357448 0.012498769 0.013465997 0.06441217 0.077776015 0.9948878 0.000528303
1541975548613170.0 0.20595261 0.010391774 0.014663165 0.06786535 0.078407295 0.9946041 0.0030646338
1541975548643421.0 0.20332126 0.0054285745 0.010901587 0.0696503 0.079624824 0.9943769 0.004842559
1541975548673623.0 0.19547427 -0.0010862637 0.0055079465 0.071192585 0.08104359 0.9941476 0.0058424235
1541975548703772.0 0.18117572 -0.00985646 0.007591828 0.06969341 0.08541767 0.99388254 0.0066537177
1541975548733877.0 0.15923634 -0.01738648 0.009458056 0.06368661 0.08812283 0.9940433 0.0075112456
1541975548763944.0 0.14041689 -0.014721924 0.024418857 0.053722955 0.08997457 0.9944328 0.011037986
1541975548793963.0 0.117165655 -0.01506776 0.038525794 0.043569345 0.090063706 0.9948841 0.01400091
1541975548823930.0 0.08793355 -0.01648718 0.051786996 0.031920057 0.09061847 0.9952136 0.0178693
1541975548853864.0 0.055715773 -0.021125184 0.059037995 0.0182397 0.09015501 0.99553263 0.021312634
1541975548883794.0 0.022810778 -0.021007737 0.07225737 0.0037257914 0.088069886 0.9957657 0.02608901
1541975548913750.0 -0.013987944 -0.014249712 0.093539394 -0.0086750155 0.08333233 0.9959531 0.0325264
1541975548943758.0 -0.05542847 -0.0048564365 0.11293238 -0.018393766 0.07602959 0.9961833 0.03873138
1541975548973837.0 -0.10057187 -0.0118997 0.11540414 -0.028412241 0.07051277 0.9962462 0.041403208
1541975549003990.0 -0.14008233 0.0019287427 0.13385585 -0.03740276 0.061535314 0.99624896 0.04798539
1541975549034181.0 -0.18528984 0.0040686317 0.13867791 -0.045685492 0.051858954 0.9964201 0.048688516
1541975549064360.0 -0.22496197 0.02067522 0.15614961 -0.051674135 0.040220533 0.99657273 0.050547067
1541975549094479.0 -0.28793308 0.03337894 0.17765129 -0.048074923 0.02937817 0.9971368 0.05043818
1541975549124492.0 -0.32936892 0.050107513 0.20062476 -0.04663529 0.01876539 0.9973802 0.05201764
1541975549154384.0 -0.35988367 0.054855626 0.2109463 -0.042530376 0.012824796 0.997774 0.049736902
1541975549184162.0 -0.3739815 0.068685174 0.23016755 -0.034618966 0.008054209 0.99821395 0.048016004
1541975549213864.0 -0.355224 0.0667188 0.19191353 -0.037571568 0.006144338 0.9984757 0.03996386
1541975549243540.0 -0.34323552 0.071722135 0.19186756 -0.031899955 0.0056666746 0.99885505 0.0351981
1541975549273241.0 -0.3175682 0.07984287 0.17224145 -0.029029768 0.0038599076 0.99916023 0.028656982
1541975549303008.0 -0.30295825 0.07029631 0.15609612 -0.022219323 0.009203554 0.99952704 0.019168405
1541975549332854.0 -0.23856767 0.07364046 0.10038367 -0.030166222 0.009949382 0.99947095 0.0069899736
1541975549362779.0 -0.22072351 0.07908104 0.08596951 -0.02380804 0.01591401 0.99958956 -0.0008894101
1541975549392805.0 -0.19555624 0.09417382 0.07238004 -0.02022211 0.02078608 0.99955416 -0.0071124
1541975549422970.0 -0.1979663 0.1070205 0.07168506 -0.009117313 0.026340004 0.9995087 -0.014335694
1541975549453300.0 -0.1908342 0.11686695 0.060226157 -0.0035863824 0.03162686 0.99924463 -0.022296624
1541975549483809.0 -0.1778015 0.12506324 0.048161782 -0.000652702 0.035416164 0.9989108 -0.030373763
1541975549514497.0 -0.1951515 0.14375338 0.05050376 0.0074821413 0.038455583 0.99855447 -0.03679986
1541975549545350.0 -0.19091648 0.15269172 0.038842164 0.008700116 0.036397476 0.99824 -0.046005197
1541975549576354.0 -0.1744668 0.190522 0.036725108 0.002634684 0.031622514 0.99843735 -0.046000082
1541975549607494.0 -0.18507706 0.21039835 0.035200007 0.0007989485 0.027997471 0.99834555 -0.050215892
1541975549638753.0 -0.20208246 0.22451541 0.031140577 -0.0014749512 0.024349617 0.99817365 -0.055266224
1541975549670108.0 -0.21928385 0.22805387 0.024027914 -0.0059490646 0.019048845 0.9978698 -0.06211037
1541975549701534.0 -0.2616892 0.24755752 0.021111125 -0.004937551 0.01863387 0.9978932 -0.06194851
1541975549733019.0 -0.25471237 0.2743612 0.036479346 -0.0074951444 0.013080568 0.99826944 -0.056841902
1541975549764550.0 -0.26555803 0.27979186 0.033717033 -0.007618071 0.011008916 0.9982015 -0.058434512
1541975549796116.0 -0.2668841 0.28838372 0.032031093 -0.0071314056 0.010762682 0.9982184 -0.05825261
1541975549827720.0 -0.26064804 0.28403753 0.036074832 -0.00725576 0.014076118 0.99810046 -0.059537876
1541975549859370.0 -0.261728 0.28050327 0.028733678 -0.005665999 0.0158487 0.9981655 -0.05815862
1541975549891064.0 -0.24566902 0.27154374 0.02649509 -0.007974063 0.016481915 0.9981557 -0.05787849
1541975549922788.0 -0.24496391 0.25601605 0.03190713 -0.007283812 0.01667297 0.9982527 -0.05621928
1541975549954522.0 -0.23615988 0.25339982 0.030926948 -0.01026543 0.016081762 0.9985006 -0.051310204
1541975549986257.0 -0.22479302 0.23837565 0.033859856 -0.01250122 0.017286317 0.99862516 -0.04788222
1541975550017985.0 -0.21954097 0.23270439 0.04429858 -0.01245649 0.016722092 0.9988984 -0.042038694
1541975550049683.0 -0.19719285 0.2208995 0.042922474 -0.017365426 0.019047411 0.9989985 -0.036572766
1541975550081336.0 -0.20726414 0.2083784 0.0476449 -0.014507751 0.022624474 0.99912024 -0.032193005
1541975550112935.0 -0.19494936 0.1859912 0.0500391 -0.01586621 0.025954226 0.99910253 -0.029477261
1541975550144490.0 -0.1863178 0.16527301 0.05250752 -0.015167091 0.028357707 0.99912304 -0.026813574
1541975550176019.0 -0.17804225 0.15441123 0.062188245 -0.013717192 0.029003551 0.9992554 -0.021432515
1541975550207519.0 -0.157023 0.1362247 0.07112531 -0.015344049 0.030434068 0.9992692 -0.017305499
1541975550238983.0 -0.12545794 0.121674575 0.071515724 -0.01899233 0.03047249 0.99926186 -0.013654459
1541975550270401.0 -0.108554184 0.103160374 0.07310201 -0.01840003 0.03028134 0.99932176 -0.0100283045
1541975550301772.0 -0.08991673 0.083319984 0.07720569 -0.016570518 0.031203879 0.9993519 -0.0068968497
1541975550333094.0 -0.063815 0.073242635 0.08111995 -0.017278986 0.030707363 0.9993772 -0.0019308925
1541975550364358.0 -0.045449726 0.056149043 0.09278273 -0.018462198 0.030897642 0.9993505 -0.0017836954
1541975550395552.0 -0.032456096 0.051173244 0.1010239 -0.017138725 0.028477523 0.9994456 -0.0019518583
1541975550426688.0 -0.017370742 0.048354637 0.10923556 -0.014058132 0.028775023 0.99948704 -0.0002723924
1541975550457786.0 -0.017889969 0.052184433 0.1266668 -0.006068239 0.029092094 0.9995561 0.0021010442
1541975550488853.0 -0.011079229 0.050276633 0.13232888 -0.0041186707 0.03149914 0.9994953 6.1919973e-06
1541975550519890.0 0.007537586 0.050669797 0.1375955 -0.0034862978 0.033811502 0.999421 -0.0015331514
1541975550550906.0 0.03329025 0.04298464 0.14227106 0.0011377172 0.03775016 0.99927 -0.0057542464
1541975550581923.0 0.052640382 0.038856987 0.14166951 0.0056321025 0.042906735 0.9990248 -0.008756493
1541975550612945.0 0.0627532 0.045973115 0.15191065 0.012378976 0.048913825 0.9986876 -0.008784667
1541975550643960.0 0.08616071 0.041533332 0.15530765 0.016205076 0.05453296 0.9983157 -0.011376583
1541975550674969.0 0.107016034 0.035903692 0.15904386 0.018922752 0.059912086 0.9979796 -0.0094503295
1541975550705962.0 0.11970635 0.03314559 0.16665941 0.019890524 0.06230911 0.9978432 -0.005564347
1541975550736926.0 0.1253126 0.03165283 0.17073317 0.018515328 0.06615603 0.9976366 -0.0013265209
1541975550767856.0 0.13019069 0.033314634 0.18241715 0.014661907 0.06873646 0.99752164 0.0033183086
1541975550798760.0 0.13426113 0.027957456 0.19259398 0.010626481 0.06961666 0.99750507 0.0049351375
1541975550829653.0 0.14440416 0.03307982 0.20837179 0.0054700365 0.06841469 0.997582 0.010938934
1541975550860557.0 0.14104247 0.026586961 0.21663813 0.002380112 0.06884554 0.9975157 0.014733313
1541975550891500.0 0.14615779 0.026721228 0.2263697 -0.0019482574 0.06737143 0.9975307 0.019743668
1541975550922475.0 0.1407898 0.023619182 0.23942839 -0.0012555545 0.06500454 0.99765754 0.021267487
1541975550953465.0 0.1508502 0.02568461 0.25069687 -0.0059640952 0.063224815 0.997678 0.024612602
1541975550984474.0 0.15594055 0.01949684 0.26005837 -0.008307573 0.063933015 0.99756646 0.026546929
1541975551015504.0 0.16636431 0.012654357 0.2594829 -0.010457624 0.06228897 0.997687 0.025128677
1541975551046546.0 0.16496687 0.017526725 0.27482623 -0.010351746 0.06325939 0.99752337 0.028953955
1541975551077594.0 0.17013445 0.017548418 0.2754348 -0.014336932 0.065370895 0.9973204 0.029548733
1541975551108657.0 0.17507266 0.016950326 0.27731326 -0.017735051 0.06551871 0.9973015 0.02797332
1541975551139730.0 0.1832765 0.015045743 0.27294943 -0.019980658 0.06696103 0.99721414 0.02609737
1541975551170796.0 0.1946927 0.015925374 0.27013952 -0.022029754 0.067610085 0.9971561 0.024966553
1541975551201852.0 0.19075671 0.011025159 0.26640433 -0.018771973 0.07218722 0.9969646 0.022321833
1541975551232900.0 0.19383283 0.00875238 0.26360098 -0.015946478 0.07405262 0.9969336 0.01963279
1541975551263935.0 0.20017883 0.016255317 0.26571324 -0.011188142 0.07450295 0.99697596 0.01905544
1541975551294951.0 0.20341218 0.014786903 0.25550166 -0.0059057223 0.07766679 0.996825 0.016524812
1541975551325964.0 0.2028021 0.010167792 0.2507961 0.00120383 0.08236488 0.9965019 0.014088845
1541975551356980.0 0.2074341 0.013019151 0.247118 0.0054499633 0.08493901 0.9963141 0.010670523
1541975551388005.0 0.20487472 0.015145979 0.24125068 0.009515898 0.08563743 0.9962583 0.006723613
1541975551419046.0 0.19897546 0.023149282 0.23223814 0.012387841 0.0870827 0.99611175 0.0049569937
1541975551450114.0 0.19467326 0.025487246 0.22303025 0.015585893 0.08869353 0.99593633 0.0011555793
1541975551481222.0 0.18825133 0.034146562 0.2115615 0.017167874 0.08887528 0.99589324 -0.0017647204
1541975551512359.0 0.17770793 0.038430538 0.19999982 0.01798152 0.08894546 0.99585235 -0.0065990654
1541975551543513.0 0.16658708 0.04164642 0.18775676 0.019290129 0.088490546 0.9958107 -0.012591303
1541975551574670.0 0.15521353 0.044084005 0.17679198 0.02190508 0.08583778 0.9958995 -0.01833692
1541975551605812.0 0.15239687 0.05067567 0.16725458 0.023241304 0.08185927 0.9961468 -0.021225812
1541975551636929.0 0.14030525 0.056246106 0.15397564 0.026503196 0.08047763 0.9961544 -0.022301333
1541975551668029.0 0.13083099 0.06214769 0.1397464 0.028506028 0.076021135 0.99642247 -0.0234625
1541975551699119.0 0.09312076 0.054027524 0.12935202 0.036349285 0.071782656 0.99634415 -0.028711135
1541975551730198.0 0.07749375 0.058440298 0.11213952 0.03881452 0.0653711 0.9965196 -0.034186427
1541975551761261.0 0.068696074 0.06337307 0.096715085 0.03933555 0.060124833 0.9966667 -0.038641807
1541975551792310.0 0.053997647 0.062918805 0.08661421 0.039545584 0.05374633 0.9969094 -0.041462973
1541975551823339.0 0.034539115 0.06326228 0.073677614 0.03661515 0.04789507 0.99727374 -0.042550817
1541975551854352.0 0.026434181 0.06310021 0.06359884 0.033225406 0.043875936 0.99746686 -0.04506599
1541975551885361.0 0.0082514305 0.062750585 0.050240558 0.03267925 0.037576783 0.9975687 -0.04875208
1541975551916380.0 -0.00457803 0.062117852 0.041424967 0.026760975 0.032726105 0.9979096 -0.04888084
1541975551947417.0 -0.020065026 0.063061886 0.027682256 0.01968125 0.028612943 0.9982916 -0.046987586
1541975551978477.0 -0.028118618 0.06552362 0.022210019 0.016261047 0.022992529 0.9984502 -0.048001744
1541975552009559.0 -0.035943598 0.06557652 0.014512951 0.014711302 0.018517727 0.9983825 -0.0517012
1541975552040666.0 -0.04317224 0.067835405 0.0075427624 0.013459899 0.015217038 0.9983437 -0.053825993
1541975552071816.0 -0.049338568 0.06800118 -0.0026668173 0.01191251 0.0148511045 0.998371 -0.053785704
1541975552103013.0 -0.055648886 0.06823935 -0.007274156 0.014852107 0.01679947 0.99829096 -0.053966407
1541975552134253.0 -0.055181384 0.06879516 -0.011733403 0.018959533 0.0198541 0.9981207 -0.054785695
1541975552165533.0 -0.052376308 0.07203988 -0.013104266 0.023831742 0.024247874 0.99788463 -0.055412516
1541975552196847.0 -0.04930877 0.074910924 -0.016077569 0.029498715 0.02760341 0.9976077 -0.056097474
1541975552228165.0 -0.048141096 0.074944064 -0.022703854 0.035039227 0.03436748 0.99717265 -0.05690331
1541975552259466.0 -0.050411798 0.07415258 -0.031382747 0.040172886 0.039958134 0.996723 -0.057730973
1541975552290737.0 -0.05324221 0.073266454 -0.037123933 0.044271536 0.046483427 0.99638027 -0.055729326
1541975552321969.0 -0.05543794 0.071652874 -0.041016426 0.047125384 0.051992673 0.9961679 -0.05220769
1541975552353157.0 -0.051659502 0.07944769 -0.042305388 0.04759021 0.05425105 0.99627304 -0.047245808
1541975552384317.0 -0.048078954 0.078269154 -0.042780474 0.04737029 0.058030996 0.996203 -0.04436419
1541975552415459.0 -0.045631137 0.07804953 -0.04449595 0.04618054 0.0598747 0.99623317 -0.042450134
1541975552446583.0 -0.043118257 0.077208534 -0.044355888 0.042897448 0.06101514 0.9962746 -0.0432892
1541975552477683.0 -0.03816856 0.07604568 -0.036151763 0.038838603 0.061069626 0.99638224 -0.04454746
1541975552508762.0 -0.037201166 0.07551087 -0.0348644 0.036521703 0.06190916 0.9965387 -0.041762255
1541975552539816.0 -0.030643947 0.07351695 -0.026811844 0.032214332 0.063230544 0.9966318 -0.041100956
1541975552570851.0 -0.024168406 0.07211085 -0.022286233 0.027566643 0.061818343 0.9968919 -0.04031474
1541975552601884.0 -0.01505144 0.069432974 -0.01060157 0.026726875 0.060577538 0.99719226 -0.034981765
1541975552632918.0 -0.010718122 0.067296945 -0.0018940157 0.02712848 0.060871217 0.99741715 -0.026792377
1541975552663947.0 0.005167904 0.07706267 0.015068177 0.024481755 0.059726253 0.9977265 -0.01937137
1541975552694947.0 0.016417552 0.07479591 0.029171402 0.021485722 0.059997696 0.99785006 -0.015294817
1541975552725899.0 0.020240396 0.071932614 0.03626049 0.019183584 0.060047094 0.99794614 -0.011398153
1541975552756810.0 0.02253722 0.06504329 0.04724494 0.018856565 0.05783089 0.99811965 -0.00757154
1541975552787690.0 0.03142726 0.061073966 0.05733302 0.015264428 0.059130833 0.9981322 -0.0016075441
1541975552818544.0 0.038494423 0.058693863 0.06475003 0.010474064 0.058351513 0.998241 0.00060821074
1541975552849372.0 0.0455707 0.055635806 0.07316427 0.007523942 0.054748073 0.9984696 0.0021414394
1541975552880164.0 0.0531095 0.05352101 0.08228068 0.0065768007 0.051361658 0.9986329 0.007142707
1541975552910932.0 0.062797576 0.053125188 0.09117021 0.0026521296 0.050301615 0.99862546 0.014489172
1541975552941695.0 0.067951724 0.05121022 0.09650374 -0.0015816491 0.048404288 0.9986782 0.01721714
1541975552972452.0 0.07263053 0.04994929 0.10291162 -0.005223443 0.04580672 0.99878055 0.017661722
