1541978820368298.2 -0.0 -0.0 -0.0 -0.0 -0.0 1.0 -0.0
1541978820400231.2 -0.0903585 0.020228084 -0.13158865 0.020154681 0.013867251 0.99849564 -0.049071036
1541978820432229.2 -0.11822424 0.017076554 -0.18600932 0.058907416 0.021349479 0.9977287 -0.024730584
1541978820464276.2 -0.1477447 0.017665949 -0.2539426 0.107118085 0.00873187 0.9938675 0.026015924
1541978820496331.2 -0.16701661 0.008187966 -0.27249476 0.123535804 -9.233604e-05 0.99203753 0.024503335
1541978820528393.2 -0.25000384 0.0060008457 -0.34636205 0.14692816 0.013426738 0.9881381 -0.042602777
1541978820560535.2 -0.29817665 0.01633266 -0.37579355 0.1653234 0.042548116 0.9836013 -0.05819357
1541978820592820.2 -0.27689022 0.0179758 -0.4912981 0.1947935 0.037105642 0.9796218 -0.031933676
1541978820625138.2 -0.30645937 0.014646819 -0.49900365 0.22489715 0.024114659 0.97381806 -0.022764245
1541978820657374.2 -0.34820375 -0.04718699 -0.685938 0.24307422 0.028801467 0.9651598 -0.09247716
1541978820689527.2 -0.3777199 -0.058181677 -0.70127106 0.26457012 0.040964376 0.95882344 -0.09477427
1541978820721625.2 -0.40045968 -0.0690581 -0.7187394 0.30228582 0.022119157 0.9510924 -0.05964342
1541978820753688.2 -0.47071645 -0.0824139 -0.7803306 0.33361015 0.00828258 0.9412764 -0.05132666
1541978820785734.2 -0.4492069 -0.08661041 -0.756587 0.34877193 0.038174454 0.93177617 -0.09324207
1541978820817772.2 -0.47744486 -0.08359568 -0.7512454 0.36867863 0.053766456 0.92193824 -0.10590222
1541978820849804.2 -0.46527106 -0.07878864 -0.77895945 0.39110258 0.028562246 0.9176854 -0.06384751
1541978820881800.2 -0.46354952 -0.08138524 -0.77707076 0.4134316 0.009455882 0.9095266 -0.04178914
1541978820913754.2 -0.38655835 -0.07552671 -0.848874 0.40846822 0.04466023 0.9085126 -0.07592149
1541978820945625.2 -0.46714675 -0.08563822 -0.88638496 0.42348132 0.07018889 0.89681214 -0.10707543
1541978820977375.2 -0.314125 -0.04485386 -0.9760877 0.4159658 0.055253755 0.90528554 -0.066164225
1541978821008977.2 -0.33760744 -0.05074294 -0.96713424 0.44123793 0.022078646 0.8964769 -0.033922926
1541978821040484.2 -0.27773985 -0.043519557 -1.0712059 0.42980558 0.03714092 0.90082186 -0.049069226
1541978821071932.2 -0.25800446 -0.024840206 -1.146842 0.42595696 0.07584807 0.89659953 -0.09443036
1541978821103254.2 -0.27977043 -0.024197109 -1.1405144 0.44253394 0.09173166 0.88801086 -0.084768906
1541978821134389.2 -0.26566035 -0.018937573 -1.2223874 0.44873938 0.055308737 0.89026177 -0.05484515
1541978821165361.2 -0.29060757 -0.025225475 -1.2315031 0.4683448 0.036760487 0.88044494 -0.06417602
1541978821196292.2 -0.30881083 -0.030271873 -1.2353349 0.4805667 0.061678138 0.87032 -0.08828686
1541978821227151.2 -0.2690563 0.0079805255 -1.3840655 0.45269483 0.076251775 0.8855972 -0.07050242
1541978821257868.2 -0.27890214 0.0067767575 -1.3859499 0.46551692 0.050326835 0.88093805 -0.06862487
1541978821288487.2 -0.27179146 0.0111151785 -1.3983548 0.46843895 0.051173996 0.8787528 -0.07576028
1541978821319072.2 -0.28255385 0.011451885 -1.4056973 0.46473923 0.090284586 0.8765767 -0.08648395
1541978821349608.2 -0.3181726 0.027009845 -1.4541457 0.45782548 0.0915389 0.8799389 -0.087886386
1541978821380056.2 -0.4003083 0.081186414 -1.5404959 0.46282342 0.040915243 0.8809356 -0.089848645
1541978821410449.2 -0.4309386 0.09956512 -1.5735805 0.4647302 0.008797263 0.8806557 -0.09161911
1541978821440866.2 -0.45306683 0.16974296 -1.6042659 0.45730385 0.049429197 0.87674236 -0.14054471
1541978821471305.2 -0.48519516 0.22628838 -1.6520458 0.44832698 0.10418856 0.8670612 -0.19066343
1541978821501697.2 -0.53323036 0.24427927 -1.673331 0.44446507 0.11896937 0.8679193 -0.18711825
1541978821531995.2 -0.5742216 0.24146074 -1.6932845 0.44322827 0.08906319 0.87496823 -0.17334117
1541978821562233.2 -0.62652636 0.25318983 -1.6984673 0.43982765 0.057815045 0.8814685 -0.16193362
1541978821592506.2 -0.6951235 0.27358967 -1.70857 0.43184853 0.053325824 0.8845877 -0.1678328
1541978821622819.2 -0.7386168 0.30293915 -1.7300384 0.41701442 0.07484919 0.88202906 -0.20620722
1541978821653175.2 -0.80110717 0.33417565 -1.7431583 0.4079897 0.09251382 0.88157666 -0.21865094
1541978821683580.2 -0.8505338 0.32072908 -1.7373395 0.40272596 0.081000745 0.88960516 -0.19963324
1541978821713969.2 -0.8910906 0.31833637 -1.7278048 0.40579447 0.023229118 0.8914061 -0.20046525
1541978821744335.2 -0.93001306 0.32314175 -1.75828 0.40102264 -0.008153864 0.8910575 -0.21244039
1541978821774697.2 -0.9485579 0.34993792 -1.782493 0.38772124 0.03820535 0.88145626 -0.2669223
1541978821805014.2 -0.9915571 0.36058667 -1.7956496 0.3843023 0.069465764 0.87218857 -0.29457346
1541978821835236.2 -1.0272355 0.35326236 -1.7962785 0.38708276 0.059924535 0.8738768 -0.28795037
1541978821865354.2 -1.0531889 0.36091733 -1.8103578 0.3822449 0.023096032 0.88177484 -0.27536985
1541978821895583.2 -1.091081 0.3469279 -1.8102779 0.37027422 -0.001907435 0.8875261 -0.2742095
1541978821926078.2 -1.1214154 0.35404775 -1.8239479 0.35692087 -0.0025165873 0.8837126 -0.3027429
1541978821956694.2 -1.1603042 0.36220485 -1.8421894 0.35140625 0.017773263 0.87343085 -0.33662486
1541978821987339.2 -1.2058535 0.3685352 -1.8476565 0.351992 0.027944079 0.86902046 -0.34658948
1541978822017966.2 -1.2309483 0.34715527 -1.8639698 0.3440927 0.013383183 0.8765647 -0.3362375
1541978822048570.2 -1.2431926 0.3318375 -1.8840044 0.3266075 -0.021894874 0.88980687 -0.31794968
1541978822079290.2 -1.2586128 0.31014812 -1.9053609 0.3074905 -0.057391077 0.89661294 -0.31343454
1541978822110104.2 -1.2713903 0.32349345 -1.9165995 0.2970847 -0.0706123 0.89274985 -0.33128893
1541978822140846.2 -1.2738595 0.359582 -1.9528117 0.28801522 -0.05262895 0.8834231 -0.36584306
1541978822171502.2 -1.3177865 0.41840166 -1.9786613 0.28858644 -0.033024434 0.8735208 -0.39062616
1541978822202126.2 -1.3381332 0.42125005 -1.9953988 0.28553444 -0.039215147 0.8697921 -0.40049225
1541978822232724.2 -1.3528821 0.41389912 -1.9793484 0.2782948 -0.060074326 0.88035965 -0.37935475
1541978822263419.2 -1.3564847 0.38587323 -1.9647825 0.25866705 -0.090833604 0.8940126 -0.35437575
1541978822294334.2 -1.3652884 0.40835702 -1.9627101 0.24145679 -0.12614615 0.90078735 -0.33818337
1541978822325346.2 -1.3793571 0.44568872 -1.9431484 0.23675671 -0.13529599 0.89473605 -0.35367888
1541978822356300.2 -1.393838 0.5065162 -1.9523638 0.23952813 -0.1312352 0.8831458 -0.3813884
1541978822387222.2 -1.4243227 0.56674755 -1.9301283 0.2417494 -0.11709559 0.88326705 -0.38429844
1541978822418120.2 -1.4373984 0.6017158 -1.9072134 0.23317851 -0.117877476 0.8922019 -0.3683864
1541978822448987.2 -1.4534935 0.60351735 -1.857183 0.22087182 -0.13342042 0.9027421 -0.34419683
1541978822479909.2 -1.4781617 0.59170794 -1.8050551 0.20928681 -0.15024343 0.91231346 -0.3182926
1541978822510898.2 -1.4927901 0.6198797 -1.7726412 0.2048362 -0.15657772 0.9144181 -0.3120339
1541978822541822.2 -1.5103085 0.7088388 -1.745104 0.2107 -0.13791679 0.91213423 -0.32341266
1541978822572637.2 -1.5411106 0.75353813 -1.7018024 0.21006098 -0.10594521 0.91466016 -0.32870486
1541978822603397.2 -1.5776664 0.7927829 -1.6433822 0.2069605 -0.10319298 0.920526 -0.31488162
1541978822634129.2 -1.5824635 0.7901347 -1.5915022 0.20141089 -0.12266841 0.92714864 -0.29117274
1541978822664896.2 -1.5821761 0.75793815 -1.5260564 0.201052 -0.13800147 0.93079436 -0.27231538
1541978822695748.2 -1.5782382 0.78942585 -1.4676027 0.20959732 -0.14097849 0.9285821 -0.2718996
1541978822726631.2 -1.5808814 0.83352464 -1.430909 0.21141464 -0.11248062 0.92758393 -0.28677544
1541978822757502.2 -1.5847737 0.8608244 -1.3779701 0.2047025 -0.07486299 0.9308897 -0.29314995
1541978822788352.2 -1.6062579 0.85308623 -1.3252995 0.20110434 -0.070343226 0.9374119 -0.27544123
1541978822819168.2 -1.6436557 0.7559056 -1.2332395 0.20182662 -0.0911099 0.9430475 -0.2482466
1541978822850026.2 -1.6652536 0.66909736 -1.1575812 0.20131871 -0.12145941 0.9475758 -0.21637577
1541978822880960.2 -1.6824982 0.61695534 -1.1025742 0.20172065 -0.13735771 0.95097685 -0.18995982
1541978822911855.2 -1.7136286 0.58937585 -1.039948 0.20880058 -0.13009682 0.94992745 -0.19265266
1541978822942617.2 -1.7219746 0.6205991 -1.0054628 0.21225166 -0.11539954 0.94695175 -0.21193083
1541978822973243.2 -1.7167295 0.610557 -0.96139395 0.20747316 -0.09879038 0.9498519 -0.21207744
1541978823003777.2 -1.7581939 0.57789254 -0.9053816 0.20909348 -0.10357039 0.95308936 -0.19280516
1541978823034258.2 -1.784756 0.5015183 -0.8586854 0.21104047 -0.12015924 0.95518756 -0.16923513
1541978823064728.2 -1.7915595 0.4483338 -0.82316285 0.21620212 -0.13244945 0.95708346 -0.14037465
1541978823095188.2 -1.7859474 0.41245797 -0.79856634 0.22273834 -0.12676644 0.9587029 -0.123315565
1541978823125647.2 -1.7808236 0.43113178 -0.775627 0.22939077 -0.11282975 0.9582275 -0.12825534
1541978823156127.2 -1.7880708 0.47042602 -0.7563554 0.23148128 -0.08898165 0.9572678 -0.14878546
1541978823186626.2 -1.7865095 0.48715287 -0.75274 0.22725442 -0.07734207 0.95898074 -0.15076347
1541978823217106.2 -1.8173138 0.4631764 -0.7265905 0.23168255 -0.08793913 0.9598388 -0.13152723
1541978823247545.2 -1.7320518 0.33912027 -0.76085746 0.22020414 -0.10864287 0.9623904 -0.11623939
1541978823277961.2 -1.7465293 0.30289647 -0.7617781 0.22883025 -0.1312144 0.9599436 -0.09448703
1541978823308378.2 -1.7325253 0.307801 -0.7623536 0.23970823 -0.1290846 0.9583388 -0.0863949
1541978823338822.2 -1.6316499 0.29098362 -0.8145987 0.23645967 -0.088469505 0.9617837 -0.10598171
1541978823369281.2 -1.5701445 0.35889038 -0.8589288 0.24341339 -0.052852817 0.96052766 -0.12386728
1541978823399687.2 -1.5236927 0.4027672 -0.90529734 0.24762282 -0.028066266 0.95958185 -0.1307593
1541978823430028.2 -1.489848 0.39146754 -0.9369517 0.2516414 -0.028456945 0.958024 -0.13437559
1541978823460377.2 -1.4591115 0.37050414 -0.97513866 0.2506102 -0.04549306 0.9582517 -0.1299179
1541978823490799.2 -1.457373 0.33160615 -0.98578167 0.2517088 -0.06802238 0.9571082 -0.12633105
1541978823521332.2 -1.4424716 0.30449444 -1.0246328 0.25076848 -0.09279699 0.95536864 -0.12559776
1541978823551987.2 -1.4372646 0.29422063 -1.0633334 0.25476104 -0.10102119 0.9534732 -0.12562017
1541978823582762.2 -1.3954045 0.31525856 -1.111202 0.26082796 -0.09115435 0.9523095 -0.1294849
1541978823613663.2 -1.342726 0.3357187 -1.1939421 0.2684708 -0.07129084 0.9499404 -0.143019
1541978823644701.2 -1.290192 0.36023298 -1.2782841 0.27792788 -0.05139319 0.94657 -0.15530667
1541978823675827.2 -1.2478554 0.37956977 -1.3679825 0.29054874 -0.040572926 0.94099396 -0.16871785
1541978823706960.2 -1.2266209 0.38477826 -1.4362653 0.30406648 -0.03416514 0.9346918 -0.18090789
1541978823738034.2 -1.2362881 0.39466086 -1.481117 0.31268007 -0.02591633 0.9312308 -0.18538779
1541978823769004.2 -1.2512816 0.42308062 -1.5145558 0.3152081 -0.026031166 0.9289194 -0.19254914
1541978823799870.2 -1.2739536 0.451356 -1.5462387 0.31396243 -0.024434276 0.92864674 -0.19607623
1541978823830688.2 -1.3158789 0.4746699 -1.5435474 0.31197512 -0.019925432 0.9298211 -0.194184
1541978823861488.2 -1.3388106 0.5306577 -1.5646069 0.29927048 -0.02559073 0.93461543 -0.19046366
1541978823892282.2 -1.4057472 0.5826831 -1.528816 0.29007798 -0.0288816 0.938143 -0.18683796
1541978823923072.2 -1.4693766 0.64459723 -1.5095875 0.27593508 -0.030255174 0.9428541 -0.18431139
1541978823953833.2 -1.5330704 0.7042663 -1.4722993 0.26909196 -0.027411677 0.94572407 -0.1801227
1541978823984542.2 -1.5914141 0.72587854 -1.4299645 0.2682802 -0.022873556 0.94716644 -0.17429382
1541978824015192.2 -1.5989525 0.6832937 -1.4137441 0.2679896 -0.016384352 0.9488568 -0.16608419
1541978824045836.2 -1.6037494 0.6171424 -1.421994 0.27153996 -0.014729479 0.9487819 -0.16081685
1541978824076531.2 -1.5735012 0.56162775 -1.433078 0.27517116 -0.015219416 0.94904506 -0.15284896
1541978824107284.2 -1.5746974 0.5484467 -1.4206663 0.2809315 -0.0054317317 0.9501515 -0.13513032
1541978824138052.2 -1.5899124 0.5263704 -1.4144051 0.28082716 0.007877087 0.95052487 -0.13257681
1541978824168802.2 -1.6102716 0.59865296 -1.3966992 0.27761716 0.01480013 0.95224947 -0.12621695
1541978824199552.2 -1.632666 0.63927746 -1.3926649 0.2691931 0.028053734 0.95430017 -0.12672508
1541978824230304.2 -1.7010777 0.70583314 -1.3684657 0.26758668 0.030830035 0.9539809 -0.13178517
1541978824261006.2 -1.730725 0.79800856 -1.3558784 0.26473087 0.023695942 0.95397377 -0.13888896
1541978824291603.2 -1.7481855 0.8895016 -1.3629178 0.26622385 0.011445862 0.952271 -0.14890906
