# timestamp[secs] tx ty tz qx qy qz qw
1541978820.3682983 -0.0 -0.0 -0.0 -0.0 -0.0 -0.0 1.0
1541978820.4002314 -0.09035850316286087 0.020228084176778793 -0.1315886527299881 -0.04907103627920151 0.0201546810567379 0.013867250643670559 0.9984956383705139
1541978820.4322293 -0.11822424083948135 0.017076553776860237 -0.18600931763648987 -0.024730583652853966 0.058907415717840195 0.021349478513002396 0.997728705406189
1541978820.4642763 -0.14774470031261444 0.01766594871878624 -0.253942608833313 0.02601592428982258 0.10711808502674103 0.008731869980692863 0.9938675165176392
1541978820.4963312 -0.16701661050319672 0.008187966421246529 -0.27249476313591003 0.02450333535671234 0.12353580445051193 -9.233604214387015e-05 0.9920375347137451
1541978820.5283933 -0.250003844499588 0.006000845693051815 -0.34636205434799194 -0.0426027774810791 0.14692816138267517 0.013426737859845161 0.9881380796432495
1541978820.5605352 -0.298176646232605 0.016332659870386124 -0.37579354643821716 -0.058193568140268326 0.165323406457901 0.04254811629652977 0.9836012721061707
1541978820.5928202 -0.27689021825790405 0.01797579973936081 -0.491298109292984 -0.031933676451444626 0.1947934925556183 0.03710564225912094 0.9796218276023865
1541978820.6251383 -0.30645936727523804 0.014646818861365318 -0.49900364875793457 -0.02276424504816532 0.22489714622497559 0.024114659056067467 0.9738180637359619
1541978820.6573741 -0.34820374846458435 -0.04718698933720589 -0.6859380006790161 -0.09247715771198273 0.2430742233991623 0.028801467269659042 0.9651597738265991
1541978820.6895273 -0.377719908952713 -0.058181677013635635 -0.7012710571289062 -0.0947742685675621 0.26457011699676514 0.04096437618136406 0.9588234424591064
1541978820.7216253 -0.4004596769809723 -0.06905809789896011 -0.71873939037323 -0.059643421322107315 0.3022858202457428 0.022119157016277313 0.9510924220085144
1541978820.7536883 -0.4707164466381073 -0.08241389691829681 -0.7803305983543396 -0.05132665857672691 0.3336101472377777 0.00828258041292429 0.9412763714790344
1541978820.7857342 -0.4492068886756897 -0.08661040663719177 -0.756587028503418 -0.09324207156896591 0.34877192974090576 0.038174454122781754 0.9317761659622192
1541978820.8177722 -0.4774448573589325 -0.08359567821025848 -0.751245379447937 -0.10590221732854843 0.36867862939834595 0.05376645550131798 0.9219382405281067
1541978820.8498042 -0.4652710556983948 -0.0787886381149292 -0.7789594531059265 -0.06384751200675964 0.3911025822162628 0.02856224589049816 0.9176853895187378
1541978820.8818002 -0.46354952454566956 -0.08138523995876312 -0.7770707607269287 -0.04178914055228233 0.4134316146373749 0.009455882012844086 0.9095265865325928
1541978820.9137542 -0.3865583539009094 -0.07552670687437057 -0.8488739728927612 -0.07592149078845978 0.40846821665763855 0.04466022923588753 0.9085125923156738
1541978820.9456253 -0.46714675426483154 -0.08563821762800217 -0.8863849639892578 -0.10707543045282364 0.4234813153743744 0.07018888741731644 0.8968121409416199
1541978820.9773753 -0.3141250014305115 -0.04485385864973068 -0.9760876893997192 -0.06616422533988953 0.4159657955169678 0.055253755301237106 0.9052855372428894
1541978821.0089772 -0.3376074433326721 -0.05074293911457062 -0.9671342372894287 -0.03392292559146881 0.4412379264831543 0.02207864634692669 0.8964769244194031
1541978821.0404842 -0.27773985266685486 -0.043519556522369385 -1.0712058544158936 -0.049069225788116455 0.42980557680130005 0.037140920758247375 0.90082186460495
1541978821.0719323 -0.25800445675849915 -0.024840205907821655 -1.1468420028686523 -0.0944303572177887 0.42595696449279785 0.07584807276725769 0.896599531173706
1541978821.1032543 -0.2797704339027405 -0.024197109043598175 -1.1405143737792969 -0.08476890623569489 0.442533940076828 0.09173166006803513 0.8880108594894409
1541978821.1343892 -0.2656603455543518 -0.018937572836875916 -1.222387433052063 -0.05484515056014061 0.4487393796443939 0.055308736860752106 0.8902617692947388
1541978821.1653612 -0.2906075716018677 -0.025225475430488586 -1.2315031290054321 -0.06417602300643921 0.4683448076248169 0.03676048666238785 0.8804449439048767
1541978821.1962922 -0.308810830116272 -0.030271872878074646 -1.235334873199463 -0.0882868617773056 0.48056671023368835 0.06167813763022423 0.8703200221061707
1541978821.2271512 -0.2690562903881073 0.007980525493621826 -1.3840655088424683 -0.07050242274999619 0.452694833278656 0.07625177502632141 0.8855972290039062
1541978821.2578683 -0.278902143239975 0.006776757538318634 -1.3859498500823975 -0.06862486898899078 0.46551692485809326 0.05032683536410332 0.8809380531311035
1541978821.2884872 -0.2717914581298828 0.0111151784658432 -1.3983547687530518 -0.07576028257608414 0.4684389531612396 0.051173996180295944 0.8787528276443481
1541978821.3190722 -0.28255385160446167 0.011451885104179382 -1.4056973457336426 -0.08648394793272018 0.46473923325538635 0.09028458595275879 0.8765767216682434
1541978821.3496082 -0.3181726038455963 0.02700984477996826 -1.4541456699371338 -0.08788638561964035 0.4578254818916321 0.09153889864683151 0.8799389004707336
1541978821.3800561 -0.4003083109855652 0.08118641376495361 -1.5404958724975586 -0.08984864503145218 0.46282342076301575 0.040915243327617645 0.8809356093406677
1541978821.4104493 -0.43093860149383545 0.09956511855125427 -1.5735805034637451 -0.091619111597538 0.4647302031517029 0.00879726279526949 0.8806557059288025
1541978821.4408662 -0.4530668258666992 0.16974295675754547 -1.6042659282684326 -0.14054471254348755 0.45730385184288025 0.04942919686436653 0.8767423629760742
1541978821.4713051 -0.4851951599121094 0.22628837823867798 -1.6520458459854126 -0.1906634271144867 0.448326975107193 0.10418856143951416 0.867061197757721
1541978821.5016973 -0.5332303643226624 0.24427926540374756 -1.6733310222625732 -0.18711824715137482 0.4444650709629059 0.1189693734049797 0.8679193258285522
1541978821.5319953 -0.5742216110229492 0.24146074056625366 -1.693284511566162 -0.17334116995334625 0.44322827458381653 0.08906318992376328 0.8749682307243347
1541978821.5622332 -0.6265263557434082 0.2531898319721222 -1.6984672546386719 -0.16193361580371857 0.43982765078544617 0.05781504511833191 0.8814684748649597
1541978821.5925062 -0.6951234936714172 0.2735896706581116 -1.7085700035095215 -0.16783280670642853 0.43184852600097656 0.053325824439525604 0.8845877051353455
1541978821.6228192 -0.7386168241500854 0.30293914675712585 -1.7300384044647217 -0.20620721578598022 0.4170144200325012 0.0748491883277893 0.8820290565490723
1541978821.6531754 -0.8011071681976318 0.33417564630508423 -1.7431583404541016 -0.2186509370803833 0.4079897105693817 0.09251382201910019 0.881576657295227
1541978821.6835802 -0.8505337834358215 0.3207290768623352 -1.7373394966125488 -0.19963324069976807 0.4027259647846222 0.08100074529647827 0.8896051645278931
1541978821.7139692 -0.8910905718803406 0.3183363676071167 -1.7278047800064087 -0.20046524703502655 0.4057944715023041 0.023229118436574936 0.8914061188697815
1541978821.7443352 -0.9300130605697632 0.32314175367355347 -1.7582800388336182 -0.2124403864145279 0.40102264285087585 -0.008153864182531834 0.8910574913024902
1541978821.7746973 -0.9485579133033752 0.34993791580200195 -1.782492995262146 -0.2669222950935364 0.3877212405204773 0.0382053516805172 0.8814562559127808
1541978821.8050141 -0.9915571212768555 0.36058667302131653 -1.7956496477127075 -0.29457345604896545 0.3843022882938385 0.0694657638669014 0.8721885681152344
1541978821.8352363 -1.027235507965088 0.35326236486434937 -1.796278476715088 -0.2879503667354584 0.3870827555656433 0.05992453545331955 0.8738768100738525
1541978821.8653543 -1.0531889200210571 0.360917329788208 -1.8103578090667725 -0.2753698527812958 0.38224491477012634 0.023096032440662384 0.8817748427391052
1541978821.8955832 -1.0910810232162476 0.3469279110431671 -1.8102779388427734 -0.27420949935913086 0.37027421593666077 -0.0019074350129812956 0.8875260949134827
1541978821.9260783 -1.121415376663208 0.3540477454662323 -1.8239479064941406 -0.3027428984642029 0.35692086815834045 -0.0025165872648358345 0.8837125897407532
1541978821.9566944 -1.1603041887283325 0.3622048497200012 -1.8421894311904907 -0.3366248607635498 0.3514062464237213 0.017773263156414032 0.8734308481216431
1541978821.9873393 -1.2058534622192383 0.36853519082069397 -1.847656488418579 -0.34658947587013245 0.35199201107025146 0.027944078668951988 0.8690204620361328
1541978822.0179663 -1.2309483289718628 0.34715527296066284 -1.8639698028564453 -0.33623749017715454 0.3440926969051361 0.01338318269699812 0.8765646815299988
1541978822.0485702 -1.2431925535202026 0.3318375051021576 -1.8840043544769287 -0.31794968247413635 0.32660749554634094 -0.021894874051213264 0.889806866645813
1541978822.0792902 -1.2586127519607544 0.31014811992645264 -1.9053609371185303 -0.31343454122543335 0.3074904978275299 -0.057391077280044556 0.8966129422187805
1541978822.1101043 -1.2713903188705444 0.32349345088005066 -1.9165995121002197 -0.3312889337539673 0.2970846891403198 -0.07061229646205902 0.8927498459815979
1541978822.1408463 -1.2738595008850098 0.35958200693130493 -1.9528117179870605 -0.3658430576324463 0.288015216588974 -0.05262894928455353 0.8834230899810791
1541978822.1715024 -1.317786455154419 0.41840165853500366 -1.978661298751831 -0.3906261622905731 0.28858643770217896 -0.03302443400025368 0.8735207915306091
1541978822.2021263 -1.3381332159042358 0.42125004529953003 -1.995398759841919 -0.40049225091934204 0.28553444147109985 -0.039215147495269775 0.869792103767395
1541978822.2327242 -1.3528821468353271 0.41389912366867065 -1.9793484210968018 -0.3793547451496124 0.27829480171203613 -0.060074325650930405 0.8803596496582031
1541978822.2634192 -1.3564846515655518 0.3858732283115387 -1.964782476425171 -0.3543757498264313 0.2586670517921448 -0.09083360433578491 0.8940125703811646
1541978822.2943342 -1.3652883768081665 0.40835702419281006 -1.9627101421356201 -0.33818337321281433 0.2414567917585373 -0.12614615261554718 0.900787353515625
1541978822.3253462 -1.379357099533081 0.44568872451782227 -1.9431483745574951 -0.3536788821220398 0.23675671219825745 -0.13529598712921143 0.8947360515594482
1541978822.3563004 -1.3938380479812622 0.5065162181854248 -1.9523638486862183 -0.381388396024704 0.2395281344652176 -0.13123519718647003 0.883145809173584
1541978822.3872223 -1.4243227243423462 0.5667475461959839 -1.9301283359527588 -0.3842984437942505 0.24174940586090088 -0.11709558963775635 0.8832670450210571
1541978822.4181201 -1.4373984336853027 0.6017158031463623 -1.9072134494781494 -0.3683863878250122 0.23317851126194 -0.11787747591733932 0.8922019004821777
1541978822.4489872 -1.4534934759140015 0.6035173535346985 -1.8571829795837402 -0.3441968262195587 0.22087182104587555 -0.1334204226732254 0.9027420878410339
1541978822.4799092 -1.4781616926193237 0.5917079448699951 -1.8050551414489746 -0.3182925879955292 0.20928680896759033 -0.15024343132972717 0.9123134613037109
1541978822.5108984 -1.4927901029586792 0.6198797225952148 -1.7726411819458008 -0.31203389167785645 0.20483620464801788 -0.1565777212381363 0.91441810131073
1541978822.5418222 -1.5103085041046143 0.7088388204574585 -1.7451039552688599 -0.3234126567840576 0.21070000529289246 -0.13791678845882416 0.9121342301368713
1541978822.5726373 -1.541110634803772 0.7535381317138672 -1.701802372932434 -0.3287048637866974 0.2100609838962555 -0.10594520717859268 0.9146601557731628
1541978822.6033971 -1.5776664018630981 0.7927829027175903 -1.64338219165802 -0.3148816227912903 0.2069604992866516 -0.10319297760725021 0.9205260276794434
1541978822.6341293 -1.5824635028839111 0.7901347279548645 -1.5915021896362305 -0.29117274284362793 0.20141088962554932 -0.12266840785741806 0.9271486401557922
1541978822.6648962 -1.5821760892868042 0.7579381465911865 -1.5260564088821411 -0.2723153829574585 0.2010519951581955 -0.1380014717578888 0.930794358253479
1541978822.6957483 -1.5782382488250732 0.7894258499145508 -1.4676027297973633 -0.27189961075782776 0.20959731936454773 -0.14097848534584045 0.9285820722579956
1541978822.7266312 -1.5808813571929932 0.8335246443748474 -1.4309090375900269 -0.2867754399776459 0.211414635181427 -0.11248061805963516 0.9275839328765869
1541978822.7575023 -1.5847736597061157 0.8608244061470032 -1.3779700994491577 -0.2931499481201172 0.2047024965286255 -0.07486298680305481 0.9308897256851196
1541978822.7883523 -1.6062579154968262 0.8530862331390381 -1.3252995014190674 -0.2754412293434143 0.20110434293746948 -0.07034322619438171 0.937411904335022
1541978822.8191683 -1.6436556577682495 0.7559056282043457 -1.2332395315170288 -0.24824659526348114 0.20182661712169647 -0.09110990166664124 0.9430475234985352
1541978822.8500264 -1.6652536392211914 0.669097363948822 -1.1575812101364136 -0.21637576818466187 0.20131871104240417 -0.12145940959453583 0.9475758075714111
1541978822.8809602 -1.6824982166290283 0.6169553399085999 -1.1025742292404175 -0.1899598240852356 0.20172065496444702 -0.1373577117919922 0.9509768486022949
1541978822.9118552 -1.7136286497116089 0.5893758535385132 -1.0399479866027832 -0.1926526576280594 0.20880058407783508 -0.13009682297706604 0.9499274492263794
1541978822.9426172 -1.7219746112823486 0.620599091053009 -1.0054627656936646 -0.21193082630634308 0.2122516632080078 -0.11539953947067261 0.9469517469406128
1541978822.9732432 -1.7167295217514038 0.6105570197105408 -0.9613939523696899 -0.21207743883132935 0.20747315883636475 -0.09879037737846375 0.9498518705368042
1541978823.0037773 -1.758193850517273 0.577892541885376 -0.9053816199302673 -0.19280515611171722 0.20909348130226135 -0.10357038676738739 0.9530893564224243
1541978823.0342584 -1.7847559452056885 0.5015183091163635 -0.8586853742599487 -0.16923512518405914 0.2110404670238495 -0.12015923857688904 0.9551875591278076
1541978823.0647283 -1.7915594577789307 0.4483337998390198 -0.823162853717804 -0.14037464559078217 0.21620212495326996 -0.1324494481086731 0.9570834636688232
1541978823.0951881 -1.7859474420547485 0.41245797276496887 -0.7985663414001465 -0.12331556528806686 0.2227383404970169 -0.12676644325256348 0.9587029218673706
1541978823.1256473 -1.7808235883712769 0.4311317801475525 -0.7756270170211792 -0.12825533747673035 0.22939077019691467 -0.11282975226640701 0.9582275152206421
1541978823.1561272 -1.788070797920227 0.4704260230064392 -0.7563554048538208 -0.14878545701503754 0.23148128390312195 -0.08898165076971054 0.9572678208351135
1541978823.1866262 -1.7865095138549805 0.4871528744697571 -0.7527400255203247 -0.15076346695423126 0.22725442051887512 -0.07734207063913345 0.9589807391166687
1541978823.2171063 -1.81731379032135 0.4631763994693756 -0.7265905141830444 -0.13152723014354706 0.23168255388736725 -0.08793912827968597 0.9598388075828552
1541978823.2475452 -1.7320518493652344 0.3391202688217163 -0.7608574628829956 -0.11623939126729965 0.22020414471626282 -0.10864286869764328 0.9623904228210449
1541978823.2779613 -1.7465293407440186 0.3028964698314667 -0.7617781162261963 -0.0944870263338089 0.2288302481174469 -0.13121439516544342 0.9599435925483704
1541978823.3083782 -1.73252534866333 0.3078010082244873 -0.7623535990715027 -0.08639489859342575 0.23970822989940643 -0.12908460199832916 0.9583387970924377
1541978823.3388224 -1.6316498517990112 0.2909836173057556 -0.8145986795425415 -0.10598170757293701 0.2364596724510193 -0.0884695053100586 0.9617837071418762
1541978823.3692813 -1.570144534111023 0.3588903844356537 -0.8589287996292114 -0.12386728078126907 0.24341338872909546 -0.0528528168797493 0.9605276584625244
1541978823.3996873 -1.5236927270889282 0.40276721119880676 -0.9052973389625549 -0.13075929880142212 0.24762281775474548 -0.02806626632809639 0.9595818519592285
1541978823.4300282 -1.489848017692566 0.39146754145622253 -0.9369516968727112 -0.13437558710575104 0.2516413927078247 -0.028456944972276688 0.9580240249633789
1541978823.4603772 -1.4591114521026611 0.37050414085388184 -0.9751386642456055 -0.1299179047346115 0.25061020255088806 -0.04549305886030197 0.9582517147064209
1541978823.4907992 -1.457373023033142 0.3316061496734619 -0.9857816696166992 -0.12633104622364044 0.2517088055610657 -0.06802237778902054 0.957108199596405
1541978823.5213323 -1.4424716234207153 0.3044944405555725 -1.0246328115463257 -0.1255977600812912 0.2507684826850891 -0.09279698878526688 0.9553686380386353
1541978823.5519872 -1.4372645616531372 0.29422062635421753 -1.0633333921432495 -0.12562017142772675 0.2547610402107239 -0.1010211929678917 0.9534732103347778
1541978823.5827622 -1.3954044580459595 0.31525856256484985 -1.1112020015716553 -0.12948490679264069 0.2608279585838318 -0.09115435183048248 0.9523094892501831
1541978823.6136632 -1.3427259922027588 0.33571869134902954 -1.1939420700073242 -0.14301900565624237 0.26847079396247864 -0.07129084318876266 0.9499403834342957
1541978823.6447012 -1.2901920080184937 0.36023297905921936 -1.2782840728759766 -0.15530666708946228 0.27792787551879883 -0.051393188536167145 0.9465699791908264
1541978823.6758273 -1.2478554248809814 0.37956976890563965 -1.3679825067520142 -0.16871784627437592 0.29054874181747437 -0.04057292640209198 0.9409939646720886
1541978823.7069602 -1.2266209125518799 0.3847782611846924 -1.4362653493881226 -0.18090789020061493 0.3040664792060852 -0.034165140241384506 0.9346917867660522
1541978823.7380342 -1.236288070678711 0.3946608603000641 -1.4811170101165771 -0.18538779020309448 0.31268006563186646 -0.02591633051633835 0.9312307834625244
1541978823.7690043 -1.2512816190719604 0.4230806231498718 -1.514555811882019 -0.19254913926124573 0.3152081072330475 -0.026031166315078735 0.9289193749427795
1541978823.7998703 -1.2739535570144653 0.4513559937477112 -1.546238660812378 -0.19607622921466827 0.3139624297618866 -0.024434275925159454 0.9286467432975769
1541978823.8306882 -1.3158788681030273 0.4746699035167694 -1.5435473918914795 -0.19418400526046753 0.3119751214981079 -0.019925432279706 0.9298210740089417
1541978823.8614883 -1.3388105630874634 0.5306577086448669 -1.5646069049835205 -0.19046366214752197 0.29927048087120056 -0.02559073083102703 0.934615433216095
1541978823.8922822 -1.4057471752166748 0.5826830863952637 -1.5288159847259521 -0.18683795630931854 0.29007798433303833 -0.028881600126624107 0.9381430149078369
1541978823.9230723 -1.469376564025879 0.6445972323417664 -1.5095875263214111 -0.1843113899230957 0.2759350836277008 -0.03025517426431179 0.942854106426239
1541978823.9538333 -1.53307044506073 0.7042663097381592 -1.472299337387085 -0.18012270331382751 0.26909196376800537 -0.027411676943302155 0.9457240700721741
1541978823.9845421 -1.5914140939712524 0.7258785367012024 -1.429964542388916 -0.17429381608963013 0.2682802081108093 -0.02287355624139309 0.9471664428710938
1541978824.0151923 -1.5989525318145752 0.6832937002182007 -1.4137440919876099 -0.1660841852426529 0.2679896056652069 -0.01638435199856758 0.948856770992279
1541978824.0458362 -1.603749394416809 0.617142379283905 -1.4219939708709717 -0.16081684827804565 0.27153995633125305 -0.01472947932779789 0.9487819075584412
1541978824.0765312 -1.5735012292861938 0.5616277456283569 -1.4330780506134033 -0.1528489589691162 0.275171160697937 -0.015219415538012981 0.9490450620651245
1541978824.1072843 -1.5746973752975464 0.5484467148780823 -1.4206663370132446 -0.13513031601905823 0.2809315025806427 -0.0054317316971719265 0.9501515030860901
1541978824.1380522 -1.5899124145507812 0.5263704061508179 -1.414405107498169 -0.1325768083333969 0.2808271646499634 0.007877087220549583 0.9505248665809631
1541978824.1688023 -1.6102715730667114 0.5986529588699341 -1.3966991901397705 -0.12621694803237915 0.2776171565055847 0.014800130389630795 0.9522494673728943
1541978824.1995523 -1.632665991783142 0.639277458190918 -1.392664909362793 -0.12672507762908936 0.2691931128501892 0.028053734451532364 0.9543001651763916
1541978824.2303042 -1.7010776996612549 0.7058331370353699 -1.3684656620025635 -0.13178516924381256 0.26758667826652527 0.030830034986138344 0.9539809226989746
1541978824.2610064 -1.7307250499725342 0.7980085611343384 -1.3558783531188965 -0.13888895511627197 0.26473087072372437 0.023695942014455795 0.9539737701416016
1541978824.2916033 -1.7481855154037476 0.8895015716552734 -1.3629177808761597 -0.1489090621471405 0.26622384786605835 0.011445862241089344 0.9522709846496582
