1542145548597695.0 -0.0 -0.0 -0.0 -0.0 -0.0 1.0 -0.0
1542145548622706.0 0.0019041988 0.0005262758 -0.0011761524 0.0014424884 0.023065444 0.99971837 0.0054096137
1542145548647708.0 0.0041652336 0.00094748946 -0.0028715122 -0.00053230446 0.050444476 0.9986607 0.011486999
1542145548672679.0 0.0067484975 0.0017525943 -0.004692508 -0.0049190596 0.08438809 0.99621546 0.020231223
1542145548697595.0 0.009752973 0.0027337915 -0.0067599025 -0.00848649 0.121560685 0.99212533 0.028955622
1542145548722445.0 0.02565362 0.0023520067 -0.01789916 -0.0067692786 0.15093222 0.9877216 0.0397471
1542145548747234.0 0.036698 0.0020436018 -0.023839729 -0.008566324 0.16949119 0.9843315 0.04786362
1542145548771980.0 0.036698 0.0020436018 -0.023839729 -0.008566324 0.16949119 0.9843315 0.04786362
1542145548796695.0 0.025593162 0.0036652 -0.016013823 -0.016397135 0.1542884 0.98700553 0.0417888
1542145548821380.0 0.016081562 0.0041139578 -0.010847859 -0.017016467 0.14010012 0.9893324 0.036109775
1542145548846047.0 0.009781612 0.004476168 -0.007354926 -0.013852467 0.124410264 0.9916963 0.02947587
1542145548870720.0 0.0052018473 0.0044571813 -0.005210907 -0.011672676 0.113761716 0.99313766 0.02448888
1542145548895408.0 0.0054141125 0.0034130155 -0.002532255 -0.011612265 0.11162291 0.9934475 0.021626411
1542145548920110.0 0.009141178 0.0046528685 -0.0075497353 -0.01243674 0.11810331 0.992646 0.02347296
1542145548944821.0 0.012782187 0.0054029278 -0.009955076 -0.012919918 0.1250425 0.99172854 0.025924912
1542145548969536.0 0.014931475 0.006103918 -0.010605853 -0.0149907 0.13017373 0.9909764 0.028211588
1542145548994254.0 0.0120300045 0.005606194 -0.008098108 -0.015813421 0.12844598 0.99122304 0.02699301
1542145549018977.0 0.010289257 0.00503248 -0.006152788 -0.014733267 0.12456122 0.9917445 0.026652945
1542145549043700.0 0.010007268 0.005648134 -0.0069518196 -0.014400445 0.12237457 0.9920418 0.025886204
1542145549068419.0 0.006681159 0.0040076515 -0.0064528994 -0.011325782 0.121281356 0.9922687 0.023780834
1542145549093134.0 0.010822475 0.0042750863 -0.006756453 -0.01134877 0.12396553 0.9918921 0.025571221
1542145549117840.0 0.02117005 0.0015749297 -0.014379726 -0.0134846885 0.1251179 0.9918396 0.020444088
1542145549142536.0 0.0073379683 -0.0024075485 -0.025761107 -0.010943771 0.124247044 0.99202335 0.018239597
1542145549167226.0 0.26285458 -0.060494244 0.018474352 -0.364411 -0.017149579 0.92059857 -0.13931584
1542145549191914.0 0.26265335 -0.055989213 0.004369274 -0.35979623 -0.011637064 0.9222994 -0.14062381
1542145549216597.0 0.23954953 -0.08269096 0.002339188 -0.34847018 -0.015132931 0.9264194 -0.14172786
1542145549241270.0 0.31160584 -0.05866576 -0.0063106045 -0.3498333 -0.026547093 0.9269691 -0.13281666
1542145549265932.0 0.36088848 -0.040464476 -0.07037293 -0.34520432 -0.017236667 0.92899406 -0.13231401
1542145549290585.0 0.31827003 -0.05515676 0.017522119 -0.3524076 -0.014775594 0.9258089 -0.13589908
1542145549315232.0 0.28813213 -0.062524416 -0.0059997626 -0.33345243 -0.018861597 0.93473756 -0.121323705
1542145549339878.0 0.25021338 -0.06689359 0.020793771 -0.3244841 -0.021044873 0.9375042 -0.123907804
1542145549364525.0 0.25762793 -0.08465378 -0.005568523 -0.31391284 -0.029049797 0.94133925 -0.120396845
1542145549389181.0 0.2741552 -0.07090405 0.0395036 -0.34757775 -0.03345707 0.9289672 -0.12284263
1542145549413851.0 0.27080584 -0.06984617 0.04173166 -0.34130612 -0.036509328 0.9319339 -0.11694681
1542145549438536.0 0.26922238 -0.089791976 0.04713955 -0.33294496 -0.050805077 0.93522775 -0.10915847
1542145549463235.0 0.27314526 -0.078117386 0.033715393 -0.32822344 -0.04727626 0.9378292 -0.10252256
1542145549487951.0 0.28095776 -0.08413384 0.042294696 -0.32933846 -0.04396194 0.9370069 -0.107804015
1542145549512679.0 0.28667024 -0.09661876 0.020123474 -0.31731692 -0.050206188 0.93894535 -0.12317081
1542145549537420.0 0.2848645 -0.09305824 0.035614822 -0.31988025 -0.05290994 0.9385642 -0.11821416
1542145549562169.0 0.28373283 -0.09404507 0.03960727 -0.31778395 -0.057819124 0.93882966 -0.119454004
1542145549586921.0 0.28979504 -0.07785568 0.044745173 -0.32855293 -0.058544897 0.9374504 -0.09905707
1542145549611673.0 0.2926241 -0.07925576 0.043751024 -0.32579136 -0.06570599 0.9381771 -0.09678079
1542145549636430.0 0.29175186 -0.07639484 0.046185937 -0.32441285 -0.06869057 0.93902254 -0.09096501
1542145549661185.0 0.29172403 -0.075303644 0.0465976 -0.32275006 -0.072002895 0.9396631 -0.08764243
1542145549685937.0 0.2943414 -0.07622053 0.047179468 -0.32373837 -0.07036682 0.93909085 -0.091380276
1542145549710681.0 0.29311913 -0.07544168 0.045419082 -0.31766334 -0.077455476 0.9411031 -0.08611407
1542145549735424.0 0.30116445 -0.07493223 0.037671536 -0.31883436 -0.07321908 0.9407441 -0.089354165
1542145549760170.0 0.3044006 -0.07669237 0.038942635 -0.3236799 -0.073256984 0.93879676 -0.09233328
1542145549784915.0 0.3024522 -0.07380847 0.039852772 -0.32194546 -0.07316497 0.9399207 -0.08687438
1542145549809654.0 0.3044353 -0.07683478 0.04127574 -0.329349 -0.060728587 0.9369574 -0.099760756
1542145549834375.0 0.30397707 -0.07553251 0.037250757 -0.32686722 -0.06353098 0.93801177 -0.09620627
1542145549859083.0 0.30791098 -0.07569059 0.030324798 -0.3250353 -0.06802277 0.93843126 -0.095246054
1542145549883788.0 0.30526572 -0.0745205 0.029517084 -0.32195032 -0.0717727 0.93964446 -0.09091233
1542145549908489.0 0.30809346 -0.07409876 0.023435174 -0.32039833 -0.07392553 0.9402201 -0.08869117
1542145549933182.0 0.3142815 -0.07487613 0.018709633 -0.3250437 -0.066963054 0.93861866 -0.094115324
1542145549957867.0 0.31781238 -0.07428404 0.012867071 -0.32570654 -0.06500995 0.9384385 -0.09498567
1542145549982544.0 0.31690496 -0.0750008 0.012285762 -0.3284964 -0.060192935 0.93758106 -0.09699846
1542145550007217.0 0.31657225 -0.078142084 0.01443306 -0.33572203 -0.05001345 0.93458873 -0.10645831
1542145550031884.0 0.31820032 -0.0770912 0.011626922 -0.33704334 -0.04848742 0.93427026 -0.10578221
1542145550056537.0 0.31738794 -0.07753598 0.013201728 -0.34106603 -0.047775272 0.93279094 -0.10626668
1542145550081178.0 0.31472754 -0.078969546 0.014288273 -0.34417593 -0.040990215 0.93140924 -0.11108391
1542145550105813.0 0.31424296 -0.08058312 0.015959896 -0.34878394 -0.03427683 0.9292029 -0.117289916
1542145550130446.0 0.3142705 -0.08011631 0.015938599 -0.35133633 -0.030249633 0.92785287 -0.12139544
1542145550155073.0 0.31015068 -0.08096245 0.020174224 -0.35314655 -0.023692649 0.92658293 -0.12716259
1542145550179687.0 0.3112231 -0.07982414 0.018617053 -0.35452506 -0.024565488 0.92591083 -0.1280535
1542145550204295.0 0.3096661 -0.078963116 0.01969387 -0.35599074 -0.021703426 0.9250865 -0.13043982
1542145550228901.0 0.3084707 -0.07854304 0.020096697 -0.35543916 -0.022910463 0.92514575 -0.13131449
1542145550253511.0 0.30541682 -0.07683212 0.021253366 -0.35611436 -0.01881911 0.92464674 -0.13362966
1542145550278124.0 0.30813757 -0.076638676 0.021261863 -0.36030877 -0.013655367 0.9224547 -0.13808899
1542145550302744.0 0.31043875 -0.07589844 0.02175396 -0.36269543 -0.008074219 0.92102283 -0.141788
1542145550327374.0 0.30976653 -0.07264259 0.015393887 -0.35695645 -0.013760922 0.9240552 -0.13606893
1542145550352012.0 0.3031145 -0.07523276 0.024003953 -0.35884994 -0.013625634 0.9228135 -0.13948637
1542145550376653.0 0.3094536 -0.07011593 0.014557831 -0.35583043 -0.017813018 0.9250353 -0.1318225
1542145550401291.0 0.29759812 -0.07644965 0.02481088 -0.35580406 -0.019738011 0.92462945 -0.13444082
1542145550425927.0 0.28608775 -0.07422494 0.026704304 -0.34712058 -0.027113184 0.9289391 -0.12587489
1542145550450555.0 0.28652918 -0.07698869 0.030655427 -0.35290873 -0.022573093 0.92605233 -0.13180695
1542145550475186.0 0.28035375 -0.07553695 0.032936435 -0.34758967 -0.030473722 0.9289956 -0.12336963
1542145550499819.0 0.28122854 -0.07865732 0.03577661 -0.35028598 -0.028641857 0.92764705 -0.12629479
1542145550524451.0 0.28133637 -0.08445775 0.04396248 -0.35849184 -0.019027652 0.9231796 -0.13733502
1542145550549081.0 0.2824718 -0.08477739 0.044406872 -0.36116484 -0.014356638 0.92208314 -0.1382629
1542145550573711.0 0.2791417 -0.08645587 0.04775128 -0.35974202 -0.01677682 0.92276174 -0.13716778
1542145550598342.0 0.27815175 -0.08519054 0.04212658 -0.35238436 -0.027635936 0.9266038 -0.12832381
1542145550622975.0 0.27180406 -0.08786672 0.042380337 -0.3488815 -0.029562717 0.9282033 -0.1258829
1542145550647611.0 0.27074546 -0.084998965 0.04077826 -0.34589761 -0.03270769 0.929848 -0.12111023
1542145550672252.0 0.27228698 -0.08347094 0.04053736 -0.34991223 -0.028766459 0.92809784 -0.12396937
1542145550696896.0 0.28787136 -0.07884532 0.027788011 -0.3518978 -0.022831358 0.92690176 -0.12845185
1542145550721550.0 0.2875048 -0.07845324 0.026172647 -0.3491759 -0.024165422 0.9277048 -0.12983096
1542145550746206.0 0.2597949 -0.07810148 0.04698901 -0.3356824 -0.052295547 0.93426585 -0.1083045
1542145550770865.0 0.25816166 -0.07919374 0.05208725 -0.34337375 -0.039658155 0.930842 -0.11855359
1542145550795531.0 0.25671703 -0.07699548 0.05243317 -0.3436726 -0.03768036 0.9309069 -0.11782081
1542145550820205.0 0.2556595 -0.07428914 0.051167496 -0.34092432 -0.04318761 0.9320433 -0.114894666
1542145550844891.0 0.25777575 -0.072873145 0.049849417 -0.34386414 -0.03913839 0.9305973 -0.119224034
1542145550869590.0 0.25817764 -0.06891016 0.047251873 -0.34235883 -0.043126345 0.93134767 -0.11628482
1542145550894298.0 0.2555395 -0.06777997 0.047595724 -0.3420115 -0.0439722 0.93136907 -0.11681745
1542145550919010.0 0.2533218 -0.064736776 0.04553003 -0.33934063 -0.049657885 0.932501 -0.113242984
1542145550943726.0 0.25160697 -0.063718125 0.04660829 -0.33955085 -0.050726186 0.93236506 -0.11325923
1542145550968439.0 0.25209913 -0.058574937 0.041831568 -0.3371349 -0.054595098 0.9337546 -0.10705921
1542145550993144.0 0.2508643 -0.058288887 0.04088854 -0.3380344 -0.052804112 0.9331279 -0.110529765
1542145551017841.0 0.24909417 -0.058420632 0.04216655 -0.34074584 -0.052687414 0.9319841 -0.111901954
1542145551042530.0 0.24917834 -0.05791208 0.03796317 -0.34060344 -0.050210603 0.9318484 -0.11457245
1542145551067209.0 0.24794364 -0.059137445 0.03886396 -0.3457966 -0.04338894 0.92974156 -0.11883898
1542145551091875.0 0.25316888 -0.05955726 0.03529736 -0.35456935 -0.034405194 0.9260085 -0.124920316
1542145551116525.0 0.24925411 -0.062489696 0.03649824 -0.35568964 -0.024691131 0.9247331 -0.13320635
1542145551141152.0 0.25171736 -0.06111666 0.03430226 -0.36028516 -0.023522682 0.9231719 -0.1318905
1542145551165755.0 0.2516838 -0.061553948 0.032451104 -0.36299917 -0.01630849 0.92185813 -0.1346969
1542145551190341.0 0.24993092 -0.06368263 0.032204293 -0.36385986 -0.013808812 0.92101365 -0.13838069
1542145551214912.0 0.25110143 -0.06426325 0.03096234 -0.36902425 -0.011157798 0.9188114 -0.13957927
1542145551239468.0 0.25196287 -0.066031076 0.03201639 -0.37422583 -0.0049636792 0.9159854 -0.14457233
1542145551264012.0 0.2516576 -0.06515521 0.028424945 -0.3701501 -0.009699904 0.91826963 -0.14027022
1542145551288551.0 0.2483302 -0.06620834 0.031996444 -0.3735329 -0.0018891159 0.91672134 -0.1417448
1542145551313091.0 0.25725788 -0.07444243 0.024330027 -0.3765794 0.0083110705 0.91283274 -0.1576557
1542145551337636.0 0.25795445 -0.073880255 0.021997657 -0.37476888 0.0030012068 0.91403455 -0.15517797
1542145551362180.0 0.2616598 -0.07248132 0.019985184 -0.37550288 0.0056518447 0.9140191 -0.15341033
1542145551386732.0 0.2699734 -0.07048477 0.01117637 -0.37470117 0.0023481592 0.9148811 -0.15028676
1542145551411289.0 0.25913978 -0.07152065 0.019644693 -0.37006813 -0.0023800994 0.9169283 -0.14928669
1542145551435849.0 0.2708177 -0.07243535 0.010587245 -0.3748837 0.0006859319 0.9148801 -0.14985417
1542145551460410.0 0.2683221 -0.07072707 0.013469495 -0.3731753 0.0004239274 0.9159079 -0.14782684
1542145551484972.0 0.26866934 -0.07104817 0.014896184 -0.37214854 -0.0007124794 0.916658 -0.14574999
1542145551509540.0 0.27020878 -0.07111832 0.01349467 -0.3689273 -0.0029258253 0.9181194 -0.14471
1542145551534103.0 0.26687545 -0.07149854 0.017451439 -0.36580127 -0.0075190393 0.91972506 -0.14226319
1542145551558658.0 0.26885885 -0.07083196 0.017041747 -0.36353663 -0.010241411 0.9211702 -0.13849843
1542145551583201.0 0.26996887 -0.06980033 0.016172666 -0.35949615 -0.016425915 0.9236733 -0.13160734
1542145551607735.0 0.2742853 -0.07189688 0.01687076 -0.36185008 -0.010580487 0.92222834 -0.13582161
1542145551632267.0 0.27184075 -0.07191637 0.017796863 -0.35546875 -0.016005957 0.92540145 -0.13045341
1542145551656803.0 0.27176207 -0.07396739 0.019681767 -0.35315257 -0.012453091 0.9261951 -0.1314946
1542145551681340.0 0.27876356 -0.082085505 0.02676927 -0.36618263 -0.0038603868 0.9192371 -0.14456342
1542145551705877.0 0.27746448 -0.08258128 0.027316285 -0.35925972 -0.015717309 0.9230198 -0.1368205
1542145551730418.0 0.28067946 -0.083961666 0.028983574 -0.35921326 -0.016997213 0.9230643 -0.1364896
1542145551754970.0 0.28283235 -0.08293809 0.027177813 -0.35418302 -0.02477572 0.92581636 -0.12963296
1542145551779537.0 0.2789486 -0.0837511 0.029919377 -0.34855956 -0.030893264 0.9284457 -0.124661505
1542145551804114.0 0.28327456 -0.0825794 0.027372774 -0.34410655 -0.03784177 0.93074745 -0.117762156
1542145551828706.0 0.284039 -0.08315243 0.02922033 -0.3418785 -0.037905872 0.93159187 -0.117553644
1542145551853315.0 0.28613752 -0.08393431 0.030012893 -0.34089252 -0.0402811 0.9320827 -0.11572247
1542145551877939.0 0.2869926 -0.08640133 0.035139874 -0.34451035 -0.029738383 0.93018574 -0.123218976
1542145551902578.0 0.2870794 -0.08679796 0.03643029 -0.34196287 -0.027594117 0.93113804 -0.12362042
1542145551927234.0 0.28983963 -0.08582931 0.03576894 -0.34060395 -0.029330762 0.9318276 -0.12176194
1542145551951902.0 0.28998008 -0.086472586 0.036979157 -0.33817923 -0.034451872 0.9326563 -0.12083117
1542145551976574.0 0.29499325 -0.08492183 0.047049813 -0.34878117 -0.03602418 0.9288336 -0.11967533
1542145552001250.0 0.29621077 -0.08335813 0.04394877 -0.34209934 -0.045118447 0.9317709 -0.11285139
1542145552025928.0 0.29618198 -0.082313664 0.044602472 -0.34078446 -0.0461605 0.9322272 -0.11263979
1542145552050604.0 0.29586202 -0.08107178 0.044295534 -0.3364118 -0.05244186 0.9339323 -0.10884551
1542145552075277.0 0.29999584 -0.0818097 0.046500694 -0.34182414 -0.04668535 0.9315123 -0.11515924
1542145552099943.0 0.30063063 -0.08060205 0.045645144 -0.34034675 -0.04206961 0.93201613 -0.11721873
1542145552124599.0 0.3065514 -0.08019086 0.04505411 -0.34563136 -0.033054534 0.92956054 -0.12394995
1542145552149243.0 0.3008783 -0.079152636 0.0478825 -0.34073514 -0.042048756 0.93169934 -0.118608534
1542145552173877.0 0.30141017 -0.077855326 0.04715398 -0.34077135 -0.042654585 0.93169546 -0.1183174
1542145552198508.0 0.3068118 -0.07524095 0.042708304 -0.33989963 -0.045589212 0.9322661 -0.11519477
1542145552223135.0 0.3033362 -0.07494318 0.043236926 -0.33838773 -0.047741108 0.93272316 -0.11507413
1542145552247755.0 0.30437285 -0.07376193 0.040785436 -0.3352111 -0.05406058 0.9341787 -0.1096413
1542145552272370.0 0.30677286 -0.0722867 0.036730994 -0.33247223 -0.05749832 0.93499845 -0.10924346
1542145552296981.0 0.31138968 -0.06996594 0.03385476 -0.3348395 -0.05691129 0.9345697 -0.10593941
1542145552321590.0 0.30915293 -0.06885432 0.033860955 -0.33270627 -0.06248385 0.9353995 -0.10212848
1542145552346199.0 0.30505085 -0.06928752 0.03503994 -0.32980898 -0.0645666 0.93639535 -0.10109939
1542145552370808.0 0.31541082 -0.070642464 0.033530533 -0.34220615 -0.045255367 0.93147177 -0.11492254
1542145552395421.0 0.31230912 -0.07234098 0.03672208 -0.34492925 -0.04152909 0.9302334 -0.11817358
1542145552420041.0 0.30974153 -0.07489607 0.041336376 -0.34871286 -0.034421742 0.92817587 -0.12531556
1542145552444664.0 0.31688553 -0.07264617 0.032316655 -0.3475872 -0.038341098 0.9291094 -0.12028664
1542145552469286.0 0.31512535 -0.072474904 0.03140043 -0.34357703 -0.047575004 0.93091625 -0.114396065
1542145552493913.0 0.31740183 -0.07277637 0.030358981 -0.34800482 -0.0414394 0.9291214 -0.11793641
1542145552518548.0 0.31405875 -0.07273436 0.028964 -0.34531325 -0.04629833 0.9302676 -0.1149671
1542145552543186.0 0.31663698 -0.071010344 0.023599727 -0.34366173 -0.04826121 0.9313285 -0.11042949
1542145552567828.0 0.3139678 -0.07504176 0.028204845 -0.34959686 -0.034081206 0.9282481 -0.12237615
1542145552592470.0 0.3160597 -0.07717175 0.028763084 -0.3531309 -0.028926386 0.9266358 -0.12572984
1542145552617108.0 0.30322617 -0.078883454 0.03677192 -0.3526581 -0.031518124 0.92664564 -0.12636031
1542145552641744.0 0.31092894 -0.08031705 0.033530783 -0.36029434 -0.019372243 0.9230347 -0.13349026
1542145552666375.0 0.30380452 -0.080535725 0.03672152 -0.3582378 -0.024773665 0.9242523 -0.12965211
1542145552691000.0 0.30771846 -0.07963213 0.030165186 -0.35596147 -0.029356357 0.92578965 -0.12386747
1542145552715620.0 0.3034279 -0.08182196 0.03314598 -0.35852823 -0.026652379 0.92456186 -0.12622437
1542145552740237.0 0.30174172 -0.080552205 0.031772047 -0.35444885 -0.03388031 0.9265779 -0.12112626
1542145552764852.0 0.29861188 -0.08074319 0.032576486 -0.3543485 -0.0344722 0.92656314 -0.12136563
1542145552789469.0 0.3032989 -0.07921057 0.027209586 -0.3531689 -0.043873265 0.92770135 -0.11277014
1542145552814083.0 0.29603547 -0.079815395 0.031131424 -0.3515163 -0.043508958 0.9281424 -0.11443337
1542145552838695.0 0.29440498 -0.08100313 0.032665033 -0.35265008 -0.044463564 0.9276734 -0.11438121
1542145552863305.0 0.29303083 -0.08247114 0.033396017 -0.35508975 -0.039320447 0.92642397 -0.11875998
1542145552887918.0 0.29261592 -0.0829523 0.03333946 -0.35728547 -0.03502883 0.92527443 -0.12242322
1542145552912542.0 0.2905718 -0.08441935 0.035853136 -0.35954648 -0.03148611 0.92409354 -0.12564248
1542145552937180.0 0.2888502 -0.08566943 0.0394553 -0.36460394 -0.022619616 0.92148393 -0.1319839
1542145552961827.0 0.28758612 -0.084639445 0.036899567 -0.36018378 -0.032991614 0.92382646 -0.12539534
1542145552986482.0 0.2820819 -0.0818541 0.028770301 -0.34954736 -0.034898628 0.928446 -0.12077586
1542145553011131.0 0.2762272 -0.0805012 0.030924045 -0.34555098 -0.041731574 0.9303142 -0.115622245
1542145553035772.0 0.2767574 -0.078729965 0.02650385 -0.34406084 -0.041981686 0.93092376 -0.1150681
