1541978775364538.0 -0.0 -0.0 -0.0 -0.0 -0.0 1.0 -0.0
1541978775394292.0 -0.0 -0.0 -0.0 -0.0 -0.0 1.0 -0.0
1541978775424239.0 0.05325342 -0.0006284774 0.016342744 0.013652345 0.002730891 0.9998996 0.0026481457
1541978775454367.0 0.078959584 -0.0020862895 0.019949479 0.018079598 0.0055533573 0.9998211 0.0002450082
1541978775484636.0 0.078959584 -0.0020862895 0.019949479 0.018079598 0.0055533573 0.9998211 0.0002450082
1541978775514985.0 0.12079415 -0.004878734 0.02064196 0.025011618 0.011285843 0.9995749 -0.009855012
1541978775545349.0 0.12079415 -0.004878734 0.02064196 0.025011618 0.011285843 0.9995749 -0.009855012
1541978775575698.0 0.15518099 -0.0072026467 0.0145360315 0.03649879 0.007995323 0.99915034 -0.017393922
1541978775606049.0 0.17076966 -0.0074344203 0.009283801 0.041819945 0.0072260476 0.99903584 -0.011239841
1541978775636431.0 0.18554704 -0.0072976905 0.0022643057 0.042147055 0.009391599 0.9990662 0.0014893722
1541978775666853.0 0.19913319 -0.007593407 -0.0039658644 0.039415058 0.006833498 0.99909204 0.014661216
1541978775697287.0 0.21369389 -0.0071318736 -0.013787887 0.03756557 -0.0014507204 0.99899656 0.024346927
1541978775727686.0 0.22992212 -0.006034093 -0.024627432 0.03647469 -0.011266849 0.99884677 0.029116534
1541978775757999.0 0.2466921 -0.003271792 -0.03574755 0.036611293 -0.021581886 0.99871045 0.027772889
1541978775788173.0 0.26318556 0.00042354345 -0.04722832 0.041794267 -0.0359207 0.9982539 0.02126353
1541978775818194.0 0.28253958 0.0044201706 -0.06400215 0.04906579 -0.052215416 0.99736977 0.01093919
1541978775848086.0 0.2991637 0.0078057596 -0.08184147 0.06010732 -0.065574974 0.9960357 5.1227627e-05
1541978775877881.0 0.29999048 0.01068899 -0.10427567 0.078127176 -0.07462384 0.9940775 -0.011726472
1541978775907630.0 0.3131851 0.011259533 -0.12758702 0.09161553 -0.07701244 0.99255246 -0.022699706
1541978775937378.0 0.32264286 0.014776386 -0.1512045 0.103379555 -0.07623689 0.99126303 -0.029970838
1541978775967152.0 0.32981235 0.023237284 -0.17838058 0.11348124 -0.076995015 0.9900259 -0.032289863
1541978775996950.0 0.33629784 0.026109258 -0.2047088 0.12297428 -0.07360476 0.9891298 -0.03289525
1541978776026753.0 0.34024197 0.030169956 -0.23207174 0.1321093 -0.063037105 0.9888934 -0.025755925
1541978776056537.0 0.3295566 0.050873417 -0.25759557 0.14619102 -0.05121519 0.98788357 -0.00955398
1541978776086251.0 0.32616934 0.05482918 -0.2832187 0.15705316 -0.043177582 0.9866442 -0.0018179612
1541978776115835.0 0.3171831 0.05910747 -0.3066807 0.17326309 -0.039779842 0.9840717 0.0006008554
1541978776145243.0 0.30700928 0.07278952 -0.3217884 0.19019489 -0.033738375 0.9811479 0.006042137
1541978776174441.0 0.29750767 0.081890635 -0.3398296 0.20160921 -0.018916957 0.97921157 0.011858324
1541978776203432.0 0.28720284 0.09464226 -0.3545526 0.20986608 -0.0009787226 0.97752565 0.019972766
1541978776232269.0 0.2763291 0.10280529 -0.36560488 0.21580578 0.01307263 0.9760227 0.025232978
1541978776261033.0 0.2626922 0.11574013 -0.37519976 0.21705471 0.022810834 0.9754856 0.028192217
1541978776289782.0 0.24078244 0.12282361 -0.37914547 0.21402666 0.026395567 0.9760794 0.027656287
1541978776318540.0 0.23127481 0.13455866 -0.3868275 0.20183547 0.026823185 0.9786977 0.026340447
1541978776347304.0 0.21855485 0.14842716 -0.38520926 0.18731152 0.026428627 0.98163736 0.024580633
1541978776376065.0 0.20647839 0.15785965 -0.39502665 0.16761737 0.023531971 0.98533225 0.021704188
1541978776404828.0 0.18191645 0.17141013 -0.3913279 0.14955959 0.020771284 0.9883206 0.02056677
1541978776433589.0 0.14533193 0.17596863 -0.4037 0.13218842 0.017690599 0.9909475 0.015376902
1541978776462336.0 0.12436289 0.19095664 -0.3998027 0.11051318 0.013221524 0.99367017 0.015222384
1541978776491044.0 0.102549225 0.21264036 -0.38764983 0.087313145 0.0077264216 0.99604523 0.014514611
1541978776519695.0 0.083970875 0.22880954 -0.38146752 0.06498335 -0.00048635795 0.9978263 0.010944075
1541978776548288.0 0.044482782 0.24860616 -0.3886774 0.048528567 -0.016228294 0.9986752 0.0054307086
1541978776576848.0 0.013310359 0.27318907 -0.37966874 0.030054249 -0.029529842 0.99910676 0.0032383467
1541978776605398.0 -0.025984876 0.2981587 -0.38282433 0.011942448 -0.04240214 0.9990258 0.0026194968
1541978776633955.0 -0.07083354 0.31317836 -0.3870234 -0.005179144 -0.05529108 0.9984565 0.0008690418
1541978776662529.0 -0.10399461 0.3284637 -0.3946637 -0.021329286 -0.07204559 0.9971706 -0.0023138805
1541978776691120.0 -0.11556279 0.3430619 -0.4017135 -0.035812512 -0.09128549 0.99515676 -0.0068887006
1541978776719731.0 -0.1379653 0.35526866 -0.41255504 -0.04244351 -0.10464167 0.9935113 -0.013564324
1541978776748380.0 -0.14106002 0.37167287 -0.4199685 -0.051759716 -0.107768044 0.99263924 -0.019350283
1541978776777106.0 -0.13598354 0.37307072 -0.4327359 -0.059537295 -0.1040834 0.9923569 -0.029152049
1541978776805943.0 -0.13013978 0.3726165 -0.4420371 -0.057762597 -0.103913404 0.99209106 -0.04026038
1541978776834903.0 -0.12839575 0.3811115 -0.45534423 -0.04978411 -0.105398305 0.9919994 -0.048477158
1541978776863976.0 -0.13877009 0.38613304 -0.48304006 -0.042495348 -0.10039854 0.9926175 -0.053150196
1541978776893137.0 -0.12754199 0.40173817 -0.50141627 -0.044221967 -0.094656914 0.9932185 -0.05100462
1541978776922378.0 -0.17466472 0.4164299 -0.5109518 -0.038325645 -0.090845756 0.994022 -0.04688752
1541978776951715.0 -0.16756883 0.42089996 -0.5289822 -0.04249842 -0.10201721 0.9926242 -0.049836144
1541978776981164.0 -0.1577303 0.42570347 -0.5410195 -0.046564743 -0.11625011 0.99059755 -0.055082783
1541978777010708.0 -0.15096527 0.42851004 -0.55564153 -0.045282744 -0.12842275 0.9889907 -0.057918455
1541978777040294.0 -0.14010003 0.4280811 -0.57000554 -0.042971246 -0.14256139 0.9873496 -0.05450193
1541978777069901.0 -0.13653873 0.4445066 -0.57394105 -0.04594528 -0.15891413 0.98537225 -0.040951002
1541978777099525.0 -0.17424183 0.45586857 -0.5827526 -0.043550104 -0.17261104 0.9834692 -0.03312435
1541978777129123.0 -0.16506004 0.46180344 -0.5912429 -0.049318556 -0.18972151 0.98022395 -0.027102128
1541978777158643.0 -0.15818688 0.46631515 -0.5986687 -0.054949638 -0.20559819 0.976815 -0.02329001
1541978777188078.0 -0.15699343 0.47187102 -0.60788894 -0.057372786 -0.22603813 0.9720857 -0.02578112
1541978777217443.0 -0.14739898 0.48306972 -0.60918206 -0.06269588 -0.23352991 0.96991056 -0.028398922
1541978777246758.0 -0.14916709 0.48424536 -0.61955714 -0.06311993 -0.22127824 0.9726638 -0.031255577
1541978777276051.0 -0.14295208 0.48359963 -0.6201121 -0.057033163 -0.20850295 0.9758939 -0.030081667
1541978777305342.0 -0.12734349 0.47913486 -0.61962247 -0.048912123 -0.20227244 0.977751 -0.026392894
