0 5
1 10
2 14
3 19
4 23
5 28
6 32
7 37
8 42
9 46
10 51
11 56
12 61
13 66
14 72
15 77
16 82
17 87
18 92
19 97
20 102
21 107
22 112
23 117
24 122
25 127
26 131
27 146
28 151
29 195
30 201
31 206
32 212
33 218
34 224
35 230
36 235
37 241
38 246
39 252
40 257
41 262
42 268
43 274
44 279
45 285
46 290
47 296
48 301
49 306
50 311
51 317
52 322
53 328
54 333
55 339
56 344
57 350
58 356
59 361
60 367
61 373
62 379
63 384
64 389
65 395
66 400
67 405
68 410
69 416
70 421
71 427
72 432
73 438
74 444
75 449
76 455
77 460
78 466
79 472
80 477
81 483
82 489
83 495
84 500
85 506
86 512
87 518
88 523
89 529
90 535
91 541
92 547
93 553
94 559
95 565
96 571
97 578
98 584
99 590
100 596
101 602
102 607
103 617
104 621
105 626
106 631
107 635
108 640
109 645
110 650
111 654
112 659
113 664
114 669
115 674
116 679
117 685
118 690
119 695
120 700
121 706
122 711
123 717
124 722
125 728
126 734
127 740
128 746
129 752
130 757
131 763
132 769
133 774
134 780
135 786
136 791
137 797
138 803
139 808
140 814
141 820
142 825
143 831
144 836
145 842
146 864
147 870
148 876
149 882
150 888
151 894
152 900
153 906
154 912
155 918
156 925
157 931
158 937
159 943
160 949
161 955
162 961
163 967
164 973
165 979
166 985
167 991
