# timestamp[secs] tx ty tz qx qy qz qw
1542145521.577086 -0.0 -0.0 -0.0 -0.0 -0.0 -0.0 1.0
1542145521.601548 -0.0 -0.0 -0.0 -0.0 -0.0 -0.0 1.0
1542145521.626014 0.027585512027144432 0.00027976551791653037 0.0024260077625513077 0.0018829528708010912 0.005290254019200802 -0.003853143658488989 0.9999768137931824
1542145521.65048 0.027585512027144432 0.00027976551791653037 0.0024260077625513077 0.0018829528708010912 0.005290254019200802 -0.003853143658488989 0.9999768137931824
1542145521.674949 0.046142708510160446 0.00630488246679306 0.0037907573860138655 -0.003577095689252019 0.0048724329099059105 -0.005345112644135952 0.9999675154685974
1542145521.699426 0.046142708510160446 0.00630488246679306 0.0037907573860138655 -0.003577095689252019 0.0048724329099059105 -0.005345112644135952 0.9999675154685974
1542145521.723922 0.046142708510160446 0.00630488246679306 0.0037907573860138655 -0.003577095689252019 0.0048724329099059105 -0.005345112644135952 0.9999675154685974
1542145521.74845 0.046142708510160446 0.00630488246679306 0.0037907573860138655 -0.003577095689252019 0.0048724329099059105 -0.005345112644135952 0.9999675154685974
1542145521.773014 0.046142708510160446 0.00630488246679306 0.0037907573860138655 -0.003577095689252019 0.0048724329099059105 -0.005345112644135952 0.9999675154685974
1542145521.797607 0.05867061764001846 0.012936658225953579 0.007082122378051281 -0.0009475748520344496 -0.012440357357263565 -0.02042754925787449 0.9997134804725647
1542145521.822217 0.05867061764001846 0.012936658225953579 0.007082122378051281 -0.0009475748520344496 -0.012440357357263565 -0.02042754925787449 0.9997134804725647
1542145521.84683 0.05048320069909096 0.00997127778828144 0.007005252875387669 0.0035526880528777838 -0.024516887962818146 -0.02980588935315609 0.9992486834526062
1542145521.871432 0.05048320069909096 0.00997127778828144 0.007005252875387669 0.0035526880528777838 -0.024516887962818146 -0.02980588935315609 0.9992486834526062
1542145521.896007 0.03640392795205116 0.003107794327661395 0.005838923156261444 0.01292324811220169 -0.03559831157326698 -0.03045320324599743 0.9988185167312622
1542145521.920548 0.03640392795205116 0.003107794327661395 0.005838923156261444 0.01292324811220169 -0.03559831157326698 -0.03045320324599743 0.9988185167312622
1542145521.945061 0.021286722272634506 -0.003618469461798668 0.0021980328019708395 0.019246166571974754 -0.04429085552692413 -0.030628656968474388 0.9983635544776917
1542145521.969553 0.021286722272634506 -0.003618469461798668 0.0021980328019708395 0.019246166571974754 -0.04429085552692413 -0.030628656968474388 0.9983635544776917
1542145521.994032 -0.005758603569120169 -0.013021533377468586 -0.0007087021949701011 0.02272150106728077 -0.05164672061800957 -0.02548469789326191 0.998081624507904
1542145522.018513 -0.019797010347247124 -0.01823771744966507 -0.003779039019718766 0.02461559884250164 -0.05691029131412506 -0.02114713005721569 0.9978517293930054
1542145522.043014 -0.03972586989402771 -0.024539297446608543 -0.006188185885548592 0.027799934148788452 -0.061987362802028656 -0.01545589417219162 0.9975700378417969
1542145522.067543 -0.061763565987348557 -0.030006490647792816 -0.008034291677176952 0.0319167822599411 -0.07062025368213654 -0.010350502096116543 0.9969388246536255
1542145522.092102 -0.0882185623049736 -0.03644942119717598 -0.012802116572856903 0.03488073870539665 -0.07858939468860626 -0.007722505368292332 0.9962667226791382
1542145522.116689 -0.11241696029901505 -0.043803390115499496 -0.016003962606191635 0.03732526674866676 -0.08817142993211746 -0.00684119900688529 0.9953822493553162
1542145522.141309 -0.14107929170131683 -0.04921671375632286 -0.01996513642370701 0.04023551940917969 -0.09467148035764694 -0.0011705070501193404 0.9946944713592529
1542145522.165958 -0.17270982265472412 -0.05429945886135101 -0.024244025349617004 0.04313723370432854 -0.10120856761932373 0.010060076601803303 0.9938786625862122
1542145522.190631 -0.20570270717144012 -0.058669865131378174 -0.030327754095196724 0.0440499521791935 -0.10667997598648071 0.01844281703233719 0.9931459426879883
1542145522.215333 -0.24032330513000488 -0.061477549374103546 -0.03112957626581192 0.04437410831451416 -0.11026281118392944 0.024451302364468575 0.9926102757453918
1542145522.240086 -0.27860262989997864 -0.0630030632019043 -0.02872232161462307 0.04466122388839722 -0.11216441541910172 0.03124973550438881 0.9921935200691223
1542145522.264928 -0.318042129278183 -0.0612572580575943 -0.023306529968976974 0.04638214036822319 -0.11795392632484436 0.039911799132823944 0.9911320209503174
1542145522.289894 -0.3545697033405304 -0.06065305322408676 -0.02228490076959133 0.0477166622877121 -0.127061665058136 0.04865860193967819 0.9895508289337158
1542145522.314985 -0.39212727546691895 -0.06682605296373367 -0.02790483832359314 0.04632062837481499 -0.13386917114257812 0.052827294915914536 0.9885053634643555
1542145522.340167 -0.426604688167572 -0.07157307863235474 -0.028899099677801132 0.04721436649560928 -0.1466699242591858 0.05714765191078186 0.9864040613174438
1542145522.36539 -0.46417784690856934 -0.0779009461402893 -0.0344882607460022 0.04808717221021652 -0.15591399371623993 0.0611543208360672 0.9847023487091064
1542145522.390628 -0.49488845467567444 -0.08243624866008759 -0.04118078574538231 0.04850786551833153 -0.1670263707637787 0.06620199978351593 0.9825306534767151
1542145522.41589 -0.5229819416999817 -0.0860905796289444 -0.04391820728778839 0.047816935926675797 -0.17673268914222717 0.07359015941619873 0.9803385138511658
1542145522.441205 -0.5478681921958923 -0.08673244714736938 -0.0454874113202095 0.04743540287017822 -0.18313436210155487 0.08100084960460663 0.9785962104797363
1542145522.466579 -0.5643166899681091 -0.08720282465219498 -0.047298893332481384 0.045433610677719116 -0.19014181196689606 0.08869275450706482 0.9766860008239746
1542145522.491997 -0.5671156644821167 -0.08613196760416031 -0.049391645938158035 0.04398675262928009 -0.19743958115577698 0.09423301368951797 0.9747835397720337
1542145522.517461 -0.5647590160369873 -0.08221527189016342 -0.049220554530620575 0.04352570325136185 -0.2008926421403885 0.09365661442279816 0.9741541147232056
1542145522.542982 -0.5535474419593811 -0.07943074405193329 -0.04701489955186844 0.04303131252527237 -0.20264525711536407 0.09063606709241867 0.974098801612854
1542145522.568551 -0.528509259223938 -0.07201336324214935 -0.04469672590494156 0.04259871691465378 -0.20219747722148895 0.08803778141736984 0.974449098110199
1542145522.594151 -0.4977736175060272 -0.06407906860113144 -0.040019042789936066 0.042243022471666336 -0.1959201544523239 0.0860643982887268 0.9759220480918884
1542145522.619766 -0.46128401160240173 -0.05630168691277504 -0.03469449654221535 0.04216546192765236 -0.1861259639263153 0.08357264846563339 0.9780566692352295
1542145522.64537 -0.42041951417922974 -0.04938371479511261 -0.029522374272346497 0.041714414954185486 -0.17449401319026947 0.07898937910795212 0.9805980324745178
1542145522.670926 -0.37708237767219543 -0.04258422181010246 -0.023152848705649376 0.04127476364374161 -0.16062423586845398 0.06831913441419601 0.9837828874588013
1542145522.696423 -0.3344358503818512 -0.03674911707639694 -0.016360685229301453 0.041973140090703964 -0.1466960608959198 0.05178540572524071 0.9869330525398254
1542145522.721852 -0.29282405972480774 -0.03147256001830101 -0.009797025471925735 0.04292399436235428 -0.1342080533504486 0.035161588340997696 0.9893985390663147
1542145522.747191 -0.25220787525177 -0.027965040877461433 -0.003471930045634508 0.042491648346185684 -0.12338680773973465 0.02030288800597191 0.9912406802177429
1542145522.772455 -0.2150878608226776 -0.02538158930838108 0.0017801325302571058 0.04174274951219559 -0.11145732551813126 0.004870202858000994 0.9928802847862244
1542145522.79771 -0.18041154742240906 -0.023604296147823334 0.008409717120230198 0.04154917225241661 -0.10144548118114471 -0.007532296236604452 0.9939445853233337
1542145522.823004 -0.14808860421180725 -0.02376433089375496 0.013312086462974548 0.04249722510576248 -0.09368610382080078 -0.016128821298480034 0.994563639163971
1542145522.848311 -0.11921195685863495 -0.024633048102259636 0.016399547457695007 0.04401067644357681 -0.08366659283638 -0.02599901519715786 0.9951819181442261
1542145522.873568 -0.0929095447063446 -0.02558046393096447 0.020314296707510948 0.0435941144824028 -0.06992887705564499 -0.03769417852163315 0.9958859086036682
1542145522.898752 -0.06626621633768082 -0.02587929368019104 0.02362150326371193 0.041676655411720276 -0.053341079503297806 -0.04803774878382683 0.996549129486084
1542145522.923859 -0.04282780736684799 -0.027096174657344818 0.024923885241150856 0.03847367689013481 -0.03601070120930672 -0.050214171409606934 0.9973472952842712
1542145522.948867 -0.022674335166811943 -0.02766602113842964 0.02821466326713562 0.03749220818281174 -0.018590081483125687 -0.0456712432205677 0.9980796575546265
1542145522.973774 -0.0038238591514527798 -0.028415365144610405 0.0293363556265831 0.03687194362282753 -0.001953168073669076 -0.04201437532901764 0.9984345436096191
1542145522.998571 0.010316540487110615 -0.028808116912841797 0.029072826728224754 0.036537833511829376 0.014512079767882824 -0.040648408234119415 0.9983997941017151
1542145523.023222 0.021024299785494804 -0.030182791873812675 0.02855888567864895 0.03838880732655525 0.02578667737543583 -0.03730302304029465 0.998233437538147
1542145523.047688 0.02941560372710228 -0.03232404962182045 0.027600601315498352 0.04200459644198418 0.03340363875031471 -0.032265786081552505 0.9980374574661255
1542145523.07194 0.033676836639642715 -0.034000955522060394 0.026044711470603943 0.045542482286691666 0.037633586674928665 -0.030202670022845268 0.9977962970733643
1542145523.095993 0.03587385639548302 -0.03389224782586098 0.025159474462270737 0.047441959381103516 0.038675934076309204 -0.03121756948530674 0.9976366758346558
1542145523.11989 0.03448956832289696 -0.034228503704071045 0.02520149014890194 0.04571494087576866 0.03273538500070572 -0.034573107957839966 0.9978193044662476
1542145523.143678 0.030952833592891693 -0.03151042014360428 0.029575206339359283 0.04718013480305672 0.022673839703202248 -0.03738333657383919 0.9979291558265686
1542145523.167399 0.025074010714888573 -0.029446298256516457 0.032698772847652435 0.049264028668403625 0.010189784690737724 -0.04131099581718445 0.9978790879249573
1542145523.19109 0.01622595079243183 -0.028120465576648712 0.03554988652467728 0.05044887587428093 -0.004466663114726543 -0.04740535467863083 0.997590959072113
1542145523.214786 0.0063879285007715225 -0.027849143370985985 0.038042258471250534 0.0495791956782341 -0.02320675738155842 -0.05275868624448776 0.9971057772636414
1542145523.238501 -0.005602054763585329 -0.027550429105758667 0.03784111514687538 0.04773757979273796 -0.04359644278883934 -0.05925228074193001 0.9961473941802979
1542145523.262248 -0.018962401896715164 -0.02709249220788479 0.03759921342134476 0.04655946418642998 -0.06370820105075836 -0.06467028707265854 0.9947820901870728
1542145523.28605 -0.03438381478190422 -0.027613310143351555 0.037444818764925 0.04650562256574631 -0.0823480412364006 -0.06718134135007858 0.9932486414909363
1542145523.309954 -0.051937226206064224 -0.028937019407749176 0.034250035881996155 0.047593213617801666 -0.10000226646661758 -0.0639561116695404 0.9917883276939392
1542145523.334012 -0.06971006840467453 -0.030648235231637955 0.03277485445141792 0.05121592804789543 -0.11910417675971985 -0.055503327399492264 0.990005373954773
1542145523.358259 -0.0840681940317154 -0.03451414778828621 0.028317367658019066 0.05367878079414368 -0.1396166831254959 -0.04955924674868584 0.9875067472457886
1542145523.382707 -0.0997864231467247 -0.036502718925476074 0.026944223791360855 0.05879842862486839 -0.1568678468465805 -0.0448201484978199 0.9848483800888062
1542145523.407347 -0.11510178446769714 -0.039697952568531036 0.021470792591571808 0.061990782618522644 -0.17044956982135773 -0.037504926323890686 0.9826990962028503
1542145523.432174 -0.12838584184646606 -0.04093161225318909 0.017895914614200592 0.06437487155199051 -0.18046991527080536 -0.030522584915161133 0.98099684715271
1542145523.457185 -0.13866792619228363 -0.04182589054107666 0.014455607160925865 0.06417923420667648 -0.1887078434228897 -0.023763258010149002 0.9796457290649414
1542145523.482364 -0.1489136666059494 -0.04236844182014465 0.011572960764169693 0.061892069876194 -0.19545069336891174 -0.01552540622651577 0.9786354899406433
1542145523.50768 -0.15781337022781372 -0.042829643934965134 0.007114053703844547 0.0576850026845932 -0.20237553119659424 -0.006325357593595982 0.9775871634483337
1542145523.53311 -0.16599157452583313 -0.04270492121577263 0.004165979567915201 0.053322069346904755 -0.21040554344654083 0.0006767174927517772 0.9761587381362915
1542145523.55863 -0.17425884306430817 -0.042042702436447144 0.0013833269476890564 0.0508250817656517 -0.221644327044487 0.0035895647015422583 0.9737955331802368
1542145523.584211 -0.18263664841651917 -0.042738597840070724 -0.0019553881138563156 0.05163068696856499 -0.23600512742996216 0.002373344264924526 0.9703763127326965
1542145523.609827 -0.1907048523426056 -0.044515687972307205 -0.004116164520382881 0.056290723383426666 -0.2492004632949829 -0.0035714050754904747 0.966808021068573
1542145523.635464 -0.1948799043893814 -0.047479819506406784 -0.005905546247959137 0.06292273849248886 -0.26053720712661743 -0.01084908377379179 0.9633501172065735
1542145523.661101 -0.19681598246097565 -0.050977446138858795 -0.007440453395247459 0.06872587651014328 -0.26745709776878357 -0.01457200013101101 0.9610052704811096
1542145523.686725 -0.19921264052391052 -0.055247921496629715 -0.00974036194384098 0.07189975678920746 -0.26600322127342224 -0.01643955707550049 0.9611464142799377
1542145523.712321 -0.19267569482326508 -0.05656365305185318 -0.00803602859377861 0.07282460480928421 -0.2615284323692322 -0.017145611345767975 0.9622918367385864
1542145523.737889 -0.1882861703634262 -0.05781172215938568 -0.0060913036577403545 0.06856609135866165 -0.250434011220932 -0.015657223761081696 0.965575635433197
1542145523.763443 -0.18254221975803375 -0.05755389854311943 -0.0011375686153769493 0.06194796785712242 -0.23677197098731995 -0.010406321845948696 0.9695324897766113
1542145523.788999 -0.17240996658802032 -0.057381853461265564 0.0022491225972771645 0.05616675689816475 -0.22443470358848572 -0.0002722758799791336 0.9728691577911377
1542145523.814575 -0.16410288214683533 -0.058445680886507034 0.008289252407848835 0.05524585023522377 -0.20759963989257812 0.010580668225884438 0.9765953421592712
1542145523.840197 -0.15455667674541473 -0.05938681960105896 0.011018499732017517 0.057275112718343735 -0.18901531398296356 0.017898239195346832 0.9801390171051025
1542145523.865875 -0.1450476199388504 -0.06132621318101883 0.013008012436330318 0.05862587317824364 -0.17207984626293182 0.022326648235321045 0.9830834865570068
1542145523.891594 -0.13640695810317993 -0.06217160075902939 0.013944449834525585 0.05836699903011322 -0.1583152860403061 0.024413323029875755 0.9853596091270447
1542145523.917328 -0.12604717910289764 -0.061713818460702896 0.014213858172297478 0.05592762678861618 -0.14539213478565216 0.024290718138217926 0.9874934554100037
1542145523.943036 -0.1145867332816124 -0.06137009710073471 0.015073362737894058 0.05275269225239754 -0.13125503063201904 0.02227030135691166 0.9896935820579529
1542145523.968686 -0.10404786467552185 -0.060158342123031616 0.017446231096982956 0.05012321099638939 -0.11665882915258408 0.023918991908431053 0.9916179776191711
1542145523.994246 -0.09227535128593445 -0.05907832831144333 0.017811676487326622 0.046973660588264465 -0.10441139340400696 0.029847728088498116 0.9929757714271545
1542145524.019688 -0.08250989764928818 -0.05737806484103203 0.018419722095131874 0.04413933679461479 -0.09177929162979126 0.03296404331922531 0.9942543506622314
1542145524.044998 -0.07363217324018478 -0.05472152680158615 0.0185529962182045 0.04205361381173134 -0.08032887428998947 0.031460732221603394 0.9953838586807251
1542145524.070182 -0.0672822892665863 -0.051836930215358734 0.020793110132217407 0.04077491536736488 -0.0713854655623436 0.02720395103096962 0.9962437152862549
1542145524.095259 -0.06054714322090149 -0.04993025213479996 0.01928492821753025 0.037938009947538376 -0.06800613552331924 0.026646031066775322 0.9966071844100952
1542145524.120262 -0.057430531829595566 -0.04838339239358902 0.0193845946341753 0.03469029441475868 -0.06563613563776016 0.023689981549978256 0.9969590902328491
1542145524.145217 -0.05517027527093887 -0.045911382883787155 0.019782815128564835 0.03138278052210808 -0.06471733748912811 0.015081892721354961 0.9972960352897644
1542145524.170147 -0.053601689636707306 -0.044651344418525696 0.01894940622150898 0.028448326513171196 -0.06415178626775742 0.007991836406290531 0.9975025653839111
1542145524.195078 -0.05415637418627739 -0.04263788089156151 0.017399052157998085 0.027788180857896805 -0.0626111850142479 0.004422294907271862 0.9976413249969482
1542145524.220027 -0.054224494844675064 -0.042462192475795746 0.017002474516630173 0.02658167853951454 -0.06115197762846947 0.0051230513490736485 0.9977613091468811
1542145524.245005 -0.05545239523053169 -0.040887121111154556 0.01705954782664776 0.02744096703827381 -0.06107991561293602 0.007005857303738594 0.9977310299873352
1542145524.270014 -0.0573204830288887 -0.041442304849624634 0.014046748168766499 0.026705719530582428 -0.06031596288084984 0.00852024182677269 0.9977856874465942
1542145524.295046 -0.05803702399134636 -0.04113149270415306 0.01193755492568016 0.027319757267832756 -0.06013122573494911 0.010558480396866798 0.9977607727050781
1542145524.320088 -0.05726874992251396 -0.041401542723178864 0.011789973825216293 0.027971679344773293 -0.06043632701039314 0.014205005951225758 0.9976789951324463
1542145524.345138 -0.05791866406798363 -0.04150240123271942 0.009321310557425022 0.029105952009558678 -0.06012648344039917 0.01866486668586731 0.9975917339324951
1542145524.37018 -0.058055534958839417 -0.042185839265584946 0.006175464950501919 0.030159594491124153 -0.06147197261452675 0.021175997331738472 0.997428297996521
1542145524.395211 -0.05988224595785141 -0.042658813297748566 0.005725785158574581 0.03084740601480007 -0.06384783983230591 0.02328185923397541 0.9972110986709595
1542145524.420231 -0.061124030500650406 -0.043476980179548264 0.004397737327963114 0.03024299070239067 -0.06635934859514236 0.02449222281575203 0.9970365762710571
1542145524.445233 -0.0625143051147461 -0.04277353733778 0.004460847470909357 0.029104912653565407 -0.06678381562232971 0.02366679534316063 0.997062087059021
1542145524.470211 -0.06326400488615036 -0.0423620343208313 0.0014468668960034847 0.027202999219298363 -0.0675610825419426 0.024905240163207054 0.9970332384109497
1542145524.495163 -0.06596095860004425 -0.04171057045459747 0.0007500943611375988 0.025874698534607887 -0.06958869844675064 0.02916053868830204 0.9968137741088867
1542145524.520095 -0.06938955187797546 -0.04223102703690529 -0.0009588938555680215 0.024515559896826744 -0.07189417630434036 0.03285915032029152 0.9965693950653076
1542145524.545003 -0.07224519550800323 -0.04311319813132286 -0.0038629407063126564 0.024675125256180763 -0.07666979730129242 0.032262831926345825 0.9962289333343506
1542145524.569892 -0.07655854523181915 -0.04474737495183945 -0.005451193079352379 0.025983517989516258 -0.08274757117033005 0.02976890653371811 0.9957869052886963
1542145524.594765 -0.08129271864891052 -0.045299116522073746 -0.005343163851648569 0.027786867693066597 -0.09084594249725342 0.026288311928510666 0.9951301217079163
1542145524.619625 -0.08834484964609146 -0.0469711609184742 -0.008219322189688683 0.028348440304398537 -0.09771023690700531 0.020940324291586876 0.9945906400680542
1542145524.644477 -0.09543471783399582 -0.04787622392177582 -0.009548203088343143 0.03110761195421219 -0.10599140077829361 0.015964871272444725 0.993752121925354
1542145524.669329 -0.10182836651802063 -0.04893582686781883 -0.008563432842493057 0.03438320383429527 -0.11711597442626953 0.011751287616789341 0.992453396320343
1542145524.69418 -0.10884734243154526 -0.04958301782608032 -0.007363771554082632 0.03749452531337738 -0.12809889018535614 0.006468582432717085 0.991031289100647
1542145524.719036 -0.11596238613128662 -0.050581447780132294 -0.007316197734326124 0.039541423320770264 -0.13957761228084564 -0.00036039904807694256 0.9894213080406189
1542145524.743911 -0.1205100491642952 -0.05128786712884903 -0.006921160034835339 0.03988625109195709 -0.15494167804718018 -0.006149782333523035 0.9870989918708801
1542145524.768826 -0.1259235292673111 -0.05393104627728462 -0.006117981858551502 0.03967994824051857 -0.1710372120141983 -0.009133036248385906 0.9844229221343994
1542145524.7938 -0.13050638139247894 -0.055503349751234055 -0.0056767938658595085 0.041465263813734055 -0.1863216906785965 -0.011982123367488384 0.9815402626991272
1542145524.818862 -0.1339784562587738 -0.05757548660039902 -0.0014121010899543762 0.04614551365375519 -0.1963108330965042 -0.017016388475894928 0.9793074727058411
1542145524.84403 -0.1300671249628067 -0.06692739576101303 -0.00216141389682889 0.048256002366542816 -0.20223121345043182 -0.018548468127846718 0.9779723882675171
1542145524.869308 -0.12971733510494232 -0.06948479264974594 -0.0003964160569012165 0.054518863558769226 -0.2002115547657013 -0.015998180955648422 0.9781038165092468
1542145524.894692 -0.12207649648189545 -0.07458952069282532 0.002161417156457901 0.05823718383908272 -0.19863006472587585 -0.01058823149651289 0.9782854914665222
1542145524.920163 -0.11611063033342361 -0.07835628092288971 0.004991880152374506 0.062335722148418427 -0.1927488148212433 -0.004317974206060171 0.9792566895484924
1542145524.945697 -0.10945546627044678 -0.08186540007591248 0.007570979651063681 0.06441960483789444 -0.1862240433692932 0.0013245857553556561 0.9803922772407532
1542145524.971275 -0.10377894341945648 -0.08151978999376297 0.010707775130867958 0.06615539640188217 -0.17970407009124756 0.004497641231864691 0.9814834594726562
1542145524.996881 -0.09693457186222076 -0.07989060133695602 0.01392146572470665 0.06581389904022217 -0.17559878528118134 0.005588092841207981 0.982243537902832
1542145525.022511 -0.09149669110774994 -0.07706515491008759 0.017245279625058174 0.06276130676269531 -0.17299820482730865 0.006137046031653881 0.9829013347625732
1542145525.048152 -0.08842868357896805 -0.07374823093414307 0.020069483667612076 0.05719710886478424 -0.16987617313861847 0.0038001416251063347 0.9837968349456787
1542145525.073789 -0.08510497212409973 -0.06916946917772293 0.021918367594480515 0.05031026154756546 -0.16914002597332 0.0007443591603077948 0.9843068718910217
1542145525.099412 -0.08371476829051971 -0.06257724016904831 0.02731088548898697 0.04338657110929489 -0.1703457534313202 -7.45216166251339e-05 0.9844287633895874
1542145525.125014 -0.08183655887842178 -0.056579820811748505 0.029888667166233063 0.03558638319373131 -0.17390736937522888 -0.0027592258993536234 0.984114944934845
1542145525.15059 -0.08414321392774582 -0.04949700087308884 0.03342431038618088 0.027422083541750908 -0.17642802000045776 -0.008127665147185326 0.9838979244232178
1542145525.176143 -0.08570001274347305 -0.04492240026593208 0.029367070645093918 0.017057279124855995 -0.18003804981708527 -0.01557575911283493 0.9833884239196777
1542145525.20167 -0.0879160538315773 -0.03908899053931236 0.03137694671750069 0.009529043920338154 -0.1845683455467224 -0.02657107077538967 0.9824142456054688
1542145525.22717 -0.09140613675117493 -0.035103704780340195 0.03198430687189102 0.003963938914239407 -0.18831554055213928 -0.03486351668834686 0.9814816117286682
1542145525.252648 -0.09466131031513214 -0.03167873993515968 0.03313745930790901 0.0013952291337773204 -0.19290855526924133 -0.037933241575956345 0.980482280254364
1542145525.278118 -0.09789075702428818 -0.03017057105898857 0.033847153186798096 0.0006425385363399982 -0.19531050324440002 -0.040326520800590515 0.9799118638038635
1542145525.303588 -0.09869394451379776 -0.031561143696308136 0.03722575679421425 0.003285324200987816 -0.19684948027133942 -0.03843291848897934 0.9796746969223022
1542145525.329065 -0.1001405194401741 -0.0348544605076313 0.03993004560470581 0.007795768789947033 -0.19568906724452972 -0.03543804585933685 0.9799944758415222
1542145525.354549 -0.10100827366113663 -0.040867775678634644 0.04076177626848221 0.015673864632844925 -0.1953706592321396 -0.03261026740074158 0.9800618886947632
1542145525.380029 -0.1017814353108406 -0.04796144366264343 0.041895266622304916 0.026115214452147484 -0.19552087783813477 -0.029271379113197327 0.9799147248268127
1542145525.405496 -0.1034482941031456 -0.05691276490688324 0.04258250072598457 0.03744497150182724 -0.19554980099201202 -0.0249951034784317 0.979659914970398
1542145525.430953 -0.10601209104061127 -0.06729155778884888 0.04030139744281769 0.05167444795370102 -0.19582873582839966 -0.02194017730653286 0.9790298938751221
1542145525.456405 -0.10730516910552979 -0.07893726974725723 0.03978521749377251 0.06621132045984268 -0.19512827694416046 -0.02080833539366722 0.978318989276886
1542145525.481864 -0.10842500627040863 -0.09026589244604111 0.03717454895377159 0.07867563515901566 -0.1921968311071396 -0.02146044932305813 0.9779621958732605
1542145525.507351 -0.10667936503887177 -0.10201483964920044 0.03714802861213684 0.08842603862285614 -0.18887482583522797 -0.018562743440270424 0.9778356552124023
1542145525.53289 -0.10392163693904877 -0.11194095015525818 0.03407742455601692 0.09479150176048279 -0.18281424045562744 -0.012191968970000744 0.9784911274909973
1542145525.558489 -0.09834425896406174 -0.11961222440004349 0.028741754591464996 0.09842751920223236 -0.17242860794067383 -0.006306107621639967 0.9800717830657959
1542145525.584164 -0.09330377727746964 -0.12519735097885132 0.030344029888510704 0.10173630714416504 -0.15983416140079498 0.0003098905144724995 0.9818873405456543
1542145525.609895 -0.08574278652667999 -0.12826339900493622 0.027593951672315598 0.10117295384407043 -0.1473526954650879 0.00866495631635189 0.9838578104972839
1542145525.63563 -0.0773664191365242 -0.12991535663604736 0.026964901015162468 0.09701986610889435 -0.13581794500350952 0.017080025747418404 0.9858240485191345
1542145525.661292 -0.0699208676815033 -0.1273781955242157 0.03165341913700104 0.09094329178333282 -0.12556906044483185 0.023552807047963142 0.9876270294189453
1542145525.686801 -0.06274248659610748 -0.12300941348075867 0.0327826589345932 0.08179041743278503 -0.11646969616413116 0.024690071120858192 0.9895128011703491
1542145525.71212 -0.05669611319899559 -0.11390525102615356 0.03727179765701294 0.07169119268655777 -0.10716274380683899 0.020884238183498383 0.9914335608482361
1542145525.737264 -0.05053875967860222 -0.10204345732927322 0.04151152819395065 0.061496369540691376 -0.0951194316148758 0.010000603273510933 0.9935142397880554
1542145525.762267 -0.043473370373249054 -0.09105177968740463 0.04492328688502312 0.048528093844652176 -0.08238870650529861 -0.0032834068406373262 0.9954126477241516
1542145525.787155 -0.036418039351701736 -0.07851541042327881 0.04698696732521057 0.03507630154490471 -0.07197347283363342 -0.008323075249791145 0.9967548251152039
1542145525.81194 -0.032307688146829605 -0.06536515057086945 0.04870331659913063 0.021564191207289696 -0.06424959748983383 -0.004896753001958132 0.997688889503479
1542145525.83663 -0.02959267795085907 -0.050378743559122086 0.05075767636299133 0.007923685945570469 -0.06053180620074272 -0.0007213467615656555 0.9981346130371094
1542145525.861246 -0.029839208349585533 -0.03759410232305527 0.05275076627731323 -0.008237790316343307 -0.05854455381631851 -0.00598869938403368 0.9982328414916992
1542145525.885818 -0.03456562012434006 -0.024418793618679047 0.05230366811156273 -0.019626585766673088 -0.06089461222290993 -0.010027479380369186 0.9979009032249451
1542145525.910383 -0.04338884726166725 -0.013876935467123985 0.05149952694773674 -0.025997081771492958 -0.0672307014465332 -0.011842711828649044 0.9973284006118774
1542145525.934986 -0.05553353950381279 -0.005069319624453783 0.05494672432541847 -0.03130233287811279 -0.07776238769292831 -0.012901161797344685 0.9963969588279724
1542145525.959665 -0.071478933095932 0.0032660579308867455 0.055517733097076416 -0.03627314791083336 -0.0897832065820694 -0.010569724254310131 0.9952445030212402
1542145525.984441 -0.09016837179660797 0.010797720402479172 0.05695066228508949 -0.04050236940383911 -0.10460034012794495 -0.004522909410297871 0.9936790466308594
1542145526.009327 -0.1110859364271164 0.016877904534339905 0.05804935097694397 -0.043970536440610886 -0.12030374258756638 -6.381786079145968e-05 0.9917629361152649
1542145526.034325 -0.13318008184432983 0.02082226425409317 0.05945105105638504 -0.04536174610257149 -0.13689297437667847 0.005333408713340759 0.9895323514938354
1542145526.059439 -0.1553431749343872 0.0217780489474535 0.06012776121497154 -0.04446221888065338 -0.15278951823711395 0.008623014204204082 0.9872204065322876
1542145526.084674 -0.1765800565481186 0.02060651034116745 0.06079420447349548 -0.04135331138968468 -0.16779686510562897 0.009668149054050446 0.9849064350128174
1542145526.110014 -0.1959598958492279 0.017705073580145836 0.06168639659881592 -0.03743812069296837 -0.18132004141807556 0.012358550913631916 0.9826335906982422
1542145526.135423 -0.2131207138299942 0.01352002564817667 0.06281128525733948 -0.03344731405377388 -0.1912454068660736 0.01255402248352766 0.9808918833732605
1542145526.160848 -0.22796067595481873 0.007394317537546158 0.06347902119159698 -0.02968813106417656 -0.19839738309383392 0.012112477794289589 0.9795971512794495
1542145526.186233 -0.2391892820596695 -0.0008842034731060266 0.06453957408666611 -0.023641519248485565 -0.20662230253219604 0.016925184056162834 0.9779887199401855
1542145526.211551 -0.24766772985458374 -0.011080077849328518 0.0654243752360344 -0.014456132426857948 -0.2127201408147812 0.02116207405924797 0.9767770767211914
1542145526.236773 -0.25225648283958435 -0.02179909497499466 0.06606404483318329 -0.002093522809445858 -0.21681645512580872 0.02178235352039337 0.9759671092033386
1542145526.261873 -0.2544706463813782 -0.0325210765004158 0.06625504791736603 0.008501415140926838 -0.21908056735992432 0.018148303031921387 0.9755010008811951
1542145526.28684 -0.25246769189834595 -0.04167143628001213 0.06683628261089325 0.01596658118069172 -0.220701202750206 0.014227984473109245 0.9751070141792297
1542145526.31171 -0.24730810523033142 -0.04862409085035324 0.06832998245954514 0.021104909479618073 -0.22068274021148682 0.014127684757113457 0.9750149250030518
1542145526.33654 -0.23969505727291107 -0.053508952260017395 0.06843466311693192 0.023697510361671448 -0.21715129911899567 0.014175436459481716 0.9757473468780518
1542145526.361379 -0.22913938760757446 -0.057575762271881104 0.06838752329349518 0.024530090391635895 -0.20996332168579102 0.008295721374452114 0.9773663282394409
1542145526.386265 -0.21634997427463531 -0.059797342866659164 0.06789956241846085 0.024981513619422913 -0.202072411775589 -0.0002837909269146621 0.979051947593689
1542145526.411226 -0.20196886360645294 -0.06065807864069939 0.0679885745048523 0.02473965473473072 -0.19404952228069305 -0.006778333336114883 0.9806563258171082
1542145526.436274 -0.18633902072906494 -0.06031124293804169 0.06833691149950027 0.024297181516885757 -0.18443988263607025 -0.01203980389982462 0.9824696779251099
1542145526.461419 -0.1682014763355255 -0.058134086430072784 0.06855712831020355 0.02160423994064331 -0.1725657433271408 -0.016691258177161217 0.9846196174621582
1542145526.486665 -0.148289754986763 -0.05517684668302536 0.06920953094959259 0.017132015898823738 -0.15916097164154053 -0.021973224356770515 0.9868594408035278
1542145526.511997 -0.1269865185022354 -0.05193275585770607 0.0705549567937851 0.011931272223591805 -0.14337414503097534 -0.025147242471575737 0.9892770648002625
1542145526.537376 -0.10448754578828812 -0.048232439905405045 0.0729328915476799 0.008154603652656078 -0.1249014362692833 -0.02721996419131756 0.9917621612548828
1542145526.562736 -0.08131223171949387 -0.04476732760667801 0.07496654987335205 0.005022707395255566 -0.10459687560796738 -0.028580209240317345 0.9940913319587708
1542145526.588031 -0.05982846021652222 -0.041163161396980286 0.07672055065631866 0.003162727225571871 -0.08402842283248901 -0.02940591797232628 0.9960244297981262
1542145526.613235 -0.04007795453071594 -0.0374239943921566 0.07716104388237 0.0008130354690365493 -0.06617569178342819 -0.02854563109576702 0.9973993301391602
1542145526.638354 -0.023705031722784042 -0.033555127680301666 0.07658697664737701 -0.0020947617013007402 -0.0509767159819603 -0.027370978146791458 0.9983225464820862
1542145526.663384 -0.0102390693500638 -0.02897261641919613 0.07522916793823242 -0.0062648518942296505 -0.03981951251626015 -0.02470175363123417 0.9988819360733032
1542145526.688324 0.00045106979086995125 -0.02501502074301243 0.0731218084692955 -0.009472440928220749 -0.03115564025938511 -0.023881802335381508 0.9991843700408936
1542145526.713185 0.008770479820668697 -0.022264467552304268 0.06914941966533661 -0.013586537912487984 -0.026220262050628662 -0.024874774739146233 0.9992543458938599
1542145526.737991 0.013095526024699211 -0.019948739558458328 0.06513175368309021 -0.017142415046691895 -0.02509172260761261 -0.02632204256951809 0.9991915822029114
1542145526.76277 0.012412205338478088 -0.016444768756628036 0.06354580819606781 -0.018628396093845367 -0.028344495221972466 -0.02647865004837513 0.9990738034248352
1542145526.787549 0.005740147549659014 -0.013268545269966125 0.06264349073171616 -0.0199953094124794 -0.03332715854048729 -0.025357909500598907 0.9989227056503296
1542145526.812353 -0.009775934740900993 -0.008664702996611595 0.07088325172662735 -0.018061170354485512 -0.037835631519556046 -0.02282857522368431 0.9988600015640259
1542145526.837195 -0.019806362688541412 -0.006050244439393282 0.07175412029027939 -0.01773381419479847 -0.047601066529750824 -0.02092178352177143 0.9984898567199707
1542145526.862081 -0.03227442130446434 -0.00640393840149045 0.06724731624126434 -0.01947719231247902 -0.05711370334029198 -0.020555954426527023 0.9979660511016846
1542145526.887016 -0.04833478108048439 -0.005354446824640036 0.06645846366882324 -0.019150596112012863 -0.06970632076263428 -0.01611957885324955 0.9972534775733948
1542145526.912006 -0.06696948409080505 -0.005547669716179371 0.06552746146917343 -0.01769908331334591 -0.08323545008897781 -0.012736357748508453 0.9962913393974304
1542145526.937049 -0.08755811303853989 -0.006136463023722172 0.06413839012384415 -0.015105688944458961 -0.09667998552322388 -0.012466282583773136 0.9951228499412537
1542145526.962123 -0.10956960171461105 -0.008028384298086166 0.06301049888134003 -0.011555305682122707 -0.11052106320858002 -0.015458730049431324 0.9936863780021667
1542145526.987198 -0.1309431940317154 -0.009948416613042355 0.06180524080991745 -0.006049936171621084 -0.12411477416753769 -0.01592659391462803 0.9921216368675232
1542145527.012255 -0.1510806530714035 -0.012350205332040787 0.05905013531446457 -0.0014280477771535516 -0.13649527728557587 -0.012156196869909763 0.9905651211738586
1542145527.037284 -0.16968770325183868 -0.015436792746186256 0.05572124943137169 0.0033953445963561535 -0.14615266025066376 -0.004085376858711243 0.9892477989196777
1542145527.062279 -0.1835068315267563 -0.01764209009706974 0.0527908056974411 0.007725214120000601 -0.15608671307563782 0.00587787851691246 0.9876956343650818
1542145527.087234 -0.19567537307739258 -0.018410544842481613 0.05034669116139412 0.009611513465642929 -0.16168662905693054 0.016340715810656548 0.9866600632667542
1542145527.112162 -0.2044696807861328 -0.01819542422890663 0.04756748303771019 0.008945401757955551 -0.1644205003976822 0.028573794290423393 0.9859358072280884
1542145527.137097 -0.2092883139848709 -0.017507659271359444 0.04448288679122925 0.006506556645035744 -0.1644378900527954 0.03966483473777771 0.9855681657791138
1542145527.162061 -0.21099065244197845 -0.016379358246922493 0.040915705263614655 0.003861850593239069 -0.16287708282470703 0.04532982036471367 0.9855970144271851
1542145527.187064 -0.20913901925086975 -0.013740885071456432 0.03764529526233673 0.0030699761118739843 -0.16043615341186523 0.04847721382975578 0.9858502745628357
1542145527.212085 -0.2060241550207138 -0.010913196951150894 0.03353919833898544 0.0005459772073663771 -0.1572524458169937 0.05270974710583687 0.9861506223678589
1542145527.237094 -0.1995840072631836 -0.008841462433338165 0.028264669701457024 -0.00303892744705081 -0.15228867530822754 0.054497070610523224 0.9868277907371521
1542145527.26207 -0.1929333508014679 -0.00641982164233923 0.02355271391570568 -0.0036261328496038914 -0.14456184208393097 0.0529184453189373 0.9880730509757996
1542145527.287005 -0.18637552857398987 -0.005421886220574379 0.01757144182920456 -0.0019246258307248354 -0.13895441591739655 0.05063667520880699 0.9890015125274658
1542145527.311897 -0.1808631271123886 -0.0037545303348451853 0.010120198130607605 -7.762281165923923e-05 -0.1345863938331604 0.04491731524467468 0.989883303642273
1542145527.336757 -0.1747283637523651 -0.0020904240664094687 0.005102838855236769 -0.0005006191786378622 -0.1322353482246399 0.03424065187573433 0.9906266927719116
1542145527.361591 -0.16630329191684723 -0.00023093381605576724 0.0010661492124199867 -0.0030722790397703648 -0.13292953372001648 0.02110222913324833 0.9908960461616516
1542145527.386412 -0.1606806069612503 0.001642563845962286 -0.0028518815524876118 -0.007024543359875679 -0.13058185577392578 0.01096702553331852 0.9913519620895386
1542145527.41123 -0.15465496480464935 0.0045652370899915695 -0.005444769747555256 -0.012091263197362423 -0.1260145902633667 0.004067976027727127 0.9919463396072388
1542145527.436059 -0.14704391360282898 0.006642197258770466 -0.006209195591509342 -0.018378207460045815 -0.11967507749795914 -0.0001873048022389412 0.9926429986953735
1542145527.460912 -0.13939030468463898 0.007147439755499363 -0.006144343409687281 -0.023331552743911743 -0.11031566560268402 0.0014483622508123517 0.9936217069625854
1542145527.485803 -0.1322672963142395 0.006395434495061636 -0.004507704637944698 -0.02567729540169239 -0.09993854910135269 0.007414653431624174 0.9946346879005432
1542145527.510737 -0.12694460153579712 0.004869655705988407 -0.0017581895226612687 -0.027424214407801628 -0.09171067178249359 0.015943540260195732 0.9952803254127502
1542145527.535705 -0.12176918238401413 0.0034266929142177105 0.0047533707693219185 -0.03075118362903595 -0.0874808132648468 0.019407182931900024 0.9955023527145386
1542145527.560685 -0.11947152763605118 0.0008096788660623133 0.013229104690253735 -0.03530518710613251 -0.08336826413869858 0.019357681274414062 0.9957051277160645
1542145527.585658 -0.1195964515209198 -0.004558999091386795 0.024125033989548683 -0.0377284400165081 -0.07679996639490128 0.019839303568005562 0.9961349368095398
1542145527.61063 -0.11818920075893402 -0.010768577456474304 0.03674735128879547 -0.03436789661645889 -0.07467194646596909 0.020518122240900993 0.9964045882225037
1542145527.635615 -0.11782325804233551 -0.019113972783088684 0.04936498776078224 -0.02864954248070717 -0.07151973247528076 0.01774223893880844 0.9968698024749756
1542145527.660613 -0.11727917194366455 -0.028469614684581757 0.06217046454548836 -0.02228860929608345 -0.06885635107755661 0.013563930056989193 0.9972853064537048
1542145527.685612 -0.11663374304771423 -0.0383189395070076 0.07623954117298126 -0.013920209370553493 -0.06721065938472748 0.01104575116187334 0.9975805878639221
1542145527.710586 -0.1145569309592247 -0.04815524071455002 0.08966145664453506 -0.006572827696800232 -0.06733205914497375 0.01562729850411415 0.9975866079330444
1542145527.735529 -0.1135239377617836 -0.056298620998859406 0.10396390408277512 -0.004497216548770666 -0.06634387373924255 0.019883612170815468 0.997588574886322
1542145527.760456 -0.11113032698631287 -0.06425591558218002 0.12160614132881165 -0.010077493265271187 -0.06331740319728851 0.019868817180395126 0.9977447986602783
1542145527.785376 -0.10917208343744278 -0.07120896130800247 0.13562841713428497 -0.01254876796156168 -0.060071032494306564 0.024978743866086006 0.9978026747703552
1542145527.81029 -0.10841844230890274 -0.07935740798711777 0.15076136589050293 -0.013235308229923248 -0.060730502009391785 0.036839086562395096 0.9973863363265991
1542145527.835202 -0.1080026850104332 -0.086011603474617 0.16600777208805084 -0.013278513215482235 -0.06356658041477203 0.04289259389042854 0.9969670176506042
1542145527.860133 -0.10912712663412094 -0.09172051399946213 0.1801733374595642 -0.014221219345927238 -0.06101803109049797 0.03740137442946434 0.9973343014717102
1542145527.88512 -0.1081964373588562 -0.0990874320268631 0.19488079845905304 -0.013012937270104885 -0.05944522097706795 0.02865513600409031 0.9977353811264038
1542145527.910189 -0.10727773606777191 -0.10474056005477905 0.20894084870815277 -0.009647591970860958 -0.06030542030930519 0.027427909895777702 0.9977564811706543
1542145527.935346 -0.10698092728853226 -0.10944925993680954 0.22340521216392517 -0.009362966753542423 -0.0650649145245552 0.028662975877523422 0.997425377368927
1542145527.960588 -0.11020633578300476 -0.11190204322338104 0.23718680441379547 -0.011930806562304497 -0.06781423091888428 0.023132164031267166 0.9973584413528442
1542145527.985907 -0.11014867573976517 -0.11396810412406921 0.2500998079776764 -0.013089677318930626 -0.07077857851982117 0.01386214792728424 0.9973098635673523
1542145528.011295 -0.11149905622005463 -0.11615361273288727 0.26292112469673157 -0.01087811216711998 -0.07581992447376251 0.004784838762134314 0.9970507025718689
1542145528.036747 -0.11349032074213028 -0.11773429065942764 0.27422988414764404 -0.009217417798936367 -0.08346808701753616 -0.0012665558606386185 0.9964670538902283
1542145528.062253 -0.1161445900797844 -0.11802436411380768 0.2821885347366333 -0.006097833160310984 -0.08955633640289307 -0.005888300482183695 0.9959457516670227
1542145528.087825 -0.11922391504049301 -0.11785100400447845 0.28691741824150085 -0.004951950628310442 -0.0955924242734909 -0.010045862756669521 0.9953575730323792
1542145528.113493 -0.12122908979654312 -0.11694006621837616 0.2912503182888031 -0.004772318061441183 -0.10418888926506042 -0.01034334022551775 0.9944922924041748
1542145528.13926 -0.12445622682571411 -0.11507637798786163 0.29251500964164734 -0.004583156201988459 -0.11470944434404373 -0.00724200252443552 0.9933621883392334
1542145528.165111 -0.1277872771024704 -0.11201891303062439 0.2935872972011566 -0.004029132891446352 -0.12652571499347687 -0.0012248718412593007 0.9919544458389282
1542145528.191023 -0.13248485326766968 -0.10786107182502747 0.29094818234443665 -0.0013276591198518872 -0.13817940652370453 0.00048158926074393094 0.9904062151908875
1542145528.216968 -0.1369468718767166 -0.10410523414611816 0.2831822633743286 0.0010528404964134097 -0.1518910825252533 0.0013988529099151492 0.9883957505226135
1542145528.242924 -0.1410960853099823 -0.09939168393611908 0.2770010232925415 0.002466801321133971 -0.16665032505989075 0.005054726265370846 0.9860000610351562
1542145528.26888 -0.14570502936840057 -0.09384003281593323 0.268181711435318 0.0059067136608064175 -0.17890796065330505 0.0038176863454282284 0.9838406443595886
1542145528.294842 -0.14920006692409515 -0.08705085515975952 0.25605908036231995 0.009356338530778885 -0.18987703323364258 0.0037373886443674564 0.9817562699317932
1542145528.320809 -0.1527702659368515 -0.07946523278951645 0.2406173050403595 0.009313992224633694 -0.20109298825263977 0.005036966875195503 0.9795149564743042
1542145528.346777 -0.15558049082756042 -0.07096341997385025 0.2252403348684311 0.0071928417310118675 -0.2135859876871109 0.001509520341642201 0.9768967032432556
1542145528.372732 -0.1590113639831543 -0.06184250861406326 0.20898595452308655 0.0051053594797849655 -0.2236640900373459 -0.003754647448658943 0.974645733833313
1542145528.398654 -0.16166800260543823 -0.05248890444636345 0.19044354557991028 0.004076848272234201 -0.23408065736293793 -0.008110282942652702 0.9721748232841492
1542145528.424519 -0.16408219933509827 -0.04291438311338425 0.17229440808296204 0.0006711602909490466 -0.24166278541088104 -0.00968756154179573 0.9703117609024048
1542145528.450318 -0.16478976607322693 -0.03298832103610039 0.15516118705272675 -0.008452565409243107 -0.24644973874092102 -0.006761306431144476 0.9690951704978943
1542145528.476058 -0.16551867127418518 -0.0217723548412323 0.13751459121704102 -0.02095741406083107 -0.24791143834590912 -0.00021974460105411708 0.9685559868812561
1542145528.501743 -0.16662795841693878 -0.011256246827542782 0.12005258351564407 -0.034882787615060806 -0.24674539268016815 0.008718610741198063 0.9684131145477295
1542145528.527377 -0.16867469251155853 -0.0012213792651891708 0.10314327478408813 -0.048079974949359894 -0.24515171349048615 0.019008764997124672 0.9681051969528198
1542145528.552967 -0.17255644500255585 0.007673789281398058 0.08555193245410919 -0.06013140082359314 -0.24308328330516815 0.028659077361226082 0.9677156209945679
1542145528.578524 -0.1794179528951645 0.014740700833499432 0.06889043003320694 -0.06961163133382797 -0.24313773214817047 0.03716433420777321 0.9667767286300659
1542145528.604065 -0.1894042044878006 0.01965538039803505 0.05414297804236412 -0.07628773152828217 -0.2471398413181305 0.04267788305878639 0.9650288820266724
1542145528.629649 -0.20245127379894257 0.022665515542030334 0.04067308455705643 -0.07891229540109634 -0.25363174080848694 0.04612782225012779 0.9629725217819214
1542145528.655341 -0.21765218675136566 0.023072870448231697 0.028302451595664024 -0.07882630079984665 -0.26191964745521545 0.05170603096485138 0.9604743719100952
1542145528.68118 -0.2361474335193634 0.021903179585933685 0.015863608568906784 -0.07622745633125305 -0.26994702219963074 0.06074504554271698 0.9579290747642517
1542145528.707154 -0.2579883635044098 0.01908385567367077 0.004638548940420151 -0.07455248385667801 -0.2764321565628052 0.07223629206418991 0.9554104804992676
1542145528.733225 -0.27907323837280273 0.014667069539427757 -0.0029956623911857605 -0.07316090911626816 -0.28143441677093506 0.07955504208803177 0.9534742832183838
1542145528.759365 -0.3008406460285187 0.008561687543988228 -0.008270898833870888 -0.07147695869207382 -0.2830285429954529 0.08726221323013306 0.9524554014205933
1542145528.785586 -0.32250919938087463 0.00041042082011699677 -0.011042961850762367 -0.06880684196949005 -0.2850189208984375 0.10347030311822891 0.9504334926605225
1542145528.811918 -0.34368637204170227 -0.010877233929932117 -0.011570483446121216 -0.06384087353944778 -0.28783708810806274 0.11729324609041214 0.9483229517936707
1542145528.83837 -0.3633905053138733 -0.024708669632673264 -0.008477738127112389 -0.053303152322769165 -0.2910643517971039 0.12217603623867035 0.9473718404769897
1542145528.864912 -0.3817507326602936 -0.03935340791940689 -0.001647908240556717 -0.038812823593616486 -0.2931550145149231 0.12201759964227676 0.9474521279335022
1542145528.891488 -0.395649254322052 -0.0545104555785656 0.006463721394538879 -0.026441777125000954 -0.29081466794013977 0.1216684877872467 0.9486435055732727
1542145528.917988 -0.4048296809196472 -0.06528360396623611 0.01876792684197426 -0.017319228500127792 -0.28516000509262085 0.12584924697875977 0.9500241279602051
1542145528.944267 -0.4106549918651581 -0.07618685066699982 0.032284751534461975 -0.015521280467510223 -0.2735203802585602 0.13362307846546173 0.9524130821228027
1542145528.970247 -0.4176557660102844 -0.08441922068595886 0.05048176273703575 -0.014477833174169064 -0.2593662142753601 0.14150549471378326 0.9552464485168457
1542145528.995944 -0.4191235899925232 -0.09261474758386612 0.06522010266780853 -0.015512442216277122 -0.23961253464221954 0.1495857834815979 0.9591503739356995
1542145529.021432 -0.4195959270000458 -0.09613218903541565 0.08239361643791199 -0.012828243896365166 -0.23123878240585327 0.15688811242580414 0.960078239440918
1542145529.04678 -0.4175768792629242 -0.10269429534673691 0.09854225814342499 -0.011136133223772049 -0.20914627611637115 0.16390177607536316 0.9639865756034851
1542145529.072022 -0.4072979688644409 -0.10360574722290039 0.12943920493125916 -0.010430249385535717 -0.19134868681430817 0.17814423143863678 0.9651640057563782
1542145529.097161 -0.4025958478450775 -0.10622268915176392 0.14336636662483215 -0.014098555780947208 -0.16961151361465454 0.18689559400081635 0.9675243496894836
1542145529.122175 -0.3970654308795929 -0.11069722473621368 0.14491751790046692 -0.023027554154396057 -0.14885039627552032 0.1968073695898056 0.9688034653663635
1542145529.14704 -0.39005348086357117 -0.11093223094940186 0.1560608297586441 -0.031129904091358185 -0.12799666821956635 0.21400393545627594 0.9679102301597595
1542145529.171743 -0.37922531366348267 -0.11074142158031464 0.16156400740146637 -0.03979400545358658 -0.1166941449046135 0.23643933236598969 0.9637922048568726
1542145529.196307 -0.3699204921722412 -0.11044054478406906 0.16942808032035828 -0.04518934711813927 -0.10080310702323914 0.24285733699798584 0.9637515544891357
1542145529.220766 -0.36618298292160034 -0.11401550471782684 0.17150403559207916 -0.04891740530729294 -0.0740497037768364 0.24278277158737183 0.9660125970840454
1542145529.24516 -0.3578180968761444 -0.11520586907863617 0.17577123641967773 -0.04731687158346176 -0.059849634766578674 0.24597381055355072 0.9662691950798035
1542145529.269515 -0.3510771095752716 -0.11479601263999939 0.18095718324184418 -0.04435117170214653 -0.04839816689491272 0.2447860687971115 0.9673522710800171
1542145529.293854 -0.34624314308166504 -0.11840081214904785 0.17526930570602417 -0.04285670816898346 -0.0332401879131794 0.24020759761333466 0.9692052006721497
1542145529.318192 -0.3410782217979431 -0.11895757168531418 0.17407992482185364 -0.042224425822496414 -0.0260760597884655 0.23814798891544342 0.9699602127075195
1542145529.34254 -0.33535036444664 -0.11798956990242004 0.17237398028373718 -0.03952227905392647 -0.022364690899848938 0.23959149420261383 0.9698112607002258
1542145529.366908 -0.3335673213005066 -0.11803558468818665 0.1666717231273651 -0.03698591887950897 -0.018417369574308395 0.2411443442106247 0.9696093797683716
1542145529.391296 -0.3329135477542877 -0.11831438541412354 0.15683414041996002 -0.034252483397722244 -0.018248440697789192 0.24363873898983002 0.9690892696380615
1542145529.415704 -0.3344331383705139 -0.11734580993652344 0.14877720177173615 -0.03316017985343933 -0.019607970491051674 0.24288374185562134 0.9692901968955994
1542145529.440132 -0.3361481726169586 -0.1167154386639595 0.1422191709280014 -0.032307326793670654 -0.025092899799346924 0.24446244537830353 0.9687955379486084
1542145529.464572 -0.3410836458206177 -0.11611492186784744 0.14075079560279846 -0.02991694211959839 -0.029975127428770065 0.24441131949424744 0.9687464237213135
1542145529.489019 -0.3442535400390625 -0.11503050476312637 0.13583584129810333 -0.0282021164894104 -0.03768843039870262 0.24316589534282684 0.9688419103622437
1542145529.513471 -0.3470999300479889 -0.10972217470407486 0.08929874747991562 -0.02803407609462738 -0.047114793211221695 0.23984220623970032 0.9692626595497131
1542145529.537916 -0.3537389934062958 -0.10728587210178375 0.07577443867921829 -0.028934163972735405 -0.06276672333478928 0.23892362415790558 0.968575656414032
1542145529.562345 -0.3614274561405182 -0.10165137052536011 0.060434844344854355 -0.03272537142038345 -0.07806664705276489 0.24312420189380646 0.9662946462631226
1542145529.586751 -0.36894690990448 -0.09664564579725266 0.045392729341983795 -0.038713812828063965 -0.09492624551057816 0.23982027173042297 0.9653893709182739
1542145529.611125 -0.370252400636673 -0.09319853782653809 0.03287874907255173 -0.047099702060222626 -0.11053244769573212 0.24183787405490875 0.9628492593765259
1542145529.635464 -0.3730037212371826 -0.0915791243314743 0.014374086633324623 -0.05272309482097626 -0.12367558479309082 0.2510712146759033 0.9585864543914795
1542145529.659792 -0.37103188037872314 -0.08819545060396194 0.0037012333050370216 -0.055194057524204254 -0.1267198622226715 0.2548553943634033 0.9570499062538147
1542145529.684144 -0.36666545271873474 -0.08636213093996048 -0.007062503602355719 -0.05424769967794418 -0.12557651102542877 0.26074478030204773 0.9556673169136047
1542145529.708552 -0.3608366549015045 -0.08455192297697067 -0.016359807923436165 -0.05138519033789635 -0.1252974271774292 0.2667222321033478 0.954211413860321
1542145529.733043 -0.3526763617992401 -0.08395310491323471 -0.02842452935874462 -0.04961609095335007 -0.12403956055641174 0.2680840492248535 0.9540877342224121
1542145529.757626 -0.3491785228252411 -0.07910117506980896 -0.024631580337882042 -0.04568314552307129 -0.11780082434415817 0.2632100284099579 0.9564290642738342
1542145529.782296 -0.3412962555885315 -0.075886070728302 -0.02581554464995861 -0.04314886033535004 -0.11215517669916153 0.2615312933921814 0.9576851725578308
1542145529.80705 -0.3332566022872925 -0.07238754630088806 -0.022909268736839294 -0.04300263524055481 -0.10444511473178864 0.2601638436317444 0.9589352607727051
1542145529.831878 -0.32463735342025757 -0.06859025359153748 -0.0280985776335001 -0.04489189013838768 -0.098867267370224 0.25427064299583435 0.9610185027122498
1542145529.856761 -0.3097764253616333 -0.06325748562812805 -0.01990504562854767 -0.04846476763486862 -0.08908125758171082 0.24704954028129578 0.9636816382408142
1542145529.881677 -0.3031291365623474 -0.0650760680437088 -0.020426340401172638 -0.055168818682432175 -0.06830589473247528 0.24325060844421387 0.9659813046455383
1542145529.90661 -0.2845722734928131 -0.056974511593580246 -0.011739145033061504 -0.05572369322180748 -0.04694119095802307 0.24053682386875153 0.9679015278816223
1542145529.931528 -0.26351016759872437 -0.05159444361925125 0.0042160856537520885 -0.05600665882229805 -0.021792279556393623 0.2474803477525711 0.9670273661613464
1542145529.956404 -0.2432548701763153 -0.0455629862844944 0.0149551872164011 -0.05983995273709297 -0.0016670357435941696 0.24217143654823303 0.9683849811553955
1542145529.981229 -0.22197997570037842 -0.04098732769489288 0.0265397559851408 -0.06766892969608307 0.01936917193233967 0.22070792317390442 0.9727969169616699
1542145530.006026 -0.19981509447097778 -0.038301948457956314 0.038395412266254425 -0.06476016342639923 0.04267473518848419 0.21161846816539764 0.9742703437805176
1542145530.030839 -0.1783907115459442 -0.03684096038341522 0.04790997877717018 -0.053513385355472565 0.0697537288069725 0.21027657389640808 0.9736809134483337
1542145530.055709 -0.158177450299263 -0.03439730405807495 0.057394467294216156 -0.04351358860731125 0.09244627505540848 0.21271994709968567 0.9717563986778259
1542145530.080681 -0.14066073298454285 -0.030301297083497047 0.06705199927091599 -0.047777410596609116 0.10488323122262955 0.21027931571006775 0.970824122428894
1542145530.105783 -0.12498504668474197 -0.026462731882929802 0.0766187310218811 -0.06047060713171959 0.11218966543674469 0.20470626652240753 0.9704906940460205
1542145530.131019 -0.11206669360399246 -0.023192735388875008 0.08489249646663666 -0.07144720107316971 0.11379250884056091 0.20418019592761993 0.9696685075759888
1542145530.156372 -0.10053697228431702 -0.02034960314631462 0.09508378058671951 -0.0849277451634407 0.10994580388069153 0.2060207575559616 0.9686354994773865
1542145530.181836 -0.09076588600873947 -0.018348174169659615 0.10335290431976318 -0.09655340760946274 0.10759204626083374 0.20221436023712158 0.9686128497123718
1542145530.207435 -0.0827476754784584 -0.01761295273900032 0.10935923457145691 -0.10150621086359024 0.1068330779671669 0.20121389627456665 0.9683988094329834
1542145530.233213 -0.07489713281393051 -0.01824316754937172 0.11371681094169617 -0.10369092971086502 0.10660573840141296 0.20045830309391022 0.968349039554596
1542145530.259217 -0.06916681677103043 -0.01870809495449066 0.11814159154891968 -0.10471894592046738 0.11007677763700485 0.19423899054527283 0.969117283821106
1542145530.285487 -0.06449488550424576 -0.01985890418291092 0.12099742889404297 -0.10545898973941803 0.11392208933830261 0.1856398731470108 0.9702773094177246
1542145530.31205 -0.06239302456378937 -0.020978432148694992 0.12314559519290924 -0.10301277786493301 0.11755768954753876 0.18055486679077148 0.9710657000541687
1542145530.338884 -0.0622839517891407 -0.02231299877166748 0.1248088851571083 -0.10156076401472092 0.12048802524805069 0.1783776879310608 0.9712617993354797
1542145530.3659 -0.06645017862319946 -0.02415234036743641 0.12400253117084503 -0.09699122607707977 0.11780717223882675 0.18536128103733063 0.9707499146461487
1542145530.392976 -0.070297472178936 -0.025743922218680382 0.1286945939064026 -0.08917661011219025 0.10836803168058395 0.18730732798576355 0.9722241759300232
1542145530.420001 -0.07832615822553635 -0.02832726389169693 0.12866146862506866 -0.07559528946876526 0.09269890934228897 0.18579450249671936 0.9752808213233948
1542145530.4469 -0.08899984508752823 -0.03123169019818306 0.12790384888648987 -0.06547241657972336 0.07398122549057007 0.1780451089143753 0.9790506362915039
1542145530.473583 -0.10145050287246704 -0.03425846993923187 0.12646177411079407 -0.056434664875268936 0.05583126097917557 0.1693211793899536 0.9823585748672485
1542145530.499894 -0.11629924923181534 -0.037918876856565475 0.12290775775909424 -0.0460226871073246 0.03648696467280388 0.16817304491996765 0.9840063452720642
1542145530.525727 -0.1327897161245346 -0.0406714491546154 0.11825936287641525 -0.03717536851763725 0.018107542768120766 0.16763855516910553 0.9849809408187866
1542145530.551102 -0.14997103810310364 -0.04300949349999428 0.11377084255218506 -0.03162049129605293 0.0020898038055747747 0.16355089843273163 0.9860258102416992
1542145530.576137 -0.16800709068775177 -0.04444989934563637 0.11018414795398712 -0.029988085851073265 -0.01665736734867096 0.1606268584728241 0.9864189028739929
1542145530.600987 -0.18600627779960632 -0.04588489606976509 0.10621989518404007 -0.03291448578238487 -0.03301442787051201 0.1570148766040802 0.986495316028595
1542145530.625798 -0.20314642786979675 -0.04813380539417267 0.10062158852815628 -0.032165490090847015 -0.04533233121037483 0.15928146243095398 0.9856671690940857
1542145530.650667 -0.22060662508010864 -0.05191135033965111 0.09603546559810638 -0.028587840497493744 -0.057667624205350876 0.16194893419742584 0.9846978187561035
1542145530.675606 -0.2371927797794342 -0.05716826021671295 0.09247877448797226 -0.023606879636645317 -0.06976088881492615 0.15399548411369324 0.9853230714797974
1542145530.700562 -0.2528577148914337 -0.06402374058961868 0.09090019762516022 -0.015728827565908432 -0.08286307752132416 0.14614097774028778 0.9856618046760559
1542145530.725463 -0.2659561038017273 -0.07140236347913742 0.09216560423374176 -0.007053663954138756 -0.0950101986527443 0.13533511757850647 0.9862087368965149
1542145530.750271 -0.27447664737701416 -0.07994662970304489 0.09225743263959885 0.0025860669557005167 -0.09970033913850784 0.12108537554740906 0.9876191020011902
1542145530.77501 -0.2803385853767395 -0.08675992488861084 0.09789138287305832 0.012906374409794807 -0.09590420871973038 0.12071409076452255 0.9879595041275024
1542145530.799718 -0.28058239817619324 -0.09280652552843094 0.10486433655023575 0.02268952503800392 -0.08803965896368027 0.13064342737197876 0.9872519969940186
1542145530.824425 -0.278514564037323 -0.09788969904184341 0.1091521605849266 0.029843419790267944 -0.07346473634243011 0.13878485560417175 0.9871429204940796
1542145530.849146 -0.2739972770214081 -0.10067854076623917 0.11857857555150986 0.029890302568674088 -0.05376302823424339 0.14469560980796814 0.987562358379364
1542145530.873891 -0.26963871717453003 -0.10318750888109207 0.1259804368019104 0.023850267753005028 -0.033204980194568634 0.15477623045444489 0.987103283405304
1542145530.898656 -0.2609371244907379 -0.10328970104455948 0.13749681413173676 0.016427887603640556 -0.013821985572576523 0.16056817770004272 0.9867912530899048
1542145530.923421 -0.2519426643848419 -0.10363958030939102 0.14885367453098297 0.009580438025295734 0.0068360199220478535 0.17001184821128845 0.9853717684745789
1542145530.948167 -0.24123430252075195 -0.10332521051168442 0.15835882723331451 0.006277611944824457 0.027017440646886826 0.18465468287467957 0.9824119806289673
1542145530.972895 -0.22892412543296814 -0.10070738196372986 0.16951926052570343 0.008527124300599098 0.044524773955345154 0.20229288935661316 0.9782752394676208
1542145530.997625 -0.21674804389476776 -0.09867218136787415 0.17918062210083008 0.006393374875187874 0.0601566843688488 0.20903071761131287 0.9760360717773438
1542145531.022394 -0.20454812049865723 -0.09826884418725967 0.18919605016708374 -0.0012900404399260879 0.0800531804561615 0.19698026776313782 0.9771328568458557
1542145531.047251 -0.1917082965373993 -0.09793316572904587 0.19727656245231628 0.0010381435276940465 0.09895972907543182 0.18980363011360168 0.9768216609954834
1542145531.072255 -0.181365504860878 -0.09883251041173935 0.2021675705909729 0.009531884454190731 0.114505335688591 0.18682368099689484 0.9756508469581604
1542145531.097418 -0.17084138095378876 -0.09970670193433762 0.20903734862804413 0.01967437006533146 0.1278524398803711 0.1743033528327942 0.9761582612991333
1542145531.122689 -0.1640760898590088 -0.1010512113571167 0.21343807876110077 0.028631320223212242 0.13756372034549713 0.15690864622592926 0.9775664806365967
1542145531.147986 -0.1569211632013321 -0.10202561318874359 0.21690091490745544 0.038212914019823074 0.14228209853172302 0.14910216629505157 0.9777853488922119
1542145531.173251 -0.15249137580394745 -0.10220661014318466 0.21874530613422394 0.04309811070561409 0.14289186894893646 0.14109982550144196 0.978680431842804
1542145531.198475 -0.15076744556427002 -0.10092385113239288 0.218093141913414 0.04042140394449234 0.13835619390010834 0.13219650089740753 0.9806874394416809
1542145531.223685 -0.14910972118377686 -0.10135631263256073 0.2184194028377533 0.035959407687187195 0.12834207713603973 0.13366878032684326 0.9820224046707153
1542145531.248919 -0.15249575674533844 -0.10037324577569962 0.21680697798728943 0.03216468542814255 0.11779985576868057 0.13892771303653717 0.9827450513839722
1542145531.274204 -0.1555691957473755 -0.09927662461996078 0.21345920860767365 0.030774680897593498 0.10558761656284332 0.1466396152973175 0.9830570220947266
1542145531.299551 -0.16151069104671478 -0.09830188751220703 0.20814649760723114 0.030658185482025146 0.09709599614143372 0.1476416289806366 0.9837858080863953
1542145531.324952 -0.16828100383281708 -0.09668896347284317 0.19971558451652527 0.03266637772321701 0.08851324766874313 0.1469820737838745 0.984629213809967
1542145531.35038 -0.1766916811466217 -0.09420035034418106 0.1902799904346466 0.03224829584360123 0.07798782736063004 0.14741629362106323 0.9854676127433777
1542145531.375801 -0.18732118606567383 -0.09104955941438675 0.17872104048728943 0.027381354942917824 0.06316632777452469 0.14941523969173431 0.9863749146461487
1542145531.401179 -0.20124663412570953 -0.08798297494649887 0.1666579395532608 0.02096891775727272 0.04385964572429657 0.15298891067504883 0.9870314002037048
1542145531.426489 -0.2158517688512802 -0.08490035682916641 0.15167243778705597 0.01555631123483181 0.019551409408450127 0.1541246771812439 0.9877354502677917
1542145531.451731 -0.23188209533691406 -0.08189687877893448 0.13794884085655212 0.01039654016494751 -0.006431471090763807 0.1462491750717163 0.9891722798347473
1542145531.476912 -0.24742011725902557 -0.08001098781824112 0.12289739400148392 0.010847315192222595 -0.030867116525769234 0.14013618230819702 0.9895915389060974
1542145531.502015 -0.26258185505867004 -0.07855629175901413 0.10609705746173859 0.017407754436135292 -0.04997599124908447 0.13946661353111267 0.9888116717338562
1542145531.527024 -0.2757362425327301 -0.0768323540687561 0.09011788666248322 0.024020111188292503 -0.06392909586429596 0.14055995643138885 0.9877140522003174
1542145531.551923 -0.28850871324539185 -0.07546635717153549 0.07472936809062958 0.025790229439735413 -0.07386377453804016 0.14211075007915497 0.9867540597915649
1542145531.576707 -0.29992589354515076 -0.07259967923164368 0.06044843792915344 0.02461816743016243 -0.08280979096889496 0.147588849067688 0.9852685332298279
1542145531.601395 -0.3102684020996094 -0.07017383724451065 0.0450824499130249 0.02069696970283985 -0.09243234246969223 0.1556471586227417 0.9832608699798584
1542145531.626016 -0.31965625286102295 -0.0679045170545578 0.03250947967171669 0.01599258929491043 -0.10120228677988052 0.1615188866853714 0.9815366268157959
1542145531.650603 -0.3284556567668915 -0.06625698506832123 0.02238902449607849 0.011562648229300976 -0.10969541221857071 0.16403509676456451 0.9802681803703308
1542145531.675179 -0.3366994559764862 -0.06583879142999649 0.012015022337436676 0.009135306812822819 -0.11984097957611084 0.16623690724372864 0.9787338972091675
1542145531.699759 -0.34386834502220154 -0.06634392589330673 0.00455867825075984 0.010186287574470043 -0.1308220475912094 0.1682903915643692 0.9769648313522339
1542145531.724333 -0.3501715660095215 -0.06768094748258591 -0.001493619754910469 0.013682960532605648 -0.13863123953342438 0.16712495684623718 0.9760448336601257
1542145531.748899 -0.35432595014572144 -0.06872157007455826 -0.004303830675780773 0.017629384994506836 -0.14413639903068542 0.16547656059265137 0.9754647612571716
1542145531.77347 -0.3569849133491516 -0.07034417986869812 -0.005911008920520544 0.02099805511534214 -0.14823856949806213 0.16431616246700287 0.9749793410301208
1542145531.798077 -0.3579692840576172 -0.07268301397562027 -0.005810844711959362 0.02393093891441822 -0.149619922041893 0.1613726019859314 0.9751924276351929
1542145531.822752 -0.3557765483856201 -0.07494740188121796 -0.0027215247973799706 0.02646331675350666 -0.14641860127449036 0.15931661427021027 0.9759505987167358
1542145531.847506 -0.35093122720718384 -0.07683084905147552 0.002811374142765999 0.027365582063794136 -0.1385868340730667 0.1616045981645584 0.976692795753479
1542145531.872332 -0.3435092568397522 -0.07821758836507797 0.009719203226268291 0.027335667982697487 -0.12857551872730255 0.1666344702243805 0.9772175550460815
1542145531.897211 -0.3343198597431183 -0.07944931089878082 0.01713167503476143 0.025276226922869682 -0.1164979487657547 0.17097045481204987 0.9780381321907043
1542145531.922118 -0.3231130838394165 -0.08056474477052689 0.027282917872071266 0.022884830832481384 -0.1049586609005928 0.17581675946712494 0.9785440564155579
1542145531.947015 -0.3106187582015991 -0.0814540758728981 0.03898460045456886 0.01974615640938282 -0.09621153026819229 0.18066534399986267 0.9786283373832703
1542145531.971868 -0.29747655987739563 -0.08194717019796371 0.04851226881146431 0.014316832646727562 -0.08992098271846771 0.18561948835849762 0.9783939719200134
1542145531.996658 -0.2832722067832947 -0.0816650465130806 0.060774847865104675 0.004990304820239544 -0.08358344435691833 0.19145171344280243 0.9779239296913147
1542145532.021397 -0.2685249447822571 -0.08077698945999146 0.07391396909952164 -0.006865987088531256 -0.0820612758398056 0.20120710134506226 0.9760812520980835
1542145532.046099 -0.25487449765205383 -0.07972408086061478 0.0875888541340828 -0.019798489287495613 -0.08786874264478683 0.20569781959056854 0.9744617342948914
1542145532.070787 -0.24164868891239166 -0.07954858243465424 0.10147369652986526 -0.034280676394701004 -0.09782018512487411 0.2031555324792862 0.9736446738243103
1542145532.095479 -0.22815439105033875 -0.0801076591014862 0.11342623829841614 -0.046397410333156586 -0.10725385695695877 0.19918192923069 0.9729699492454529
1542145532.120187 -0.21418610215187073 -0.08234278857707977 0.1237945407629013 -0.050105515867471695 -0.1137096956372261 0.198796808719635 0.9721313714981079
1542145532.144927 -0.19979725778102875 -0.08550063520669937 0.13466428220272064 -0.04984720051288605 -0.11957509815692902 0.19514267146587372 0.9721812605857849
1542145532.169731 -0.1870671957731247 -0.08957406133413315 0.14358998835086823 -0.05237076058983803 -0.12749642133712769 0.18486517667770386 0.9730502963066101
1542145532.19463 -0.17451566457748413 -0.0928133949637413 0.1513894647359848 -0.05950036272406578 -0.13902893662452698 0.1693590134382248 0.9738830327987671
1542145532.219646 -0.162929967045784 -0.09663497656583786 0.15806204080581665 -0.06869626045227051 -0.1471715271472931 0.15194770693778992 0.9749529957771301
1542145532.244774 -0.15125270187854767 -0.10161695629358292 0.1642216145992279 -0.07258093357086182 -0.15101300179958344 0.143731027841568 0.9753299355506897
1542145532.270006 -0.14047017693519592 -0.10721102356910706 0.16760028898715973 -0.06893827766180038 -0.15144608914852142 0.1401611715555191 0.9760463833808899
1542145532.29534 -0.13072369992733002 -0.11286541074514389 0.16897247731685638 -0.06012508273124695 -0.15098021924495697 0.1332470327615738 0.977668285369873
1542145532.320766 -0.12381767481565475 -0.11829084903001785 0.168914794921875 -0.04951765015721321 -0.15035678446292877 0.1197446659207344 0.9801031351089478
1542145532.346239 -0.11894319951534271 -0.12305758148431778 0.1691971719264984 -0.036529846489429474 -0.1537495106458664 0.10788533091545105 0.9815230369567871
1542145532.371711 -0.11614259332418442 -0.1271999329328537 0.16841350495815277 -0.01767929270863533 -0.15775947272777557 0.09706978499889374 0.9825359582901001
1542145532.397163 -0.11507059633731842 -0.13067618012428284 0.1642640084028244 -0.0005338019109331071 -0.15903730690479279 0.08823905885219574 0.9833212494850159
1542145532.4226 -0.11497650295495987 -0.13168016076087952 0.15906459093093872 0.01061784103512764 -0.15915967524051666 0.08227942138910294 0.9837610125541687
1542145532.448039 -0.1158064603805542 -0.1311752051115036 0.15271872282028198 0.01800621673464775 -0.15516780316829681 0.0778723806142807 0.9846495389938354
1542145532.473507 -0.11835651099681854 -0.1289605051279068 0.14811672270298004 0.02761794999241829 -0.14946722984313965 0.07931366562843323 0.9851934909820557
1542145532.499024 -0.12181328237056732 -0.12648503482341766 0.13978323340415955 0.042658351361751556 -0.1422421634197235 0.09013999998569489 0.9847955703735352
1542145532.524584 -0.12586002051830292 -0.12230287492275238 0.12846221029758453 0.053919658064842224 -0.1322135329246521 0.09836281090974808 0.9848538041114807
1542145532.550169 -0.13201123476028442 -0.11832257360219955 0.11678903549909592 0.056162070482969284 -0.1191585436463356 0.09909447282552719 0.9863201379776001
1542145532.57576 -0.13865262269973755 -0.11328037083148956 0.10879349708557129 0.05740944668650627 -0.1088559478521347 0.10144448280334473 0.9871999025344849
1542145532.601326 -0.1484374701976776 -0.10748657584190369 0.1009829118847847 0.057395387440919876 -0.10179229825735092 0.1090211570262909 0.9871466755867004
1542145532.626831 -0.1590418517589569 -0.10125710815191269 0.09292133897542953 0.05644487589597702 -0.09840059280395508 0.11529610306024551 0.9868324398994446
1542145532.652247 -0.17280058562755585 -0.0959160178899765 0.08416952192783356 0.05499998852610588 -0.09709495306015015 0.11477575451135635 0.9871039390563965
1542145532.677579 -0.18702185153961182 -0.09064696729183197 0.07683353126049042 0.050889983773231506 -0.09742162376642227 0.11449012905359268 0.9873253107070923
1542145532.702849 -0.20177829265594482 -0.08399979770183563 0.07318194210529327 0.043643686920404434 -0.09918122738599777 0.11416994780302048 0.9875341057777405
1542145532.728091 -0.21549038589000702 -0.0790078416466713 0.06883957237005234 0.034618962556123734 -0.10195431858301163 0.11664033681154251 0.987320601940155
1542145532.753326 -0.23033010959625244 -0.07396502792835236 0.06586840003728867 0.02589702606201172 -0.10359597206115723 0.12231656163930893 0.9867299795150757
1542145532.778535 -0.24603059887886047 -0.0690278634428978 0.06381770223379135 0.018676258623600006 -0.10661572962999344 0.12677280604839325 0.9860086441040039
1542145532.803697 -0.26221829652786255 -0.06526026129722595 0.0625196173787117 0.010360769927501678 -0.11215811967849731 0.1317543089389801 0.9848624467849731
1542145532.828804 -0.27712762355804443 -0.06106560304760933 0.06320677697658539 0.0002756502362899482 -0.12113966047763824 0.1390363872051239 0.9828500151634216
1542145532.853851 -0.2916250228881836 -0.05770745500922203 0.06349919736385345 -0.011326360516250134 -0.12924769520759583 0.142506942152977 0.9812535643577576
1542145532.878816 -0.30461585521698 -0.05541406199336052 0.0660758763551712 -0.021028177812695503 -0.1356954574584961 0.14717283844947815 0.9795329570770264
1542145532.903672 -0.31593000888824463 -0.05427224189043045 0.06920675188302994 -0.026851791888475418 -0.13807842135429382 0.1554672122001648 0.9777746796607971
1542145532.928388 -0.326132595539093 -0.05416492745280266 0.07327447086572647 -0.028445091098546982 -0.13655011355876923 0.15900860726833344 0.9773746728897095
1542145532.952959 -0.334196537733078 -0.05540258437395096 0.07925153523683548 -0.027433862909674644 -0.1365140825510025 0.15725120902061462 0.9776929020881653
1542145532.97739 -0.34087860584259033 -0.058049917221069336 0.08554381877183914 -0.024605652317404747 -0.1360383778810501 0.15531811118125916 0.9781433939933777
1542145533.001705 -0.3449285328388214 -0.061847057193517685 0.09286744892597198 -0.020038824528455734 -0.13451766967773438 0.1543562263250351 0.978610098361969
1542145533.025939 -0.3461238145828247 -0.06626299023628235 0.09905393421649933 -0.014446200802922249 -0.13013893365859985 0.15392237901687622 0.9793687462806702
1542145533.050123 -0.3439340591430664 -0.06933712959289551 0.10691510140895844 -0.009244085289537907 -0.12256992608308792 0.15452751517295837 0.9803124666213989
1542145533.074284 -0.3397182524204254 -0.07121235877275467 0.11447419226169586 -0.004807065241038799 -0.11009681224822998 0.15696081519126892 0.9814372062683105
1542145533.098442 -0.3325555622577667 -0.07405266165733337 0.121403768658638 -0.00042613677214831114 -0.09549248218536377 0.1623801589012146 0.9820966124534607
1542145533.122605 -0.32326406240463257 -0.07590976357460022 0.12543027102947235 0.0033917909022420645 -0.07874995470046997 0.17212800681591034 0.9819159507751465
1542145533.146766 -0.31181320548057556 -0.07752765715122223 0.12955808639526367 0.006721813697367907 -0.06254284083843231 0.1818259209394455 0.9813168048858643
1542145533.170924 -0.29907041788101196 -0.07852767407894135 0.13470357656478882 0.009553909301757812 -0.04797833412885666 0.19052797555923462 0.9804621338844299
1542145533.195093 -0.28447628021240234 -0.07946120947599411 0.13889461755752563 0.010127509944140911 -0.03496865928173065 0.1966456174850464 0.9797985553741455
1542145533.219284 -0.26894742250442505 -0.07951344549655914 0.14115792512893677 0.013222270645201206 -0.02006133832037449 0.20182928442955017 0.9791259765625
1542145533.243503 -0.2525930404663086 -0.08065080642700195 0.14347578585147858 0.01950543001294136 -0.0022067532408982515 0.2028898298740387 0.9790048003196716
1542145533.267757 -0.23493927717208862 -0.08228391408920288 0.14490270614624023 0.02651616930961609 0.020827779546380043 0.19643095135688782 0.9799377918243408
1542145533.292064 -0.21769942343235016 -0.08369093388319016 0.14547860622406006 0.0356409065425396 0.04563441127538681 0.19331398606300354 0.9794268608093262
1542145533.31646 -0.2007376253604889 -0.08464422076940536 0.14463931322097778 0.04467746987938881 0.06824757158756256 0.19232726097106934 0.9779348373413086
1542145533.340984 -0.1845671832561493 -0.08538410812616348 0.141574889421463 0.046319540590047836 0.0866670310497284 0.18670198321342468 0.9774895310401917
1542145533.36564 -0.16954901814460754 -0.08562741428613663 0.1382724642753601 0.04317016154527664 0.1022273451089859 0.17869405448436737 0.9776269197463989
1542145533.390385 -0.15562638640403748 -0.08573678135871887 0.1360865831375122 0.03962722420692444 0.11597141623497009 0.17202723026275635 0.9774390459060669
1542145533.415154 -0.14245890080928802 -0.08459895104169846 0.13450203835964203 0.03564104437828064 0.12918221950531006 0.1649591475725174 0.9771541357040405
1542145533.43989 -0.1308554857969284 -0.08336647599935532 0.1342393159866333 0.03195730596780777 0.13952097296714783 0.1577436774969101 0.9770514965057373
1542145533.464551 -0.11944115161895752 -0.08227910101413727 0.1355019360780716 0.03001461550593376 0.15106289088726044 0.15025748312473297 0.9765766263008118
1542145533.489123 -0.11009804904460907 -0.08113164454698563 0.13468362390995026 0.030142130330204964 0.16465966403484344 0.1430504024028778 0.9754564762115479
1542145533.513602 -0.10174960643053055 -0.07976794242858887 0.13395975530147552 0.03035278245806694 0.17922315001487732 0.13515391945838928 0.9740078449249268
1542145533.537979 -0.09479674696922302 -0.07819878309965134 0.13144010305404663 0.030903587117791176 0.1928355097770691 0.12708142399787903 0.9724761247634888
1542145533.562258 -0.08791329711675644 -0.07620257139205933 0.12868385016918182 0.031795188784599304 0.20233792066574097 0.12188364565372467 0.9711811542510986
1542145533.58645 -0.07975181937217712 -0.07359948754310608 0.12665723264217377 0.028418375179171562 0.20763589441776276 0.11933952569961548 0.9704833626747131
1542145533.610555 -0.07293248176574707 -0.07062496244907379 0.12327989190816879 0.02172696962952614 0.21125224232673645 0.11452509462833405 0.9704558253288269
1542145533.63456 -0.06992167234420776 -0.06680065393447876 0.12003001570701599 0.013483235612511635 0.2135562300682068 0.10411616414785385 0.9712733030319214
1542145533.65846 -0.0675712525844574 -0.06025747209787369 0.11992651224136353 0.004067210014909506 0.21202236413955688 0.09507470577955246 0.9726205468177795
1542145533.682277 -0.06867874413728714 -0.05638619139790535 0.1160099059343338 -0.006290950812399387 0.20631270110607147 0.09099277853965759 0.9742257595062256
1542145533.706051 -0.07050613313913345 -0.05197301134467125 0.1137923151254654 -0.014072251506149769 0.19680316746234894 0.09139744937419891 0.9760723114013672
1542145533.72981 -0.07688219100236893 -0.045735593885183334 0.1092081218957901 -0.022815046831965446 0.1839774250984192 0.09029772132635117 0.9785081148147583
1542145533.753579 -0.08431661128997803 -0.04193602129817009 0.10521333664655685 -0.03296924754977226 0.1680545061826706 0.0883152186870575 0.9812600016593933
1542145533.777391 -0.09481465816497803 -0.03725811466574669 0.10240864753723145 -0.04057317599654198 0.1508517563343048 0.08793971687555313 0.9838009476661682
1542145533.801286 -0.10830339044332504 -0.03639382869005203 0.09539218246936798 -0.04677659645676613 0.1320742815732956 0.09032218158245087 0.9860072731971741
1542145533.825295 -0.1179160326719284 -0.03519291430711746 0.09235751628875732 -0.04983135312795639 0.11259116232395172 0.09509056061506271 0.9878248572349548
1542145533.849431 -0.13236889243125916 -0.0375257171690464 0.08455891907215118 -0.049263812601566315 0.09470638632774353 0.10244549065828323 0.9889938235282898
1542145533.873702 -0.14576104283332825 -0.04173264652490616 0.08271454274654388 -0.04529201239347458 0.07672321051359177 0.11050164699554443 0.989874541759491
1542145533.89811 -0.16140854358673096 -0.04769255220890045 0.0793379545211792 -0.03869645670056343 0.058863524347543716 0.11762496083974838 0.9905564785003662
1542145533.922654 -0.17729796469211578 -0.05482204258441925 0.07755444943904877 -0.030531777068972588 0.039606060832738876 0.12374570965766907 0.9910531044006348
1542145533.947315 -0.19274869561195374 -0.06257020682096481 0.07662112265825272 -0.023112138733267784 0.018071485683321953 0.13028982281684875 0.9910417795181274
1542145533.972061 -0.20773860812187195 -0.07175224274396896 0.07404904067516327 -0.017142897471785545 -0.004079763777554035 0.135737344622612 0.9905881881713867
1542145533.996836 -0.22131220996379852 -0.08145207166671753 0.07024992257356644 -0.011842682957649231 -0.024793822318315506 0.14117009937763214 0.9896040558815002
1542145534.021594 -0.2336045801639557 -0.09195143729448318 0.06510169804096222 -0.008991632610559464 -0.03998716175556183 0.14658761024475098 0.9883482456207275
1542145534.046296 -0.2436142861843109 -0.10201873630285263 0.06272217631340027 -0.007160007022321224 -0.04843830317258835 0.156571626663208 0.9864521622657776
1542145534.070925 -0.2518402338027954 -0.11158247292041779 0.06160920858383179 -0.004081264603883028 -0.052538421005010605 0.16721674799919128 0.9845108985900879
1542145534.095488 -0.25853270292282104 -0.121528759598732 0.05768226832151413 -0.0030030289199203253 -0.05429000034928322 0.176857590675354 0.982733428478241
1542145534.120005 -0.264084130525589 -0.12964634597301483 0.05753497779369354 -0.004540344700217247 -0.05809789523482323 0.18906179070472717 0.9802345037460327
1542145534.144506 -0.268594354391098 -0.1369529366493225 0.0576995350420475 -0.009888561442494392 -0.061493854969739914 0.20045062899589539 0.9777220487594604
1542145534.169016 -0.2713058888912201 -0.14328214526176453 0.05765198916196823 -0.015379783697426319 -0.06379978358745575 0.21167419850826263 0.9751344323158264
1542145534.193556 -0.27343320846557617 -0.1491905152797699 0.05635906383395195 -0.018071230500936508 -0.0657595619559288 0.22408437728881836 0.9721807241439819
1542145534.218149 -0.27411985397338867 -0.15442046523094177 0.05666883662343025 -0.017126815393567085 -0.06859491765499115 0.23456114530563354 0.969527006149292
1542145534.242808 -0.2721337080001831 -0.1604440063238144 0.05467013269662857 -0.013781712390482426 -0.07050594687461853 0.23979681730270386 0.9681614637374878
1542145534.267538 -0.2695358395576477 -0.16422492265701294 0.05790691450238228 -0.006570061668753624 -0.06759919971227646 0.23829925060272217 0.9688140749931335
1542145534.292336 -0.2653900384902954 -0.169009268283844 0.06050897017121315 0.0023676659911870956 -0.06133045256137848 0.2311871498823166 0.9709714651107788
1542145534.317187 -0.25683459639549255 -0.17099635303020477 0.06164027377963066 0.009716438129544258 -0.05033378303050995 0.22328472137451172 0.9734043478965759
1542145534.342073 -0.24573615193367004 -0.16977789998054504 0.0695902481675148 0.01323938649147749 -0.03432406112551689 0.22034578025341034 0.9747278690338135
1542145534.366969 -0.23280109465122223 -0.16850049793720245 0.07301725447177887 0.012408810667693615 -0.014938365668058395 0.22014997899532318 0.9752727746963501
1542145534.391837 -0.21569444239139557 -0.1643471121788025 0.0783638060092926 0.010656362399458885 0.005291563458740711 0.21765902638435364 0.9759523868560791
1542145534.416637 -0.19871191680431366 -0.16079001128673553 0.08216295391321182 0.008980538696050644 0.026312442496418953 0.21003922820091248 0.9772975444793701
1542145534.441341 -0.1805821657180786 -0.15413182973861694 0.09181050211191177 0.0055140843614935875 0.04667556658387184 0.19775311648845673 0.9791244864463806
1542145534.465942 -0.1612425595521927 -0.14789463579654694 0.09747523069381714 -0.00048659209278412163 0.06748799234628677 0.1832927018404007 0.9807390570640564
1542145534.490444 -0.14324574172496796 -0.1408545970916748 0.10332009941339493 -0.005811639130115509 0.08624789863824844 0.17444667220115662 0.9808648824691772
1542145534.514872 -0.12382155656814575 -0.13290099799633026 0.10760683566331863 -0.011384229175746441 0.09928783774375916 0.17314045131206512 0.9798136949539185
1542145534.539265 -0.10680118948221207 -0.12498218566179276 0.11494118720293045 -0.023368503898382187 0.10563546419143677 0.16795507073402405 0.9798398613929749
1542145534.563661 -0.08952777832746506 -0.11719842255115509 0.11977306753396988 -0.039709411561489105 0.10718830674886703 0.1541808843612671 0.9814082980155945
1542145534.588095 -0.07359345257282257 -0.1094529926776886 0.12449608743190765 -0.05105425789952278 0.10640054196119308 0.1446589231491089 0.9824185371398926
1542145534.612591 -0.06264890730381012 -0.101300448179245 0.1329653114080429 -0.056412287056446075 0.10681560635566711 0.13335655629634857 0.983678936958313
1542145534.637168 -0.05114620178937912 -0.09555076062679291 0.13533473014831543 -0.06235245615243912 0.10702621936798096 0.11627189815044403 0.985463559627533
1542145534.66184 -0.042773641645908356 -0.09011158347129822 0.13730140030384064 -0.06604541838169098 0.10664816200733185 0.09600227326154709 0.9874451160430908
1542145534.686621 -0.03583000972867012 -0.08573383092880249 0.13864386081695557 -0.06805892288684845 0.10458388924598694 0.07442480325698853 0.9893893003463745
1542145534.711504 -0.03974694013595581 -0.08178974688053131 0.15383575856685638 -0.06507586687803268 0.10329629480838776 0.05629291012883186 0.9909218549728394
1542145534.736461 -0.0389396958053112 -0.07883704453706741 0.15428248047828674 -0.06108236312866211 0.10044664889574051 0.039967264980077744 0.9922611117362976
1542145534.761449 -0.04339364543557167 -0.07566076517105103 0.16106590628623962 -0.05688413232564926 0.09585729986429214 0.029986277222633362 0.9933158755302429
1542145534.786425 -0.05153796076774597 -0.07080844044685364 0.15219466388225555 -0.051022253930568695 0.08727362751960754 0.026951875537633896 0.9945117831230164
1542145534.81137 -0.05874321609735489 -0.0657208189368248 0.1522229164838791 -0.04245039448142052 0.08090707659721375 0.024815665557980537 0.9955080151557922
1542145534.836287 -0.0696871280670166 -0.0591910146176815 0.14800864458084106 -0.0372757650911808 0.07920157164335251 0.02166210114955902 0.9959259033203125
1542145534.861184 -0.07310537248849869 -0.05875597521662712 0.13918668031692505 -0.03214108571410179 0.07514291256666183 0.02300688996911049 0.9963890910148621
1542145534.886064 -0.08414503186941147 -0.05368693545460701 0.13588128983974457 -0.0229401383548975 0.07048070430755615 0.028289146721363068 0.9968480467796326
1542145534.910912 -0.095710888504982 -0.05095122754573822 0.13586318492889404 -0.013406083919107914 0.06480731815099716 0.03148336708545685 0.997310996055603
1542145534.935717 -0.12703846395015717 -0.05849973484873772 0.11450731009244919 -0.0090562729164958 0.05844150483608246 0.03135881945490837 0.9977571368217468
1542145534.960472 -0.1411903351545334 -0.0586969368159771 0.11197122931480408 -0.002041258616372943 0.04986552149057388 0.024761533364653587 0.9984468817710876
1542145534.985174 -0.17817449569702148 -0.06229027733206749 0.09387676417827606 0.0058624837547540665 0.04127978906035423 0.02359836921095848 0.9988517165184021
1542145535.009822 -0.19493621587753296 -0.06448937952518463 0.0877416580915451 0.014360091648995876 0.02625444531440735 0.027400841936469078 0.999176561832428
1542145535.034424 -0.23951184749603271 -0.06921934336423874 0.07234895974397659 0.0163892712444067 0.009079922921955585 0.03394732624292374 0.9992480278015137
1542145535.059 -0.274638831615448 -0.07179434597492218 0.05881383642554283 0.013254562392830849 -0.012462012469768524 0.037289828062057495 0.9991388916969299
1542145535.083573 -0.3119765818119049 -0.07476858049631119 0.04090292379260063 0.006899191066622734 -0.03540216386318207 0.040753334760665894 0.9985181093215942
1542145535.108158 -0.3532346487045288 -0.07619905471801758 0.024888258427381516 -0.0017599009443074465 -0.05984542891383171 0.04643065854907036 0.9971256852149963
1542145535.13277 -0.3965769112110138 -0.0776347666978836 0.012040648609399796 -0.011337170377373695 -0.08575022220611572 0.0522833876311779 0.9948793053627014
1542145535.157413 -0.44082072377204895 -0.07955487817525864 0.0032050414010882378 -0.017127351835370064 -0.11216085404157639 0.05739923194050789 0.9918830394744873
1542145535.182079 -0.4850548505783081 -0.08421909809112549 -0.006918604485690594 -0.017590776085853577 -0.1376270204782486 0.06301023066043854 0.9883213639259338
1542145535.206741 -0.5279415845870972 -0.08978896588087082 -0.008729880675673485 -0.015610253438353539 -0.1579291820526123 0.06477023661136627 0.9852002859115601
1542145535.231377 -0.5701624155044556 -0.09595442563295364 -0.009353213012218475 -0.015308864414691925 -0.17467144131660461 0.06859351694583893 0.9821153283119202
1542145535.255994 -0.6097689270973206 -0.10125705599784851 -0.010870538651943207 -0.01694914698600769 -0.1932966560125351 0.07665811479091644 0.9779942631721497
1542145535.280609 -0.6476150751113892 -0.10657025873661041 -0.007997746579349041 -0.01999601349234581 -0.21186745166778564 0.08248433470726013 0.9736059904098511
1542145535.30524 -0.6797013878822327 -0.11166910827159882 -0.004296241328120232 -0.02278238721191883 -0.22956980764865875 0.08474353700876236 0.9693282842636108
1542145535.329891 -0.7097363471984863 -0.11752484738826752 0.001199129968881607 -0.026011552661657333 -0.24464142322540283 0.08668011426925659 0.9653810858726501
1542145535.354573 -0.7348407506942749 -0.12444714456796646 0.004111237823963165 -0.03104977123439312 -0.25632283091545105 0.0876879021525383 0.9621046781539917
1542145535.3793 -0.7546384930610657 -0.1336185187101364 0.011749107390642166 -0.03479616716504097 -0.25906428694725037 0.08815138787031174 0.9611994624137878
1542145535.404104 -0.7630307674407959 -0.1419263482093811 0.021269865334033966 -0.03450072184205055 -0.25426724553108215 0.09301550686359406 0.9620322585105896
1542145535.429032 -0.7640734910964966 -0.15275010466575623 0.032896362245082855 -0.03392666205763817 -0.2406359761953354 0.10432170331478119 0.9643963575363159
1542145535.454124 -0.7560558915138245 -0.15785923600196838 0.048092231154441833 -0.03131002187728882 -0.22433330118656158 0.11221138387918472 0.9675240516662598
1542145535.479374 -0.7508590817451477 -0.16644404828548431 0.06013303995132446 -0.02829081565141678 -0.20929895341396332 0.12080361694097519 0.9699484705924988
1542145535.50472 -0.7423701286315918 -0.17415137588977814 0.07218457758426666 -0.027727974578738213 -0.1979895383119583 0.1280899941921234 0.9714033007621765
1542145535.530077 -0.7325985431671143 -0.1793271005153656 0.08297601342201233 -0.03088463470339775 -0.18859398365020752 0.13012386858463287 0.9729061126708984
