1542145521577086.0 -0.0 -0.0 -0.0 -0.0 -0.0 1.0 -0.0
1542145521601548.0 -0.0 -0.0 -0.0 -0.0 -0.0 1.0 -0.0
1542145521626014.0 0.027585512 0.00027976552 0.0024260078 0.005290254 -0.0038531437 0.9999768 0.0018829529
1542145521650480.0 0.027585512 0.00027976552 0.0024260078 0.005290254 -0.0038531437 0.9999768 0.0018829529
1542145521674949.0 0.04614271 0.0063048825 0.0037907574 0.004872433 -0.0053451126 0.9999675 -0.0035770957
1542145521699426.0 0.04614271 0.0063048825 0.0037907574 0.004872433 -0.0053451126 0.9999675 -0.0035770957
1542145521723922.0 0.04614271 0.0063048825 0.0037907574 0.004872433 -0.0053451126 0.9999675 -0.0035770957
1542145521748450.0 0.04614271 0.0063048825 0.0037907574 0.004872433 -0.0053451126 0.9999675 -0.0035770957
1542145521773014.0 0.04614271 0.0063048825 0.0037907574 0.004872433 -0.0053451126 0.9999675 -0.0035770957
1542145521797607.0 0.058670618 0.012936658 0.0070821224 -0.012440357 -0.02042755 0.9997135 -0.00094757485
1542145521822217.0 0.058670618 0.012936658 0.0070821224 -0.012440357 -0.02042755 0.9997135 -0.00094757485
1542145521846830.0 0.0504832 0.009971278 0.007005253 -0.024516888 -0.02980589 0.9992487 0.003552688
1542145521871432.0 0.0504832 0.009971278 0.007005253 -0.024516888 -0.02980589 0.9992487 0.003552688
1542145521896007.0 0.036403928 0.0031077943 0.005838923 -0.03559831 -0.030453203 0.9988185 0.012923248
1542145521920548.0 0.036403928 0.0031077943 0.005838923 -0.03559831 -0.030453203 0.9988185 0.012923248
1542145521945061.0 0.021286722 -0.0036184695 0.0021980328 -0.044290856 -0.030628657 0.99836355 0.019246167
1542145521969553.0 0.021286722 -0.0036184695 0.0021980328 -0.044290856 -0.030628657 0.99836355 0.019246167
1542145521994032.0 -0.0057586036 -0.013021533 -0.0007087022 -0.05164672 -0.025484698 0.9980816 0.022721501
1542145522018513.0 -0.01979701 -0.018237717 -0.003779039 -0.05691029 -0.02114713 0.9978517 0.024615599
1542145522043014.0 -0.03972587 -0.024539297 -0.006188186 -0.061987363 -0.015455894 0.99757004 0.027799934
1542145522067543.0 -0.061763566 -0.03000649 -0.008034292 -0.07062025 -0.010350502 0.9969388 0.031916782
1542145522092102.0 -0.08821856 -0.03644942 -0.012802117 -0.078589395 -0.0077225054 0.9962667 0.03488074
1542145522116689.0 -0.11241696 -0.04380339 -0.016003963 -0.08817143 -0.006841199 0.99538225 0.037325267
1542145522141309.0 -0.14107929 -0.049216714 -0.019965136 -0.09467148 -0.001170507 0.9946945 0.04023552
1542145522165958.0 -0.17270982 -0.05429946 -0.024244025 -0.10120857 0.010060077 0.99387866 0.043137234
1542145522190631.0 -0.2057027 -0.058669865 -0.030327754 -0.106679976 0.018442817 0.99314594 0.044049952
1542145522215333.0 -0.2403233 -0.06147755 -0.031129576 -0.11026281 0.024451302 0.9926103 0.04437411
1542145522240086.0 -0.27860263 -0.06300306 -0.028722322 -0.112164415 0.031249736 0.9921935 0.044661224
1542145522264928.0 -0.31804213 -0.061257258 -0.02330653 -0.11795393 0.0399118 0.991132 0.04638214
1542145522289894.0 -0.3545697 -0.060653053 -0.0222849 -0.12706167 0.048658602 0.9895508 0.047716662
1542145522314985.0 -0.39212728 -0.06682605 -0.027904838 -0.13386917 0.052827295 0.98850536 0.04632063
1542145522340167.0 -0.4266047 -0.07157308 -0.0288991 -0.14666992 0.057147652 0.98640406 0.047214366
1542145522365390.0 -0.46417785 -0.077900946 -0.03448826 -0.155914 0.06115432 0.98470235 0.048087172
1542145522390628.0 -0.49488845 -0.08243625 -0.041180786 -0.16702637 0.066202 0.98253065 0.048507866
1542145522415890.0 -0.52298194 -0.08609058 -0.043918207 -0.17673269 0.07359016 0.9803385 0.047816936
1542145522441205.0 -0.5478682 -0.08673245 -0.04548741 -0.18313436 0.08100085 0.9785962 0.047435403
1542145522466579.0 -0.5643167 -0.087202825 -0.047298893 -0.19014181 0.088692755 0.976686 0.04543361
1542145522491997.0 -0.56711566 -0.08613197 -0.049391646 -0.19743958 0.09423301 0.97478354 0.043986753
1542145522517461.0 -0.564759 -0.08221527 -0.049220555 -0.20089264 0.093656614 0.9741541 0.043525703
1542145522542982.0 -0.55354744 -0.079430744 -0.0470149 -0.20264526 0.09063607 0.9740988 0.043031313
1542145522568551.0 -0.52850926 -0.07201336 -0.044696726 -0.20219748 0.08803778 0.9744491 0.042598717
1542145522594151.0 -0.49777362 -0.06407907 -0.040019043 -0.19592015 0.0860644 0.97592205 0.042243022
1542145522619766.0 -0.461284 -0.056301687 -0.034694497 -0.18612596 0.08357265 0.97805667 0.042165462
1542145522645370.0 -0.4204195 -0.049383715 -0.029522374 -0.17449401 0.07898938 0.98059803 0.041714415
1542145522670926.0 -0.37708238 -0.04258422 -0.023152849 -0.16062424 0.068319134 0.9837829 0.041274764
1542145522696423.0 -0.33443585 -0.036749117 -0.016360685 -0.14669606 0.051785406 0.98693305 0.04197314
1542145522721852.0 -0.29282406 -0.03147256 -0.0097970255 -0.13420805 0.03516159 0.98939854 0.042923994
1542145522747191.0 -0.25220788 -0.02796504 -0.00347193 -0.12338681 0.020302888 0.9912407 0.04249165
1542145522772455.0 -0.21508786 -0.02538159 0.0017801325 -0.111457326 0.004870203 0.9928803 0.04174275
1542145522797710.0 -0.18041155 -0.023604296 0.008409717 -0.10144548 -0.0075322962 0.9939446 0.041549172
1542145522823004.0 -0.1480886 -0.02376433 0.013312086 -0.093686104 -0.016128821 0.99456364 0.042497225
1542145522848311.0 -0.11921196 -0.024633048 0.016399547 -0.08366659 -0.025999015 0.9951819 0.044010676
1542145522873568.0 -0.092909545 -0.025580464 0.020314297 -0.06992888 -0.03769418 0.9958859 0.043594114
1542145522898752.0 -0.06626622 -0.025879294 0.023621503 -0.05334108 -0.04803775 0.9965491 0.041676655
1542145522923859.0 -0.042827807 -0.027096175 0.024923885 -0.0360107 -0.05021417 0.9973473 0.038473677
1542145522948867.0 -0.022674335 -0.027666021 0.028214663 -0.018590081 -0.045671243 0.99807966 0.03749221
1542145522973774.0 -0.0038238592 -0.028415365 0.029336356 -0.001953168 -0.042014375 0.99843454 0.036871944
1542145522998571.0 0.0103165405 -0.028808117 0.029072827 0.01451208 -0.04064841 0.9983998 0.036537834
1542145523023222.0 0.0210243 -0.030182792 0.028558886 0.025786677 -0.037303023 0.99823344 0.038388807
1542145523047688.0 0.029415604 -0.03232405 0.027600601 0.03340364 -0.032265786 0.99803746 0.042004596
1542145523071940.0 0.033676837 -0.034000956 0.026044711 0.037633587 -0.03020267 0.9977963 0.045542482
1542145523095993.0 0.035873856 -0.033892248 0.025159474 0.038675934 -0.03121757 0.9976367 0.04744196
1542145523119890.0 0.03448957 -0.034228504 0.02520149 0.032735385 -0.034573108 0.9978193 0.04571494
1542145523143678.0 0.030952834 -0.03151042 0.029575206 0.02267384 -0.037383337 0.99792916 0.047180135
1542145523167399.0 0.02507401 -0.029446298 0.032698773 0.010189785 -0.041310996 0.9978791 0.04926403
1542145523191090.0 0.01622595 -0.028120466 0.035549887 -0.004466663 -0.047405355 0.99759096 0.050448876
1542145523214786.0 0.0063879285 -0.027849143 0.03804226 -0.023206757 -0.052758686 0.9971058 0.049579196
1542145523238501.0 -0.0056020548 -0.02755043 0.037841115 -0.043596443 -0.05925228 0.9961474 0.04773758
1542145523262248.0 -0.018962402 -0.027092492 0.037599213 -0.0637082 -0.06467029 0.9947821 0.046559464
1542145523286050.0 -0.034383815 -0.02761331 0.03744482 -0.08234804 -0.06718134 0.99324864 0.046505623
1542145523309954.0 -0.051937226 -0.02893702 0.034250036 -0.10000227 -0.06395611 0.9917883 0.047593214
1542145523334012.0 -0.06971007 -0.030648235 0.032774854 -0.11910418 -0.055503327 0.9900054 0.051215928
1542145523358259.0 -0.084068194 -0.034514148 0.028317368 -0.13961668 -0.049559247 0.98750675 0.05367878
1542145523382707.0 -0.09978642 -0.03650272 0.026944224 -0.15686785 -0.04482015 0.9848484 0.05879843
1542145523407347.0 -0.115101784 -0.039697953 0.021470793 -0.17044957 -0.037504926 0.9826991 0.061990783
1542145523432174.0 -0.12838584 -0.040931612 0.017895915 -0.18046992 -0.030522585 0.98099685 0.06437487
1542145523457185.0 -0.13866793 -0.04182589 0.014455607 -0.18870784 -0.023763258 0.9796457 0.064179234
1542145523482364.0 -0.14891367 -0.04236844 0.011572961 -0.1954507 -0.015525406 0.9786355 0.06189207
1542145523507680.0 -0.15781337 -0.042829644 0.0071140537 -0.20237553 -0.0063253576 0.97758716 0.057685003
1542145523533110.0 -0.16599157 -0.04270492 0.0041659796 -0.21040554 0.0006767175 0.97615874 0.05332207
1542145523558630.0 -0.17425884 -0.042042702 0.001383327 -0.22164433 0.0035895647 0.97379553 0.05082508
1542145523584211.0 -0.18263665 -0.042738598 -0.001955388 -0.23600513 0.0023733443 0.9703763 0.051630687
1542145523609827.0 -0.19070485 -0.044515688 -0.0041161645 -0.24920046 -0.003571405 0.966808 0.056290723
1542145523635464.0 -0.1948799 -0.04747982 -0.0059055462 -0.2605372 -0.010849084 0.9633501 0.06292274
1542145523661101.0 -0.19681598 -0.050977446 -0.0074404534 -0.2674571 -0.014572 0.9610053 0.06872588
1542145523686725.0 -0.19921264 -0.05524792 -0.009740362 -0.26600322 -0.016439557 0.9611464 0.07189976
1542145523712321.0 -0.1926757 -0.056563653 -0.008036029 -0.26152843 -0.017145611 0.96229184 0.072824605
1542145523737889.0 -0.18828617 -0.057811722 -0.0060913037 -0.250434 -0.015657224 0.96557564 0.06856609
1542145523763443.0 -0.18254222 -0.0575539 -0.0011375686 -0.23677197 -0.010406322 0.9695325 0.061947968
1542145523788999.0 -0.17240997 -0.057381853 0.0022491226 -0.2244347 -0.00027227588 0.97286916 0.056166757
1542145523814575.0 -0.16410288 -0.05844568 0.008289252 -0.20759964 0.010580668 0.97659534 0.05524585
1542145523840197.0 -0.15455668 -0.05938682 0.0110185 -0.18901531 0.01789824 0.980139 0.057275113
1542145523865875.0 -0.14504762 -0.061326213 0.013008012 -0.17207985 0.022326648 0.9830835 0.058625873
1542145523891594.0 -0.13640696 -0.0621716 0.01394445 -0.15831529 0.024413323 0.9853596 0.058367
1542145523917328.0 -0.12604718 -0.06171382 0.014213858 -0.14539213 0.024290718 0.98749346 0.055927627
1542145523943036.0 -0.11458673 -0.061370097 0.015073363 -0.13125503 0.022270301 0.9896936 0.052752692
1542145523968686.0 -0.104047865 -0.060158342 0.017446231 -0.11665883 0.023918992 0.991618 0.05012321
1542145523994246.0 -0.09227535 -0.05907833 0.017811676 -0.10441139 0.029847728 0.9929758 0.04697366
1542145524019688.0 -0.0825099 -0.057378065 0.018419722 -0.09177929 0.032964043 0.99425435 0.044139337
1542145524044998.0 -0.07363217 -0.054721527 0.018552996 -0.080328874 0.031460732 0.99538386 0.042053614
1542145524070182.0 -0.06728229 -0.05183693 0.02079311 -0.071385466 0.027203951 0.9962437 0.040774915
1542145524095259.0 -0.060547143 -0.049930252 0.019284928 -0.068006136 0.026646031 0.9966072 0.03793801
1542145524120262.0 -0.05743053 -0.048383392 0.019384595 -0.065636136 0.023689982 0.9969591 0.034690294
1542145524145217.0 -0.055170275 -0.045911383 0.019782815 -0.06471734 0.015081893 0.99729604 0.03138278
1542145524170147.0 -0.05360169 -0.044651344 0.018949406 -0.064151786 0.007991836 0.99750257 0.028448327
1542145524195078.0 -0.054156374 -0.04263788 0.017399052 -0.062611185 0.004422295 0.9976413 0.02778818
1542145524220027.0 -0.054224495 -0.042462192 0.017002475 -0.061151978 0.0051230513 0.9977613 0.026581679
1542145524245005.0 -0.055452395 -0.04088712 0.017059548 -0.061079916 0.0070058573 0.99773103 0.027440967
1542145524270014.0 -0.057320483 -0.041442305 0.014046748 -0.060315963 0.008520242 0.9977857 0.02670572
1542145524295046.0 -0.058037024 -0.041131493 0.011937555 -0.060131226 0.01055848 0.9977608 0.027319757
1542145524320088.0 -0.05726875 -0.041401543 0.011789974 -0.060436327 0.014205006 0.997679 0.02797168
1542145524345138.0 -0.057918664 -0.0415024 0.009321311 -0.060126483 0.018664867 0.99759173 0.029105952
1542145524370180.0 -0.058055535 -0.04218584 0.006175465 -0.061471973 0.021175997 0.9974283 0.030159594
1542145524395211.0 -0.059882246 -0.042658813 0.005725785 -0.06384784 0.02328186 0.9972111 0.030847406
1542145524420231.0 -0.06112403 -0.04347698 0.0043977373 -0.06635935 0.024492223 0.9970366 0.03024299
1542145524445233.0 -0.062514305 -0.042773537 0.0044608475 -0.066783816 0.023666795 0.9970621 0.029104913
1542145524470211.0 -0.063264005 -0.042362034 0.0014468669 -0.06756108 0.02490524 0.99703324 0.027203
1542145524495163.0 -0.06596096 -0.04171057 0.00075009436 -0.0695887 0.029160539 0.9968138 0.025874699
1542145524520095.0 -0.06938955 -0.042231027 -0.00095889386 -0.07189418 0.03285915 0.9965694 0.02451556
1542145524545003.0 -0.072245196 -0.043113198 -0.0038629407 -0.0766698 0.032262832 0.99622893 0.024675125
1542145524569892.0 -0.076558545 -0.044747375 -0.005451193 -0.08274757 0.029768907 0.9957869 0.025983518
1542145524594765.0 -0.08129272 -0.045299117 -0.005343164 -0.09084594 0.026288312 0.9951301 0.027786868
1542145524619625.0 -0.08834485 -0.04697116 -0.008219322 -0.09771024 0.020940324 0.99459064 0.02834844
1542145524644477.0 -0.09543472 -0.047876224 -0.009548203 -0.1059914 0.015964871 0.9937521 0.031107612
1542145524669329.0 -0.10182837 -0.048935827 -0.008563433 -0.117115974 0.011751288 0.9924534 0.034383204
1542145524694180.0 -0.10884734 -0.049583018 -0.0073637716 -0.12809889 0.0064685824 0.9910313 0.037494525
1542145524719036.0 -0.115962386 -0.050581448 -0.0073161977 -0.13957761 -0.00036039905 0.9894213 0.039541423
1542145524743911.0 -0.12051005 -0.051287867 -0.00692116 -0.15494168 -0.0061497823 0.987099 0.03988625
1542145524768826.0 -0.12592353 -0.053931046 -0.006117982 -0.17103721 -0.009133036 0.9844229 0.03967995
1542145524793800.0 -0.13050638 -0.05550335 -0.005676794 -0.18632169 -0.011982123 0.98154026 0.041465264
1542145524818862.0 -0.13397846 -0.057575487 -0.0014121011 -0.19631083 -0.017016388 0.9793075 0.046145514
1542145524844030.0 -0.13006712 -0.066927396 -0.002161414 -0.20223121 -0.018548468 0.9779724 0.048256002
1542145524869308.0 -0.12971734 -0.06948479 -0.00039641606 -0.20021155 -0.015998181 0.9781038 0.054518864
1542145524894692.0 -0.1220765 -0.07458952 0.0021614172 -0.19863006 -0.0105882315 0.9782855 0.058237184
1542145524920163.0 -0.11611063 -0.07835628 0.00499188 -0.19274881 -0.004317974 0.9792567 0.062335722
1542145524945697.0 -0.109455466 -0.0818654 0.0075709797 -0.18622404 0.0013245858 0.9803923 0.064419605
1542145524971275.0 -0.10377894 -0.08151979 0.010707775 -0.17970407 0.004497641 0.98148346 0.0661554
1542145524996881.0 -0.09693457 -0.0798906 0.013921466 -0.17559879 0.005588093 0.98224354 0.0658139
1542145525022511.0 -0.09149669 -0.077065155 0.01724528 -0.1729982 0.006137046 0.98290133 0.06276131
1542145525048152.0 -0.08842868 -0.07374823 0.020069484 -0.16987617 0.0038001416 0.98379683 0.05719711
1542145525073789.0 -0.08510497 -0.06916947 0.021918368 -0.16914003 0.00074435916 0.9843069 0.05031026
1542145525099412.0 -0.08371477 -0.06257724 0.027310885 -0.17034575 -7.452162e-05 0.98442876 0.04338657
1542145525125014.0 -0.08183656 -0.05657982 0.029888667 -0.17390737 -0.002759226 0.98411494 0.035586383
1542145525150590.0 -0.084143214 -0.049497 0.03342431 -0.17642802 -0.008127665 0.9838979 0.027422084
1542145525176143.0 -0.08570001 -0.0449224 0.02936707 -0.18003805 -0.015575759 0.9833884 0.01705728
1542145525201670.0 -0.087916054 -0.03908899 0.031376947 -0.18456835 -0.02657107 0.98241425 0.009529044
1542145525227170.0 -0.09140614 -0.035103705 0.031984307 -0.18831554 -0.034863517 0.9814816 0.003963939
1542145525252648.0 -0.09466131 -0.03167874 0.03313746 -0.19290856 -0.03793324 0.9804823 0.0013952291
1542145525278118.0 -0.09789076 -0.030170571 0.033847153 -0.1953105 -0.04032652 0.97991186 0.00064253854
1542145525303588.0 -0.098693945 -0.031561144 0.037225757 -0.19684948 -0.03843292 0.9796747 0.0032853242
1542145525329065.0 -0.10014052 -0.03485446 0.039930046 -0.19568907 -0.035438046 0.9799945 0.007795769
1542145525354549.0 -0.10100827 -0.040867776 0.040761776 -0.19537066 -0.032610267 0.9800619 0.015673865
1542145525380029.0 -0.101781435 -0.047961444 0.041895267 -0.19552088 -0.02927138 0.9799147 0.026115214
1542145525405496.0 -0.103448294 -0.056912765 0.0425825 -0.1955498 -0.024995103 0.9796599 0.03744497
1542145525430953.0 -0.10601209 -0.06729156 0.040301397 -0.19582874 -0.021940177 0.9790299 0.051674448
1542145525456405.0 -0.10730517 -0.07893727 0.039785217 -0.19512828 -0.020808335 0.978319 0.06621132
1542145525481864.0 -0.108425006 -0.09026589 0.03717455 -0.19219683 -0.02146045 0.9779622 0.078675635
1542145525507351.0 -0.106679365 -0.10201484 0.03714803 -0.18887483 -0.018562743 0.97783566 0.08842604
1542145525532890.0 -0.10392164 -0.11194095 0.034077425 -0.18281424 -0.012191969 0.9784911 0.0947915
1542145525558489.0 -0.09834426 -0.119612224 0.028741755 -0.17242861 -0.0063061076 0.9800718 0.09842752
1542145525584164.0 -0.09330378 -0.12519735 0.03034403 -0.15983416 0.0003098905 0.98188734 0.10173631
1542145525609895.0 -0.08574279 -0.1282634 0.027593952 -0.1473527 0.008664956 0.9838578 0.101172954
1542145525635630.0 -0.07736642 -0.12991536 0.026964901 -0.13581795 0.017080026 0.98582405 0.097019866
1542145525661292.0 -0.06992087 -0.1273782 0.03165342 -0.12556906 0.023552807 0.987627 0.09094329
1542145525686801.0 -0.06274249 -0.12300941 0.03278266 -0.116469696 0.024690071 0.9895128 0.08179042
1542145525712120.0 -0.056696113 -0.11390525 0.037271798 -0.107162744 0.020884238 0.99143356 0.07169119
1542145525737264.0 -0.05053876 -0.10204346 0.04151153 -0.09511943 0.010000603 0.99351424 0.06149637
1542145525762267.0 -0.04347337 -0.09105178 0.044923287 -0.08238871 -0.0032834068 0.99541265 0.048528094
1542145525787155.0 -0.03641804 -0.07851541 0.046986967 -0.07197347 -0.008323075 0.9967548 0.0350763
1542145525811940.0 -0.03230769 -0.06536515 0.048703317 -0.0642496 -0.004896753 0.9976889 0.021564191
1542145525836630.0 -0.029592678 -0.050378744 0.050757676 -0.060531806 -0.00072134676 0.9981346 0.007923686
1542145525861246.0 -0.029839208 -0.037594102 0.052750766 -0.058544554 -0.0059886994 0.99823284 -0.00823779
1542145525885818.0 -0.03456562 -0.024418794 0.052303668 -0.060894612 -0.010027479 0.9979009 -0.019626586
1542145525910383.0 -0.043388847 -0.0138769355 0.051499527 -0.0672307 -0.011842712 0.9973284 -0.025997082
1542145525934986.0 -0.05553354 -0.0050693196 0.054946724 -0.07776239 -0.012901162 0.99639696 -0.031302333
1542145525959665.0 -0.07147893 0.003266058 0.055517733 -0.08978321 -0.010569724 0.9952445 -0.036273148
1542145525984441.0 -0.09016837 0.01079772 0.056950662 -0.10460034 -0.0045229094 0.99367905 -0.04050237
1542145526009327.0 -0.11108594 0.016877905 0.05804935 -0.12030374 -6.381786e-05 0.99176294 -0.043970536
1542145526034325.0 -0.13318008 0.020822264 0.05945105 -0.13689297 0.0053334087 0.98953235 -0.045361746
1542145526059439.0 -0.15534317 0.021778049 0.06012776 -0.15278952 0.008623014 0.9872204 -0.04446222
1542145526084674.0 -0.17658006 0.02060651 0.060794204 -0.16779687 0.009668149 0.98490644 -0.04135331
1542145526110014.0 -0.1959599 0.017705074 0.061686397 -0.18132004 0.012358551 0.9826336 -0.03743812
1542145526135423.0 -0.21312071 0.013520026 0.062811285 -0.1912454 0.0125540225 0.9808919 -0.033447314
1542145526160848.0 -0.22796068 0.0073943175 0.06347902 -0.19839738 0.012112478 0.97959715 -0.029688131
1542145526186233.0 -0.23918928 -0.0008842035 0.064539574 -0.2066223 0.016925184 0.9779887 -0.02364152
1542145526211551.0 -0.24766773 -0.011080078 0.065424375 -0.21272014 0.021162074 0.9767771 -0.014456132
1542145526236773.0 -0.25225648 -0.021799095 0.066064045 -0.21681646 0.021782354 0.9759671 -0.0020935228
1542145526261873.0 -0.25447065 -0.032521077 0.06625505 -0.21908057 0.018148303 0.975501 0.008501415
1542145526286840.0 -0.2524677 -0.041671436 0.06683628 -0.2207012 0.0142279845 0.975107 0.015966581
1542145526311710.0 -0.2473081 -0.04862409 0.06832998 -0.22068274 0.014127685 0.9750149 0.02110491
1542145526336540.0 -0.23969506 -0.053508952 0.06843466 -0.2171513 0.014175436 0.97574735 0.02369751
1542145526361379.0 -0.22913939 -0.057575762 0.06838752 -0.20996332 0.008295721 0.9773663 0.02453009
1542145526386265.0 -0.21634997 -0.059797343 0.06789956 -0.20207241 -0.00028379093 0.97905195 0.024981514
1542145526411226.0 -0.20196886 -0.06065808 0.067988575 -0.19404952 -0.0067783333 0.9806563 0.024739655
1542145526436274.0 -0.18633902 -0.060311243 0.06833691 -0.18443988 -0.012039804 0.9824697 0.024297182
1542145526461419.0 -0.16820148 -0.058134086 0.06855713 -0.17256574 -0.016691258 0.9846196 0.02160424
1542145526486665.0 -0.14828975 -0.055176847 0.06920953 -0.15916097 -0.021973224 0.98685944 0.017132016
1542145526511997.0 -0.12698652 -0.051932756 0.07055496 -0.14337415 -0.025147242 0.98927706 0.011931272
1542145526537376.0 -0.104487546 -0.04823244 0.07293289 -0.124901436 -0.027219964 0.99176216 0.008154604
1542145526562736.0 -0.08131223 -0.044767328 0.07496655 -0.104596876 -0.02858021 0.99409133 0.0050227074
1542145526588031.0 -0.05982846 -0.04116316 0.07672055 -0.08402842 -0.029405918 0.9960244 0.0031627272
1542145526613235.0 -0.040077955 -0.037423994 0.077161044 -0.06617569 -0.028545631 0.99739933 0.00081303547
1542145526638354.0 -0.023705032 -0.033555128 0.07658698 -0.050976716 -0.027370978 0.99832255 -0.0020947617
1542145526663384.0 -0.010239069 -0.028972616 0.07522917 -0.039819513 -0.024701754 0.99888194 -0.006264852
1542145526688324.0 0.0004510698 -0.02501502 0.07312181 -0.03115564 -0.023881802 0.99918437 -0.009472441
1542145526713185.0 0.00877048 -0.022264468 0.06914942 -0.026220262 -0.024874775 0.99925435 -0.013586538
1542145526737991.0 0.013095526 -0.01994874 0.06513175 -0.025091723 -0.026322043 0.9991916 -0.017142415
1542145526762770.0 0.012412205 -0.016444769 0.06354581 -0.028344495 -0.02647865 0.9990738 -0.018628396
1542145526787549.0 0.0057401475 -0.013268545 0.06264349 -0.03332716 -0.02535791 0.9989227 -0.01999531
1542145526812353.0 -0.009775935 -0.008664703 0.07088325 -0.03783563 -0.022828575 0.99886 -0.01806117
1542145526837195.0 -0.019806363 -0.0060502444 0.07175412 -0.047601067 -0.020921784 0.99848986 -0.017733814
1542145526862081.0 -0.03227442 -0.0064039384 0.067247316 -0.057113703 -0.020555954 0.99796605 -0.019477192
1542145526887016.0 -0.04833478 -0.005354447 0.06645846 -0.06970632 -0.016119579 0.9972535 -0.019150596
1542145526912006.0 -0.066969484 -0.0055476697 0.06552746 -0.08323545 -0.012736358 0.99629134 -0.017699083
1542145526937049.0 -0.08755811 -0.006136463 0.06413839 -0.096679986 -0.012466283 0.99512285 -0.015105689
1542145526962123.0 -0.1095696 -0.008028384 0.0630105 -0.11052106 -0.01545873 0.9936864 -0.011555306
1542145526987198.0 -0.1309432 -0.009948417 0.06180524 -0.124114774 -0.015926594 0.99212164 -0.006049936
1542145527012255.0 -0.15108065 -0.012350205 0.059050135 -0.13649528 -0.012156197 0.9905651 -0.0014280478
1542145527037284.0 -0.1696877 -0.015436793 0.05572125 -0.14615266 -0.004085377 0.9892478 0.0033953446
1542145527062279.0 -0.18350683 -0.01764209 0.052790806 -0.15608671 0.0058778785 0.98769563 0.007725214
1542145527087234.0 -0.19567537 -0.018410545 0.05034669 -0.16168663 0.016340716 0.98666006 0.009611513
1542145527112162.0 -0.20446968 -0.018195424 0.047567483 -0.1644205 0.028573794 0.9859358 0.008945402
1542145527137097.0 -0.20928831 -0.01750766 0.044482887 -0.16443789 0.039664835 0.98556817 0.0065065566
1542145527162061.0 -0.21099065 -0.016379358 0.040915705 -0.16287708 0.04532982 0.985597 0.0038618506
1542145527187064.0 -0.20913902 -0.013740885 0.037645295 -0.16043615 0.048477214 0.9858503 0.003069976
1542145527212085.0 -0.20602416 -0.010913197 0.0335392 -0.15725245 0.052709747 0.9861506 0.0005459772
1542145527237094.0 -0.199584 -0.008841462 0.02826467 -0.15228868 0.05449707 0.9868278 -0.0030389274
1542145527262070.0 -0.19293335 -0.0064198216 0.023552714 -0.14456184 0.052918445 0.98807305 -0.0036261328
1542145527287005.0 -0.18637553 -0.005421886 0.017571442 -0.13895442 0.050636675 0.9890015 -0.0019246258
1542145527311897.0 -0.18086313 -0.0037545303 0.010120198 -0.1345864 0.044917315 0.9898833 -7.762281e-05
1542145527336757.0 -0.17472836 -0.002090424 0.005102839 -0.13223535 0.034240652 0.9906267 -0.0005006192
1542145527361591.0 -0.16630329 -0.00023093382 0.0010661492 -0.13292953 0.02110223 0.99089605 -0.003072279
1542145527386412.0 -0.1606806 0.0016425638 -0.0028518816 -0.13058186 0.0109670255 0.99135196 -0.0070245434
1542145527411230.0 -0.15465496 0.004565237 -0.0054447697 -0.12601459 0.004067976 0.99194634 -0.012091263
1542145527436059.0 -0.14704391 0.0066421973 -0.0062091956 -0.11967508 -0.0001873048 0.992643 -0.018378207
1542145527460912.0 -0.1393903 0.0071474398 -0.0061443434 -0.110315666 0.0014483623 0.9936217 -0.023331553
1542145527485803.0 -0.1322673 0.0063954345 -0.0045077046 -0.09993855 0.0074146534 0.9946347 -0.025677295
1542145527510737.0 -0.1269446 0.0048696557 -0.0017581895 -0.09171067 0.01594354 0.9952803 -0.027424214
1542145527535705.0 -0.12176918 0.003426693 0.004753371 -0.08748081 0.019407183 0.99550235 -0.030751184
1542145527560685.0 -0.11947153 0.00080967887 0.013229105 -0.083368264 0.019357681 0.9957051 -0.035305187
1542145527585658.0 -0.11959645 -0.004558999 0.024125034 -0.07679997 0.019839304 0.99613494 -0.03772844
1542145527610630.0 -0.1181892 -0.010768577 0.03674735 -0.07467195 0.020518122 0.9964046 -0.034367897
1542145527635615.0 -0.11782326 -0.019113973 0.049364988 -0.07151973 0.017742239 0.9968698 -0.028649542
1542145527660613.0 -0.11727917 -0.028469615 0.062170465 -0.06885635 0.01356393 0.9972853 -0.02228861
1542145527685612.0 -0.11663374 -0.03831894 0.07623954 -0.06721066 0.011045751 0.9975806 -0.013920209
1542145527710586.0 -0.11455693 -0.04815524 0.08966146 -0.06733206 0.015627299 0.9975866 -0.0065728277
1542145527735529.0 -0.11352394 -0.05629862 0.103963904 -0.066343874 0.019883612 0.9975886 -0.0044972165
1542145527760456.0 -0.11113033 -0.064255916 0.12160614 -0.0633174 0.019868817 0.9977448 -0.010077493
1542145527785376.0 -0.10917208 -0.07120896 0.13562842 -0.060071032 0.024978744 0.9978027 -0.012548768
1542145527810290.0 -0.10841844 -0.07935741 0.15076137 -0.060730502 0.036839087 0.99738634 -0.013235308
1542145527835202.0 -0.108002685 -0.0860116 0.16600777 -0.06356658 0.042892594 0.996967 -0.013278513
1542145527860133.0 -0.10912713 -0.091720514 0.18017334 -0.06101803 0.037401374 0.9973343 -0.014221219
1542145527885120.0 -0.10819644 -0.09908743 0.1948808 -0.05944522 0.028655136 0.9977354 -0.013012937
1542145527910189.0 -0.107277736 -0.10474056 0.20894085 -0.06030542 0.02742791 0.9977565 -0.009647592
1542145527935346.0 -0.10698093 -0.10944926 0.22340521 -0.065064915 0.028662976 0.9974254 -0.009362967
1542145527960588.0 -0.110206336 -0.11190204 0.2371868 -0.06781423 0.023132164 0.99735844 -0.011930807
1542145527985907.0 -0.110148676 -0.113968104 0.2500998 -0.07077858 0.013862148 0.99730986 -0.013089677
1542145528011295.0 -0.111499056 -0.11615361 0.26292112 -0.075819924 0.0047848388 0.9970507 -0.010878112
1542145528036747.0 -0.11349032 -0.11773429 0.27422988 -0.08346809 -0.0012665559 0.99646705 -0.009217418
1542145528062253.0 -0.11614459 -0.118024364 0.28218853 -0.08955634 -0.0058883005 0.99594575 -0.006097833
1542145528087825.0 -0.119223915 -0.117851004 0.28691742 -0.095592424 -0.010045863 0.9953576 -0.0049519506
1542145528113493.0 -0.12122909 -0.116940066 0.29125032 -0.10418889 -0.01034334 0.9944923 -0.004772318
1542145528139260.0 -0.12445623 -0.11507638 0.292515 -0.114709444 -0.0072420025 0.9933622 -0.004583156
1542145528165111.0 -0.12778728 -0.11201891 0.2935873 -0.12652571 -0.0012248718 0.99195445 -0.004029133
1542145528191023.0 -0.13248485 -0.10786107 0.29094818 -0.1381794 0.00048158926 0.9904062 -0.0013276591
1542145528216968.0 -0.13694687 -0.104105234 0.28318226 -0.15189108 0.0013988529 0.98839575 0.0010528405
1542145528242924.0 -0.14109609 -0.099391684 0.27700102 -0.16665033 0.0050547263 0.98600006 0.0024668013
1542145528268880.0 -0.14570503 -0.09384003 0.2681817 -0.17890796 0.0038176863 0.98384064 0.0059067137
1542145528294842.0 -0.14920007 -0.087050855 0.25605908 -0.18987703 0.0037373886 0.98175627 0.0093563385
1542145528320809.0 -0.15277027 -0.07946523 0.2406173 -0.20109299 0.005036967 0.97951496 0.009313992
1542145528346777.0 -0.15558049 -0.07096342 0.22524033 -0.21358599 0.0015095203 0.9768967 0.0071928417
1542145528372732.0 -0.15901136 -0.06184251 0.20898595 -0.22366409 -0.0037546474 0.97464573 0.0051053595
1542145528398654.0 -0.161668 -0.052488904 0.19044355 -0.23408066 -0.008110283 0.9721748 0.0040768483
1542145528424519.0 -0.1640822 -0.042914383 0.17229441 -0.24166279 -0.009687562 0.97031176 0.0006711603
1542145528450318.0 -0.16478977 -0.03298832 0.15516119 -0.24644974 -0.0067613064 0.9690952 -0.008452565
1542145528476058.0 -0.16551867 -0.021772355 0.13751459 -0.24791144 -0.0002197446 0.968556 -0.020957414
1542145528501743.0 -0.16662796 -0.011256247 0.12005258 -0.2467454 0.008718611 0.9684131 -0.034882788
1542145528527377.0 -0.16867469 -0.0012213793 0.103143275 -0.24515171 0.019008765 0.9681052 -0.048079975
1542145528552967.0 -0.17255645 0.0076737893 0.08555193 -0.24308328 0.028659077 0.9677156 -0.0601314
1542145528578524.0 -0.17941795 0.014740701 0.06889043 -0.24313773 0.037164334 0.9667767 -0.06961163
1542145528604065.0 -0.1894042 0.01965538 0.054142978 -0.24713984 0.042677883 0.9650289 -0.07628773
1542145528629649.0 -0.20245127 0.022665516 0.040673085 -0.25363174 0.046127822 0.9629725 -0.078912295
1542145528655341.0 -0.21765219 0.02307287 0.028302452 -0.26191965 0.05170603 0.9604744 -0.0788263
1542145528681180.0 -0.23614743 0.02190318 0.015863609 -0.26994702 0.060745046 0.9579291 -0.07622746
1542145528707154.0 -0.25798836 0.019083856 0.004638549 -0.27643216 0.07223629 0.9554105 -0.074552484
1542145528733225.0 -0.27907324 0.01466707 -0.0029956624 -0.28143442 0.07955504 0.9534743 -0.07316091
1542145528759365.0 -0.30084065 0.008561688 -0.008270899 -0.28302854 0.08726221 0.9524554 -0.07147696
1542145528785586.0 -0.3225092 0.00041042082 -0.011042962 -0.28501892 0.1034703 0.9504335 -0.06880684
1542145528811918.0 -0.34368637 -0.010877234 -0.011570483 -0.2878371 0.117293246 0.94832295 -0.06384087
1542145528838370.0 -0.3633905 -0.02470867 -0.008477738 -0.29106435 0.122176036 0.94737184 -0.053303152
1542145528864912.0 -0.38175073 -0.039353408 -0.0016479082 -0.293155 0.1220176 0.9474521 -0.038812824
1542145528891488.0 -0.39564925 -0.054510456 0.0064637214 -0.29081467 0.12166849 0.9486435 -0.026441777
1542145528917988.0 -0.40482968 -0.065283604 0.018767927 -0.28516 0.12584925 0.9500241 -0.017319229
1542145528944267.0 -0.410655 -0.07618685 0.03228475 -0.27352038 0.13362308 0.9524131 -0.0155212805
1542145528970247.0 -0.41765577 -0.08441922 0.050481763 -0.2593662 0.1415055 0.95524645 -0.014477833
1542145528995944.0 -0.4191236 -0.09261475 0.0652201 -0.23961253 0.14958578 0.9591504 -0.015512442
1542145529021432.0 -0.41959593 -0.09613219 0.08239362 -0.23123878 0.15688811 0.96007824 -0.012828244
1542145529046780.0 -0.41757688 -0.102694295 0.09854226 -0.20914628 0.16390178 0.9639866 -0.011136133
1542145529072022.0 -0.40729797 -0.10360575 0.1294392 -0.19134869 0.17814423 0.965164 -0.010430249
1542145529097161.0 -0.40259585 -0.10622269 0.14336637 -0.16961151 0.1868956 0.96752435 -0.014098556
1542145529122175.0 -0.39706543 -0.110697225 0.14491752 -0.1488504 0.19680737 0.96880347 -0.023027554
1542145529147040.0 -0.39005348 -0.11093223 0.15606083 -0.12799667 0.21400394 0.96791023 -0.031129904
1542145529171743.0 -0.3792253 -0.11074142 0.161564 -0.116694145 0.23643933 0.9637922 -0.039794005
1542145529196307.0 -0.3699205 -0.110440545 0.16942808 -0.10080311 0.24285734 0.96375155 -0.045189347
1542145529220766.0 -0.36618298 -0.114015505 0.17150404 -0.074049704 0.24278277 0.9660126 -0.048917405
1542145529245160.0 -0.3578181 -0.11520587 0.17577124 -0.059849635 0.24597381 0.9662692 -0.04731687
1542145529269515.0 -0.3510771 -0.11479601 0.18095718 -0.048398167 0.24478607 0.9673523 -0.04435117
1542145529293854.0 -0.34624314 -0.11840081 0.1752693 -0.033240188 0.2402076 0.9692052 -0.04285671
1542145529318192.0 -0.34107822 -0.11895757 0.17407992 -0.02607606 0.23814799 0.9699602 -0.042224426
1542145529342540.0 -0.33535036 -0.11798957 0.17237398 -0.02236469 0.2395915 0.96981126 -0.03952228
1542145529366908.0 -0.33356732 -0.118035585 0.16667172 -0.01841737 0.24114434 0.9696094 -0.03698592
1542145529391296.0 -0.33291355 -0.118314385 0.15683414 -0.01824844 0.24363874 0.96908927 -0.034252483
1542145529415704.0 -0.33443314 -0.11734581 0.1487772 -0.01960797 0.24288374 0.9692902 -0.03316018
1542145529440132.0 -0.33614817 -0.11671544 0.14221917 -0.0250929 0.24446245 0.96879554 -0.032307327
1542145529464572.0 -0.34108365 -0.11611492 0.1407508 -0.029975127 0.24441132 0.9687464 -0.029916942
1542145529489019.0 -0.34425354 -0.115030505 0.13583584 -0.03768843 0.2431659 0.9688419 -0.028202116
1542145529513471.0 -0.34709993 -0.109722175 0.08929875 -0.047114793 0.2398422 0.96926266 -0.028034076
1542145529537916.0 -0.353739 -0.10728587 0.07577444 -0.06276672 0.23892362 0.96857566 -0.028934164
1542145529562345.0 -0.36142746 -0.10165137 0.060434844 -0.07806665 0.2431242 0.96629465 -0.03272537
1542145529586751.0 -0.3689469 -0.096645646 0.04539273 -0.094926246 0.23982027 0.9653894 -0.038713813
1542145529611125.0 -0.3702524 -0.09319854 0.03287875 -0.11053245 0.24183787 0.96284926 -0.047099702
1542145529635464.0 -0.37300372 -0.091579124 0.014374087 -0.123675585 0.2510712 0.95858645 -0.052723095
1542145529659792.0 -0.37103188 -0.08819545 0.0037012333 -0.12671986 0.2548554 0.9570499 -0.055194058
1542145529684144.0 -0.36666545 -0.08636213 -0.0070625036 -0.12557651 0.26074478 0.9556673 -0.0542477
1542145529708552.0 -0.36083665 -0.08455192 -0.016359808 -0.12529743 0.26672223 0.9542114 -0.05138519
1542145529733043.0 -0.35267636 -0.083953105 -0.02842453 -0.12403956 0.26808405 0.95408773 -0.04961609
1542145529757626.0 -0.34917852 -0.079101175 -0.02463158 -0.117800824 0.26321003 0.95642906 -0.045683146
1542145529782296.0 -0.34129626 -0.07588607 -0.025815545 -0.11215518 0.2615313 0.9576852 -0.04314886
1542145529807050.0 -0.3332566 -0.07238755 -0.022909269 -0.104445115 0.26016384 0.95893526 -0.043002635
1542145529831878.0 -0.32463735 -0.06859025 -0.028098578 -0.09886727 0.25427064 0.9610185 -0.04489189
1542145529856761.0 -0.30977643 -0.063257486 -0.019905046 -0.08908126 0.24704954 0.96368164 -0.048464768
1542145529881677.0 -0.30312914 -0.06507607 -0.02042634 -0.068305895 0.24325061 0.9659813 -0.05516882
1542145529906610.0 -0.28457227 -0.05697451 -0.011739145 -0.04694119 0.24053682 0.9679015 -0.055723693
1542145529931528.0 -0.26351017 -0.051594444 0.0042160857 -0.02179228 0.24748035 0.96702737 -0.05600666
1542145529956404.0 -0.24325487 -0.045562986 0.014955187 -0.0016670357 0.24217144 0.968385 -0.059839953
1542145529981229.0 -0.22197998 -0.040987328 0.026539756 0.019369172 0.22070792 0.9727969 -0.06766893
1542145530006026.0 -0.1998151 -0.03830195 0.038395412 0.042674735 0.21161847 0.97427034 -0.06476016
1542145530030839.0 -0.17839071 -0.03684096 0.04790998 0.06975373 0.21027657 0.9736809 -0.053513385
1542145530055709.0 -0.15817745 -0.034397304 0.057394467 0.092446275 0.21271995 0.9717564 -0.04351359
1542145530080681.0 -0.14066073 -0.030301297 0.067052 0.10488323 0.21027932 0.9708241 -0.04777741
1542145530105783.0 -0.12498505 -0.026462732 0.07661873 0.112189665 0.20470627 0.9704907 -0.060470607
1542145530131019.0 -0.11206669 -0.023192735 0.0848925 0.11379251 0.2041802 0.9696685 -0.0714472
1542145530156372.0 -0.10053697 -0.020349603 0.09508378 0.109945804 0.20602076 0.9686355 -0.084927745
1542145530181836.0 -0.090765886 -0.018348174 0.103352904 0.107592046 0.20221436 0.96861285 -0.09655341
1542145530207435.0 -0.082747675 -0.017612953 0.109359235 0.10683308 0.2012139 0.9683988 -0.10150621
1542145530233213.0 -0.07489713 -0.018243168 0.11371681 0.10660574 0.2004583 0.96834904 -0.10369093
1542145530259217.0 -0.06916682 -0.018708095 0.11814159 0.11007678 0.19423899 0.9691173 -0.104718946
1542145530285487.0 -0.064494886 -0.019858904 0.12099743 0.11392209 0.18563987 0.9702773 -0.10545899
1542145530312050.0 -0.062393025 -0.020978432 0.123145595 0.11755769 0.18055487 0.9710657 -0.10301278
1542145530338884.0 -0.06228395 -0.022312999 0.124808885 0.120488025 0.17837769 0.9712618 -0.101560764
1542145530365900.0 -0.06645018 -0.02415234 0.12400253 0.11780717 0.18536128 0.9707499 -0.096991226
1542145530392976.0 -0.07029747 -0.025743922 0.1286946 0.10836803 0.18730733 0.9722242 -0.08917661
1542145530420001.0 -0.07832616 -0.028327264 0.12866147 0.09269891 0.1857945 0.9752808 -0.07559529
1542145530446900.0 -0.088999845 -0.03123169 0.12790385 0.073981225 0.17804511 0.97905064 -0.06547242
1542145530473583.0 -0.1014505 -0.03425847 0.12646177 0.05583126 0.16932118 0.9823586 -0.056434665
1542145530499894.0 -0.11629925 -0.037918877 0.12290776 0.036486965 0.16817304 0.98400635 -0.046022687
1542145530525727.0 -0.13278972 -0.04067145 0.11825936 0.018107543 0.16763856 0.98498094 -0.03717537
1542145530551102.0 -0.14997104 -0.043009493 0.11377084 0.0020898038 0.1635509 0.9860258 -0.03162049
1542145530576137.0 -0.16800709 -0.0444499 0.11018415 -0.016657367 0.16062686 0.9864189 -0.029988086
1542145530600987.0 -0.18600628 -0.045884896 0.106219895 -0.033014428 0.15701488 0.9864953 -0.032914486
1542145530625798.0 -0.20314643 -0.048133805 0.10062159 -0.04533233 0.15928146 0.98566717 -0.03216549
1542145530650667.0 -0.22060663 -0.05191135 0.096035466 -0.057667624 0.16194893 0.9846978 -0.02858784
1542145530675606.0 -0.23719278 -0.05716826 0.092478774 -0.06976089 0.15399548 0.9853231 -0.02360688
1542145530700562.0 -0.2528577 -0.06402374 0.0909002 -0.08286308 0.14614098 0.9856618 -0.015728828
1542145530725463.0 -0.2659561 -0.07140236 0.092165604 -0.0950102 0.13533512 0.98620874 -0.007053664
1542145530750271.0 -0.27447665 -0.07994663 0.09225743 -0.09970034 0.121085376 0.9876191 0.002586067
1542145530775010.0 -0.2803386 -0.086759925 0.09789138 -0.09590421 0.12071409 0.9879595 0.012906374
1542145530799718.0 -0.2805824 -0.092806526 0.10486434 -0.08803966 0.13064343 0.987252 0.022689525
1542145530824425.0 -0.27851456 -0.0978897 0.10915216 -0.07346474 0.13878486 0.9871429 0.02984342
1542145530849146.0 -0.27399728 -0.10067854 0.118578576 -0.05376303 0.14469561 0.98756236 0.029890303
1542145530873891.0 -0.26963872 -0.10318751 0.12598044 -0.03320498 0.15477623 0.9871033 0.023850268
1542145530898656.0 -0.26093712 -0.1032897 0.13749681 -0.013821986 0.16056818 0.98679125 0.016427888
1542145530923421.0 -0.25194266 -0.10363958 0.14885367 0.00683602 0.17001185 0.98537177 0.009580438
1542145530948167.0 -0.2412343 -0.10332521 0.15835883 0.02701744 0.18465468 0.982412 0.006277612
1542145530972895.0 -0.22892413 -0.10070738 0.16951926 0.044524774 0.20229289 0.97827524 0.008527124
1542145530997625.0 -0.21674804 -0.09867218 0.17918062 0.060156684 0.20903072 0.9760361 0.006393375
1542145531022394.0 -0.20454812 -0.098268844 0.18919605 0.08005318 0.19698027 0.97713286 -0.0012900404
1542145531047251.0 -0.1917083 -0.097933166 0.19727656 0.09895973 0.18980363 0.97682166 0.0010381435
1542145531072255.0 -0.1813655 -0.09883251 0.20216757 0.114505336 0.18682368 0.97565085 0.009531884
1542145531097418.0 -0.17084138 -0.0997067 0.20903735 0.12785244 0.17430335 0.97615826 0.01967437
1542145531122689.0 -0.16407609 -0.10105121 0.21343808 0.13756372 0.15690865 0.9775665 0.02863132
1542145531147986.0 -0.15692116 -0.10202561 0.21690091 0.1422821 0.14910217 0.97778535 0.038212914
1542145531173251.0 -0.15249138 -0.10220661 0.2187453 0.14289187 0.14109983 0.97868043 0.04309811
1542145531198475.0 -0.15076745 -0.10092385 0.21809314 0.1383562 0.1321965 0.98068744 0.040421404
1542145531223685.0 -0.14910972 -0.10135631 0.2184194 0.12834208 0.13366878 0.9820224 0.035959408
1542145531248919.0 -0.15249576 -0.100373246 0.21680698 0.117799856 0.13892771 0.98274505 0.032164685
1542145531274204.0 -0.1555692 -0.099276625 0.21345921 0.10558762 0.14663962 0.983057 0.03077468
1542145531299551.0 -0.16151069 -0.09830189 0.2081465 0.097095996 0.14764163 0.9837858 0.030658185
1542145531324952.0 -0.168281 -0.09668896 0.19971558 0.08851325 0.14698207 0.9846292 0.032666378
1542145531350380.0 -0.17669168 -0.09420035 0.19027999 0.07798783 0.1474163 0.9854676 0.032248296
1542145531375801.0 -0.18732119 -0.09104956 0.17872104 0.06316633 0.14941524 0.9863749 0.027381355
1542145531401179.0 -0.20124663 -0.087982975 0.16665794 0.043859646 0.15298891 0.9870314 0.020968918
1542145531426489.0 -0.21585177 -0.08490036 0.15167244 0.01955141 0.15412468 0.98773545 0.015556311
1542145531451731.0 -0.2318821 -0.08189688 0.13794884 -0.006431471 0.14624918 0.9891723 0.01039654
1542145531476912.0 -0.24742012 -0.08001099 0.122897394 -0.030867117 0.14013618 0.98959154 0.010847315
1542145531502015.0 -0.26258186 -0.07855629 0.10609706 -0.04997599 0.13946661 0.9888117 0.017407754
1542145531527024.0 -0.27573624 -0.076832354 0.09011789 -0.063929096 0.14055996 0.98771405 0.024020111
1542145531551923.0 -0.2885087 -0.07546636 0.07472937 -0.073863775 0.14211075 0.98675406 0.02579023
1542145531576707.0 -0.2999259 -0.07259968 0.060448438 -0.08280979 0.14758885 0.98526853 0.024618167
1542145531601395.0 -0.3102684 -0.07017384 0.04508245 -0.09243234 0.15564716 0.98326087 0.02069697
1542145531626016.0 -0.31965625 -0.06790452 0.03250948 -0.10120229 0.16151889 0.9815366 0.01599259
1542145531650603.0 -0.32845566 -0.066256985 0.022389024 -0.10969541 0.1640351 0.9802682 0.011562648
1542145531675179.0 -0.33669946 -0.06583879 0.012015022 -0.11984098 0.1662369 0.9787339 0.009135307
1542145531699759.0 -0.34386835 -0.066343926 0.0045586783 -0.13082205 0.16829039 0.97696483 0.010186288
1542145531724333.0 -0.35017157 -0.06768095 -0.0014936198 -0.13863124 0.16712496 0.97604483 0.0136829605
1542145531748899.0 -0.35432595 -0.06872157 -0.0043038307 -0.1441364 0.16547656 0.97546476 0.017629385
1542145531773470.0 -0.3569849 -0.07034418 -0.005911009 -0.14823857 0.16431616 0.97497934 0.020998055
1542145531798077.0 -0.35796928 -0.072683014 -0.0058108447 -0.14961992 0.1613726 0.9751924 0.023930939
1542145531822752.0 -0.35577655 -0.0749474 -0.0027215248 -0.1464186 0.15931661 0.9759506 0.026463317
1542145531847506.0 -0.35093123 -0.07683085 0.0028113741 -0.13858683 0.1616046 0.9766928 0.027365582
1542145531872332.0 -0.34350926 -0.07821759 0.009719203 -0.12857552 0.16663447 0.97721756 0.027335668
1542145531897211.0 -0.33431986 -0.07944931 0.017131675 -0.11649795 0.17097045 0.97803813 0.025276227
1542145531922118.0 -0.32311308 -0.080564745 0.027282918 -0.10495866 0.17581676 0.97854406 0.02288483
1542145531947015.0 -0.31061876 -0.081454076 0.0389846 -0.09621153 0.18066534 0.97862834 0.019746156
1542145531971868.0 -0.29747656 -0.08194717 0.04851227 -0.08992098 0.18561949 0.978394 0.014316833
1542145531996658.0 -0.2832722 -0.08166505 0.060774848 -0.083583444 0.19145171 0.9779239 0.004990305
1542145532021397.0 -0.26852494 -0.08077699 0.07391397 -0.082061276 0.2012071 0.97608125 -0.006865987
1542145532046099.0 -0.2548745 -0.07972408 0.087588854 -0.08786874 0.20569782 0.97446173 -0.01979849
1542145532070787.0 -0.24164869 -0.07954858 0.1014737 -0.097820185 0.20315553 0.9736447 -0.034280676
1542145532095479.0 -0.22815439 -0.08010766 0.11342624 -0.10725386 0.19918193 0.97296995 -0.04639741
1542145532120187.0 -0.2141861 -0.08234279 0.12379454 -0.113709696 0.19879681 0.9721314 -0.050105516
1542145532144927.0 -0.19979726 -0.085500635 0.13466428 -0.1195751 0.19514267 0.97218126 -0.0498472
1542145532169731.0 -0.1870672 -0.08957406 0.14358999 -0.12749642 0.18486518 0.9730503 -0.05237076
1542145532194630.0 -0.17451566 -0.092813395 0.15138946 -0.13902894 0.16935901 0.97388303 -0.059500363
1542145532219646.0 -0.16292997 -0.09663498 0.15806204 -0.14717153 0.1519477 0.974953 -0.06869626
1542145532244774.0 -0.1512527 -0.10161696 0.16422161 -0.151013 0.14373103 0.97532994 -0.07258093
1542145532270006.0 -0.14047018 -0.10721102 0.16760029 -0.15144609 0.14016117 0.9760464 -0.06893828
1542145532295340.0 -0.1307237 -0.11286541 0.16897248 -0.15098022 0.13324703 0.9776683 -0.060125083
1542145532320766.0 -0.123817675 -0.11829085 0.1689148 -0.15035678 0.119744666 0.98010314 -0.04951765
1542145532346239.0 -0.1189432 -0.12305758 0.16919717 -0.15374951 0.10788533 0.98152304 -0.036529846
1542145532371711.0 -0.11614259 -0.12719993 0.1684135 -0.15775947 0.097069785 0.98253596 -0.017679293
1542145532397163.0 -0.1150706 -0.13067618 0.16426401 -0.1590373 0.08823906 0.98332125 -0.0005338019
1542145532422600.0 -0.1149765 -0.13168016 0.15906459 -0.15915968 0.08227942 0.983761 0.010617841
1542145532448039.0 -0.11580646 -0.1311752 0.15271872 -0.1551678 0.07787238 0.98464954 0.018006217
1542145532473507.0 -0.11835651 -0.1289605 0.14811672 -0.14946723 0.079313666 0.9851935 0.02761795
1542145532499024.0 -0.12181328 -0.12648503 0.13978323 -0.14224216 0.09014 0.9847956 0.04265835
1542145532524584.0 -0.12586002 -0.122302875 0.12846221 -0.13221353 0.09836281 0.9848538 0.053919658
1542145532550169.0 -0.13201123 -0.11832257 0.116789035 -0.11915854 0.09909447 0.98632014 0.05616207
1542145532575760.0 -0.13865262 -0.11328037 0.1087935 -0.10885595 0.10144448 0.9871999 0.057409447
1542145532601326.0 -0.14843747 -0.107486576 0.10098291 -0.1017923 0.10902116 0.9871467 0.057395387
1542145532626831.0 -0.15904185 -0.10125711 0.09292134 -0.09840059 0.1152961 0.98683244 0.056444876
1542145532652247.0 -0.17280059 -0.09591602 0.08416952 -0.09709495 0.114775755 0.98710394 0.05499999
1542145532677579.0 -0.18702185 -0.09064697 0.07683353 -0.097421624 0.11449013 0.9873253 0.050889984
1542145532702849.0 -0.2017783 -0.0839998 0.07318194 -0.09918123 0.11416995 0.9875341 0.043643687
1542145532728091.0 -0.21549039 -0.07900784 0.06883957 -0.10195432 0.11664034 0.9873206 0.034618963
1542145532753326.0 -0.23033011 -0.07396503 0.0658684 -0.10359597 0.12231656 0.98673 0.025897026
1542145532778535.0 -0.2460306 -0.06902786 0.0638177 -0.10661573 0.1267728 0.98600864 0.018676259
1542145532803697.0 -0.2622183 -0.06526026 0.06251962 -0.11215812 0.13175431 0.98486245 0.01036077
1542145532828804.0 -0.27712762 -0.061065603 0.06320678 -0.12113966 0.13903639 0.98285 0.00027565024
1542145532853851.0 -0.29162502 -0.057707455 0.0634992 -0.1292477 0.14250694 0.98125356 -0.0113263605
1542145532878816.0 -0.30461586 -0.055414062 0.06607588 -0.13569546 0.14717284 0.97953296 -0.021028178
1542145532903672.0 -0.31593 -0.054272242 0.06920675 -0.13807842 0.15546721 0.9777747 -0.026851792
1542145532928388.0 -0.3261326 -0.054164927 0.07327447 -0.13655011 0.1590086 0.9773747 -0.028445091
1542145532952959.0 -0.33419654 -0.055402584 0.079251535 -0.13651408 0.15725121 0.9776929 -0.027433863
1542145532977390.0 -0.3408786 -0.058049917 0.08554382 -0.13603838 0.15531811 0.9781434 -0.024605652
1542145533001705.0 -0.34492853 -0.061847057 0.09286745 -0.13451767 0.15435623 0.9786101 -0.020038825
1542145533025939.0 -0.3461238 -0.06626299 0.099053934 -0.13013893 0.15392238 0.97936875 -0.014446201
1542145533050123.0 -0.34393406 -0.06933713 0.1069151 -0.122569926 0.15452752 0.98031247 -0.009244085
1542145533074284.0 -0.33971825 -0.07121236 0.11447419 -0.11009681 0.15696082 0.9814372 -0.0048070652
1542145533098442.0 -0.33255556 -0.07405266 0.12140377 -0.09549248 0.16238016 0.9820966 -0.00042613677
1542145533122605.0 -0.32326406 -0.07590976 0.12543027 -0.078749955 0.172128 0.98191595 0.003391791
1542145533146766.0 -0.3118132 -0.07752766 0.12955809 -0.06254284 0.18182592 0.9813168 0.0067218137
1542145533170924.0 -0.29907042 -0.078527674 0.13470358 -0.047978334 0.19052798 0.98046213 0.009553909
1542145533195093.0 -0.28447628 -0.07946121 0.13889462 -0.03496866 0.19664562 0.97979856 0.01012751
1542145533219284.0 -0.26894742 -0.079513445 0.14115793 -0.020061338 0.20182928 0.979126 0.013222271
1542145533243503.0 -0.25259304 -0.08065081 0.14347579 -0.0022067532 0.20288983 0.9790048 0.01950543
1542145533267757.0 -0.23493928 -0.082283914 0.1449027 0.02082778 0.19643095 0.9799378 0.02651617
1542145533292064.0 -0.21769942 -0.083690934 0.1454786 0.04563441 0.19331399 0.97942686 0.035640907
1542145533316460.0 -0.20073763 -0.08464422 0.14463931 0.06824757 0.19232726 0.97793484 0.04467747
1542145533340984.0 -0.18456718 -0.08538411 0.14157489 0.08666703 0.18670198 0.97748953 0.04631954
1542145533365640.0 -0.16954902 -0.085627414 0.13827246 0.102227345 0.17869405 0.9776269 0.04317016
1542145533390385.0 -0.15562639 -0.08573678 0.13608658 0.115971416 0.17202723 0.97743905 0.039627224
1542145533415154.0 -0.1424589 -0.08459895 0.13450204 0.12918222 0.16495915 0.97715414 0.035641044
1542145533439890.0 -0.13085549 -0.083366476 0.13423932 0.13952097 0.15774368 0.9770515 0.031957306
1542145533464551.0 -0.11944115 -0.0822791 0.13550194 0.15106289 0.15025748 0.9765766 0.030014616
1542145533489123.0 -0.11009805 -0.081131645 0.13468362 0.16465966 0.1430504 0.9754565 0.03014213
1542145533513602.0 -0.10174961 -0.07976794 0.13395976 0.17922315 0.13515392 0.97400784 0.030352782
1542145533537979.0 -0.09479675 -0.07819878 0.1314401 0.19283551 0.12708142 0.9724761 0.030903587
1542145533562258.0 -0.0879133 -0.07620257 0.12868385 0.20233792 0.121883646 0.97118115 0.03179519
1542145533586450.0 -0.07975182 -0.07359949 0.12665723 0.2076359 0.119339526 0.97048336 0.028418375
1542145533610555.0 -0.07293248 -0.07062496 0.12327989 0.21125224 0.114525095 0.9704558 0.02172697
1542145533634560.0 -0.06992167 -0.066800654 0.120030016 0.21355623 0.104116164 0.9712733 0.013483236
1542145533658460.0 -0.06757125 -0.060257472 0.11992651 0.21202236 0.095074706 0.97262055 0.00406721
1542145533682277.0 -0.068678744 -0.05638619 0.116009906 0.2063127 0.09099278 0.97422576 -0.006290951
1542145533706051.0 -0.07050613 -0.05197301 0.113792315 0.19680317 0.09139745 0.9760723 -0.0140722515
1542145533729810.0 -0.07688219 -0.045735594 0.10920812 0.18397743 0.09029772 0.9785081 -0.022815047
1542145533753579.0 -0.08431661 -0.04193602 0.10521334 0.1680545 0.08831522 0.98126 -0.032969248
1542145533777391.0 -0.09481466 -0.037258115 0.10240865 0.15085176 0.08793972 0.98380095 -0.040573176
1542145533801286.0 -0.10830339 -0.03639383 0.09539218 0.13207428 0.09032218 0.9860073 -0.046776596
1542145533825295.0 -0.11791603 -0.035192914 0.09235752 0.11259116 0.09509056 0.98782486 -0.049831353
1542145533849431.0 -0.13236889 -0.037525717 0.08455892 0.09470639 0.10244549 0.9889938 -0.049263813
1542145533873702.0 -0.14576104 -0.041732647 0.08271454 0.07672321 0.11050165 0.98987454 -0.045292012
1542145533898110.0 -0.16140854 -0.047692552 0.079337955 0.058863524 0.11762496 0.9905565 -0.038696457
1542145533922654.0 -0.17729796 -0.054822043 0.07755445 0.03960606 0.12374571 0.9910531 -0.030531777
1542145533947315.0 -0.1927487 -0.06257021 0.07662112 0.018071486 0.13028982 0.9910418 -0.023112139
1542145533972061.0 -0.20773861 -0.07175224 0.07404904 -0.004079764 0.13573734 0.9905882 -0.017142897
1542145533996836.0 -0.22131221 -0.08145207 0.07024992 -0.024793822 0.1411701 0.98960406 -0.011842683
1542145534021594.0 -0.23360458 -0.09195144 0.0651017 -0.03998716 0.14658761 0.98834825 -0.008991633
1542145534046296.0 -0.24361429 -0.10201874 0.06272218 -0.048438303 0.15657163 0.98645216 -0.007160007
1542145534070925.0 -0.25184023 -0.11158247 0.06160921 -0.05253842 0.16721675 0.9845109 -0.0040812646
1542145534095488.0 -0.2585327 -0.12152876 0.05768227 -0.05429 0.17685759 0.9827334 -0.003003029
1542145534120005.0 -0.26408413 -0.12964635 0.057534978 -0.058097895 0.18906179 0.9802345 -0.0045403447
1542145534144506.0 -0.26859435 -0.13695294 0.057699535 -0.061493855 0.20045063 0.97772205 -0.009888561
1542145534169016.0 -0.2713059 -0.14328215 0.05765199 -0.06379978 0.2116742 0.97513443 -0.015379784
1542145534193556.0 -0.2734332 -0.14919052 0.056359064 -0.06575956 0.22408438 0.9721807 -0.01807123
1542145534218149.0 -0.27411985 -0.15442047 0.056668837 -0.06859492 0.23456115 0.969527 -0.017126815
1542145534242808.0 -0.2721337 -0.160444 0.054670133 -0.07050595 0.23979682 0.96816146 -0.013781712
1542145534267538.0 -0.26953584 -0.16422492 0.057906915 -0.0675992 0.23829925 0.9688141 -0.0065700617
1542145534292336.0 -0.26539004 -0.16900927 0.06050897 -0.061330453 0.23118715 0.97097147 0.002367666
1542145534317187.0 -0.2568346 -0.17099635 0.061640274 -0.050333783 0.22328472 0.97340435 0.009716438
1542145534342073.0 -0.24573615 -0.1697779 0.06959025 -0.03432406 0.22034578 0.97472787 0.0132393865
1542145534366969.0 -0.2328011 -0.1685005 0.073017254 -0.014938366 0.22014998 0.9752728 0.012408811
1542145534391837.0 -0.21569444 -0.16434711 0.078363806 0.0052915635 0.21765903 0.9759524 0.010656362
1542145534416637.0 -0.19871192 -0.16079001 0.082162954 0.026312442 0.21003923 0.97729754 0.008980539
1542145534441341.0 -0.18058217 -0.15413183 0.0918105 0.046675567 0.19775312 0.9791245 0.0055140844
1542145534465942.0 -0.16124256 -0.14789464 0.09747523 0.06748799 0.1832927 0.98073906 -0.0004865921
1542145534490444.0 -0.14324574 -0.1408546 0.1033201 0.0862479 0.17444667 0.9808649 -0.005811639
1542145534514872.0 -0.12382156 -0.132901 0.107606836 0.09928784 0.17314045 0.9798137 -0.011384229
1542145534539265.0 -0.10680119 -0.124982186 0.11494119 0.105635464 0.16795507 0.97983986 -0.023368504
1542145534563661.0 -0.08952778 -0.11719842 0.11977307 0.10718831 0.15418088 0.9814083 -0.03970941
1542145534588095.0 -0.07359345 -0.10945299 0.12449609 0.10640054 0.14465892 0.98241854 -0.051054258
1542145534612591.0 -0.06264891 -0.10130045 0.13296531 0.10681561 0.13335656 0.98367894 -0.056412287
1542145534637168.0 -0.0511462 -0.09555076 0.13533473 0.10702622 0.1162719 0.98546356 -0.062352456
1542145534661840.0 -0.04277364 -0.09011158 0.1373014 0.10664816 0.09600227 0.9874451 -0.06604542
1542145534686621.0 -0.03583001 -0.08573383 0.13864386 0.10458389 0.0744248 0.9893893 -0.06805892
1542145534711504.0 -0.03974694 -0.08178975 0.15383576 0.103296295 0.05629291 0.99092185 -0.06507587
1542145534736461.0 -0.038939696 -0.078837045 0.15428248 0.10044665 0.039967265 0.9922611 -0.061082363
1542145534761449.0 -0.043393645 -0.075660765 0.1610659 0.0958573 0.029986277 0.9933159 -0.056884132
1542145534786425.0 -0.05153796 -0.07080844 0.15219466 0.08727363 0.026951876 0.9945118 -0.051022254
1542145534811370.0 -0.058743216 -0.06572082 0.15222292 0.08090708 0.024815666 0.995508 -0.042450394
1542145534836287.0 -0.06968713 -0.059191015 0.14800864 0.07920157 0.021662101 0.9959259 -0.037275765
1542145534861184.0 -0.07310537 -0.058755975 0.13918668 0.07514291 0.02300689 0.9963891 -0.032141086
1542145534886064.0 -0.08414503 -0.053686935 0.13588129 0.070480704 0.028289147 0.99684805 -0.022940138
1542145534910912.0 -0.09571089 -0.050951228 0.13586318 0.06480732 0.031483367 0.997311 -0.013406084
1542145534935717.0 -0.12703846 -0.058499735 0.11450731 0.058441505 0.03135882 0.99775714 -0.009056273
1542145534960472.0 -0.14119034 -0.058696937 0.11197123 0.04986552 0.024761533 0.9984469 -0.0020412586
1542145534985174.0 -0.1781745 -0.062290277 0.093876764 0.04127979 0.02359837 0.9988517 0.0058624838
1542145535009822.0 -0.19493622 -0.06448938 0.08774166 0.026254445 0.027400842 0.99917656 0.014360092
1542145535034424.0 -0.23951185 -0.06921934 0.07234896 0.009079923 0.033947326 0.999248 0.016389271
1542145535059000.0 -0.27463883 -0.071794346 0.058813836 -0.0124620125 0.037289828 0.9991389 0.013254562
1542145535083573.0 -0.31197658 -0.07476858 0.040902924 -0.035402164 0.040753335 0.9985181 0.006899191
1542145535108158.0 -0.35323465 -0.076199055 0.024888258 -0.05984543 0.04643066 0.9971257 -0.001759901
1542145535132770.0 -0.3965769 -0.07763477 0.012040649 -0.08575022 0.052283388 0.9948793 -0.01133717
1542145535157413.0 -0.44082072 -0.07955488 0.0032050414 -0.112160854 0.057399232 0.99188304 -0.017127352
1542145535182079.0 -0.48505485 -0.0842191 -0.0069186045 -0.13762702 0.06301023 0.98832136 -0.017590776
1542145535206741.0 -0.5279416 -0.089788966 -0.008729881 -0.15792918 0.06477024 0.9852003 -0.015610253
1542145535231377.0 -0.5701624 -0.095954426 -0.009353213 -0.17467144 0.06859352 0.9821153 -0.015308864
1542145535255994.0 -0.6097689 -0.101257056 -0.010870539 -0.19329666 0.076658115 0.97799426 -0.016949147
1542145535280609.0 -0.6476151 -0.10657026 -0.007997747 -0.21186745 0.082484335 0.973606 -0.019996013
1542145535305240.0 -0.6797014 -0.11166911 -0.0042962413 -0.22956981 0.08474354 0.9693283 -0.022782387
1542145535329891.0 -0.70973635 -0.11752485 0.00119913 -0.24464142 0.086680114 0.9653811 -0.026011553
1542145535354573.0 -0.73484075 -0.124447145 0.004111238 -0.25632283 0.0876879 0.9621047 -0.031049771
1542145535379300.0 -0.7546385 -0.13361852 0.011749107 -0.2590643 0.08815139 0.96119946 -0.034796167
1542145535404104.0 -0.76303077 -0.14192635 0.021269865 -0.25426725 0.09301551 0.96203226 -0.03450072
1542145535429032.0 -0.7640735 -0.1527501 0.032896362 -0.24063598 0.1043217 0.96439636 -0.033926662
1542145535454124.0 -0.7560559 -0.15785924 0.04809223 -0.2243333 0.112211384 0.96752405 -0.031310022
1542145535479374.0 -0.7508591 -0.16644405 0.06013304 -0.20929895 0.12080362 0.9699485 -0.028290816
1542145535504720.0 -0.7423701 -0.17415138 0.07218458 -0.19798954 0.12809 0.9714033 -0.027727975
1542145535530077.0 -0.73259854 -0.1793271 0.08297601 -0.18859398 0.13012387 0.9729061 -0.030884635
