0 7
1 13
2 20
3 26
4 33
5 39
6 46
7 52
8 58
9 65
10 71
11 78
12 84
13 90
14 97
15 103
16 110
17 116
18 122
19 129
20 135
21 141
22 147
23 153
24 158
25 164
26 170
27 176
28 182
29 188
30 195
31 201
32 207
33 213
34 220
35 226
36 232
37 239
38 245
39 251
40 258
41 264
42 270
43 277
44 283
45 290
46 296
47 303
48 309
49 315
50 322
51 328
52 335
53 341
54 348
55 354
56 361
57 367
58 374
59 380
60 386
61 393
62 399
63 406
64 412
65 418
66 425
67 431
68 437
69 443
70 449
71 455
72 462
73 468
74 474
75 480
76 486
77 492
78 498
79 505
80 511
81 517
82 523
83 529
84 535
85 541
86 547
87 553
88 559
89 565
90 571
91 577
92 583
93 589
94 595
95 601
96 607
97 613
98 619
99 625
100 631
101 638
102 644
103 650
104 657
105 663
106 669
107 676
108 682
109 689
110 695
111 701
112 708
113 714
114 721
115 727
116 733
117 740
118 746
119 752
120 759
121 765
122 772
123 778
124 784
125 791
126 797
127 803
128 810
129 816
130 822
131 829
132 835
133 842
134 848
135 854
136 861
137 867
138 873
139 880
140 886
141 893
142 899
143 905
144 912
145 918
146 925
147 931
148 938
149 944
150 951
151 957
152 964
153 970
154 977
155 983
156 990
157 996
158 1003
159 1009
160 1016
161 1022
162 1029
163 1035
164 1041
165 1048
166 1054
167 1060
168 1067
169 1073
170 1079
171 1086
172 1092
173 1098
174 1104
175 1110
176 1117
177 1123
178 1129
179 1135
180 1141
181 1147
182 1153
183 1159
184 1165
185 1172
186 1178
187 1184
188 1190
189 1197
190 1203
191 1209
192 1215
193 1222
194 1228
195 1234
196 1240
197 1247
198 1253
199 1260
200 1266
201 1272
202 1279
203 1285
204 1292
205 1298
206 1305
207 1312
208 1318
209 1325
210 1331
211 1338
212 1345
213 1351
214 1358
215 1365
216 1372
217 1379
218 1385
219 1399
220 1406
221 1412
222 1419
223 1426
224 1433
225 1439
226 1446
227 1453
228 1459
229 1466
230 1473
231 1479
232 1486
233 1492
234 1499
235 1505
236 1512
237 1518
238 1525
239 1531
240 1537
241 1544
242 1550
243 1557
244 1563
245 1569
246 1576
247 1582
248 1588
249 1595
250 1601
251 1607
252 1614
253 1620
254 1626
255 1632
256 1639
257 1645
258 1651
259 1657
260 1664
261 1670
262 1676
263 1682
264 1689
265 1695
266 1701
267 1707
268 1714
269 1720
270 1726
271 1732
272 1739
273 1745
274 1751
275 1757
276 1764
277 1770
278 1776
279 1782
280 1789
