0 2
1 7
2 12
3 17
4 21
5 26
6 31
7 36
8 41
9 46
10 51
11 56
12 61
13 66
14 71
15 75
16 80
17 85
18 90
19 95
20 100
21 105
22 110
23 115
24 120
25 125
26 130
27 134
28 139
29 144
30 149
31 154
32 160
33 165
34 170
35 175
36 180
37 185
38 190
39 195
40 200
41 205
42 210
43 216
44 221
45 226
46 231
47 236
48 241
49 246
50 251
51 256
52 261
53 266
54 271
55 276
56 281
57 286
58 291
59 296
60 301
61 306
62 310
63 315
64 320
65 325
66 329
67 334
68 339
69 344
70 348
71 353
72 358
73 363
74 368
75 373
76 378
77 383
78 388
79 393
80 398
81 403
82 408
83 414
84 419
85 424
86 429
87 434
88 439
89 444
90 449
91 454
92 460
93 465
94 470
95 475
96 480
97 485
98 490
99 495
100 500
101 505
102 510
103 515
104 520
105 525
106 530
107 535
108 540
109 545
110 550
111 555
112 560
113 565
114 570
115 575
116 580
117 585
118 590
119 595
120 600
121 605
122 610
123 615
124 620
125 625
126 630
127 635
128 640
129 645
130 650
131 655
132 660
133 665
134 670
135 676
136 681
137 686
138 691
139 696
140 701
141 706
142 711
143 717
144 722
145 727
146 732
147 737
148 742
149 747
150 752
151 757
152 762
153 768
154 773
155 778
156 783
157 788
158 793
159 798
160 803
161 808
162 814
163 819
164 824
165 829
166 834
167 839
168 844
169 849
170 854
171 859
172 864
173 869
174 873
175 878
176 883
177 888
178 893
179 898
180 903
181 908
182 914
183 919
184 924
185 929
186 934
187 939
188 944
189 949
190 954
191 959
192 964
193 969
194 974
195 979
196 984
197 989
198 994
199 999
200 1004
201 1009
202 1014
203 1019
204 1024
205 1029
206 1034
207 1039
208 1044
209 1049
210 1054
211 1059
212 1064
213 1069
214 1074
215 1079
216 1084
217 1089
218 1094
219 1099
220 1104
221 1109
222 1114
223 1119
224 1124
225 1129
226 1134
227 1139
228 1144
229 1149
230 1154
231 1159
232 1164
233 1169
234 1174
235 1179
236 1184
237 1189
238 1194
239 1199
240 1204
241 1209
242 1214
243 1219
244 1224
245 1229
246 1234
247 1239
248 1244
249 1248
250 1253
251 1258
252 1263
253 1268
254 1274
255 1279
256 1284
257 1289
258 1294
259 1299
260 1304
261 1309
262 1314
263 1319
264 1325
265 1330
266 1335
267 1340
268 1345
269 1351
270 1356
271 1361
272 1366
273 1371
274 1377
275 1382
276 1387
277 1392
278 1397
279 1402
280 1407
281 1412
282 1417
283 1423
284 1428
285 1433
286 1438
287 1444
288 1449
289 1454
290 1459
291 1465
292 1470
293 1475
294 1480
295 1486
296 1491
297 1496
298 1501
299 1506
300 1511
301 1516
302 1521
303 1526
304 1531
305 1535
306 1540
307 1545
308 1550
309 1555
310 1560
311 1565
312 1570
313 1574
314 1579
315 1584
316 1589
317 1594
318 1599
319 1604
320 1609
321 1614
322 1618
323 1623
324 1628
325 1633
326 1638
327 1643
328 1648
329 1653
330 1658
331 1663
332 1668
333 1673
334 1678
335 1683
336 1688
337 1693
338 1698
339 1703
340 1708
341 1713
342 1718
343 1723
344 1728
345 1733
346 1738
347 1744
348 1749
349 1754
350 1760
351 1765
352 1770
353 1776
354 1781
355 1786
356 1792
357 1797
358 1802
359 1807
360 1812
361 1817
362 1822
363 1827
364 1832
365 1836
366 1841
367 1846
368 1851
369 1856
370 1861
371 1866
372 1871
373 1876
374 1881
375 1886
376 1891
377 1896
378 1901
379 1906
380 1911
381 1916
382 1921
383 1926
384 1931
385 1936
386 1941
387 1946
388 1951
389 1957
390 1962
391 1967
392 1972
393 1977
394 1982
395 1987
396 1992
397 1997
398 2002
399 2007
400 2012
401 2017
402 2021
403 2026
404 2031
405 2036
406 2041
407 2046
408 2051
409 2056
410 2061
411 2066
412 2071
413 2076
414 2081
415 2086
416 2091
417 2096
418 2101
419 2106
420 2110
421 2115
422 2120
423 2125
424 2130
425 2135
426 2140
427 2145
428 2151
429 2156
430 2161
431 2166
432 2171
433 2176
434 2181
435 2186
436 2191
437 2196
438 2202
439 2207
440 2212
441 2217
442 2222
443 2227
444 2232
445 2237
446 2242
447 2247
448 2252
449 2257
450 2262
451 2267
452 2272
453 2277
454 2282
455 2287
456 2292
457 2296
458 2301
459 2306
460 2311
461 2316
462 2321
463 2325
464 2330
465 2335
466 2340
467 2345
468 2350
469 2355
470 2360
471 2365
472 2369
473 2374
474 2379
475 2384
476 2389
477 2394
478 2399
479 2404
480 2409
481 2413
482 2418
483 2423
484 2428
485 2432
486 2437
487 2442
488 2447
489 2451
490 2456
491 2461
492 2466
493 2471
494 2476
495 2481
496 2486
497 2491
498 2496
499 2501
500 2506
501 2510
502 2515
503 2520
504 2525
505 2530
506 2535
507 2540
508 2545
509 2550
510 2555
511 2560
512 2565
513 2570
514 2575
515 2580
516 2585
517 2589
518 2594
519 2599
520 2604
521 2609
522 2614
523 2619
524 2624
525 2629
526 2634
527 2639
528 2644
529 2649
530 2654
531 2659
532 2664
533 2669
534 2674
535 2679
536 2683
537 2688
538 2693
539 2698
540 2703
541 2708
542 2713
543 2718
544 2723
545 2728
546 2733
547 2738
548 2743
549 2747
550 2752
551 2757
552 2762
553 2767
554 2772
555 2777
556 2782
557 2787
558 2792
