# timestamp[secs] tx ty tz qx qy qz qw
0.025008613636363634 -0.0 -0.0 -0.0 -0.0 -0.0 -0.0 1.0
0.07502561363636363 -0.0 -0.0 -0.0 -0.0 -0.0 -0.0 1.0
0.12504261363636363 0.003847618354484439 0.01164318062365055 0.002888836432248354 -0.006964615546166897 0.0046956236474215984 0.004509889520704746 0.9999545812606812
0.17505961363636366 0.003847618354484439 0.01164318062365055 0.002888836432248354 -0.006964615546166897 0.0046956236474215984 0.004509889520704746 0.9999545812606812
0.22507661363636364 0.0017121643759310246 0.020681221038103104 0.005124313291162252 -0.01607791893184185 0.006987004540860653 0.007456889841705561 0.9998185634613037
0.27509461363636367 0.0017121643759310246 0.020681221038103104 0.005124313291162252 -0.01607791893184185 0.006987004540860653 0.007456889841705561 0.9998185634613037
0.32511161363636365 0.0017121643759310246 0.020681221038103104 0.005124313291162252 -0.01607791893184185 0.006987004540860653 0.007456889841705561 0.9998185634613037
0.37512861363636363 -0.009381454437971115 0.034371037036180496 0.006518074311316013 -0.01979871839284897 -0.0010643968125805259 0.00938663724809885 0.9997593760490417
0.42514561363636366 -0.009381454437971115 0.034371037036180496 0.006518074311316013 -0.01979871839284897 -0.0010643968125805259 0.00938663724809885 0.9997593760490417
0.47516361363636367 -0.024407722055912018 0.037258874624967575 0.0059913042932748795 -0.02101634070277214 -0.01644151099026203 0.0029164848383516073 0.9996396899223328
0.5251806136363637 -0.024407722055912018 0.037258874624967575 0.0059913042932748795 -0.02101634070277214 -0.01644151099026203 0.0029164848383516073 0.9996396899223328
0.5751976136363637 -0.0434107668697834 0.037137165665626526 0.004367802757769823 -0.02197440341114998 -0.03765072673559189 -0.004815771710127592 0.9990377426147461
0.6252146136363637 -0.0434107668697834 0.037137165665626526 0.004367802757769823 -0.02197440341114998 -0.03765072673559189 -0.004815771710127592 0.9990377426147461
0.6752326136363637 -0.05994424968957901 0.032894764095544815 0.0019783643074333668 -0.02314307540655136 -0.06201641634106636 -0.012067406438291073 0.9977338314056396
0.7252496136363636 -0.05994424968957901 0.032894764095544815 0.0019783643074333668 -0.02314307540655136 -0.06201641634106636 -0.012067406438291073 0.9977338314056396
0.7752666136363636 -0.07530536502599716 0.026825889945030212 0.0009128178935497999 -0.025029337033629417 -0.08140067011117935 -0.020803287625312805 0.9961499571800232
0.8252836136363636 -0.08251133561134338 0.020684588700532913 -0.0001700448920018971 -0.027534862980246544 -0.0893109068274498 -0.024780914187431335 0.9953147172927856
0.8753006136363637 -0.08564582467079163 0.01569783315062523 -0.0015799205284565687 -0.02781994268298149 -0.09754940867424011 -0.028166266158223152 0.9944430589675903
0.9253186136363637 -0.09072086960077286 0.009069683030247688 -0.003255740739405155 -0.026981744915246964 -0.10230652242898941 -0.030926082283258438 0.9939059615135193
0.9753356136363637 -0.09192880988121033 0.0017064791172742844 -0.004299012478441 -0.027256499975919724 -0.10888154804706573 -0.03254283592104912 0.9931479692459106
1.0253526136363635 -0.0915774554014206 -0.0053539397194981575 -0.005506513174623251 -0.026292789727449417 -0.11343052238225937 -0.03556997328996658 0.992560863494873
1.0753696136363637 -0.09108149260282516 -0.013248389586806297 -0.006909020245075226 -0.025775184854865074 -0.11661083251237869 -0.036575257778167725 0.9921692609786987
1.1253876136363639 -0.09045866131782532 -0.019482022151350975 -0.00760379433631897 -0.024144403636455536 -0.11846978962421417 -0.03764510527253151 0.9919500350952148
1.1754046136363638 -0.0875462219119072 -0.02487712725996971 -0.008699112571775913 -0.02078782580792904 -0.11921003460884094 -0.03992011025547981 0.9918484091758728
1.2254216136363638 -0.08218993991613388 -0.02909342758357525 -0.008431428112089634 -0.016958540305495262 -0.11841724067926407 -0.04028289392590523 0.9920015335083008
1.2754386136363638 -0.0774298831820488 -0.03419196233153343 -0.0090979915112257 -0.014471443369984627 -0.11346365511417389 -0.04115190729498863 0.9925840497016907
1.3254566136363637 -0.07036089897155762 -0.03618643805384636 -0.00844206940382719 -0.009497246704995632 -0.10739141702651978 -0.04133576154708862 0.9933118224143982
1.3754736136363637 -0.06180897727608681 -0.03598066791892052 -0.008104740642011166 -0.003194833640009165 -0.09860680997371674 -0.041116490960121155 0.9942715764045715
1.4254906136363639 -0.0525272935628891 -0.03682650998234749 -0.007756596431136131 -0.000533968850504607 -0.09244957566261292 -0.041260313242673874 0.9948620200157166
1.4755076136363638 -0.04567192122340202 -0.03769958019256592 -0.00813315436244011 -0.00036967406049370766 -0.08471160382032394 -0.041689682751894 0.9955329895019531
1.5255256136363637 -0.03321601822972298 -0.03562905639410019 -0.008012591861188412 -0.0012870541540905833 -0.08101401478052139 -0.03926197439432144 0.9959385991096497
1.5755426136363637 -0.02593960613012314 -0.03420926630496979 -0.006752701476216316 -0.005907797254621983 -0.07385839521884918 -0.03982299193739891 0.9964558482170105
1.6255596136363637 -0.01766391471028328 -0.031213155016303062 -0.004145339597016573 -0.011722241528332233 -0.06726338714361191 -0.03892945498228073 0.996906578540802
1.6755766136363637 -0.010086615569889545 -0.02766457013785839 -0.0022147251293063164 -0.0172410998493433 -0.06208076700568199 -0.038431316614151 0.9971819519996643
1.7255936136363637 -0.0037390105426311493 -0.02431824989616871 -0.00031018166919238865 -0.022918015718460083 -0.0555761381983757 -0.037676628679037094 0.9974801540374756
1.7756116136363638 0.002047962509095669 -0.01777983084321022 0.001843921490944922 -0.02623012661933899 -0.050114091485738754 -0.03681343048810959 0.9977200627326965
1.8256286136363638 0.006670145783573389 -0.013911067508161068 0.004815352614969015 -0.03125522658228874 -0.046784788370132446 -0.03748041391372681 0.9977121353149414
1.8756456136363637 0.00985601358115673 -0.008268973790109158 0.006658582482486963 -0.03471466526389122 -0.046367302536964417 -0.0365457758307457 0.9976519346237183
1.9256626136363637 0.011621627025306225 -0.004515438806265593 0.008775045163929462 -0.039467185735702515 -0.046788014471530914 -0.036697909235954285 0.997450053691864
1.9756806136363638 0.009747405536472797 -3.2691925298422575e-05 0.010937487706542015 -0.042637310922145844 -0.04697283357381821 -0.038251470774412155 0.9972524642944336
2.0256976136363636 0.008995470590889454 0.005278213415294886 0.01237245462834835 -0.04512925073504448 -0.05159861221909523 -0.03777696192264557 0.9969322681427002
2.0757146136363636 0.005330143496394157 0.010516596026718616 0.01423100009560585 -0.04688548669219017 -0.057854194194078445 -0.03830850496888161 0.9964874386787415
2.125731613636363 0.0021286988630890846 0.012306787073612213 0.015708575025200844 -0.04985150694847107 -0.06947379559278488 -0.038196664303541183 0.9956049919128418
2.175749613636363 -0.001169882481917739 0.013287391513586044 0.017776887863874435 -0.052450887858867645 -0.08141141384840012 -0.037227094173431396 0.9946030974388123
2.225766613636363 -0.003383662784472108 0.010483304969966412 0.021880870684981346 -0.05551814287900925 -0.088869608938694 -0.0347098670899868 0.9938889145851135
2.275783613636363 -0.0030958910938352346 0.005016474984586239 0.024495132267475128 -0.05661124363541603 -0.09015482664108276 -0.031003842130303383 0.9938340783119202
2.325800613636363 -0.0012785143917426467 0.00015935677220113575 0.025035973638296127 -0.053875505924224854 -0.08806826919317245 -0.02721264772117138 0.9942841529846191
2.375817613636363 0.0011875367490574718 -0.00447975704446435 0.02630160190165043 -0.048765864223241806 -0.08708479255437851 -0.020976372063159943 0.994785487651825
2.4258356136363632 0.0056031933054327965 -0.008861898444592953 0.027248764410614967 -0.04226125404238701 -0.08551716804504395 -0.01571374572813511 0.9953159689903259
2.475852613636363 0.012805340811610222 -0.01672317646443844 0.02762622758746147 -0.03807796537876129 -0.07968199998140335 -0.012382405810058117 0.9960158467292786
2.525869613636363 0.021980397403240204 -0.020860858261585236 0.030383046716451645 -0.03181437402963638 -0.07204058766365051 -0.0096419807523489 0.9968475699424744
2.575886613636363 0.02845970168709755 -0.02436956577003002 0.032125163823366165 -0.0258770864456892 -0.06406493484973907 -0.009748155251145363 0.9975625872612
2.6259046136363633 0.03655937314033508 -0.026964237913489342 0.03277925029397011 -0.019847745075821877 -0.057126764208078384 -0.009881715290248394 0.9981207251548767
2.6759216136363633 0.044889312237501144 -0.028401238843798637 0.03495843708515167 -0.014409550465643406 -0.05141407996416092 -0.010896815918385983 0.9985140562057495
2.7259386136363633 0.05240331590175629 -0.028413714841008186 0.035439662635326385 -0.009429010562598705 -0.04262395575642586 -0.010856515727937222 0.9989877343177795
2.7759556136363632 0.06032620742917061 -0.027743659913539886 0.036384254693984985 -0.006532871630042791 -0.03584906831383705 -0.01123862899839878 0.9992727041244507
2.8259736136363633 0.06710796058177948 -0.025577640160918236 0.03772740066051483 -0.0047673387452960014 -0.029978768900036812 -0.010176537558436394 0.9994874000549316
2.8759906136363633 0.07143159955739975 -0.023088965564966202 0.039778150618076324 -0.006702668499201536 -0.026536568999290466 -0.010651136748492718 0.9995687007904053
2.9260076136363633 0.07477974146604538 -0.017619531601667404 0.04255809262394905 -0.009426850825548172 -0.026298444718122482 -0.01032902393490076 0.9995563626289368
2.9760246136363633 0.07664051651954651 -0.012104013934731483 0.0441133938729763 -0.013166268356144428 -0.02634834684431553 -0.01034504733979702 0.9995126128196716
3.0260426136363634 0.07895045727491379 -0.006625256966799498 0.04448650777339935 -0.017643002793192863 -0.028971241787075996 -0.010502159595489502 0.9993693828582764
3.0760596136363634 0.0814608559012413 5.9555059124249965e-05 0.044161442667245865 -0.02134028449654579 -0.03204736113548279 -0.009341086260974407 0.9992148876190186
3.1260766136363634 0.07933483272790909 0.006431370973587036 0.04413940757513046 -0.024654604494571686 -0.03444473445415497 -0.009926067665219307 0.9990531802177429
3.1760936136363633 0.07689333707094193 0.010737426578998566 0.043738748878240585 -0.028357308357954025 -0.03998890146613121 -0.010727928020060062 0.9987400770187378
3.2261106136363633 0.07393554598093033 0.0162395890802145 0.04271435737609863 -0.030359867960214615 -0.04990586265921593 -0.00987254735082388 0.9982435703277588
3.2761286136363634 0.06991878896951675 0.01908235438168049 0.04154025390744209 -0.033506762236356735 -0.06330498307943344 -0.010076181963086128 0.997380793094635
3.3261456136363634 0.06290294229984283 0.020262211561203003 0.04013698920607567 -0.03710304573178291 -0.073618084192276 -0.012696770951151848 0.9965152144432068
3.3761626136363634 0.056827787309885025 0.02189234457910061 0.03894656524062157 -0.03886246681213379 -0.08530694246292114 -0.014221369288861752 0.9954950213432312
3.4261796136363634 0.05125690624117851 0.021512432023882866 0.03712201863527298 -0.04025706648826599 -0.09795725345611572 -0.016748864203691483 0.9942350387573242
3.4761976136363635 0.04403017833828926 0.018930142745375633 0.03564273193478584 -0.042094338685274124 -0.1094965785741806 -0.019608663395047188 0.9929018616676331
3.5262146136363635 0.038799867033958435 0.01642429642379284 0.03445649892091751 -0.04228341951966286 -0.12139544636011124 -0.022729309275746346 0.9914427399635315
3.5762316136363634 0.03445021063089371 0.01281884964555502 0.03185158595442772 -0.04090575501322746 -0.1314014047384262 -0.02540753409266472 0.9901590347290039
3.6262486136363634 0.03138265758752823 0.008210808970034122 0.02997973933815956 -0.0378926545381546 -0.13883322477340698 -0.028393356129527092 0.9891831278800964
3.676266613636363 0.028685232624411583 0.002575504593551159 0.02709311619400978 -0.033393681049346924 -0.14215214550495148 -0.03222363814711571 0.9887564778327942
3.7262836136363635 0.029437953606247902 -0.0030407931189984083 0.024959582835435867 -0.02792298048734665 -0.14440584182739258 -0.034424036741256714 0.9885253310203552
3.7763006136363635 0.029527872800827026 -0.00960293598473072 0.024157267063856125 -0.023491142317652702 -0.14526888728141785 -0.03683798015117645 0.9884271025657654
3.8263176136363635 0.03316068276762962 -0.01541224680840969 0.02384730614721775 -0.018429145216941833 -0.14554236829280853 -0.03864799067378044 0.988425076007843
3.8763346136363634 0.03803304210305214 -0.02149588242173195 0.023371497169137 -0.014632425270974636 -0.14292043447494507 -0.04063531756401062 0.9887914061546326
3.926352613636363 0.042882319539785385 -0.025003185495734215 0.0241965614259243 -0.009700347669422626 -0.13788802921772003 -0.04186951741576195 0.989514946937561
3.976369613636363 0.047939375042915344 -0.029363704845309258 0.02578013390302658 -0.007378748618066311 -0.13252785801887512 -0.043415267020463943 0.9902005195617676
4.0263866136363635 0.05285128951072693 -0.029752271249890327 0.027006804943084717 -0.003457415383309126 -0.12506403028964996 -0.0442097932100296 0.9911571741104126
4.076403613636363 0.059152308851480484 -0.030709853395819664 0.028401970863342285 -0.0015586231602355838 -0.11944907158613205 -0.045107778161764145 0.9918138980865479
4.126421613636364 0.06411319971084595 -0.031199710443615913 0.031009361147880554 -0.002017936436459422 -0.11351394653320312 -0.04548401013016701 0.9924927353858948
4.176438613636364 0.06864850223064423 -0.02824435383081436 0.03235746920108795 -0.0011076820082962513 -0.10678468644618988 -0.04453187435865402 0.9932838678359985
4.226455613636364 0.07286669313907623 -0.02669968456029892 0.033476173877716064 -0.002452471759170294 -0.10168758779764175 -0.043322790414094925 0.9938696026802063
4.276472613636363 0.07522300630807877 -0.02277778834104538 0.03388214856386185 -0.0040943860076367855 -0.09760846197605133 -0.041290219873189926 0.9943596124649048
4.326490613636364 0.07791562378406525 -0.018559487536549568 0.035456009209156036 -0.0068963016383349895 -0.09601222723722458 -0.03993070498108864 0.9945550560951233
4.376507613636363 0.07898303121328354 -0.013607601635158062 0.03700624406337738 -0.009276424534618855 -0.09388239681720734 -0.03794380649924278 0.994816780090332
4.426524613636364 0.0803225040435791 -0.010634380392730236 0.03725239634513855 -0.013919682241976261 -0.09109099209308624 -0.03554847463965416 0.9951105713844299
4.476541613636363 0.08095544576644897 -0.004507099743932486 0.039400871843099594 -0.01700873300433159 -0.0895644798874855 -0.03359181806445122 0.9952690601348877
4.526559613636364 0.07747121155261993 0.0011451994068920612 0.039896782487630844 -0.020858079195022583 -0.08849304914474487 -0.031427107751369476 0.995362401008606
4.576576613636363 0.07631789147853851 0.007423796691000462 0.040226392447948456 -0.023619795218110085 -0.09090293943881989 -0.028437666594982147 0.995173454284668
4.626593613636364 0.07223519682884216 0.010397977195680141 0.03947267308831215 -0.029462303966283798 -0.09218122810125351 -0.02676471881568432 0.9949464201927185
4.676610613636363 0.06810794770717621 0.01378531102091074 0.03782051056623459 -0.03341328725218773 -0.09663744270801544 -0.024332469329237938 0.9944610595703125
4.726627613636364 0.06373871862888336 0.01788777858018875 0.0374583899974823 -0.03538478538393974 -0.10281601548194885 -0.023493634536862373 0.9937931895256042
4.776645613636363 0.05696418881416321 0.01855652593076229 0.03579588234424591 -0.03793653845787048 -0.10795438289642334 -0.023080889135599136 0.9931636452674866
4.826662613636364 0.05094420537352562 0.01745242066681385 0.03384987637400627 -0.04039822518825531 -0.1144263818860054 -0.02269810251891613 0.9923504590988159
4.876679613636363 0.04442985728383064 0.01666308380663395 0.03251246362924576 -0.040659476071596146 -0.1213696226477623 -0.02428918145596981 0.991476833820343
4.926696613636364 0.036485813558101654 0.014011191204190254 0.0314209945499897 -0.041170984506607056 -0.12718802690505981 -0.026056531816720963 0.9906811714172363
4.976714613636363 0.03153860196471214 0.009030811488628387 0.02871932089328766 -0.04085356369614601 -0.13445232808589935 -0.028335360810160637 0.989672064781189
5.026731613636363 0.025628581643104553 0.005095088854432106 0.026547472923994064 -0.038442037999629974 -0.13947108387947083 -0.03191176429390907 0.9889650344848633
5.076748613636363 0.021435176953673363 -0.00038944213883951306 0.02367149293422699 -0.03566315025091171 -0.14389169216156006 -0.03475593030452728 0.9883397221565247
5.126765613636364 0.017934441566467285 -0.006591111421585083 0.019880779087543488 -0.03198155760765076 -0.1465912014245987 -0.03824922442436218 0.9879398941993713
5.176783613636363 0.017286885529756546 -0.01444544829428196 0.016975348815321922 -0.029111916199326515 -0.14819858968257904 -0.03945853188633919 0.987741231918335
5.226800613636363 0.015323569998145103 -0.02223903127014637 0.014958308078348637 -0.02539696916937828 -0.1468421220779419 -0.039951253682374954 0.98802649974823
5.276817613636363 0.01709231734275818 -0.030401596799492836 0.012164748273789883 -0.02125024050474167 -0.14562512934207916 -0.03986122086644173 0.9883080720901489
5.326834613636363 0.02290433831512928 -0.038256458938121796 0.009951204061508179 -0.01630355417728424 -0.14335505664348602 -0.037814103066921234 0.9888142347335815
5.376851613636363 0.02781705930829048 -0.046707190573215485 0.00770776579156518 -0.013041549362242222 -0.13760580122470856 -0.03545288369059563 0.9897664785385132
5.426869613636363 0.03485802188515663 -0.052911095321178436 0.006877103354781866 -0.009010217152535915 -0.13063713908195496 -0.03208553418517113 0.9908699989318848
5.476886613636363 0.04232313483953476 -0.05855025723576546 0.00697881355881691 -0.005833183415234089 -0.12166233360767365 -0.02868163026869297 0.9921399354934692
5.526903613636363 0.049604762345552444 -0.06299301236867905 0.006972949951887131 -0.0030621865298599005 -0.11101901531219482 -0.025276130065321922 0.993492066860199
5.576920613636363 0.05755173787474632 -0.06627873331308365 0.007006440311670303 -0.0009314146009273827 -0.09904039651155472 -0.022116387262940407 0.99483722448349
5.626938613636363 0.06507626920938492 -0.06694447994232178 0.008734310045838356 0.0010260696290060878 -0.08909410238265991 -0.020005332306027412 0.9958218336105347
5.6769556136363635 0.07150082290172577 -0.06792862713336945 0.009651375003159046 0.000718834693543613 -0.07923979312181473 -0.018190458416938782 0.9966893792152405
5.726972613636363 0.07760579138994217 -0.06594064831733704 0.011915705166757107 0.0002578767016530037 -0.07050737738609314 -0.016610734164714813 0.9973729848861694
5.776989613636363 0.08418688923120499 -0.06276514381170273 0.012795984745025635 -0.0009850620990619063 -0.06206584349274635 -0.014543344266712666 0.9979656934738159
5.827007613636363 0.0907280296087265 -0.059269681572914124 0.014450947754085064 -0.0035915798507630825 -0.05507257580757141 -0.012930018827319145 0.9983921647071838
5.8770246136363635 0.09420034289360046 -0.05437837913632393 0.0173387061804533 -0.006605331785976887 -0.047547347843647 -0.011131174862384796 0.998785138130188
5.927041613636363 0.09772939234972 -0.048536136746406555 0.019194452092051506 -0.009880542755126953 -0.04240753501653671 -0.008681309409439564 0.9990138411521912
5.9770586136363635 0.10012486577033997 -0.040275558829307556 0.021569272503256798 -0.011309875175356865 -0.039272524416446686 -0.005270495545119047 0.9991506934165955
6.027076613636363 0.10211595892906189 -0.03366784751415253 0.023016054183244705 -0.01399400644004345 -0.03625010699033737 -0.0026964822318404913 0.9992411732673645
6.077093613636364 0.10362517088651657 -0.025656472891569138 0.02524981088936329 -0.015681607648730278 -0.034601885825395584 -0.00017824910173658282 0.9992781281471252
6.127110613636363 0.1037006750702858 -0.018838711082935333 0.02704489789903164 -0.017589252442121506 -0.03511717543005943 0.0016763380263000727 0.9992270469665527
6.1771276136363635 0.10090751200914383 -0.011871074326336384 0.027674062177538872 -0.018809571862220764 -0.035177722573280334 0.0028486803639680147 0.9992000460624695
6.227144613636363 0.10099975019693375 -0.005993404425680637 0.026293586939573288 -0.019792554900050163 -0.03865711763501167 0.004398033022880554 0.999046802520752
6.277162613636364 0.09635291248559952 0.0010510600404813886 0.02630283497273922 -0.01888027787208557 -0.041052646934986115 0.003790188580751419 0.9989714622497559
6.327179613636363 0.0926089659333229 0.00786126870661974 0.02642347849905491 -0.01705552637577057 -0.04607255756855011 0.0036108188796788454 0.9987859725952148
6.377196613636364 0.08568669110536575 0.012045863084495068 0.02656293846666813 -0.016040069982409477 -0.049917835742235184 0.0016909483820199966 0.9986231327056885
6.427213613636363 0.07864154130220413 0.014501317404210567 0.02642032690346241 -0.015617039985954762 -0.05547376349568367 -0.002202508505433798 0.9983356595039368
6.477231613636364 0.06978607922792435 0.01664540357887745 0.02591448836028576 -0.014425661414861679 -0.06009147688746452 -0.0065727741457521915 0.9980669617652893
6.527248613636363 0.06101449951529503 0.018721142783761024 0.02542526088654995 -0.012805965729057789 -0.0660260021686554 -0.011119951494038105 0.997673749923706
6.577265613636364 0.051212627440690994 0.017508843913674355 0.02414821833372116 -0.013349506072700024 -0.07274000346660614 -0.01681203953921795 0.9971199035644531
