# timestamp[secs] tx ty tz qx qy qz qw
1541976487.281394 -0.0 -0.0 -0.0 -0.0 -0.0 -0.0 1.0
1541976487.319053 -0.006188514642417431 -0.37547171115875244 -0.07571385055780411 -0.011792004108428955 0.004025725647807121 -0.0017026519635692239 0.9999209046363831
1541976487.357078 -0.007778016384691 -0.38686689734458923 -0.06976157426834106 -0.005357743240892887 0.007161601446568966 -0.00035851902794092894 0.9999599456787109
1541976487.395299 -0.010685302317142487 -0.38494163751602173 -0.08348314464092255 -0.0008738202741369605 0.010885707102715969 0.0013369048247113824 0.9999395608901978
1541976487.433468 -0.010685302317142487 -0.38494163751602173 -0.08348314464092255 -0.0008738202741369605 0.010885707102715969 0.0013369048247113824 0.9999395608901978
1541976487.471305 -0.01807972975075245 -0.37298932671546936 -0.12706772983074188 -0.002424817532300949 0.02241891622543335 0.004019289277493954 0.9997376799583435
1541976487.508613 -0.01807972975075245 -0.37298932671546936 -0.12706772983074188 -0.002424817532300949 0.02241891622543335 0.004019289277493954 0.9997376799583435
1541976487.545374 -0.024451199918985367 -0.37437596917152405 -0.13185037672519684 0.0043260399252176285 0.029256971552968025 0.018332457169890404 0.9993944764137268
1541976487.581677 -0.02445182576775551 -0.3816577196121216 -0.11523663997650146 -0.0071855997666716576 0.057137586176395416 -0.0034356091637164354 0.998334527015686
1541976487.617607 -0.02214922569692135 -0.36203697323799133 -0.12888818979263306 -0.00866688136011362 0.061311379075050354 0.01954462006688118 0.9978896975517273
1541976487.653273 -0.06724531948566437 -0.33772867918014526 -0.1559293568134308 0.0029929999727755785 0.06492560356855392 0.04023879021406174 0.9970740079879761
1541976487.688864 -0.052542440593242645 -0.323762446641922 -0.25173962116241455 -0.01807321049273014 0.0758141502737999 0.0362747497856617 0.99629807472229
1541976487.724557 -0.06434005498886108 -0.31217220425605774 -0.27076926827430725 -0.024240532889962196 0.08767013251781464 0.044686246663331985 0.9948515295982361
1541976487.760434 -0.08020184189081192 -0.2966005206108093 -0.2954180836677551 -0.026059500873088837 0.09683217853307724 0.057984769344329834 0.9932684898376465
1541976487.796502 -0.09564746916294098 -0.29210975766181946 -0.3205663859844208 -0.023715201765298843 0.10272139310836792 0.06880650669336319 0.99204421043396
1541976487.832734 -0.10869710147380829 -0.29124170541763306 -0.3355581760406494 -0.021239735186100006 0.10904507339000702 0.07351266592741013 0.9910872578620911
1541976487.869067 -0.13235318660736084 -0.2896064519882202 -0.35738974809646606 -0.016985220834612846 0.11165469884872437 0.08244664967060089 0.9901754260063171
1541976487.905376 -0.148129403591156 -0.306973934173584 -0.35638898611068726 -0.010969936847686768 0.11235535144805908 0.08304936438798904 0.9901306629180908
1541976487.9415 -0.16302891075611115 -0.2988377809524536 -0.3771786689758301 -0.004527200013399124 0.10938671976327896 0.08235583454370499 0.9905713796615601
1541976487.977321 -0.1825297772884369 -0.29928135871887207 -0.4117307960987091 -0.0005766835529357195 0.10402628779411316 0.08786699920892715 0.9906854629516602
1541976488.012768 -0.20988976955413818 -0.2956867218017578 -0.44386419653892517 0.003613764652982354 0.0986422672867775 0.09127510339021683 0.9909216165542603
1541976488.047852 -0.11328880488872528 -0.3199150264263153 -0.32290568947792053 0.005031714215874672 0.09453238546848297 0.09552666544914246 0.9909152388572693
1541976488.082661 -0.13784727454185486 -0.315521776676178 -0.3501133322715759 0.008781670592725277 0.08901269733905792 0.09625321626663208 0.9913299083709717
1541976488.117302 -0.14947085082530975 -0.3082473576068878 -0.3727540373802185 0.009667439386248589 0.08327674865722656 0.09488679468631744 0.9919516444206238
1541976488.151827 -0.15249472856521606 -0.30989915132522583 -0.3686031401157379 0.01060862373560667 0.07870719581842422 0.09933015704154968 0.9918801188468933
1541976488.186252 -0.18350102007389069 -0.29514095187187195 -0.3930097222328186 0.011757893487811089 0.0771259069442749 0.10192912817001343 0.9917277097702026
1541976488.22062 -0.23849618434906006 -0.2809123694896698 -0.42201143503189087 0.013044704683125019 0.07766173034906387 0.10746720433235168 0.9910849332809448
1541976488.255012 -0.31335940957069397 -0.2679864764213562 -0.49148449301719666 0.014201976358890533 0.07761788368225098 0.11586664617061615 0.9901255965232849
1541976488.289561 -0.4400579631328583 -0.2603481709957123 -0.6042838096618652 0.014937356114387512 0.08356661349534988 0.1285233497619629 0.9880664348602295
1541976488.324368 -0.5018041133880615 -0.25444215536117554 -0.6316239237785339 0.015366003848612309 0.0898628979921341 0.1435513198375702 0.9854347109794617
1541976488.359371 -0.5830764174461365 -0.2598104774951935 -0.6714442372322083 0.011170163750648499 0.0993768572807312 0.15300238132476807 0.9831529855728149
1541976488.394403 -0.1998734176158905 -0.3026631474494934 -0.41681259870529175 0.011854114010930061 0.10411597043275833 0.1670214682817459 0.980368971824646
1541976488.42932 -0.22400271892547607 -0.30487164855003357 -0.439849317073822 0.014848838560283184 0.11590980738401413 0.1884739100933075 0.975101113319397
1541976488.464017 -0.23090656101703644 -0.30486002564430237 -0.4484992027282715 0.019510816782712936 0.12488029897212982 0.21172384917736053 0.9691219925880432
1541976488.498392 -0.24517816305160522 -0.3130313456058502 -0.4575235843658447 0.02321241796016693 0.13076144456863403 0.2242959439754486 0.965429425239563
1541976488.53234 -0.23462943732738495 -0.33232632279396057 -0.4753027558326721 0.018918491899967194 0.13383832573890686 0.2318374663591385 0.9633176326751709
1541976488.565806 -0.2492017149925232 -0.33883342146873474 -0.48206645250320435 0.020426306873559952 0.13773202896118164 0.23816527426242828 0.9611920118331909
1541976488.5988 -0.2597465515136719 -0.34924134612083435 -0.4775576591491699 0.02160155586898327 0.13497552275657654 0.24622420966625214 0.9595252871513367
1541976488.631347 -0.2675733268260956 -0.36442333459854126 -0.45834076404571533 0.022707225754857063 0.13073383271694183 0.24880996346473694 0.9594199657440186
1541976488.663508 -0.2614637017250061 -0.375578373670578 -0.43380221724510193 0.02320251800119877 0.1282396912574768 0.24905253946781158 0.9596818089485168
1541976488.695378 -0.2626146674156189 -0.3848481774330139 -0.4232091009616852 0.027269331738352776 0.12674680352210999 0.24725475907325745 0.9602379202842712
1541976488.727067 -0.23800072073936462 -0.3818497657775879 -0.40509337186813354 0.029451478272676468 0.12407287210226059 0.23997993767261505 0.962365984916687
1541976488.758647 -0.21953445672988892 -0.40402236580848694 -0.37022683024406433 0.02727866917848587 0.12455566227436066 0.23097503185272217 0.9645684957504272
1541976488.790108 -0.21628312766551971 -0.48428863286972046 -0.28240570425987244 0.025515984743833542 0.13183657824993134 0.23208311200141907 0.963382363319397
1541976488.821388 -0.20385073125362396 -0.4877568781375885 -0.32508915662765503 0.018548058345913887 0.13394255936145782 0.2309660166501999 0.9635196328163147
1541976488.852453 -0.16089898347854614 -0.4769057035446167 -0.33028116822242737 0.018932733684778214 0.13581828773021698 0.23104074597358704 0.9632316827774048
1541976488.883306 -0.16016283631324768 -0.5056492686271667 -0.3247756361961365 0.01663488708436489 0.14423023164272308 0.2352454662322998 0.9610309600830078
1541976488.913956 -0.13943181931972504 -0.5192540287971497 -0.31116390228271484 0.014104830101132393 0.14882558584213257 0.23275430500507355 0.9609773755073547
1541976488.944391 -0.10405682772397995 -0.535550594329834 -0.28976139426231384 0.010842720046639442 0.15238595008850098 0.23166149854660034 0.960725724697113
1541976488.974585 -0.07486008107662201 -0.5536676645278931 -0.2567186653614044 0.00609159329906106 0.15813393890857697 0.23242662847042084 0.9596533179283142
1541976489.004494 -0.046186648309230804 -0.5571712851524353 -0.23992189764976501 0.0012614214792847633 0.16219927370548248 0.23587416112422943 0.9581509828567505
1541976489.034117 -0.038266371935606 -0.5574811697006226 -0.2288721352815628 -0.006344305817037821 0.16485947370529175 0.2409803867340088 0.9564045071601868
1541976489.063483 -0.019305478781461716 -0.5587453842163086 -0.20869003236293793 -0.016149604693055153 0.16839319467544556 0.2460028976202011 0.9543927311897278
1541976489.09263 -0.007700785994529724 -0.5608623027801514 -0.1976611316204071 -0.022609150037169456 0.1725751757621765 0.2533237934112549 0.9515953660011292
1541976489.121623 0.007890921086072922 -0.5624744296073914 -0.1834559142589569 -0.02602434530854225 0.17624947428703308 0.2607284486293793 0.9488306045532227
1541976489.150557 0.04719454050064087 -0.5654852390289307 -0.14728595316410065 -0.028411006554961205 0.17949259281158447 0.26572662591934204 0.9467654228210449
1541976489.179511 0.0555158406496048 -0.5658196210861206 -0.14069877564907074 -0.03221898525953293 0.1824156790971756 0.26856309175491333 0.9452831745147705
1541976489.208519 0.06911776959896088 -0.5662876963615417 -0.12566301226615906 -0.035935722291469574 0.18284431099891663 0.2718968987464905 0.9441126585006714
1541976489.237567 0.08769281208515167 -0.5668016672134399 -0.10691020637750626 -0.03997952118515968 0.18334445357322693 0.27537938952445984 0.9428429007530212
1541976489.266606 0.10803750157356262 -0.5692995190620422 -0.08249308168888092 -0.043345771729946136 0.1849750429391861 0.27791085839271545 0.941632091999054
1541976489.295598 0.12976157665252686 -0.568712592124939 -0.06204962730407715 -0.04590892046689987 0.1862635463476181 0.27957433462142944 0.9407637715339661
1541976489.324536 0.15024326741695404 -0.5668628215789795 -0.04272366315126419 -0.048522159457206726 0.18690958619117737 0.2810076177120209 0.9400772452354431
1541976489.35342 0.1745149940252304 -0.5634410381317139 -0.021864762529730797 -0.05083388835191727 0.18797321617603302 0.28237611055374146 0.9393326044082642
1541976489.382254 0.19784052670001984 -0.5575335621833801 -0.009792488068342209 -0.050560541450977325 0.18999919295310974 0.2833019196987152 0.938660740852356
1541976489.411041 0.22733381390571594 -0.5554978847503662 0.01512894406914711 -0.051985375583171844 0.1937086433172226 0.2832747995853424 0.9378325939178467
1541976489.439776 0.2514665424823761 -0.5498730540275574 0.03185553476214409 -0.05532652512192726 0.19535788893699646 0.282377690076828 0.937569797039032
1541976489.468451 0.28136539459228516 -0.5423833727836609 0.05130328983068466 -0.05875837430357933 0.1968493014574051 0.2812081575393677 0.9374005794525146
1541976489.497079 0.30854806303977966 -0.5332329273223877 0.0691678375005722 -0.06014390289783478 0.19849427044391632 0.28309258818626404 0.9363981485366821
1541976489.525679 0.3398086726665497 -0.5218864679336548 0.08469271659851074 -0.06137361004948616 0.20000474154949188 0.2850801944732666 0.9353933930397034
1541976489.554256 0.36782220005989075 -0.5118973255157471 0.09782145172357559 -0.0634022131562233 0.20127719640731812 0.287977010011673 0.9340968728065491
1541976489.582802 0.3995549976825714 -0.5013018846511841 0.10950152575969696 -0.06594706326723099 0.20310886204242706 0.2913031578063965 0.9324914216995239
1541976489.611344 0.4311617314815521 -0.4907960295677185 0.12042822688817978 -0.06957412511110306 0.20570841431617737 0.2926853895187378 0.9312243461608887
1541976489.639952 0.4620174765586853 -0.47977346181869507 0.12672686576843262 -0.0709766373038292 0.20751795172691345 0.2935570478439331 0.9304423332214355
1541976489.668701 0.48951250314712524 -0.47083091735839844 0.13184812664985657 -0.07041798532009125 0.20795796811580658 0.29805296659469604 0.9289559721946716
1541976489.697617 0.5185002088546753 -0.46080848574638367 0.1381264626979828 -0.07095835357904434 0.20837004482746124 0.30145469307899475 0.9277240633964539
1541976489.72666 0.5448744297027588 -0.4521152973175049 0.14686796069145203 -0.06887471675872803 0.20784074068069458 0.30389219522476196 0.9272044897079468
1541976489.755778 0.5711872577667236 -0.44756728410720825 0.14947867393493652 -0.06736055761575699 0.20813396573066711 0.3031759262084961 0.927484393119812
1541976489.784952 0.5993045568466187 -0.4460892081260681 0.1591537892818451 -0.0650041475892067 0.2068171501159668 0.3016783893108368 0.9284348487854004
1541976489.814193 0.6214787364006042 -0.4487572908401489 0.16550931334495544 -0.06439916044473648 0.2055431306362152 0.2981184720993042 0.9299087524414062
1541976489.843509 0.6475750803947449 -0.4536511301994324 0.17238585650920868 -0.0640333965420723 0.2039855420589447 0.29224061965942383 0.9321401119232178
1541976489.872892 0.6707417964935303 -0.4604254961013794 0.17376098036766052 -0.06272272020578384 0.20207637548446655 0.2868286371231079 0.9343234896659851
1541976489.902328 0.6944979429244995 -0.4683693051338196 0.18261829018592834 -0.06080004200339317 0.20042313635349274 0.2830827832221985 0.9359477162361145
1541976489.931785 0.7118790745735168 -0.47455132007598877 0.18996694684028625 -0.06123611330986023 0.1998077780008316 0.27884188294410706 0.9373229742050171
1541976489.961235 0.7277756333351135 -0.47380968928337097 0.19012297689914703 -0.06049274280667305 0.19840849936008453 0.2752431035041809 0.9387310743331909
1541976489.990664 0.7436907291412354 -0.47817084193229675 0.19408275187015533 -0.059259068220853806 0.19818077981472015 0.2734798491001129 0.9393729567527771
1541976490.020058 0.7578113675117493 -0.48636460304260254 0.1959538459777832 -0.05895555019378662 0.19778579473495483 0.2720520496368408 0.9398897290229797
1541976490.049421 0.7692944407463074 -0.48807764053344727 0.19829437136650085 -0.05809645354747772 0.19661156833171844 0.2704792320728302 0.9406432509422302
1541976490.078748 0.7775631546974182 -0.4963719844818115 0.2031593918800354 -0.059908799827098846 0.1973337084054947 0.2693793773651123 0.9406939744949341
1541976490.108038 0.7850428223609924 -0.49725478887557983 0.20787525177001953 -0.057963777333498 0.19796231389045715 0.269066721200943 0.9407732486724854
1541976490.137299 0.7912362813949585 -0.5027257204055786 0.20493438839912415 -0.05810181424021721 0.19754162430763245 0.2695149779319763 0.940724790096283
1541976490.166534 0.7942189574241638 -0.5049929618835449 0.19843995571136475 -0.058071646839380264 0.19711606204509735 0.2683908939361572 0.9411372542381287
1541976490.195749 0.794893205165863 -0.5086541771888733 0.19195322692394257 -0.058038655668497086 0.19628074765205383 0.2675413191318512 0.9415556788444519
1541976490.22495 0.7921199798583984 -0.513758659362793 0.18604782223701477 -0.05783379077911377 0.19546833634376526 0.2661719024181366 0.9421252012252808
1541976490.254138 0.7876812219619751 -0.5192538499832153 0.17996282875537872 -0.05753127112984657 0.19436794519424438 0.26503777503967285 0.9426910281181335
1541976490.283317 0.7794879078865051 -0.5252668261528015 0.17657208442687988 -0.05926663056015968 0.19374977052211761 0.2644033133983612 0.9428889155387878
1541976490.312478 0.7690253257751465 -0.5254231095314026 0.16887854039669037 -0.060774486511945724 0.1918184906244278 0.26366230845451355 0.94339519739151
1541976490.341608 0.7552377581596375 -0.5267829895019531 0.159936785697937 -0.06173950061202049 0.18887491524219513 0.26385894417762756 0.9438713192939758
1541976490.370703 0.7381822466850281 -0.5284669399261475 0.1498565375804901 -0.061915718019008636 0.1857033371925354 0.26424527168273926 0.9443808197975159
1541976490.399781 0.7228972315788269 -0.5312057733535767 0.14817282557487488 -0.06403899192810059 0.18536843359470367 0.2635280191898346 0.9445054531097412
1541976490.428859 0.7072527408599854 -0.5345529913902283 0.14700862765312195 -0.06548873335123062 0.18498308956623077 0.2632911503314972 0.944547712802887
1541976490.457952 0.6925854682922363 -0.5399466156959534 0.14525285363197327 -0.06629433482885361 0.18465130031108856 0.26432621479034424 0.9442672729492188
1541976490.487068 0.6792231798171997 -0.5383650064468384 0.13896280527114868 -0.06514547765254974 0.18228252232074738 0.2649022340774536 0.9446460008621216
1541976490.516202 0.6623948216438293 -0.5375248193740845 0.1325492262840271 -0.06595403701066971 0.1811366230249405 0.26365235447883606 0.9451597929000854
1541976490.545352 0.6492838263511658 -0.5400668382644653 0.13152489066123962 -0.06765606254339218 0.18071773648262024 0.26204991340637207 0.9455652236938477
1541976490.574515 0.6343671083450317 -0.5405896902084351 0.127469003200531 -0.06782729923725128 0.1796872764825821 0.26210373640060425 0.945734441280365
1541976490.603686 0.6214067339897156 -0.5399780869483948 0.1258862316608429 -0.06750660389661789 0.17877013981342316 0.26111894845962524 0.9462034702301025
1541976490.63286 0.6123437285423279 -0.5407057404518127 0.12283018231391907 -0.06941945850849152 0.1779073029756546 0.25804248452186584 0.9470713138580322
1541976490.662047 0.5992679595947266 -0.5448652505874634 0.1174062192440033 -0.07256855815649033 0.17792227864265442 0.2564058303833008 0.9472769498825073
1541976490.691263 0.5914778709411621 -0.5448271036148071 0.11721407622098923 -0.07292144000530243 0.17903126776218414 0.2549057602882385 0.9474456906318665
1541976490.720511 0.5832309126853943 -0.5498446226119995 0.1098945289850235 -0.07521431893110275 0.17884518206119537 0.25508710741996765 0.9472528100013733
1541976490.74978 0.5835410356521606 -0.5474544167518616 0.10389687120914459 -0.0749044343829155 0.1776844561100006 0.25291040539741516 0.9480791091918945
1541976490.779062 0.5815855860710144 -0.5527156591415405 0.09713899344205856 -0.07827968895435333 0.1784450113773346 0.24911004304885864 0.9486695528030396
1541976490.808356 0.5780277848243713 -0.5527648329734802 0.09676608443260193 -0.07736153155565262 0.17982684075832367 0.2485867589712143 0.9486212134361267
1541976490.837662 0.5811313986778259 -0.54947429895401 0.0865788534283638 -0.0766545832157135 0.1784202605485916 0.24738089740276337 0.9492592215538025
1541976490.866977 0.5810691118240356 -0.5533105731010437 0.08227438479661942 -0.07793870568275452 0.17878982424736023 0.24679067730903625 0.9492387175559998
1541976490.896295 0.581658124923706 -0.5546170473098755 0.07877625524997711 -0.0769389197230339 0.1793825775384903 0.24605897068977356 0.9493984580039978
1541976490.925614 0.5910189151763916 -0.5555453300476074 0.07472483068704605 -0.07686392962932587 0.1791858971118927 0.24453508853912354 0.9498352408409119
1541976490.954927 0.5928195118904114 -0.5570253133773804 0.06530937552452087 -0.07570794969797134 0.17888890206813812 0.24447375535964966 0.9499998688697815
1541976490.984232 0.602482259273529 -0.5570935606956482 0.05880455672740936 -0.07581547647714615 0.1786002218723297 0.24288518726825714 0.9504529237747192
1541976491.013521 0.609466016292572 -0.5612199902534485 0.05525550991296768 -0.0750550925731659 0.17946462333202362 0.2419210821390152 0.9505963921546936
1541976491.042792 0.6091477274894714 -0.5663606524467468 0.04616013914346695 -0.07537062466144562 0.18192526698112488 0.240751251578331 0.9504005908966064
1541976491.072049 0.617484986782074 -0.5694636106491089 0.0423586368560791 -0.07375878840684891 0.1821659356355667 0.2403414249420166 0.9505847096443176
1541976491.101295 0.621954619884491 -0.5713717341423035 0.039744310081005096 -0.07346846908330917 0.18283742666244507 0.23962324857711792 0.9506595730781555
1541976491.13052 0.627575695514679 -0.5704028606414795 0.03414463996887207 -0.07296138256788254 0.18295681476593018 0.23985038697719574 0.9506183862686157
1541976491.159718 0.6307856440544128 -0.5730383396148682 0.030041217803955078 -0.07254703342914581 0.18337170779705048 0.23967961966991425 0.9506132006645203
1541976491.188884 0.6341812014579773 -0.5754852294921875 0.025586314499378204 -0.07099176198244095 0.18352249264717102 0.2394697666168213 0.9507544040679932
1541976491.218022 0.6373281478881836 -0.5773919224739075 0.021736465394496918 -0.07042673230171204 0.1840832382440567 0.23999466001987457 0.9505556225776672
