# timestamp[secs] tx ty tz qx qy qz qw
0.061403870106761564 -0.0 -0.0 -0.0 -0.0 -0.0 -0.0 1.0
0.09359487010676157 0.012701187282800674 0.022655630484223366 -0.01492301095277071 0.0004931683652102947 -0.0009596454328857362 0.008703479543328285 0.9999616146087646
0.12573987010676158 0.012701187282800674 0.022655630484223366 -0.01492301095277071 0.0004931683652102947 -0.0009596454328857362 0.008703479543328285 0.9999616146087646
0.15784587010676157 0.015173932537436485 0.04897017776966095 -0.033717259764671326 3.7996842365828343e-06 0.0017630459042266011 0.017494166269898415 0.9998454451560974
0.18993487010676158 0.015173932537436485 0.04897017776966095 -0.033717259764671326 3.7996842365828343e-06 0.0017630459042266011 0.017494166269898415 0.9998454451560974
0.22203687010676157 0.015173932537436485 0.04897017776966095 -0.033717259764671326 3.7996842365828343e-06 0.0017630459042266011 0.017494166269898415 0.9998454451560974
0.2541518701067616 0.008372087962925434 0.06053446605801582 -0.05715751275420189 0.0030211869161576033 -0.0015438036061823368 0.039193347096443176 0.999225914478302
0.28627487010676156 0.008372087962925434 0.06053446605801582 -0.05715751275420189 0.0030211869161576033 -0.0015438036061823368 0.039193347096443176 0.999225914478302
0.3183988701067616 -0.020164771005511284 0.08997564762830734 -0.06218605116009712 0.006427933927625418 -0.003647957928478718 0.055283330380916595 0.9984433650970459
0.3505128701067616 -0.020164771005511284 0.08997564762830734 -0.06218605116009712 0.006427933927625418 -0.003647957928478718 0.055283330380916595 0.9984433650970459
0.38258887010676157 -0.06636620312929153 0.0885494202375412 -0.07305125147104263 0.003915987443178892 -0.004521531984210014 0.041153185069561005 0.9991349577903748
0.4146078701067616 -0.06636620312929153 0.0885494202375412 -0.07305125147104263 0.003915987443178892 -0.004521531984210014 0.041153185069561005 0.9991349577903748
0.44659587010676155 -0.06636620312929153 0.0885494202375412 -0.07305125147104263 0.003915987443178892 -0.004521531984210014 0.041153185069561005 0.9991349577903748
0.4785908701067616 -0.019919199869036674 0.019754312932491302 -0.07510757446289062 0.004898697137832642 -0.00489945150911808 0.06005776301026344 0.9981709122657776
0.5106138701067616 -0.01691591553390026 -0.057051029056310654 -0.08399844169616699 0.006192254833877087 -0.007045681122690439 0.08217258751392365 0.9965739846229553
0.5426458701067616 -0.027274178341031075 -0.13761630654335022 -0.0896291434764862 0.00915506947785616 -0.010220416821539402 0.10812819004058838 0.9940422773361206
0.5746298701067616 -0.06060061976313591 -0.2463083565235138 -0.09612979739904404 0.012666875496506691 -0.014009913429617882 0.13013361394405365 0.9913166165351868
0.6065088701067616 -0.08699482679367065 -0.3833196759223938 -0.10083220899105072 0.01869598776102066 -0.017840733751654625 0.1422366499900818 0.9894953370094299
0.6382108701067616 -0.06678405404090881 -0.4817882478237152 -0.10221358388662338 0.024711623787879944 -0.018636684864759445 0.13600042462348938 0.9902252554893494
0.6695868701067615 0.003086506389081478 -0.45940032601356506 -0.08174113929271698 0.02182210423052311 -0.011307191103696823 0.10235440731048584 0.9944443702697754
0.7004178701067616 0.08620496839284897 -0.3755072057247162 -0.06821323186159134 0.017127977684140205 -0.004856564104557037 0.07941724359989166 0.9966825246810913
0.7305238701067616 0.12564872205257416 -0.32557642459869385 -0.06331224739551544 0.015342087484896183 -0.0033271051943302155 0.09907244890928268 0.9949564337730408
0.7599568701067616 0.15333686769008636 -0.2845991253852844 -0.05850082263350487 0.015086726285517216 -0.004301902838051319 0.11949361860752106 0.992711067199707
0.7890488701067616 0.18283319473266602 -0.2519873380661011 -0.05009042099118233 0.014187774620950222 -0.0014889651210978627 0.12307380884885788 0.9922950267791748
0.8181628701067616 0.20200371742248535 -0.21249805390834808 -0.04124685749411583 0.01260832417756319 0.0013785776682198048 0.10921570658683777 0.9939371347427368
0.8475348701067615 0.2001008689403534 -0.16424237191677094 -0.021992787718772888 0.01559385098516941 0.002143298042938113 0.09759046882390976 0.9951021671295166
0.8772718701067616 0.17622147500514984 -0.12157731503248215 -0.0014548288891091943 0.01812727190554142 0.002313923556357622 0.09295573830604553 0.9955025315284729
0.9073848701067616 0.14037463068962097 -0.05445466563105583 0.023490624502301216 0.02032826468348503 0.0025455239228904247 0.08420220017433167 0.9962380528450012
0.9378348701067616 0.11740522086620331 0.01915859989821911 0.04894411191344261 0.02264561876654625 0.0043711308389902115 0.07265735417604446 0.9970902800559998
0.9685398701067616 0.10100486129522324 0.0661555677652359 0.07721288502216339 0.027486450970172882 0.004930115770548582 0.06823676824569702 0.9972782731056213
0.9994288701067616 0.07390616089105606 0.096615269780159 0.11119470000267029 0.03257722780108452 0.0064926459454 0.06775957345962524 0.9971485733985901
1.0304718701067617 0.053314268589019775 0.13758324086666107 0.14602822065353394 0.03768034279346466 0.008314134553074837 0.0602661557495594 0.9974362850189209
1.0616488701067617 0.032351959496736526 0.15961740911006927 0.17838571965694427 0.04085514321923256 0.01001418475061655 0.054953545331954956 0.9976025223731995
1.0929288701067617 -7.000507321208715e-05 0.17678417265415192 0.2194368988275528 0.047698888927698135 0.011963430792093277 0.05254552140831947 0.9974070191383362
1.1242868701067616 -0.01916707679629326 0.18768943846225739 0.2504311800003052 0.05077364295721054 0.01329869870096445 0.04155157133936882 0.997756838798523
1.1557088701067615 -0.04547775164246559 0.1783914715051651 0.27682971954345703 0.05145427584648132 0.017468377947807312 0.029572920873761177 0.9980846047401428
1.1871838701067616 -0.07457799464464188 0.15963439643383026 0.30757370591163635 0.05322246626019478 0.023261742666363716 0.01980152167379856 0.9981153607368469
1.2187138701067617 -0.07947106659412384 0.14981664717197418 0.31914961338043213 0.05135442316532135 0.020014960318803787 0.004841122310608625 0.9984682202339172
1.2503108701067616 -0.10238959640264511 0.14097629487514496 0.34065553545951843 0.0521402433514595 0.02277904748916626 0.0009011556976474822 0.9983795285224915
1.2819778701067617 -0.11968128383159637 0.12379863858222961 0.3616621792316437 0.05249413475394249 0.026146475225687027 -0.0030128750950098038 0.9982743859291077
1.3137298701067617 -0.1275138109922409 0.11472408473491669 0.3779153525829315 0.05443109571933746 0.027269750833511353 -0.010511497966945171 0.9980897903442383
1.3455848701067616 -0.13246768712997437 0.1099666878581047 0.3906349241733551 0.05371280014514923 0.028994841501116753 -0.018870746716856956 0.9979569911956787
1.3775498701067617 -0.13446713984012604 0.1095111072063446 0.40735843777656555 0.05564163997769356 0.029992839321494102 -0.022039176896214485 0.9977568984031677
1.4096168701067615 -0.12078952044248581 0.10317807644605637 0.42207634449005127 0.055606212466955185 0.029140837490558624 -0.02358458936214447 0.9977487325668335
1.4417818701067615 -0.12056760489940643 0.09681135416030884 0.4253636300563812 0.053699128329753876 0.03201436996459961 -0.021880757063627243 0.9978039860725403
1.4740408701067615 -0.11241354048252106 0.08597200363874435 0.43376243114471436 0.05194051191210747 0.033946238458156586 -0.021368766203522682 0.9978443384170532
1.5063818701067615 -0.104930579662323 0.07833942025899887 0.4362005293369293 0.04716752842068672 0.03477930650115013 -0.02278968133032322 0.9980211853981018
1.5387858701067616 -0.10027965158224106 0.07265659421682358 0.45651012659072876 0.04939026013016701 0.03790424019098282 -0.02194991335272789 0.997818648815155
1.5712298701067615 -0.08592922240495682 0.07025894522666931 0.449700266122818 0.05056852474808693 0.034516699612140656 -0.021181920543313026 0.9978992342948914
1.6036918701067615 -0.0600164532661438 0.0456843301653862 0.42327213287353516 0.03930777683854103 0.024089550599455833 -0.024645105004310608 0.9986327290534973
1.6361608701067616 -0.05476420372724533 0.03821839019656181 0.4273082911968231 0.04102722927927971 0.023591598495841026 -0.024567266926169395 0.9985772967338562
1.6686308701067616 -0.047723934054374695 0.01820610649883747 0.4257824420928955 0.03656724840402603 0.02623973786830902 -0.031602561473846436 0.9984866976737976
1.7010918701067617 -0.04045941308140755 -0.002128130756318569 0.4195168912410736 0.03383340686559677 0.03152325749397278 -0.037308212369680405 0.9982333183288574
1.7335228701067615 -0.02407952956855297 -0.02493591234087944 0.4154152274131775 0.033803828060626984 0.03396432846784592 -0.041008610278367996 0.9980090260505676
1.7658908701067615 -0.004880338907241821 -0.043508149683475494 0.4047216475009918 0.031773462891578674 0.034977130591869354 -0.04253089427947998 0.9979770183563232
1.7981578701067615 0.03443300351500511 -0.042176879942417145 0.39705371856689453 0.03593413904309273 0.03012397326529026 -0.040199652314186096 0.9980908632278442
1.8303168701067616 0.0628156065940857 -0.045287881046533585 0.3829551339149475 0.035677917301654816 0.028478240594267845 -0.0313706211745739 0.998464822769165
1.8624078701067617 0.09198549389839172 -0.04289107769727707 0.3664826452732086 0.03541848435997963 0.026315884664654732 -0.021161938086152077 0.9988019466400146
1.8944658701067616 0.11899427324533463 -0.033660098910331726 0.3627757132053375 0.039014142006635666 0.0236485805362463 -0.01520832534879446 0.9988430738449097
1.9265068701067616 0.14948219060897827 -0.030633745715022087 0.34274086356163025 0.03610115870833397 0.021518658846616745 -0.01779509149491787 0.9989579916000366
1.9585268701067615 0.1939876675605774 -0.01690271869301796 0.33077940344810486 0.0361296571791172 0.019509630277752876 -0.024231931194663048 0.9988628029823303
1.9905128701067616 0.23467932641506195 -0.009440045803785324 0.31060293316841125 0.03371831029653549 0.01849057339131832 -0.02620728313922882 0.9989165663719177
2.0224298701067616 0.28395941853523254 0.004261486232280731 0.2990194261074066 0.03482302278280258 0.016503356397151947 -0.02570878341794014 0.9989264607429504
2.0542348701067614 0.3322192430496216 0.02006356790661812 0.2829938232898712 0.03476564958691597 0.01441340334713459 -0.025544792413711548 0.9989650249481201
2.0858978701067614 0.39165517687797546 0.03737976402044296 0.26240456104278564 0.03311251848936081 0.010331318713724613 -0.03058142028748989 0.9989302754402161
2.1174028701067615 0.4470590054988861 0.050245221704244614 0.24211835861206055 0.03133741021156311 0.009141651913523674 -0.03541397675871849 0.9988394975662231
2.148748870106761 0.5026875138282776 0.06184787303209305 0.2249164879322052 0.030924219638109207 0.007169167976826429 -0.03762119635939598 0.9987877607345581
2.1799328701067613 0.5571772456169128 0.0792236402630806 0.20310427248477936 0.02918701432645321 0.004610246047377586 -0.04034626856446266 0.998748779296875
2.210962870106761 0.6115435361862183 0.09670106321573257 0.1867758184671402 0.02789357490837574 0.001044409116730094 -0.04328683391213417 0.9986727237701416
2.2418638701067612 0.6577547192573547 0.11109151691198349 0.16712510585784912 0.026099542155861855 -0.00062459462787956 -0.045615874230861664 0.9986178874969482
2.272677870106761 0.7034438252449036 0.12465810775756836 0.15236669778823853 0.025360016152262688 -0.0030988960061222315 -0.04940343275666237 0.9984521269798279
2.3034308701067614 0.7424319982528687 0.12993544340133667 0.13453978300094604 0.02266550064086914 -0.004635476041585207 -0.05183243378996849 0.9983878135681152
2.3341538701067615 0.7776467204093933 0.13274051249027252 0.11547340452671051 0.01931045576930046 -0.00560668995603919 -0.054301917552948 0.998322069644928
2.3648628701067613 0.8045332431793213 0.12756381928920746 0.10018383711576462 0.016010470688343048 -0.006889334414154291 -0.05362657457590103 0.9984089732170105
2.395558870106761 0.8195891976356506 0.11928641051054001 0.1051846444606781 0.018223943188786507 -0.007760739419609308 -0.05483194440603256 0.9982991218566895
2.4262438701067612 0.8387385010719299 0.08931487053632736 0.09664078056812286 0.015574760735034943 -0.00920957513153553 -0.06435444205999374 0.9977630376815796
2.4569348701067613 0.8569393157958984 0.03506403788924217 0.09131408482789993 0.012514644302427769 -0.0082009956240654 -0.07676676660776138 0.9969369173049927
2.4876338701067615 0.8684830069541931 -0.03048635832965374 0.08673962950706482 0.009675330482423306 -0.007656741887331009 -0.086351178586483 0.9961883425712585
2.5182848701067613 0.8806277513504028 -0.10134128481149673 0.08061830699443817 0.005360336508601904 -0.008331227116286755 -0.09536898136138916 0.9953927397727966
2.5488378701067615 0.8909627199172974 -0.17265596985816956 0.08147075027227402 0.0016995874466374516 -0.008059751242399216 -0.10394984483718872 0.9945484399795532
2.5792918701067613 0.8901425004005432 -0.24715645611286163 0.08014287799596786 -0.002024966524913907 -0.0078112417832016945 -0.11081774532794952 0.9938080310821533
2.609657870106761 0.8845791816711426 -0.31829947233200073 0.08367811143398285 -0.0044196611270308495 -0.0067918323911726475 -0.11820018291473389 0.992956817150116
2.6399378701067615 0.8818406462669373 -0.374464213848114 0.08239921182394028 -0.007799007464200258 -0.007072929292917252 -0.12793602049350739 0.9917265772819519
2.670114870106761 0.8703774213790894 -0.41575706005096436 0.08734746277332306 -0.00991440936923027 -0.005620219279080629 -0.13651065528392792 0.9905730485916138
2.7001658701067615 0.8547085523605347 -0.4523734748363495 0.09236152470111847 -0.012618150562047958 -0.0043841032311320305 -0.14620362222194672 0.9891643524169922
2.7301038701067615 0.843467652797699 -0.47855108976364136 0.09742166101932526 -0.016897540539503098 -0.0031698504462838173 -0.1621062457561493 0.9866235852241516
2.7599668701067612 0.8429464101791382 -0.48119956254959106 0.0935930535197258 -0.020758599042892456 -0.002994022099301219 -0.1843964010477066 0.9826281666755676
2.789789870106761 0.831802487373352 -0.48441243171691895 0.09285229444503784 -0.0253219585865736 -0.001586875063367188 -0.20433247089385986 0.9785727262496948
2.8196128701067615 0.813342273235321 -0.4666328430175781 0.10006644576787949 -0.02649015374481678 0.0008184941252693534 -0.2208452671766281 0.9749487638473511
2.8494738701067615 0.7978488802909851 -0.4623306691646576 0.09853852540254593 -0.032559625804424286 0.0016826926730573177 -0.23964041471481323 0.9703142046928406
2.8793898701067615 0.7701112627983093 -0.43759047985076904 0.10508423298597336 -0.03297155722975731 0.0033070947974920273 -0.25686749815940857 0.965878427028656
2.9093558701067614 0.734462559223175 -0.41075801849365234 0.11168406903743744 -0.033463604748249054 0.0035642965231090784 -0.2712552547454834 0.9619190096855164
2.9393688701067613 0.6896741390228271 -0.3817368745803833 0.11970297992229462 -0.03335043787956238 0.0023505273275077343 -0.2794261574745178 0.9595849514007568
2.9694378701067614 0.6366699934005737 -0.34993189573287964 0.12766684591770172 -0.03311082348227501 0.002401202917098999 -0.285299152135849 0.957863450050354
2.999567870106761 0.5836349725723267 -0.31748121976852417 0.13271339237689972 -0.03294135630130768 0.002573964651674032 -0.28947675228118896 0.9566145539283752
3.029775870106761 0.5370049476623535 -0.2817966938018799 0.13820920884609222 -0.031574103981256485 0.002381220692768693 -0.29153960943222046 0.9560346007347107
3.0600838701067614 0.48460423946380615 -0.25008705258369446 0.1452048271894455 -0.029422976076602936 0.003139705862849951 -0.2889207899570465 0.956895649433136
3.0905258701067613 0.4279296398162842 -0.2222188264131546 0.14915728569030762 -0.02811327762901783 0.004148362670093775 -0.28410494327545166 0.9583720564842224
3.1211528701067612 0.3848681151866913 -0.19249151647090912 0.14989812672138214 -0.026882443577051163 0.00457992497831583 -0.2822187542915344 0.9589625000953674
3.1519818701067615 0.34282001852989197 -0.16507035493850708 0.1522202491760254 -0.025397194549441338 0.005853614304214716 -0.2777332365512848 0.9603046774864197
3.1830078701067612 0.29725879430770874 -0.13783550262451172 0.1535739302635193 -0.022717958316206932 0.0063552274368703365 -0.26895102858543396 0.9628649353981018
3.2142198701067612 0.2568369209766388 -0.11512068659067154 0.15003570914268494 -0.021958274766802788 0.006667690817266703 -0.2629004418849945 0.9645500779151917
3.2455928701067616 0.2331329882144928 -0.09275008738040924 0.1437169462442398 -0.02128005400300026 0.007157162297517061 -0.2606503367424011 0.9651722311973572
3.2771048701067613 0.22020871937274933 -0.06638588011264801 0.13463254272937775 -0.02043447643518448 0.006802155636250973 -0.25841477513313293 0.965794026851654
3.308769870106761 0.21164095401763916 -0.036067817360162735 0.1274596005678177 -0.019310077652335167 0.007954749278724194 -0.25446465611457825 0.9668565988540649
3.3406038701067615 0.21702685952186584 -0.004408295266330242 0.12053723633289337 -0.01647186279296875 0.006503220181912184 -0.2473081648349762 0.9687750935554504
3.3725898701067614 0.22162210941314697 0.032367609441280365 0.11206772178411484 -0.012714164331555367 0.006068203132599592 -0.23581306636333466 0.9716963171958923
3.4046718701067613 0.23169352114200592 0.07454930245876312 0.10957907140254974 -0.004718047101050615 0.004102841019630432 -0.21886147558689117 0.9757359623908997
3.436787870106761 0.24423590302467346 0.10524334758520126 0.1002521812915802 -0.0008225595229305327 0.0022789868526160717 -0.2027180939912796 0.9792341589927673
3.4688858701067615 0.2607312798500061 0.12795478105545044 0.08857917785644531 0.002093684859573841 -0.0006239539943635464 -0.18745535612106323 0.9822707176208496
3.5009478701067613 0.279447078704834 0.1541638821363449 0.07919377088546753 0.007273587863892317 -0.002755464520305395 -0.17380011081695557 0.9847502708435059
3.5329598701067613 0.3035661578178406 0.1792442351579666 0.07307125627994537 0.011167921125888824 -0.0044862208887934685 -0.16510221362113953 0.9862030148506165
3.564926870106761 0.324968546628952 0.19610373675823212 0.06840071827173233 0.014519274234771729 -0.005943085066974163 -0.1570644974708557 0.9874637722969055
3.5968638701067612 0.34407690167427063 0.20147909224033356 0.06081552803516388 0.01606597565114498 -0.00837667752057314 -0.14725343883037567 0.9889329075813293
3.628770870106761 0.3633469343185425 0.21584120392799377 0.05826009437441826 0.018014347180724144 -0.008397677913308144 -0.14226236939430237 0.9896295070648193
3.6606548701067614 0.39176544547080994 0.23094776272773743 0.05576295033097267 0.020166723057627678 -0.010367408394813538 -0.14163942635059357 0.9896585941314697
3.6925278701067614 0.41042760014533997 0.23884166777133942 0.05592760071158409 0.022646991536021233 -0.011856626719236374 -0.13896244764328003 0.9899677038192749
3.724395870106761 0.4251670837402344 0.2417387217283249 0.052961353212594986 0.025306904688477516 -0.013381867669522762 -0.1365262120962143 0.9902227520942688
3.756264870106761 0.44119805097579956 0.23633785545825958 0.049925751984119415 0.02603803388774395 -0.014469822868704796 -0.136628657579422 0.9901743531227112
3.7881428701067614 0.46150293946266174 0.22953760623931885 0.042874276638031006 0.026494059711694717 -0.017307421192526817 -0.13778020441532135 0.9899571537971497
3.8200278701067614 0.4888875186443329 0.2309122383594513 0.04781055077910423 0.030418220907449722 -0.02098815329372883 -0.14081330597400665 0.9893462657928467
3.851908870106761 0.5019047260284424 0.23023386299610138 0.044890277087688446 0.032379936426877975 -0.022150233387947083 -0.14454592764377594 0.9887201189994812
3.8837868701067615 0.5137174725532532 0.2129269242286682 0.03316399082541466 0.02980494126677513 -0.02420719526708126 -0.1492500752210617 0.9880537390708923
3.9156738701067613 0.5206047892570496 0.2050541192293167 0.03215181455016136 0.03189260512590408 -0.02598430961370468 -0.15593712031841278 0.9869099855422974
3.9475598701067613 0.5270189046859741 0.20017339289188385 0.03584859520196915 0.03407047316431999 -0.02665560320019722 -0.16455334424972534 0.9854192137718201
3.9794238701067615 0.5319939255714417 0.19610753655433655 0.040560320019721985 0.03477269038558006 -0.02627311833202839 -0.17312099039554596 0.9839358329772949
4.011255870106761 0.5493679046630859 0.19474849104881287 0.04076967015862465 0.035727497190237045 -0.029594479128718376 -0.1815517544746399 0.9822865128517151
4.0430548701067615 0.5688942670822144 0.20516780018806458 0.052411600947380066 0.04045715555548668 -0.03194402903318405 -0.18886446952819824 0.9806493520736694
4.074827870106762 0.5700071454048157 0.20814970135688782 0.054179731756448746 0.04098166897892952 -0.03135135397315025 -0.19505800306797028 0.979433536529541
4.106593870106761 0.5797545313835144 0.21528218686580658 0.05864502862095833 0.04338578134775162 -0.03480278328061104 -0.2009231150150299 0.978026807308197
4.138373870106761 0.5619864463806152 0.22315613925457 0.05894303694367409 0.04333730414509773 -0.03169265761971474 -0.2052437663078308 0.9772372245788574
4.170165870106762 0.5608291029930115 0.23639583587646484 0.060861315578222275 0.045689452439546585 -0.035071808844804764 -0.2077374905347824 0.976487398147583
4.201979870106761 0.5462421774864197 0.24011868238449097 0.06327337771654129 0.04510488733649254 -0.03552998974919319 -0.20770956575870514 0.9765039086341858
4.233819870106761 0.5344172716140747 0.25582894682884216 0.06265463680028915 0.046287186443805695 -0.03543092682957649 -0.20953921973705292 0.976061224937439
4.265673870106761 0.5116599798202515 0.2701552212238312 0.05845598876476288 0.046379685401916504 -0.033421363681554794 -0.2062988430261612 0.9768176674842834
4.297537870106761 0.4987846612930298 0.28852376341819763 0.05757227912545204 0.04755746200680733 -0.03459394350647926 -0.20139607787132263 0.9777429103851318
4.329421870106762 0.4702896773815155 0.3069329857826233 0.06880537420511246 0.05232482776045799 -0.03258635103702545 -0.1907874345779419 0.9796940684318542
4.361323870106761 0.4354722499847412 0.31505951285362244 0.057924721390008926 0.049285195767879486 -0.030050601810216904 -0.18297486007213593 0.9814215302467346
4.393242870106762 0.4018167555332184 0.32696008682250977 0.04941825196146965 0.04764791205525398 -0.028272036463022232 -0.17793674767017365 0.9824810028076172
4.4251848701067615 0.36944249272346497 0.3313441276550293 0.03874260187149048 0.04713188856840134 -0.029116619378328323 -0.17185409367084503 0.9835634231567383
4.457153870106762 0.33361271023750305 0.3229025900363922 0.025562874972820282 0.04395188391208649 -0.027611499652266502 -0.1653674691915512 0.9848651885986328
4.489153870106762 0.30032646656036377 0.3217353820800781 0.013528385199606419 0.042296309024095535 -0.02518937923014164 -0.15885105729103088 0.9860745072364807
4.521193870106761 0.2736660838127136 0.32201290130615234 0.000221538997720927 0.03904543071985245 -0.022432450205087662 -0.1523597091436386 0.9872987270355225
4.553313870106761 0.2798364758491516 0.3237764239311218 -0.008804773911833763 0.038502030074596405 -0.023762771859765053 -0.1455623060464859 0.9883140325546265
4.585536870106761 0.27027779817581177 0.32480388879776 -0.00818889681249857 0.039112068712711334 -0.02056906372308731 -0.1329013854265213 0.9901436567306519
4.617860870106761 0.27006083726882935 0.3291708528995514 -0.006589490920305252 0.040142722427845 -0.017756955698132515 -0.11958865821361542 0.9918527603149414
4.650276870106762 0.2750388979911804 0.33918532729148865 -0.0037323266733437777 0.04064716026186943 -0.014596296474337578 -0.10891374945640564 0.9931126236915588
4.682757870106761 0.27719172835350037 0.34866154193878174 -0.006304283160716295 0.039696745574474335 -0.01438001450151205 -0.09958835691213608 0.9941325783729553
4.715268870106762 0.27410998940467834 0.35020801424980164 -0.005848792847245932 0.037918511778116226 -0.012651056982576847 -0.09064164757728577 0.9950810670852661
4.747791870106761 0.2932822108268738 0.33517274260520935 -0.010699717327952385 0.035035815089941025 -0.013115723617374897 -0.08440662920475006 0.9957289099693298
4.780324870106761 0.28873077034950256 0.3182811439037323 9.101827163249254e-05 0.03518366813659668 -0.007594599854201078 -0.07651033997535706 0.9964189529418945
4.812871870106761 0.2891153395175934 0.31349074840545654 -0.0010993184987455606 0.03571617230772972 -0.005904551595449448 -0.07389851659536362 0.9966084957122803
4.845428870106761 0.31015512347221375 0.3194889426231384 0.01364944875240326 0.03820144385099411 -0.007095017936080694 -0.07746748626232147 0.9962375164031982
4.877987870106761 0.3100578784942627 0.31792932748794556 0.01781032234430313 0.03887796401977539 -0.005573856644332409 -0.07746943831443787 0.9962208867073059
4.910543870106761 0.3269614279270172 0.31657344102859497 0.020681805908679962 0.03871048241853714 -0.007037806790322065 -0.07770916074514389 0.9961994886398315
4.943094870106761 0.35979312658309937 0.3231200575828552 0.028604233637452126 0.04147818312048912 -0.00920049473643303 -0.08108387887477875 0.9958013892173767
4.975638870106762 0.38425490260124207 0.3259252905845642 0.03691527992486954 0.041809678077697754 -0.007822851650416851 -0.08196283876895905 0.9957273006439209
5.008172870106761 0.4012323021888733 0.3122071623802185 0.04743918776512146 0.03990204259753227 -0.0021297007333487272 -0.07802404463291168 0.9961503744125366
5.040670870106761 0.44635581970214844 0.3081100881099701 0.0597614049911499 0.04202873632311821 -0.0008716611773706973 -0.0793016254901886 0.9959639310836792
5.073099870106762 0.4877230226993561 0.3062136173248291 0.06254876405000687 0.04164382070302963 0.00026763995992951095 -0.08149184286594391 0.9958036541938782
5.105417870106761 0.5282052159309387 0.2992122769355774 0.06894551217556 0.04225150868296623 7.541378727182746e-05 -0.07995320856571198 0.9959027171134949
5.137601870106761 0.5737561583518982 0.2901672124862671 0.07430410385131836 0.04371793195605278 -0.00015463650925084949 -0.07860742509365082 0.9959465861320496
5.169665870106761 0.6160489320755005 0.28335127234458923 0.07925080507993698 0.043709106743335724 0.00013161110109649599 -0.08188518136739731 0.9956828951835632
5.2016178701067615 0.6450446844100952 0.2780736982822418 0.0828910768032074 0.04318956285715103 0.00019877715385518968 -0.08272649347782135 0.995635986328125
5.233456870106761 0.6672818064689636 0.26772698760032654 0.08568697422742844 0.043283313512802124 -0.0016475417651236057 -0.07802093029022217 0.9960103631019592
5.265188870106761 0.6900907754898071 0.2639193832874298 0.09785094857215881 0.04582100734114647 -0.0025727623142302036 -0.07900121808052063 0.9958176016807556
5.296826870106761 0.7037296891212463 0.24591238796710968 0.10347301512956619 0.04547137767076492 -0.001993774203583598 -0.08421018719673157 0.9954079985618591
5.3283848701067615 0.717154860496521 0.22800777852535248 0.10375065356492996 0.045896194875240326 -0.0038860607892274857 -0.09071578085422516 0.9948110580444336
5.359871870106761 0.7173110842704773 0.20934085547924042 0.10967551916837692 0.045780252665281296 -0.005069106351584196 -0.09463037550449371 0.9944463968276978
5.391272870106762 0.7214640974998474 0.18914258480072021 0.11411281675100327 0.04704941436648369 -0.006251532584428787 -0.09985718876123428 0.9938691258430481
5.422600870106761 0.7141762971878052 0.15619777143001556 0.11782778799533844 0.046653930097818375 -0.0057693542912602425 -0.10889557003974915 0.9929410219192505
5.4538798701067615 0.7061325311660767 0.12129741907119751 0.12209765613079071 0.04670001193881035 -0.005225023254752159 -0.1205371841788292 0.991595983505249
5.485100870106761 0.6991999745368958 0.07697675377130508 0.12636856734752655 0.04710612818598747 -0.004593370947986841 -0.13359808921813965 0.9899048209190369
5.5162468701067615 0.6826415061950684 0.03374920412898064 0.1295713484287262 0.04700182378292084 -0.003834929084405303 -0.1477573812007904 0.9878987669944763
5.547294870106762 0.663459062576294 -0.007000578101724386 0.13365590572357178 0.04691649600863457 -0.0030928938649594784 -0.16079482436180115 0.9858673214912415
5.578196870106761 0.6423715949058533 -0.0419364757835865 0.1367878019809723 0.04718223586678505 -0.0032868811395019293 -0.17106841504573822 0.9841233491897583
5.608940870106761 0.6182292699813843 -0.07832366228103638 0.13939321041107178 0.0463370718061924 -0.0034503492061048746 -0.17961755394935608 0.9826385974884033
5.639554870106761 0.5935982465744019 -0.10348561406135559 0.14208024740219116 0.04607315734028816 -0.004965641535818577 -0.18732354044914246 0.9812046885490417
5.670080870106761 0.5649774670600891 -0.12494881451129913 0.14601226150989532 0.04586999490857124 -0.006076155696064234 -0.19416919350624084 0.9798762798309326
5.700559870106761 0.5322527885437012 -0.15036845207214355 0.14901915192604065 0.04499810189008713 -0.006047387141734362 -0.19970810413360596 0.9788029789924622
5.7310378701067615 0.505156397819519 -0.17054018378257751 0.14746981859207153 0.044104259461164474 -0.007551251444965601 -0.2050613909959793 0.9777257442474365
5.761560870106761 0.4690323770046234 -0.1840425282716751 0.14847470819950104 0.043141141533851624 -0.00802451092749834 -0.2093145251274109 0.9768633246421814
5.792149870106761 0.43735837936401367 -0.19750700891017914 0.15232865512371063 0.04212363809347153 -0.008952312171459198 -0.21375298500061035 0.975938081741333
5.822819870106762 0.4082150161266327 -0.20920191705226898 0.1504720002412796 0.0411263182759285 -0.009821144863963127 -0.21597687900066376 0.9754825830459595
5.853584870106761 0.37666529417037964 -0.22133992612361908 0.14984068274497986 0.04084616154432297 -0.010711915791034698 -0.21650998294353485 0.9753667712211609
5.884454870106762 0.34316927194595337 -0.22985893487930298 0.15179605782032013 0.040909294039011 -0.011190900579094887 -0.21717841923236847 0.9752101302146912
5.915427870106761 0.31051692366600037 -0.24094334244728088 0.14728698134422302 0.03988344967365265 -0.011923937126994133 -0.21714302897453308 0.9752517938613892
5.946484870106762 0.27686718106269836 -0.24777854979038239 0.14215832948684692 0.0393780916929245 -0.012663601897656918 -0.2163591980934143 0.9754372239112854
5.977596870106761 0.24358703196048737 -0.2495255321264267 0.14400476217269897 0.039619408547878265 -0.012946189381182194 -0.21650877594947815 0.9753905534744263
6.008744870106761 0.20864325761795044 -0.24953515827655792 0.13795843720436096 0.03848192095756531 -0.013885502703487873 -0.21622417867183685 0.9754862785339355
6.039929870106762 0.17371022701263428 -0.2485428750514984 0.12999245524406433 0.036286186426877975 -0.014056993648409843 -0.2157791554927826 0.9756665229797363
6.071144870106761 0.14631250500679016 -0.24140432476997375 0.1307573914527893 0.036718279123306274 -0.014164965599775314 -0.2169204205274582 0.9753956198692322
6.102393870106761 0.11520881205797195 -0.23745059967041016 0.12407638132572174 0.03512527421116829 -0.014248513616621494 -0.2159125953912735 0.9756766557693481
6.133705870106762 0.08525654673576355 -0.23327228426933289 0.11651568859815598 0.03343891724944115 -0.01411487627774477 -0.21400552988052368 0.9761579036712646
6.165102870106761 0.06471068412065506 -0.22676226496696472 0.11432281881570816 0.033371277153491974 -0.013811451382935047 -0.21225987374782562 0.9765456914901733
6.196603870106761 0.04990067705512047 -0.22811394929885864 0.10416308790445328 0.031348347663879395 -0.014364697970449924 -0.2090858370065689 0.9772891402244568
6.2282228701067615 0.03740980476140976 -0.22174932062625885 0.10456888377666473 0.032416511327028275 -0.013567263260483742 -0.20514272153377533 0.9781010150909424
6.259980870106761 0.026812639087438583 -0.21748502552509308 0.09998258948326111 0.0323578305542469 -0.013807876966893673 -0.19899402558803558 0.979369044303894
6.291890870106761 0.02466358244419098 -0.21031944453716278 0.0930069237947464 0.03224252909421921 -0.01452719233930111 -0.1947544813156128 0.9802142977714539
6.323934870106761 0.027205880731344223 -0.20405343174934387 0.08883680403232574 0.032209739089012146 -0.015194875188171864 -0.19147829711437225 0.9808505177497864
6.356091870106761 0.02970631793141365 -0.19592754542827606 0.08900463581085205 0.03291285037994385 -0.014463100582361221 -0.18548068404197693 0.9819900989532471
6.388352870106761 0.02509807050228119 -0.18461604416370392 0.08303457498550415 0.03337101638317108 -0.014458858408033848 -0.1773330420255661 0.9834787249565125
6.420707870106761 0.01749768666923046 -0.18289297819137573 0.07085438817739487 0.031221050769090652 -0.01538913045078516 -0.16996213793754578 0.984835684299469
6.4531428701067615 0.00031000119633972645 -0.1824202835559845 0.05360507592558861 0.02835015207529068 -0.01547469012439251 -0.16498996317386627 0.9857663512229919
6.485653870106761 -0.015217059291899204 -0.17207171022891998 0.042446721345186234 0.02686532959342003 -0.01510911900550127 -0.1627284437417984 0.9861894249916077
6.518255870106762 -0.04401778057217598 -0.1549636274576187 0.03002339042723179 0.024842608720064163 -0.013990607112646103 -0.16073696315288544 0.9865854382514954
6.550955870106761 -0.05885172635316849 -0.12364867329597473 0.02950119599699974 0.026723941788077354 -0.01328369416296482 -0.1618739664554596 0.9863601326942444
6.5837478701067615 -0.09270206838846207 -0.10278267413377762 0.016837280243635178 0.024015143513679504 -0.011981652118265629 -0.1636049598455429 0.9861608147621155
6.616627870106761 -0.1305120438337326 -0.07933413237333298 0.003353697247803211 0.02101333625614643 -0.010827148333191872 -0.16726374626159668 0.9856288433074951
6.649617870106761 -0.15375329554080963 -0.04360537603497505 0.0077395373955369 0.023775452747941017 -0.009946418926119804 -0.17288273572921753 0.9846052527427673
6.682757870106761 -0.19282135367393494 -0.01613171212375164 0.0016404343768954277 0.023314975202083588 -0.007602850440889597 -0.1761273741722107 0.9840618968009949
6.716077870106761 -0.22405306994915009 0.008819854818284512 -0.006514407694339752 0.022076744586229324 -0.006928236223757267 -0.1789707988500595 0.9835823178291321
6.749599870106762 -0.2359623908996582 0.029419798403978348 -0.011797068640589714 0.021057242527604103 -0.007148091681301594 -0.18299372494220734 0.9828625917434692
6.783297870106761 -0.25502490997314453 0.050425563007593155 -0.01956254057586193 0.01856778748333454 -0.004643415566533804 -0.18476831912994385 0.9825957417488098
6.817141870106761 -0.2725265920162201 0.08269883692264557 -0.02127607725560665 0.018816836178302765 -0.0014898069202899933 -0.18504273891448975 0.9825491905212402
6.851095870106762 -0.2700219750404358 0.10611671954393387 -0.027587896212935448 0.016630399972200394 -0.0007098953356035054 -0.1845228224992752 0.9826872944831848
6.8851088701067615 -0.24568629264831543 0.13853584229946136 -0.02730526030063629 0.01613178290426731 1.9977736883447506e-05 -0.1857149749994278 0.9824712872505188
6.919129870106762 -0.19476066529750824 0.17969021201133728 -0.009164964780211449 0.02032003365457058 -0.0007651373744010925 -0.18820665776729584 0.9819189310073853
6.953127870106761 -0.1665634959936142 0.21455585956573486 -0.005773079115897417 0.021270867437124252 -0.0009736819192767143 -0.18322308361530304 0.9828407764434814
7.020969870106762 -0.10508409142494202 0.29747849702835083 0.007258131634443998 0.02425558678805828 0.00032315513817593455 -0.1723078042268753 0.9847444295883179
7.054774870106761 -0.07962057739496231 0.32907289266586304 0.009291984140872955 0.024552708491683006 0.0003404858289286494 -0.1681610643863678 0.985453724861145
7.088472870106761 -0.05473697930574417 0.3455483317375183 0.013433917425572872 0.024642596021294594 0.0010661911219358444 -0.16440211236476898 0.9860849976539612
7.122051870106762 -0.017567995935678482 0.35794246196746826 0.01953194849193096 0.026741404086351395 0.00016440017498098314 -0.16317600011825562 0.9862344861030579
7.155546870106761 0.009513329714536667 0.36644864082336426 0.019553838297724724 0.027118561789393425 0.0007537117344327271 -0.16072411835193634 0.9866265058517456
7.189012870106762 0.048469286412000656 0.36644160747528076 0.018009232357144356 0.02692468650639057 -0.0004250426427461207 -0.15914584696292877 0.9868878126144409
7.222484870106761 0.09381339699029922 0.36562153697013855 0.023961523547768593 0.028653467074036598 -0.0008655540877953172 -0.15698601305484772 0.9871847629547119
7.2559528701067615 0.1324061155319214 0.36500775814056396 0.023385636508464813 0.028738411143422127 -0.0008319560438394547 -0.15408289432525635 0.9876395463943481
7.289380870106761 0.17358700931072235 0.36626142263412476 0.02484062872827053 0.02993169240653515 -0.0021233982406556606 -0.15045130252838135 0.9881619811058044
7.322726870106761 0.22088217735290527 0.3667604327201843 0.032844189554452896 0.03199860453605652 -0.0025755339302122593 -0.1490766704082489 0.9883044958114624
7.355960870106761 0.2660640776157379 0.3629031777381897 0.026942715048789978 0.031603436917066574 -0.00366380182094872 -0.14473000168800354 0.988959550857544
7.389070870106761 0.30469566583633423 0.3614136874675751 0.023960435763001442 0.03215309977531433 -0.004975601099431515 -0.13749054074287415 0.9899685978889465
7.422043870106761 0.3409387171268463 0.36578622460365295 0.030742734670639038 0.033964261412620544 -0.005332632921636105 -0.13115188479423523 0.9907659292221069
7.454861870106761 0.37391602993011475 0.3670274615287781 0.02250114642083645 0.03283252194523811 -0.006626762915402651 -0.12617512047290802 0.9914423823356628
7.487527870106761 0.3937312662601471 0.37140023708343506 0.01977762021124363 0.033905286341905594 -0.007601156365126371 -0.11944287270307541 0.9922329187393188
7.520058870106761 0.4083869159221649 0.38721007108688354 0.021738238632678986 0.03485724329948425 -0.006926549132913351 -0.11453881859779358 0.9927828907966614
7.552472870106762 0.4245832562446594 0.4060521125793457 0.024721959605813026 0.0349937304854393 -0.007149972952902317 -0.10897115617990494 0.9934030771255493
7.584792870106761 0.4487822949886322 0.4179179072380066 0.039183199405670166 0.03854399174451828 -0.010503294877707958 -0.10496687144041061 0.9936729669570923
7.617026870106761 0.4602789878845215 0.4168836772441864 0.03982925787568092 0.037983816117048264 -0.011502097360789776 -0.10126513242721558 0.9940676093101501
7.649169870106761 0.47754526138305664 0.41245022416114807 0.04742083325982094 0.03842771053314209 -0.011982790194451809 -0.10123045742511749 0.9940483570098877
7.681236870106761 0.5010148286819458 0.40820804238319397 0.048033833503723145 0.03818435221910477 -0.012797736562788486 -0.10263292491436005 0.9939037561416626
7.713261870106761 0.5260686874389648 0.40233105421066284 0.053573254495859146 0.03948276862502098 -0.01409984938800335 -0.0986994057893753 0.9942337870597839
7.745257870106761 0.5511694550514221 0.40048307180404663 0.060386963188648224 0.04075786843895912 -0.015346747823059559 -0.0927751287817955 0.9947342276573181
7.777217870106761 0.5779085159301758 0.393804132938385 0.07011643797159195 0.041676901280879974 -0.017097489908337593 -0.09059172868728638 0.9948687553405762
7.8091248701067615 0.5995289087295532 0.3799055516719818 0.07526715099811554 0.04101863130927086 -0.01749943569302559 -0.09260635077953339 0.9947036504745483
7.840974870106761 0.62505704164505 0.37012284994125366 0.08176428079605103 0.04138050600886345 -0.0192642193287611 -0.0967678502202034 0.9942598342895508
7.872759870106761 0.6405969262123108 0.35290807485580444 0.08881596475839615 0.043062757700681686 -0.019698485732078552 -0.10065526515245438 0.993793785572052
7.904476870106762 0.6596687436103821 0.3310389816761017 0.10356735438108444 0.04440627619624138 -0.02006598748266697 -0.10599502921104431 0.9931719899177551
7.936135870106761 0.6789156198501587 0.3085431158542633 0.11003268510103226 0.04384559765458107 -0.019849903881549835 -0.11317750811576843 0.9924083948135376
7.967735870106761 0.7025718688964844 0.28295809030532837 0.11339901387691498 0.04371222108602524 -0.021685753017663956 -0.1212117075920105 0.9914265871047974
7.999286870106761 0.723662793636322 0.25931400060653687 0.12252112478017807 0.043570954352617264 -0.02272030897438526 -0.12823809683322906 0.9905253648757935
8.030797870106761 0.7463579177856445 0.23406292498111725 0.1259249597787857 0.04241391643881798 -0.024226820096373558 -0.13458360731601715 0.9896976351737976
8.06227187010676 0.7562586069107056 0.20376577973365784 0.1291755884885788 0.041156917810440063 -0.024406572803854942 -0.1398298144340515 0.9890187382698059
8.093727870106761 0.7693086862564087 0.1733565479516983 0.13264761865139008 0.041308481246232986 -0.02517356164753437 -0.14577123522758484 0.9881349802017212
8.125172870106761 0.7861922383308411 0.132896289229393 0.13165433704853058 0.03834337368607521 -0.02853568270802498 -0.15092408657073975 0.9873892068862915
8.156599870106762 0.7888297438621521 0.09587210416793823 0.13363496959209442 0.03827323764562607 -0.02841312810778618 -0.15853922069072723 0.9862014055252075
8.187986870106762 0.7899608016014099 0.05998331308364868 0.13618630170822144 0.03816571831703186 -0.028506068512797356 -0.16624628007411957 0.9849330186843872
8.21932187010676 0.7952895760536194 0.029046721756458282 0.14018552005290985 0.037227120250463486 -0.028886009007692337 -0.17371892929077148 0.9836673736572266
8.250588870106762 0.8071162104606628 -0.0037376731634140015 0.1376335620880127 0.033439382910728455 -0.033709920942783356 -0.17535416781902313 0.9833597540855408
8.281798870106762 0.807788610458374 -0.026712577790021896 0.14305569231510162 0.03252875804901123 -0.033425647765398026 -0.1789923906326294 0.9827443361282349
8.312971870106761 0.8094674944877625 -0.04108930379152298 0.1498100310564041 0.03334468603134155 -0.03250521793961525 -0.18419499695301056 0.9817860722541809
8.34412987010676 0.8126916885375977 -0.05538872256875038 0.15606078505516052 0.03261291980743408 -0.032186318188905716 -0.18946948647499084 0.9808169007301331
8.375295870106761 0.8185281157493591 -0.0693550780415535 0.15555457770824432 0.02808787114918232 -0.033506128937006 -0.1949223130941391 0.9798437356948853
8.40647187010676 0.8278025388717651 -0.06864671409130096 0.16219958662986755 0.028824541717767715 -0.033653825521469116 -0.19731023907661438 0.9793391823768616
8.43766987010676 0.8404477834701538 -0.07418342679738998 0.1667446792125702 0.028435397893190384 -0.03406248614192009 -0.19893066585063934 0.9790086150169373
8.46891487010676 0.8566598296165466 -0.08111006021499634 0.16569983959197998 0.026350196450948715 -0.03416378051042557 -0.20000125467777252 0.9788452982902527
8.50020887010676 0.877776563167572 -0.06759698688983917 0.17289985716342926 0.02876439318060875 -0.03450942412018776 -0.19969168305397034 0.9788283705711365
8.53153287010676 0.9040148258209229 -0.05938149616122246 0.17911627888679504 0.02868049219250679 -0.0356450192630291 -0.2005239874124527 0.9786199331283569
8.56285987010676 0.948397696018219 -0.0619644895195961 0.18275922536849976 0.02382047474384308 -0.04018682986497879 -0.2011994570493698 0.978435754776001
8.59417487010676 0.9841166734695435 -0.055345624685287476 0.18632273375988007 0.022966792806982994 -0.041893865913152695 -0.2008555382490158 0.9784551858901978
8.62546287010676 1.0207325220108032 -0.04663585126399994 0.1903735101222992 0.021892838180065155 -0.044044751673936844 -0.20063567161560059 0.978430449962616
8.65671487010676 1.0631358623504639 -0.029205380007624626 0.20181956887245178 0.023967357352375984 -0.044452790170907974 -0.20602412521839142 0.9772428274154663
8.687935870106761 1.1065829992294312 -0.022580718621611595 0.20677021145820618 0.023145124316215515 -0.0451907254755497 -0.2108699232339859 0.9761946797370911
8.71913187010676 1.1491942405700684 -0.009965844452381134 0.21430641412734985 0.02469160594046116 -0.047324102371931076 -0.2064770758152008 0.9769943952560425
8.75031187010676 1.193640112876892 0.005184575915336609 0.21718470752239227 0.02435159869492054 -0.05002028867602348 -0.19950994849205017 0.9783152937889099
8.78148387010676 1.2456363439559937 0.025045309215784073 0.22422821819782257 0.025194918736815453 -0.05174743011593819 -0.19744561612606049 0.9786228537559509
8.81265487010676 1.2925180196762085 0.037381794303655624 0.22384648025035858 0.02516697719693184 -0.05383775010704994 -0.19417467713356018 0.9791651368141174
8.843834870106761 1.3273762464523315 0.04673831909894943 0.22572405636310577 0.025516102090477943 -0.05524880811572075 -0.19029270112514496 0.9798394441604614
8.875046870106761 1.3578557968139648 0.0633430927991867 0.23125149309635162 0.02655106969177723 -0.05559531971812248 -0.18798968195915222 0.9802367687225342
8.90631487010676 1.3856189250946045 0.07842845469713211 0.2333965003490448 0.026623820886015892 -0.0557786263525486 -0.18778954446315765 0.9802627563476562
8.937648870106761 1.3983179330825806 0.08476664125919342 0.23288148641586304 0.02570229396224022 -0.055726125836372375 -0.18601687252521515 0.980628252029419
8.96904487010676 1.4049128293991089 0.08844559639692307 0.23269249498844147 0.025308605283498764 -0.055665452033281326 -0.18513107299804688 0.9808095693588257
