61403.87010676156 -0.0 -0.0 -0.0 -0.0 -0.0 1.0 -0.0
93594.87010676156 0.012701187 0.02265563 -0.014923011 -0.00095964543 0.00870348 0.9999616 0.00049316837
125739.87010676156 0.012701187 0.02265563 -0.014923011 -0.00095964543 0.00870348 0.9999616 0.00049316837
157845.87010676158 0.015173933 0.048970178 -0.03371726 0.0017630459 0.017494166 0.99984545 3.7996842e-06
189934.87010676158 0.015173933 0.048970178 -0.03371726 0.0017630459 0.017494166 0.99984545 3.7996842e-06
222036.87010676158 0.015173933 0.048970178 -0.03371726 0.0017630459 0.017494166 0.99984545 3.7996842e-06
254151.87010676158 0.008372088 0.060534466 -0.057157513 -0.0015438036 0.039193347 0.9992259 0.003021187
286274.8701067616 0.008372088 0.060534466 -0.057157513 -0.0015438036 0.039193347 0.9992259 0.003021187
318398.8701067616 -0.020164771 0.08997565 -0.06218605 -0.003647958 0.05528333 0.99844337 0.006427934
350512.8701067616 -0.020164771 0.08997565 -0.06218605 -0.003647958 0.05528333 0.99844337 0.006427934
382588.8701067616 -0.0663662 0.08854942 -0.07305125 -0.004521532 0.041153185 0.99913496 0.0039159874
414607.8701067616 -0.0663662 0.08854942 -0.07305125 -0.004521532 0.041153185 0.99913496 0.0039159874
446595.8701067616 -0.0663662 0.08854942 -0.07305125 -0.004521532 0.041153185 0.99913496 0.0039159874
478590.8701067616 -0.0199192 0.019754313 -0.075107574 -0.0048994515 0.060057763 0.9981709 0.004898697
510613.8701067616 -0.016915916 -0.05705103 -0.08399844 -0.007045681 0.08217259 0.996574 0.006192255
542645.8701067616 -0.027274178 -0.1376163 -0.08962914 -0.010220417 0.10812819 0.9940423 0.0091550695
574629.8701067616 -0.06060062 -0.24630836 -0.0961298 -0.014009913 0.13013361 0.9913166 0.0126668755
606508.8701067616 -0.08699483 -0.38331968 -0.10083221 -0.017840734 0.14223665 0.98949534 0.018695988
638210.8701067616 -0.066784054 -0.48178825 -0.102213584 -0.018636685 0.13600042 0.99022526 0.024711624
669586.8701067616 0.0030865064 -0.45940033 -0.08174114 -0.011307191 0.10235441 0.9944444 0.021822104
700417.8701067616 0.08620497 -0.3755072 -0.06821323 -0.004856564 0.07941724 0.9966825 0.017127978
730523.8701067616 0.12564872 -0.32557642 -0.06331225 -0.0033271052 0.09907245 0.99495643 0.0153420875
759956.8701067616 0.15333687 -0.28459913 -0.058500823 -0.004301903 0.11949362 0.99271107 0.015086726
789048.8701067616 0.1828332 -0.25198734 -0.05009042 -0.0014889651 0.12307381 0.992295 0.014187775
818162.8701067616 0.20200372 -0.21249805 -0.041246857 0.0013785777 0.10921571 0.99393713 0.012608324
847534.8701067616 0.20010087 -0.16424237 -0.021992788 0.002143298 0.09759047 0.99510217 0.015593851
877271.8701067616 0.17622148 -0.121577315 -0.0014548289 0.0023139236 0.09295574 0.99550253 0.018127272
907384.8701067616 0.14037463 -0.054454666 0.023490625 0.002545524 0.0842022 0.99623805 0.020328265
937834.8701067616 0.11740522 0.0191586 0.048944112 0.004371131 0.072657354 0.9970903 0.022645619
968539.8701067616 0.10100486 0.06615557 0.077212885 0.004930116 0.06823677 0.9972783 0.027486451
999428.8701067616 0.07390616 0.09661527 0.1111947 0.006492646 0.06775957 0.9971486 0.032577228
1030471.8701067616 0.05331427 0.13758324 0.14602822 0.008314135 0.060266156 0.9974363 0.037680343
1061648.8701067616 0.03235196 0.15961741 0.17838572 0.010014185 0.054953545 0.9976025 0.040855143
1092928.8701067616 -7.000507e-05 0.17678417 0.2194369 0.011963431 0.05254552 0.997407 0.04769889
1124286.8701067616 -0.019167077 0.18768944 0.25043118 0.013298699 0.04155157 0.99775684 0.050773643
1155708.8701067616 -0.04547775 0.17839147 0.27682972 0.017468378 0.02957292 0.9980846 0.051454276
1187183.8701067616 -0.074577995 0.1596344 0.3075737 0.023261743 0.019801522 0.99811536 0.053222466
1218713.8701067616 -0.07947107 0.14981665 0.3191496 0.02001496 0.0048411223 0.9984682 0.051354423
1250310.8701067616 -0.1023896 0.1409763 0.34065554 0.022779047 0.0009011557 0.9983795 0.052140243
1281977.8701067616 -0.119681284 0.12379864 0.36166218 0.026146475 -0.003012875 0.9982744 0.052494135
1313729.8701067616 -0.12751381 0.114724085 0.37791535 0.02726975 -0.010511498 0.9980898 0.054431096
1345584.8701067616 -0.13246769 0.10996669 0.39063492 0.028994842 -0.018870747 0.997957 0.0537128
1377549.8701067616 -0.13446714 0.10951111 0.40735844 0.02999284 -0.022039177 0.9977569 0.05564164
1409616.8701067616 -0.12078952 0.10317808 0.42207634 0.029140837 -0.02358459 0.99774873 0.055606212
1441781.8701067616 -0.120567605 0.096811354 0.42536363 0.03201437 -0.021880757 0.997804 0.05369913
1474040.8701067616 -0.11241354 0.085972 0.43376243 0.03394624 -0.021368766 0.99784434 0.051940512
1506381.8701067616 -0.10493058 0.07833942 0.43620053 0.034779307 -0.022789681 0.9980212 0.04716753
1538785.8701067616 -0.10027965 0.072656594 0.45651013 0.03790424 -0.021949913 0.99781865 0.04939026
1571229.8701067616 -0.08592922 0.070258945 0.44970027 0.0345167 -0.02118192 0.99789923 0.050568525
1603691.8701067616 -0.060016453 0.04568433 0.42327213 0.02408955 -0.024645105 0.9986327 0.039307777
1636160.8701067616 -0.054764204 0.03821839 0.4273083 0.023591598 -0.024567267 0.9985773 0.04102723
1668630.8701067616 -0.047723934 0.018206106 0.42578244 0.026239738 -0.03160256 0.9984867 0.03656725
1701091.8701067616 -0.040459413 -0.0021281308 0.4195169 0.031523257 -0.037308212 0.9982333 0.033833407
1733522.8701067616 -0.02407953 -0.024935912 0.41541523 0.03396433 -0.04100861 0.998009 0.033803828
1765890.8701067616 -0.004880339 -0.04350815 0.40472165 0.03497713 -0.042530894 0.997977 0.031773463
1798157.8701067616 0.034433004 -0.04217688 0.39705372 0.030123973 -0.040199652 0.99809086 0.03593414
1830316.8701067616 0.06281561 -0.04528788 0.38295513 0.02847824 -0.03137062 0.9984648 0.035677917
1862407.8701067616 0.091985494 -0.042891078 0.36648265 0.026315885 -0.021161938 0.99880195 0.035418484
1894465.8701067616 0.11899427 -0.0336601 0.3627757 0.02364858 -0.015208325 0.9988431 0.039014142
1926506.8701067616 0.14948219 -0.030633746 0.34274086 0.021518659 -0.017795091 0.998958 0.03610116
1958526.8701067616 0.19398767 -0.016902719 0.3307794 0.01950963 -0.024231931 0.9988628 0.036129657
1990512.8701067616 0.23467933 -0.009440046 0.31060293 0.018490573 -0.026207283 0.99891657 0.03371831
2022429.8701067616 0.28395942 0.004261486 0.29901943 0.016503356 -0.025708783 0.99892646 0.034823023
2054234.8701067616 0.33221924 0.020063568 0.28299382 0.014413403 -0.025544792 0.998965 0.03476565
2085897.8701067616 0.39165518 0.037379764 0.26240456 0.010331319 -0.03058142 0.9989303 0.03311252
2117402.8701067613 0.447059 0.05024522 0.24211836 0.009141652 -0.035413977 0.9988395 0.03133741
2148748.8701067613 0.5026875 0.061847873 0.22491649 0.007169168 -0.037621196 0.99878776 0.03092422
2179932.8701067613 0.55717725 0.07922364 0.20310427 0.004610246 -0.04034627 0.9987488 0.029187014
2210962.8701067613 0.61154354 0.09670106 0.18677582 0.0010444091 -0.043286834 0.9986727 0.027893575
2241863.8701067613 0.6577547 0.11109152 0.1671251 -0.0006245946 -0.045615874 0.9986179 0.026099542
2272677.8701067613 0.7034438 0.12465811 0.1523667 -0.003098896 -0.049403433 0.9984521 0.025360016
2303430.8701067613 0.742432 0.12993544 0.13453978 -0.004635476 -0.051832434 0.9983878 0.0226655
2334153.8701067613 0.7776467 0.13274051 0.115473405 -0.00560669 -0.054301918 0.99832207 0.019310456
2364862.8701067613 0.80453324 0.12756382 0.10018384 -0.0068893344 -0.053626575 0.998409 0.01601047
2395558.8701067613 0.8195892 0.11928641 0.105184644 -0.0077607394 -0.054831944 0.9982991 0.018223943
2426243.8701067613 0.8387385 0.08931487 0.09664078 -0.009209575 -0.06435444 0.99776304 0.015574761
2456934.8701067613 0.8569393 0.035064038 0.091314085 -0.008200996 -0.07676677 0.9969369 0.012514644
2487633.8701067613 0.868483 -0.030486358 0.08673963 -0.007656742 -0.08635118 0.99618834 0.0096753305
2518284.8701067613 0.88062775 -0.101341285 0.08061831 -0.008331227 -0.09536898 0.99539274 0.0053603365
2548837.8701067613 0.8909627 -0.17265597 0.08147075 -0.008059751 -0.103949845 0.99454844 0.0016995874
2579291.8701067613 0.8901425 -0.24715646 0.08014288 -0.007811242 -0.110817745 0.99380803 -0.0020249665
2609657.8701067613 0.8845792 -0.31829947 0.08367811 -0.0067918324 -0.11820018 0.9929568 -0.004419661
2639937.8701067613 0.88184065 -0.3744642 0.08239921 -0.0070729293 -0.12793602 0.9917266 -0.0077990075
2670114.8701067613 0.8703774 -0.41575706 0.08734746 -0.0056202193 -0.13651066 0.99057305 -0.009914409
2700165.8701067613 0.85470855 -0.45237347 0.092361525 -0.004384103 -0.14620362 0.98916435 -0.012618151
2730103.8701067613 0.84346765 -0.4785511 0.09742166 -0.0031698504 -0.16210625 0.9866236 -0.01689754
2759966.8701067613 0.8429464 -0.48119956 0.09359305 -0.002994022 -0.1843964 0.98262817 -0.020758599
2789789.8701067613 0.8318025 -0.48441243 0.092852294 -0.0015868751 -0.20433247 0.9785727 -0.025321959
2819612.8701067613 0.8133423 -0.46663284 0.100066446 0.0008184941 -0.22084527 0.97494876 -0.026490154
2849473.8701067613 0.7978489 -0.46233067 0.098538525 0.0016826927 -0.23964041 0.9703142 -0.032559626
2879389.8701067613 0.77011126 -0.43759048 0.10508423 0.0033070948 -0.2568675 0.9658784 -0.032971557
2909355.8701067613 0.73446256 -0.41075802 0.11168407 0.0035642965 -0.27125525 0.961919 -0.033463605
2939368.8701067613 0.68967414 -0.38173687 0.11970298 0.0023505273 -0.27942616 0.95958495 -0.033350438
2969437.8701067613 0.63667 -0.3499319 0.12766685 0.002401203 -0.28529915 0.95786345 -0.033110823
2999567.8701067613 0.583635 -0.31748122 0.13271339 0.0025739647 -0.28947675 0.95661455 -0.032941356
3029775.8701067613 0.53700495 -0.2817967 0.13820921 0.0023812207 -0.2915396 0.9560346 -0.031574104
3060083.8701067613 0.48460424 -0.25008705 0.14520483 0.0031397059 -0.2889208 0.95689565 -0.029422976
3090525.8701067613 0.42792964 -0.22221883 0.14915729 0.0041483627 -0.28410494 0.95837206 -0.028113278
3121152.8701067613 0.38486812 -0.19249152 0.14989813 0.004579925 -0.28221875 0.9589625 -0.026882444
3151981.8701067613 0.34282002 -0.16507035 0.15222025 0.0058536143 -0.27773324 0.9603047 -0.025397195
3183007.8701067613 0.2972588 -0.1378355 0.15357393 0.0063552274 -0.26895103 0.96286494 -0.022717958
3214219.8701067613 0.25683692 -0.11512069 0.15003571 0.006667691 -0.26290044 0.9645501 -0.021958275
3245592.8701067613 0.23313299 -0.09275009 0.14371695 0.0071571623 -0.26065034 0.96517223 -0.021280054
3277104.8701067613 0.22020872 -0.06638588 0.13463254 0.0068021556 -0.25841478 0.965794 -0.020434476
3308769.8701067613 0.21164095 -0.036067817 0.1274596 0.007954749 -0.25446466 0.9668566 -0.019310078
3340603.8701067613 0.21702686 -0.0044082953 0.12053724 0.00650322 -0.24730816 0.9687751 -0.016471863
3372589.8701067613 0.22162211 0.03236761 0.11206772 0.006068203 -0.23581307 0.9716963 -0.012714164
3404671.8701067613 0.23169352 0.0745493 0.10957907 0.004102841 -0.21886148 0.97573596 -0.004718047
3436787.8701067613 0.2442359 0.10524335 0.10025218 0.0022789869 -0.2027181 0.97923416 -0.0008225595
3468885.8701067613 0.26073128 0.12795478 0.08857918 -0.000623954 -0.18745536 0.9822707 0.0020936849
3500947.8701067613 0.27944708 0.15416388 0.07919377 -0.0027554645 -0.17380011 0.9847503 0.007273588
3532959.8701067613 0.30356616 0.17924424 0.07307126 -0.004486221 -0.16510221 0.986203 0.011167921
3564926.8701067613 0.32496855 0.19610374 0.06840072 -0.005943085 -0.1570645 0.9874638 0.014519274
3596863.8701067613 0.3440769 0.20147909 0.060815528 -0.0083766775 -0.14725344 0.9889329 0.016065976
3628770.8701067613 0.36334693 0.2158412 0.058260094 -0.008397678 -0.14226237 0.9896295 0.018014347
3660654.8701067613 0.39176545 0.23094776 0.05576295 -0.010367408 -0.14163943 0.9896586 0.020166723
3692527.8701067613 0.4104276 0.23884167 0.0559276 -0.011856627 -0.13896245 0.9899677 0.022646992
3724395.8701067613 0.42516708 0.24173872 0.052961353 -0.013381868 -0.13652621 0.99022275 0.025306905
3756264.8701067613 0.44119805 0.23633786 0.049925752 -0.014469823 -0.13662866 0.99017435 0.026038034
3788142.8701067613 0.46150294 0.2295376 0.042874277 -0.017307421 -0.1377802 0.98995715 0.02649406
3820027.8701067613 0.48888752 0.23091224 0.04781055 -0.020988153 -0.1408133 0.98934627 0.03041822
3851908.8701067613 0.5019047 0.23023386 0.044890277 -0.022150233 -0.14454593 0.9887201 0.032379936
3883786.8701067613 0.5137175 0.21292692 0.03316399 -0.024207195 -0.14925008 0.98805374 0.029804941
3915673.8701067613 0.5206048 0.20505412 0.032151815 -0.02598431 -0.15593712 0.98691 0.031892605
3947559.8701067613 0.5270189 0.2001734 0.035848595 -0.026655603 -0.16455334 0.9854192 0.034070473
3979423.8701067613 0.5319939 0.19610754 0.04056032 -0.026273118 -0.17312099 0.98393583 0.03477269
4011255.8701067613 0.5493679 0.19474849 0.04076967 -0.02959448 -0.18155175 0.9822865 0.035727497
4043054.8701067613 0.56889427 0.2051678 0.0524116 -0.03194403 -0.18886447 0.98064935 0.040457156
4074827.8701067613 0.57000715 0.2081497 0.05417973 -0.031351354 -0.195058 0.97943354 0.04098167
4106593.8701067613 0.57975453 0.21528219 0.05864503 -0.034802783 -0.20092312 0.9780268 0.04338578
4138373.8701067613 0.56198645 0.22315614 0.058943037 -0.031692658 -0.20524377 0.9772372 0.043337304
4170165.8701067613 0.5608291 0.23639584 0.060861316 -0.03507181 -0.20773749 0.9764874 0.045689452
4201979.870106761 0.5462422 0.24011868 0.06327338 -0.03552999 -0.20770957 0.9765039 0.045104887
4233819.870106761 0.5344173 0.25582895 0.06265464 -0.035430927 -0.20953922 0.9760612 0.046287186
4265673.870106761 0.51166 0.27015522 0.05845599 -0.033421364 -0.20629884 0.97681767 0.046379685
4297537.870106761 0.49878466 0.28852376 0.05757228 -0.034593944 -0.20139608 0.9777429 0.047557462
4329421.870106761 0.47028968 0.306933 0.068805374 -0.03258635 -0.19078743 0.97969407 0.052324828
4361323.870106761 0.43547225 0.3150595 0.05792472 -0.030050602 -0.18297486 0.98142153 0.049285196
4393242.870106761 0.40181676 0.3269601 0.049418252 -0.028272036 -0.17793675 0.982481 0.047647912
4425184.870106761 0.3694425 0.33134413 0.038742602 -0.02911662 -0.1718541 0.9835634 0.04713189
4457153.870106761 0.3336127 0.3229026 0.025562875 -0.0276115 -0.16536747 0.9848652 0.043951884
4489153.870106761 0.30032647 0.32173538 0.013528385 -0.02518938 -0.15885106 0.9860745 0.04229631
4521193.870106761 0.27366608 0.3220129 0.000221539 -0.02243245 -0.15235971 0.9872987 0.03904543
4553313.870106761 0.27983648 0.32377642 -0.008804774 -0.023762772 -0.1455623 0.98831403 0.03850203
4585536.870106761 0.2702778 0.3248039 -0.008188897 -0.020569064 -0.13290139 0.99014366 0.03911207
4617860.870106761 0.27006084 0.32917085 -0.006589491 -0.017756956 -0.11958866 0.99185276 0.040142722
4650276.870106761 0.2750389 0.33918533 -0.0037323267 -0.0145962965 -0.10891375 0.9931126 0.04064716
4682757.870106761 0.27719173 0.34866154 -0.006304283 -0.0143800145 -0.09958836 0.9941326 0.039696746
4715268.870106761 0.27411 0.350208 -0.005848793 -0.012651057 -0.09064165 0.99508107 0.03791851
4747791.870106761 0.2932822 0.33517274 -0.010699717 -0.013115724 -0.08440663 0.9957289 0.035035815
4780324.870106761 0.28873077 0.31828114 9.101827e-05 -0.0075946 -0.07651034 0.99641895 0.035183668
4812871.870106761 0.28911534 0.31349075 -0.0010993185 -0.0059045516 -0.07389852 0.9966085 0.035716172
4845428.870106761 0.31015512 0.31948894 0.013649449 -0.007095018 -0.077467486 0.9962375 0.038201444
4877987.870106761 0.31005788 0.31792933 0.017810322 -0.0055738566 -0.07746944 0.9962209 0.038877964
4910543.870106761 0.32696143 0.31657344 0.020681806 -0.007037807 -0.07770916 0.9961995 0.038710482
4943094.870106761 0.35979313 0.32312006 0.028604234 -0.009200495 -0.08108388 0.9958014 0.041478183
4975638.870106761 0.3842549 0.3259253 0.03691528 -0.007822852 -0.08196284 0.9957273 0.041809678
5008172.870106761 0.4012323 0.31220716 0.047439188 -0.0021297007 -0.078024045 0.9961504 0.039902043
5040670.870106761 0.44635582 0.3081101 0.059761405 -0.0008716612 -0.079301625 0.99596393 0.042028736
5073099.870106761 0.48772302 0.30621362 0.062548764 0.00026763996 -0.08149184 0.99580365 0.04164382
5105417.870106761 0.5282052 0.29921228 0.06894551 7.541379e-05 -0.07995321 0.9959027 0.04225151
5137601.870106761 0.57375616 0.2901672 0.074304104 -0.00015463651 -0.078607425 0.9959466 0.043717932
5169665.870106761 0.61604893 0.28335127 0.079250805 0.0001316111 -0.08188518 0.9956829 0.043709107
5201617.870106761 0.6450447 0.2780737 0.08289108 0.00019877715 -0.08272649 0.995636 0.043189563
5233456.870106761 0.6672818 0.267727 0.085686974 -0.0016475418 -0.07802093 0.99601036 0.043283314
5265188.870106761 0.6900908 0.26391938 0.09785095 -0.0025727623 -0.07900122 0.9958176 0.045821007
5296826.870106761 0.7037297 0.24591239 0.103473015 -0.0019937742 -0.08421019 0.995408 0.045471378
5328384.870106761 0.71715486 0.22800778 0.10375065 -0.0038860608 -0.09071578 0.99481106 0.045896195
5359871.870106761 0.7173111 0.20934086 0.10967552 -0.0050691064 -0.094630376 0.9944464 0.045780253
5391272.870106761 0.7214641 0.18914258 0.11411282 -0.0062515326 -0.09985719 0.9938691 0.047049414
5422600.870106761 0.7141763 0.15619777 0.11782779 -0.0057693543 -0.10889557 0.992941 0.04665393
5453879.870106761 0.70613253 0.12129742 0.122097656 -0.0052250233 -0.120537184 0.991596 0.046700012
5485100.870106761 0.6992 0.076976754 0.12636857 -0.004593371 -0.13359809 0.9899048 0.04710613
5516246.870106761 0.6826415 0.033749204 0.12957135 -0.003834929 -0.14775738 0.98789877 0.047001824
5547294.870106761 0.66345906 -0.007000578 0.1336559 -0.0030928939 -0.16079482 0.9858673 0.046916496
5578196.870106761 0.6423716 -0.041936476 0.1367878 -0.0032868811 -0.17106842 0.98412335 0.047182236
5608940.870106761 0.61822927 -0.07832366 0.13939321 -0.0034503492 -0.17961755 0.9826386 0.04633707
5639554.870106761 0.59359825 -0.103485614 0.14208025 -0.0049656415 -0.18732354 0.9812047 0.046073157
5670080.870106761 0.56497747 -0.124948815 0.14601226 -0.0060761557 -0.1941692 0.9798763 0.045869995
5700559.870106761 0.5322528 -0.15036845 0.14901915 -0.006047387 -0.1997081 0.978803 0.044998102
5731037.870106761 0.5051564 -0.17054018 0.14746982 -0.0075512514 -0.20506139 0.97772574 0.04410426
5761560.870106761 0.46903238 -0.18404253 0.14847471 -0.008024511 -0.20931453 0.9768633 0.04314114
5792149.870106761 0.43735838 -0.19750701 0.15232866 -0.008952312 -0.21375299 0.9759381 0.042123638
5822819.870106761 0.40821502 -0.20920192 0.150472 -0.009821145 -0.21597688 0.9754826 0.04112632
5853584.870106761 0.3766653 -0.22133993 0.14984068 -0.010711916 -0.21650998 0.9753668 0.04084616
5884454.870106761 0.34316927 -0.22985893 0.15179606 -0.011190901 -0.21717842 0.97521013 0.040909294
5915427.870106761 0.31051692 -0.24094334 0.14728698 -0.011923937 -0.21714303 0.9752518 0.03988345
5946484.870106761 0.27686718 -0.24777855 0.14215833 -0.012663602 -0.2163592 0.9754372 0.03937809
5977596.870106761 0.24358703 -0.24952553 0.14400476 -0.012946189 -0.21650878 0.97539055 0.03961941
6008744.870106761 0.20864326 -0.24953516 0.13795844 -0.013885503 -0.21622418 0.9754863 0.03848192
6039929.870106761 0.17371023 -0.24854288 0.12999246 -0.014056994 -0.21577916 0.9756665 0.036286186
6071144.870106761 0.1463125 -0.24140432 0.13075739 -0.014164966 -0.21692042 0.9753956 0.03671828
6102393.870106761 0.11520881 -0.2374506 0.12407638 -0.014248514 -0.2159126 0.97567666 0.035125274
6133705.870106761 0.08525655 -0.23327228 0.11651569 -0.014114876 -0.21400553 0.9761579 0.033438917
6165102.870106761 0.064710684 -0.22676226 0.11432282 -0.013811451 -0.21225987 0.9765457 0.033371277
6196603.870106761 0.049900677 -0.22811395 0.10416309 -0.014364698 -0.20908584 0.97728914 0.031348348
6228222.870106761 0.037409805 -0.22174932 0.104568884 -0.013567263 -0.20514272 0.978101 0.03241651
6259980.870106761 0.02681264 -0.21748503 0.09998259 -0.013807877 -0.19899403 0.97936904 0.03235783
6291890.870106761 0.024663582 -0.21031944 0.093006924 -0.014527192 -0.19475448 0.9802143 0.03224253
6323934.870106761 0.02720588 -0.20405343 0.088836804 -0.015194875 -0.1914783 0.9808505 0.03220974
6356091.870106761 0.029706318 -0.19592755 0.089004636 -0.014463101 -0.18548068 0.9819901 0.03291285
6388352.870106761 0.02509807 -0.18461604 0.083034575 -0.014458858 -0.17733304 0.9834787 0.033371016
6420707.870106761 0.017497687 -0.18289298 0.07085439 -0.01538913 -0.16996214 0.9848357 0.03122105
6453142.870106761 0.0003100012 -0.18242028 0.053605076 -0.01547469 -0.16498996 0.98576635 0.028350152
6485653.870106761 -0.015217059 -0.17207171 0.04244672 -0.015109119 -0.16272844 0.9861894 0.02686533
6518255.870106761 -0.04401778 -0.15496363 0.03002339 -0.013990607 -0.16073696 0.98658544 0.024842609
6550955.870106761 -0.058851726 -0.12364867 0.029501196 -0.013283694 -0.16187397 0.98636013 0.026723942
6583747.870106761 -0.09270207 -0.102782674 0.01683728 -0.011981652 -0.16360496 0.9861608 0.024015144
6616627.870106761 -0.13051204 -0.07933413 0.0033536972 -0.010827148 -0.16726375 0.98562884 0.021013336
6649617.870106761 -0.1537533 -0.043605376 0.0077395374 -0.009946419 -0.17288274 0.98460525 0.023775453
6682757.870106761 -0.19282135 -0.016131712 0.0016404344 -0.0076028504 -0.17612737 0.9840619 0.023314975
6716077.870106761 -0.22405307 0.008819855 -0.0065144077 -0.006928236 -0.1789708 0.9835823 0.022076745
6749599.870106761 -0.23596239 0.029419798 -0.011797069 -0.0071480917 -0.18299372 0.9828626 0.021057243
6783297.870106761 -0.2550249 0.050425563 -0.01956254 -0.0046434156 -0.18476832 0.98259574 0.018567787
6817141.870106761 -0.2725266 0.08269884 -0.021276077 -0.0014898069 -0.18504274 0.9825492 0.018816836
6851095.870106761 -0.27002198 0.10611672 -0.027587896 -0.00070989534 -0.18452282 0.9826873 0.0166304
6885108.870106761 -0.2456863 0.13853584 -0.02730526 1.9977737e-05 -0.18571497 0.9824713 0.016131783
6919129.870106761 -0.19476067 0.17969021 -0.009164965 -0.0007651374 -0.18820666 0.98191893 0.020320034
6953127.870106761 -0.1665635 0.21455586 -0.005773079 -0.0009736819 -0.18322308 0.9828408 0.021270867
7020969.870106761 -0.10508409 0.2974785 0.0072581316 0.00032315514 -0.1723078 0.9847444 0.024255587
7054774.870106761 -0.07962058 0.3290729 0.009291984 0.00034048583 -0.16816106 0.9854537 0.024552708
7088472.870106761 -0.05473698 0.34554833 0.013433917 0.0010661911 -0.16440211 0.986085 0.024642596
7122051.870106761 -0.017567996 0.35794246 0.019531948 0.00016440017 -0.163176 0.9862345 0.026741404
7155546.870106761 0.00951333 0.36644864 0.019553838 0.00075371173 -0.16072412 0.9866265 0.027118562
7189012.870106761 0.048469286 0.3664416 0.018009232 -0.00042504264 -0.15914585 0.9868878 0.026924687
7222484.870106761 0.0938134 0.36562154 0.023961524 -0.0008655541 -0.15698601 0.98718476 0.028653467
7255952.870106761 0.13240612 0.36500776 0.023385637 -0.00083195604 -0.1540829 0.98763955 0.028738411
7289380.870106761 0.17358701 0.36626142 0.024840629 -0.0021233982 -0.1504513 0.988162 0.029931692
7322726.870106761 0.22088218 0.36676043 0.03284419 -0.002575534 -0.14907667 0.9883045 0.031998605
7355960.870106761 0.26606408 0.36290318 0.026942715 -0.0036638018 -0.14473 0.98895955 0.031603437
7389070.870106761 0.30469567 0.3614137 0.023960436 -0.004975601 -0.13749054 0.9899686 0.0321531
7422043.870106761 0.34093872 0.36578622 0.030742735 -0.005332633 -0.13115188 0.9907659 0.03396426
7454861.870106761 0.37391603 0.36702746 0.022501146 -0.006626763 -0.12617512 0.9914424 0.032832522
7487527.870106761 0.39373127 0.37140024 0.01977762 -0.0076011564 -0.11944287 0.9922329 0.033905286
7520058.870106761 0.40838692 0.38721007 0.021738239 -0.006926549 -0.11453882 0.9927829 0.034857243
7552472.870106761 0.42458326 0.4060521 0.02472196 -0.007149973 -0.108971156 0.9934031 0.03499373
7584792.870106761 0.4487823 0.4179179 0.0391832 -0.010503295 -0.10496687 0.99367297 0.03854399
7617026.870106761 0.460279 0.41688368 0.039829258 -0.011502097 -0.10126513 0.9940676 0.037983816
7649169.870106761 0.47754526 0.41245022 0.047420833 -0.01198279 -0.10123046 0.99404836 0.03842771
7681236.870106761 0.5010148 0.40820804 0.048033834 -0.012797737 -0.102632925 0.99390376 0.038184352
7713261.870106761 0.5260687 0.40233105 0.053573254 -0.014099849 -0.098699406 0.9942338 0.03948277
7745257.870106761 0.55116946 0.40048307 0.060386963 -0.015346748 -0.09277513 0.9947342 0.04075787
7777217.870106761 0.5779085 0.39380413 0.07011644 -0.01709749 -0.09059173 0.99486876 0.0416769
7809124.870106761 0.5995289 0.37990555 0.07526715 -0.017499436 -0.09260635 0.99470365 0.04101863
7840974.870106761 0.62505704 0.37012285 0.08176428 -0.01926422 -0.09676785 0.99425983 0.041380506
7872759.870106761 0.6405969 0.35290807 0.088815965 -0.019698486 -0.100655265 0.9937938 0.043062758
7904476.870106761 0.65966874 0.33103898 0.103567354 -0.020065987 -0.10599503 0.993172 0.044406276
7936135.870106761 0.6789156 0.30854312 0.110032685 -0.019849904 -0.11317751 0.9924084 0.043845598
7967735.870106761 0.70257187 0.2829581 0.113399014 -0.021685753 -0.12121171 0.9914266 0.04371222
7999286.870106761 0.7236628 0.259314 0.122521125 -0.022720309 -0.1282381 0.99052536 0.043570954
8030797.870106761 0.7463579 0.23406292 0.12592496 -0.02422682 -0.1345836 0.98969764 0.042413916
8062271.870106761 0.7562586 0.20376578 0.12917559 -0.024406573 -0.13982981 0.98901874 0.041156918
8093727.870106761 0.7693087 0.17335655 0.13264762 -0.025173562 -0.14577124 0.988135 0.04130848
8125172.870106761 0.78619224 0.13289629 0.13165434 -0.028535683 -0.15092409 0.9873892 0.038343374
8156599.870106761 0.78882974 0.095872104 0.13363497 -0.028413128 -0.15853922 0.9862014 0.038273238
8187986.870106761 0.7899608 0.059983313 0.1361863 -0.028506069 -0.16624628 0.984933 0.03816572
8219321.870106761 0.7952896 0.029046722 0.14018552 -0.028886009 -0.17371893 0.9836674 0.03722712
8250588.870106761 0.8071162 -0.0037376732 0.13763356 -0.03370992 -0.17535417 0.98335975 0.033439383
8281798.870106761 0.8077886 -0.026712578 0.14305569 -0.033425648 -0.17899239 0.98274434 0.032528758
8312971.870106761 0.8094675 -0.041089304 0.14981003 -0.032505218 -0.184195 0.9817861 0.033344686
8344129.870106761 0.8126917 -0.055388723 0.15606079 -0.03218632 -0.18946949 0.9808169 0.03261292
8375295.870106761 0.8185281 -0.06935508 0.15555458 -0.03350613 -0.19492231 0.97984374 0.028087871
8406471.87010676 0.82780254 -0.068646714 0.16219959 -0.033653826 -0.19731024 0.9793392 0.028824542
8437669.87010676 0.8404478 -0.07418343 0.16674468 -0.034062486 -0.19893067 0.9790086 0.028435398
8468914.87010676 0.8566598 -0.08111006 0.16569984 -0.03416378 -0.20000125 0.9788453 0.026350196
8500208.87010676 0.87777656 -0.06759699 0.17289986 -0.034509424 -0.19969168 0.9788284 0.028764393
8531532.87010676 0.9040148 -0.059381496 0.17911628 -0.03564502 -0.20052399 0.97861993 0.028680492
8562859.87010676 0.9483977 -0.06196449 0.18275923 -0.04018683 -0.20119946 0.97843575 0.023820475
8594174.87010676 0.9841167 -0.055345625 0.18632273 -0.041893866 -0.20085554 0.9784552 0.022966793
8625462.87010676 1.0207325 -0.04663585 0.19037351 -0.04404475 -0.20063567 0.97843045 0.021892838
8656714.87010676 1.0631359 -0.02920538 0.20181957 -0.04445279 -0.20602413 0.9772428 0.023967357
8687935.87010676 1.106583 -0.022580719 0.20677021 -0.045190725 -0.21086992 0.9761947 0.023145124
8719131.87010676 1.1491942 -0.009965844 0.21430641 -0.047324102 -0.20647708 0.9769944 0.024691606
8750311.87010676 1.1936401 0.005184576 0.21718471 -0.05002029 -0.19950995 0.9783153 0.024351599
8781483.87010676 1.2456363 0.02504531 0.22422822 -0.05174743 -0.19744562 0.97862285 0.025194919
8812654.87010676 1.292518 0.037381794 0.22384648 -0.05383775 -0.19417468 0.97916514 0.025166977
8843834.87010676 1.3273762 0.04673832 0.22572406 -0.055248808 -0.1902927 0.97983944 0.025516102
8875046.87010676 1.3578558 0.06334309 0.2312515 -0.05559532 -0.18798968 0.98023677 0.02655107
8906314.87010676 1.3856189 0.078428455 0.2333965 -0.055778626 -0.18778954 0.98026276 0.02662382
8937648.87010676 1.3983179 0.08476664 0.23288149 -0.055726126 -0.18601687 0.98062825 0.025702294
8969044.87010676 1.4049128 0.0884456 0.2326925 -0.055665452 -0.18513107 0.98080957 0.025308605
