1541978787176984.5 -0.0 -0.0 -0.0 -0.0 -0.0 1.0 -0.0
1541978787208418.5 0.011738198 0.012088924 -0.026025265 0.029121714 0.026846567 0.99915516 0.010960085
1541978787239633.5 0.030703096 0.0270684 -0.05594941 0.05864716 0.06898352 0.99583715 0.010497555
1541978787270634.5 0.050862346 0.041498825 -0.07844155 0.070900805 0.12173475 0.98978055 0.022097249
1541978787301386.5 0.06974116 0.053228106 -0.09944393 0.07603577 0.15933895 0.983893 0.028003622
1541978787331893.5 0.093159616 0.06179057 -0.12264074 0.08576232 0.18597026 0.97833663 0.03028839
1541978787362208.5 0.12017439 0.06739315 -0.1466861 0.107606985 0.20680223 0.97207475 0.026914002
1541978787392380.5 0.14873135 0.07408842 -0.16727223 0.12448462 0.23290257 0.96400815 0.030795338
1541978787422472.5 0.17115328 0.076053604 -0.18540053 0.13815488 0.2553935 0.9556227 0.049727682
1541978787452571.5 0.1923413 0.07255574 -0.2051613 0.15094851 0.26007113 0.9518674 0.059380464
1541978787482793.5 0.21667215 0.06909466 -0.22168534 0.1632532 0.25117058 0.9520406 0.062293228
1541978787513231.5 0.24041423 0.062682785 -0.24021289 0.18015774 0.2382468 0.9522191 0.06372105
1541978787543901.5 0.26153255 0.05602705 -0.2570186 0.19841231 0.2349104 0.9484953 0.07619983
1541978787574779.5 0.2814827 0.05390628 -0.27134755 0.21238302 0.23999707 0.94205445 0.09913834
1541978787605839.5 0.3010292 0.055215977 -0.2843757 0.21897654 0.2512189 0.93592215 0.113965526
1541978787637064.5 0.32512107 0.055285674 -0.3017041 0.22202611 0.26409796 0.9316622 0.11385189
1541978787668416.5 0.34704638 0.058514334 -0.31601328 0.23111145 0.27322212 0.9269583 0.112630196
1541978787699817.5 0.3669681 0.061580613 -0.3288896 0.23862737 0.2811265 0.9226122 0.11318854
1541978787731171.5 0.38644028 0.06546702 -0.34256652 0.24604319 0.28620344 0.9196993 0.10818271
1541978787762416.5 0.40583724 0.070524484 -0.35480097 0.25565454 0.28263542 0.91945904 0.096711755
1541978787793542.5 0.42289782 0.07360121 -0.36579102 0.26804265 0.28357217 0.9163443 0.08973943
1541978787824546.5 0.44199836 0.07713775 -0.3775255 0.2765953 0.2924616 0.9110084 0.08958263
1541978787855427.5 0.45886987 0.08220019 -0.3867551 0.28535485 0.3047181 0.9039469 0.09273392
1541978787886188.5 0.4744689 0.08618561 -0.3964954 0.29401952 0.31593984 0.8973204 0.09247018
1541978787916857.5 0.48962367 0.093048915 -0.4027951 0.3017166 0.32463226 0.89157444 0.09314497
1541978787947473.5 0.5029366 0.09446304 -0.410183 0.30947667 0.32969147 0.8870826 0.092802994
1541978787978075.5 0.517035 0.09531826 -0.4173377 0.3186901 0.33064374 0.8835264 0.09215472
1541978788008697.5 0.5267112 0.09406853 -0.42338678 0.33267254 0.33411017 0.8766314 0.096004605
1541978788039347.5 0.53801954 0.08890842 -0.42879316 0.345454 0.34828314 0.86531556 0.10290471
1541978788069964.5 0.5452759 0.08532473 -0.43399936 0.35829076 0.36046335 0.8537363 0.11326209
1541978788100453.5 0.5543988 0.08154416 -0.43957162 0.37305117 0.36935484 0.8431517 0.11621153
1541978788130732.5 0.5576968 0.07738085 -0.44267243 0.39187682 0.3786401 0.83036155 0.11646484
1541978788160733.5 0.56313473 0.08171728 -0.44384202 0.4022585 0.39254993 0.81753945 0.12538745
1541978788190410.5 0.56023896 0.07358745 -0.44368076 0.41535473 0.4150442 0.79718924 0.14038561
1541978788219768.5 0.5568471 0.07523054 -0.4367631 0.425606 0.42744747 0.7814264 0.15975256
1541978788248835.5 0.55068886 0.06970528 -0.43071747 0.43550885 0.4374632 0.77023923 0.16027965
1541978788277628.5 0.54195493 0.061044663 -0.4208887 0.43864828 0.45163757 0.7592397 0.16482213
1541978788306160.5 0.53612435 0.06479734 -0.4103948 0.43084833 0.4632829 0.75347465 0.17892657
1541978788334479.5 0.52564657 0.05530709 -0.3976847 0.42945108 0.47695956 0.7431564 0.1892087
1541978788362667.5 0.51738644 0.053134352 -0.3855807 0.42416483 0.48669532 0.7363027 0.2026584
1541978788390813.5 0.507606 0.04723823 -0.3689298 0.4189528 0.49520484 0.73097044 0.21197392
1541978788418972.5 0.49737468 0.039232343 -0.3497984 0.41237912 0.5036052 0.72694397 0.21880989
1541978788447162.5 0.4859284 0.029874474 -0.33178538 0.40824103 0.51188654 0.72259575 0.22173633
1541978788475402.5 0.47172666 0.021924585 -0.31404415 0.4034618 0.5201461 0.718945 0.22312516
1541978788503730.5 0.4561692 0.011601061 -0.29338297 0.39915207 0.52863896 0.7136898 0.22773978
1541978788532178.5 0.4401771 0.0010480285 -0.27050397 0.39578155 0.53376365 0.7117369 0.22778042
1541978788560772.5 0.42694306 -0.005157113 -0.2513088 0.38944072 0.53599095 0.71363 0.2275562
1541978788589513.5 0.4134486 -0.012794793 -0.23161058 0.38502195 0.53956425 0.71163976 0.23280345
1541978788618406.5 0.39884084 -0.021347404 -0.2104345 0.37970868 0.5442692 0.7087964 0.23916546
1541978788647471.5 0.38478878 -0.031763434 -0.19003873 0.37044856 0.55029804 0.70693105 0.24533339
1541978788676720.5 0.37074596 -0.041365445 -0.16642028 0.36304978 0.55057985 0.70908016 0.24952352
1541978788706159.5 0.3574486 -0.053218037 -0.14509374 0.35407773 0.55087364 0.7109032 0.25648353
1541978788735818.5 0.34268677 -0.06550512 -0.123328574 0.34568006 0.5498542 0.71277577 0.264795
1541978788765732.5 0.32729563 -0.07497856 -0.10142712 0.3362619 0.54777575 0.71602434 0.27235818
1541978788795934.5 0.30983534 -0.08894646 -0.082260065 0.32213455 0.55239564 0.715109 0.28232512
1541978788826427.5 0.29030085 -0.10359672 -0.058917366 0.30509937 0.55875707 0.71407473 0.29120842
1541978788857178.5 0.26877853 -0.11803554 -0.035677746 0.28872678 0.56478304 0.7134927 0.2976327
1541978788888115.5 0.24498165 -0.13257006 -0.011322111 0.27337915 0.57324743 0.7086772 0.30729124
1541978788919154.5 0.2174061 -0.14523792 0.015387297 0.25613487 0.5830834 0.7029682 0.31661403
1541978788950247.5 0.1873681 -0.15745404 0.044356972 0.23484127 0.593803 0.70012754 0.3194825
1541978788981384.5 0.15617536 -0.16930963 0.07427882 0.21814367 0.6017346 0.70025015 0.31619415
1541978789012560.5 0.12668636 -0.17841554 0.10507061 0.20091835 0.60916877 0.69975984 0.31445405
1541978789043776.5 0.09553075 -0.1897754 0.13679022 0.18298043 0.6125356 0.7003013 0.31764197
1541978789075049.5 0.062898055 -0.19966374 0.16536316 0.15987334 0.60491645 0.7169795 0.30733857
1541978789106397.5 0.031958535 -0.20964241 0.19834116 0.1348761 0.5920623 0.7356219 0.3002186
1541978789137833.5 0.00071144104 -0.21695529 0.22679558 0.11109413 0.57525706 0.7552066 0.29393944
1541978789169417.5 -0.027643934 -0.22286169 0.2522936 0.090739295 0.5603304 0.7734776 0.28200817
1541978789201236.5 -0.054628342 -0.22693345 0.27701908 0.0692194 0.553745 0.7819475 0.27772897
1541978789233302.5 -0.08358444 -0.22875312 0.29732162 0.059733395 0.54038537 0.7971113 0.26273403
1541978789265486.5 -0.10895413 -0.22892468 0.31931052 0.051615115 0.5225289 0.8169929 0.23837416
1541978789297502.5 -0.14413619 -0.22399816 0.32550246 0.03488341 0.495694 0.8447483 0.19867276
1541978789328797.5 -0.18737148 -0.22307274 0.340802 0.014597357 0.45792076 0.8736696 0.16369756
1541978789358526.5 -0.18927822 -0.2218716 0.37710026 -0.012104925 0.39477506 0.91069216 0.1210209
1541978789386024.5 -0.17786849 -0.20545703 0.41155085 -0.03285528 0.31338638 0.9459199 0.077104814
1541978789411391.5 -0.14601648 -0.18958862 0.43633118 -0.056675512 0.22448047 0.97198915 0.040416475
1541978789435519.5 -0.11402183 -0.18150139 0.4563982 -0.07905354 0.13121629 0.98816144 0.008361375
1541978789459328.5 -0.09669494 -0.17646171 0.4836889 -0.09586619 0.033162232 0.9946048 -0.021708561
1541978789483260.5 -0.08354613 -0.17141661 0.49777728 -0.106177226 -0.059094988 0.9911938 -0.052621752
1541978789507488.5 -0.08013529 -0.15589719 0.5089731 -0.11938282 -0.12684153 0.9815618 -0.07871167
1541978789532067.5 -0.061490215 -0.13991466 0.5162282 -0.13937318 -0.1778975 0.9679131 -0.10987239
1541978789557052.5 -0.045555722 -0.12971216 0.51237625 -0.14591207 -0.2408957 0.9475166 -0.15129866
1541978789582572.5 -0.02787356 -0.119966716 0.5000736 -0.14517745 -0.3101406 0.92014986 -0.18989645
1541978789608766.5 -0.016013084 -0.099815235 0.48253196 -0.1465163 -0.36620873 0.89165217 -0.22221734
1541978789635713.5 0.011892542 -0.09309417 0.45500907 -0.15153787 -0.40607163 0.86561686 -0.25069827
1541978789663432.5 0.054210916 -0.08153053 0.42890456 -0.14906695 -0.43761256 0.8452011 -0.26815948
1541978789691916.5 0.09866622 -0.07673308 0.39373755 -0.13594352 -0.46678975 0.8263563 -0.2841866
1541978789721168.5 0.15331429 -0.06822187 0.35981876 -0.12668814 -0.48980507 0.809645 -0.29751655
1541978789751168.5 0.20355019 -0.06240417 0.32358086 -0.120677955 -0.50521785 0.7981091 -0.3053091
1541978789781867.5 0.2613856 -0.054721616 0.27746022 -0.11690897 -0.5122979 0.79253626 -0.3094665
1541978789813160.5 0.31122047 -0.041389145 0.23532513 -0.11027371 -0.52080494 0.783735 -0.31993967
1541978789844897.5 0.37124822 -0.018624276 0.1789556 -0.10465664 -0.52671593 0.776706 -0.3291583
1541978789876934.5 0.43140134 0.008000061 0.122124195 -0.101065844 -0.52805144 0.7737463 -0.33505836
1541978789909152.5 0.49942014 0.027074158 0.06170918 -0.09800515 -0.5299068 0.7712268 -0.33882582
1541978789941474.5 0.5677079 0.05493477 -0.00095238537 -0.091490194 -0.5343939 0.7669989 -0.3431698
1541978789973856.5 0.64290303 0.078915924 -0.06843205 -0.08719738 -0.53775483 0.7649963 -0.34350705
1541978790006264.5 0.71039885 0.10574883 -0.14469635 -0.080079466 -0.542836 0.7636799 -0.34016085
1541978790038670.5 0.76402366 0.12200719 -0.21357544 -0.07335708 -0.5465487 0.7612072 -0.34127244
1541978790071047.5 0.82652336 0.17536545 -0.29955742 -0.06683858 -0.5424505 0.76746327 -0.3350824
1541978790103369.5 0.86458313 0.18197513 -0.38048863 -0.06393648 -0.5381071 0.77159166 -0.33316544
1541978790135615.5 0.9190466 0.20419496 -0.46138418 -0.06280329 -0.53165346 0.77915573 -0.3260626
1541978790167783.5 0.9296216 0.21563077 -0.55086493 -0.0541411 -0.5274112 0.7837517 -0.32348025
1541978790199869.5 1.0108298 0.26311082 -0.6619329 -0.04961262 -0.51512474 0.79658365 -0.31247357
1541978790231862.5 1.0402043 0.2805047 -0.76280046 -0.04295861 -0.5050364 0.80434036 -0.31004733
1541978790263760.5 1.082165 0.28742486 -0.8631982 -0.03978881 -0.4901051 0.81447315 -0.30797318
1541978790295569.5 1.1291655 0.31388932 -0.9760461 -0.03518327 -0.472147 0.82595307 -0.30600807
1541978790327304.5 1.1768272 0.32772726 -1.0879561 -0.032612257 -0.45187825 0.83771294 -0.30492547
1541978790358981.5 1.2159386 0.33904558 -1.1981984 -0.02856594 -0.42749974 0.8527942 -0.29861373
1541978790390616.5 1.2478809 0.31754202 -1.3074044 -0.025168581 -0.394161 0.8706165 -0.29330963
1541978790422235.5 1.2902915 0.32962018 -1.4293547 -0.023581814 -0.36073512 0.8899325 -0.27809033
1541978790453879.5 1.3092307 0.30363846 -1.5436137 -0.027771078 -0.33182096 0.9055741 -0.2627913
1541978790485568.5 1.3461541 0.31275445 -1.6732836 -0.03779236 -0.2964525 0.92327666 -0.24134618
1541978790517310.5 1.3598205 0.3062402 -1.8054318 -0.04240154 -0.26044488 0.9386371 -0.22210607
1541978790549104.5 1.3658359 0.29921192 -1.9467005 -0.040211085 -0.23243518 0.9499195 -0.2049634
1541978790580940.5 1.3611131 0.2867595 -2.0889156 -0.03612233 -0.20694461 0.958795 -0.19126242
1541978790612812.5 1.3597982 0.27325135 -2.2381785 -0.031699862 -0.1793697 0.9671816 -0.17714766
1541978790644719.5 1.3524733 0.25984335 -2.3908653 -0.02527163 -0.14257102 0.9759917 -0.16271138
1541978790676641.5 1.3127785 0.2419484 -2.532629 -0.01194414 -0.10482194 0.9832157 -0.14885144
1541978790708519.5 1.2960486 0.21338537 -2.6881166 0.0045464584 -0.081285946 0.98707944 -0.1380081
1541978790740266.5 1.2582074 0.17795953 -2.8342826 0.02819293 -0.059730567 0.9894857 -0.12866801
1541978790771825.5 1.2217821 0.1573777 -2.9828548 0.050512854 -0.029425351 0.9922691 -0.10947454
1541978790803187.5 1.174648 0.14242429 -3.0755866 0.070893474 -0.0071927486 0.9926689 -0.09762547
1541978790834376.5 1.122882 0.11196317 -3.192162 0.08955584 0.00047404083 0.9912884 -0.09657574
1541978790865435.5 1.0810074 0.11094275 -3.2844417 0.105581366 0.009158373 0.9902235 -0.09069796
1541978790896414.5 1.0597678 0.09357463 -3.333397 0.11857709 0.018852409 0.9890435 -0.08589008
1541978790927379.5 1.029593 0.089847215 -3.3874853 0.12938821 0.03130328 0.98779035 -0.08092612
1541978790958406.5 0.9971609 0.08800241 -3.3973062 0.13554277 0.0395765 0.9864587 -0.08343328
1541978790989533.5 0.96872175 0.07931347 -3.4094257 0.13664478 0.043923598 0.9853323 -0.09229985
1541978791020754.5 0.94559103 0.07574209 -3.3860025 0.13256592 0.05639534 0.9848907 -0.09610523
1541978791052039.5 0.91138 0.06487873 -3.356459 0.12044705 0.07445171 0.9855622 -0.09282581
1541978791083363.5 0.8440242 0.16147935 -3.2287436 0.11419263 0.086295694 0.9864533 -0.080144286
1541978791114715.5 0.8155256 0.151931 -3.1813118 0.10206992 0.10417326 0.9866526 -0.07243194
1541978791146047.5 0.75398433 0.14135373 -3.1599684 0.089403376 0.12533475 0.985962 -0.06463161
1541978791177311.5 0.55845124 0.15428045 -3.0290842 0.087943025 0.14746965 0.984013 -0.04729979
1541978791208482.5 0.40000996 0.1195552 -2.975467 0.077416636 0.16171551 0.9829085 -0.041782044
1541978791239539.5 0.37452075 0.10147958 -2.8983502 0.05714229 0.17985238 0.9813119 -0.03761368
1541978791270454.5 0.255803 0.082693174 -2.835331 0.04372926 0.19317219 0.9795507 -0.03539471
1541978791301207.5 0.21599032 0.056278206 -2.7141044 0.027104914 0.19600995 0.9793169 -0.04223777
1541978791331794.5 0.13765158 0.025821753 -2.6498363 0.011819878 0.1870003 0.9810905 -0.04850507
1541978791362225.5 0.054527555 -0.0064438498 -2.5793896 -0.005132879 0.17413896 0.98327667 -0.053068202
1541978791392526.5 0.006179206 -0.073841184 -2.4994948 -0.018394338 0.16025144 0.9847541 -0.065119386
1541978791422735.5 -0.02732972 -0.11775548 -2.4619868 -0.029313568 0.14317921 0.98602873 -0.07992373
1541978791452874.5 -0.016159683 -0.18895313 -2.4489827 -0.039636035 0.12928261 0.9859233 -0.09833826
1541978791482962.5 -0.032427616 -0.24162756 -2.4335394 -0.04761145 0.103323705 0.98618656 -0.12038911
1541978791513057.5 -0.01266814 -0.2925864 -2.4450948 -0.058670104 0.080111556 0.9847446 -0.1428915
1541978791543224.5 -0.024732634 -0.33940893 -2.4372106 -0.06441891 0.055288147 0.98250836 -0.16574308
1541978791573506.5 0.037490122 -0.4061752 -2.4575496 -0.07409387 0.044110425 0.9782658 -0.18857457
1541978791603933.5 0.009646665 -0.43900946 -2.449267 -0.07472999 0.018417818 0.9735923 -0.21492872
1541978791634533.5 -0.007797094 -0.48101524 -2.4541018 -0.07168729 -0.006656778 0.96882313 -0.23706208
1541978791665312.5 0.13733296 -0.5683161 -2.501289 -0.08266762 -0.009288128 0.9648945 -0.24911557
1541978791696283.5 0.12562352 -0.6020715 -2.5085084 -0.07650003 -0.024016121 0.96129954 -0.26357958
1541978791727472.5 0.08622655 -0.6547972 -2.5139797 -0.06762517 -0.052625928 0.95362216 -0.2885518
1541978791758908.5 0.21178785 -0.6754737 -2.5446808 -0.07278594 -0.06415295 0.94868416 -0.30097365
1541978791790588.5 0.23282525 -0.72379816 -2.5447478 -0.064673774 -0.07439006 0.94433844 -0.31386048
1541978791822523.5 0.2595744 -0.7306232 -2.553651 -0.056099113 -0.086758785 0.94052076 -0.32364562
1541978791854743.5 0.28661507 -0.7556078 -2.5444875 -0.046850387 -0.102806196 0.9350467 -0.33604133
1541978791887247.5 0.43244672 -0.7881632 -2.48465 -0.05205225 -0.10978711 0.9299526 -0.34702381
1541978791919995.5 0.46914962 -0.8083544 -2.4526353 -0.04621259 -0.11933031 0.9267064 -0.35332727
1541978791952925.5 0.5069167 -0.8215326 -2.416325 -0.03983691 -0.13459805 0.92210567 -0.36057958
1541978791985976.5 0.5390662 -0.8576729 -2.3547394 -0.035788037 -0.14357874 0.91883504 -0.36585042
1541978792019077.5 0.57197905 -0.9086769 -2.2733514 -0.032674212 -0.1496418 0.9137798 -0.37622625
1541978792052170.5 0.5851603 -0.930998 -2.200417 -0.022894792 -0.16069578 0.90913355 -0.3835738
1541978792085237.5 0.6104579 -0.9428729 -2.117654 -0.012413663 -0.16911922 0.905339 -0.38936606
1541978792118268.5 0.63745195 -0.9860109 -2.0196214 -0.005842306 -0.18967353 0.8961869 -0.40104723
1541978792151248.5 0.6328019 -0.9964117 -1.9230843 -0.0040330417 -0.19997227 0.89340293 -0.4022761
1541978792184150.5 0.65248716 -1.0074441 -1.8317966 -0.00060188095 -0.20820475 0.8901962 -0.40521753
1541978792216960.5 0.65157473 -1.0412691 -1.7213033 0.0071675233 -0.2128756 0.8876821 -0.40823177
1541978792249701.5 0.6352314 -1.0472556 -1.6303647 0.007583734 -0.21577732 0.8884846 -0.4049417
1541978792282379.5 0.5760901 -1.0610353 -1.5328281 0.005297198 -0.21563834 0.88995415 -0.40181306
