# timestamp[secs] tx ty tz qx qy qz qw
0.02500861663479924 -0.0 -0.0 -0.0 -0.0 -0.0 -0.0 1.0
0.07502561663479924 -0.0 -0.0 -0.0 -0.0 -0.0 -0.0 1.0
0.12504261663479924 -0.0 -0.0 -0.0 -0.0 -0.0 -0.0 1.0
0.17506061663479922 -0.0 -0.0 -0.0 -0.0 -0.0 -0.0 1.0
0.22507761663479922 -0.0 -0.0 -0.0 -0.0 -0.0 -0.0 1.0
0.2750946166347992 -0.0 -0.0 -0.0 -0.0 -0.0 -0.0 1.0
0.3251116166347992 -0.0015516721177846193 -0.010560980997979641 0.001246937084943056 0.0019101259531453252 -0.004489568527787924 0.002658218378201127 0.999984622001648
0.37512861663479924 -0.0015516721177846193 -0.010560980997979641 0.001246937084943056 0.0019101259531453252 -0.004489568527787924 0.002658218378201127 0.999984622001648
0.42514661663479925 -0.0015516721177846193 -0.010560980997979641 0.001246937084943056 0.0019101259531453252 -0.004489568527787924 0.002658218378201127 0.999984622001648
0.4751636166347992 -0.0015516721177846193 -0.010560980997979641 0.001246937084943056 0.0019101259531453252 -0.004489568527787924 0.002658218378201127 0.999984622001648
0.5251806166347992 0.013535465113818645 -0.023421987891197205 -0.0007153538172133267 0.003010181011632085 0.00039390212623402476 0.011025947518646717 0.9999346733093262
0.5751976166347992 0.013535465113818645 -0.023421987891197205 -0.0007153538172133267 0.003010181011632085 0.00039390212623402476 0.011025947518646717 0.9999346733093262
0.6252156166347992 0.02307436428964138 -0.025622621178627014 -0.001740172621794045 0.006120318081229925 0.012274631299078465 0.012424036860466003 0.9998287558555603
0.6752326166347992 0.02307436428964138 -0.025622621178627014 -0.001740172621794045 0.006120318081229925 0.012274631299078465 0.012424036860466003 0.9998287558555603
0.7252496166347991 0.03100922517478466 -0.025265831500291824 -0.0022409080993384123 0.007594790309667587 0.026238705962896347 0.01027198787778616 0.9995741248130798
0.7752666166347991 0.03100922517478466 -0.025265831500291824 -0.0022409080993384123 0.007594790309667587 0.026238705962896347 0.01027198787778616 0.9995741248130798
0.8252846166347991 0.03100922517478466 -0.025265831500291824 -0.0022409080993384123 0.007594790309667587 0.026238705962896347 0.01027198787778616 0.9995741248130798
0.8753016166347992 0.038281090557575226 -0.01665809191763401 -0.0012360591208562255 0.003778421087190509 0.04158543050289154 0.0028212147299200296 0.9991238713264465
0.9253186166347992 0.038281090557575226 -0.01665809191763401 -0.0012360591208562255 0.003778421087190509 0.04158543050289154 0.0028212147299200296 0.9991238713264465
0.9753356166347992 0.03774289786815643 -0.004591096192598343 0.0041695237159729 -0.003298482857644558 0.043526019901037216 -0.001527784508652985 0.999045729637146
1.0253526166347993 0.03774289786815643 -0.004591096192598343 0.0041695237159729 -0.003298482857644558 0.043526019901037216 -0.001527784508652985 0.999045729637146
1.0753706166347992 0.03178440034389496 0.006974152754992247 0.007592466659843922 -0.012171669863164425 0.0403989776968956 -0.010190151631832123 0.9990575313568115
1.1253876166347991 0.028515296056866646 0.01008681207895279 0.008664227090775967 -0.017861394211649895 0.03728925436735153 -0.01295170746743679 0.9990609288215637
1.1754046166347991 0.0247015580534935 0.013632255606353283 0.008467487059533596 -0.02092755399644375 0.03351428359746933 -0.016910001635551453 0.9990760684013367
1.225421616634799 0.017931897193193436 0.01949293352663517 0.010048642754554749 -0.021625885739922523 0.03142392262816429 -0.02013763040304184 0.9990692734718323
1.2754396166347992 0.012408249080181122 0.022860465571284294 0.008396608754992485 -0.02047339454293251 0.02701328508555889 -0.0220266692340374 0.9991827011108398
1.3254566166347992 0.009871347807347775 0.019841307774186134 0.005281639751046896 -0.016159409657120705 0.02282492257654667 -0.02536124922335148 0.9992871284484863
1.3754736166347992 0.00200685509480536 0.02015429176390171 0.004820340313017368 -0.01729094609618187 0.018046313896775246 -0.028175905346870422 0.9992905259132385
1.4254906166347991 -0.005213215481489897 0.019705910235643387 0.006008300464600325 -0.017904920503497124 0.01210731640458107 -0.03039385750889778 0.9993043541908264
1.4755086166347993 -0.010597511194646358 0.017244063317775726 0.006094187963753939 -0.01835690811276436 0.00479391124099493 -0.0300460085272789 0.99936842918396
1.5255256166347992 -0.01754281483590603 0.012820803560316563 0.006799061316996813 -0.019112909212708473 -0.0014808082487434149 -0.03073698841035366 0.9993436932563782
1.5755426166347992 -0.02215256728231907 0.0074427565559744835 0.0059769717045128345 -0.01808120682835579 -0.00888085551559925 -0.028440061956644058 0.9993925094604492
1.6255596166347992 -0.02246568724513054 0.002650802955031395 0.005422485060989857 -0.01685652695596218 -0.014032972976565361 -0.026790399104356766 0.9994004368782043
1.675577616634799 -0.02571641281247139 -0.0041770655661821365 0.004322133492678404 -0.013404686003923416 -0.019876940175890923 -0.024312889203429222 0.9994168877601624
1.725594616634799 -0.027904830873012543 -0.01199143286794424 0.002503627445548773 -0.009445756673812866 -0.0246770977973938 -0.02112364023923874 0.9994276762008667
1.7756116166347993 -0.02880219556391239 -0.01852734014391899 0.0026367236860096455 -0.004597305320203304 -0.027800017967820168 -0.01763542927801609 0.9994474053382874
1.8256286166347993 -0.029583048075437546 -0.02528456784784794 0.0024395459331572056 0.0001217409735545516 -0.027820993214845657 -0.013797902502119541 0.9995177388191223
1.8756456166347992 -0.02847876399755478 -0.03300503268837929 0.001307266065850854 0.0027094297111034393 -0.028920022770762444 -0.010530868545174599 0.9995226263999939
1.9256636166347991 -0.0269816592335701 -0.04015007242560387 0.0007793277618475258 0.0042287427932024 -0.02809896320104599 -0.007076511159539223 0.9995712041854858
1.975680616634799 -0.022825591266155243 -0.04535292461514473 0.0016042889328673482 0.005685047712177038 -0.026580648496747017 -0.0032506168354302645 0.9996252655982971
2.0256976166347993 -0.017500225454568863 -0.04947228729724884 0.0008825353579595685 0.007666080724447966 -0.024089034646749496 -0.0005526795284822583 0.9996802806854248
2.0757146166347993 -0.01253481488674879 -0.05313745141029358 0.0013395387213677168 0.008519193157553673 -0.01887361705303192 0.0010284219169989228 0.9997850656509399
2.125732616634799 -0.005801229737699032 -0.05436624586582184 0.0022263014689087868 0.009047864004969597 -0.012939734384417534 0.00210643676109612 0.999873161315918
2.1757496166347994 0.0014015899505466223 -0.05659537762403488 0.0032830561976879835 0.006683469284325838 -0.008068247698247433 0.0014955693623051047 0.9999439716339111
2.2257666166347994 0.005879335105419159 -0.05534299835562706 0.004224206320941448 0.006010612938553095 -0.0027975488919764757 -0.0006551539991050959 0.9999778866767883
2.2757836166347993 0.012126085348427296 -0.05256670340895653 0.005041562952101231 0.004351798444986343 0.0006785652949474752 -0.0024041791912168264 0.9999874830245972
2.325801616634799 0.0172041617333889 -0.04936918988823891 0.004986639600247145 0.0017940291436389089 0.004886118229478598 -0.00517695676535368 0.9999731183052063
2.375818616634799 0.019881650805473328 -0.04424270987510681 0.005558308679610491 -0.0010686496971175075 0.009612062945961952 -0.009266562759876251 0.9999103546142578
2.425835616634799 0.022947555407881737 -0.03885229676961899 0.006027913186699152 -0.003500375896692276 0.012477481737732887 -0.012938355095684528 0.9998323321342468
2.4758526166347994 0.02517804689705372 -0.033242374658584595 0.005377740133553743 -0.006208228878676891 0.015465452335774899 -0.016617482528090477 0.9997230768203735
2.5258696166347994 0.027307232841849327 -0.02621118538081646 0.006185069680213928 -0.008532940410077572 0.01701859012246132 -0.019855139777064323 0.9996216297149658
2.575887616634799 0.02913537807762623 -0.01973699778318405 0.007255593314766884 -0.011498333886265755 0.01760370470583439 -0.0216378103941679 0.9995447993278503
2.625904616634799 0.028963444754481316 -0.01319219172000885 0.00744330370798707 -0.014693338423967361 0.01822355017066002 -0.022973421961069107 0.9994620084762573
2.675921616634799 0.02685314230620861 -0.005638692062348127 0.009181872010231018 -0.01756398007273674 0.01954479329288006 -0.026283755898475647 0.9993091821670532
2.725938616634799 0.026041578501462936 0.0017235036939382553 0.010310034267604351 -0.019908735528588295 0.017510896548628807 -0.02846730872988701 0.9992430806159973
2.775956616634799 0.022472450509667397 0.00828127097338438 0.011155273765325546 -0.02283947914838791 0.016337234526872635 -0.03153200447559357 0.9991082549095154
2.825973616634799 0.01809675432741642 0.01455979235470295 0.01202395185828209 -0.02497728355228901 0.012384044006466866 -0.03454241156578064 0.9990143179893494
2.875990616634799 0.012877018190920353 0.01847659982740879 0.012544834055006504 -0.02802683413028717 0.007501860614866018 -0.03746224567294121 0.9988768100738525
2.926007616634799 0.006593945901840925 0.021879862993955612 0.012841234914958477 -0.029386501759290695 0.0013162181712687016 -0.039779409766197205 0.9987754225730896
2.976025616634799 0.0010784802725538611 0.023381603881716728 0.012407689355313778 -0.030562737956643105 -0.006498057395219803 -0.041903767734766006 0.9986329674720764
3.026042616634799 -0.006628313567489386 0.02260487526655197 0.011848543770611286 -0.031785424798727036 -0.013232210651040077 -0.04424742981791496 0.9984272122383118
3.076059616634799 -0.014161501079797745 0.019920403137803078 0.01131884753704071 -0.03146550431847572 -0.019261525943875313 -0.045405272394418716 0.9982872009277344
3.126076616634799 -0.021079903468489647 0.015363534912467003 0.011076195165514946 -0.030937401577830315 -0.02548094652593136 -0.04588278383016586 0.9981425404548645
3.176094616634799 -0.026841484010219574 0.010779409669339657 0.010480161756277084 -0.02823426015675068 -0.03266076371073723 -0.04450114443898201 0.9980760812759399
3.226111616634799 -0.031611256301403046 0.0034285651054233313 0.0100191505625844 -0.027041595429182053 -0.03849008306860924 -0.043415188789367676 0.9979491233825684
3.276128616634799 -0.03577291965484619 -0.0031134672462940216 0.008035591803491116 -0.02364029735326767 -0.0406426303088665 -0.04172274097800255 0.9980223178863525
3.326145616634799 -0.038069285452365875 -0.01068561989814043 0.0077180927619338036 -0.02069219946861267 -0.04292185604572296 -0.03867075592279434 0.9981153011322021
3.376162616634799 -0.04092670977115631 -0.018659941852092743 0.00755782937631011 -0.018024608492851257 -0.04355691000819206 -0.036068737506866455 0.9982369542121887
3.4261806166347992 -0.04092033952474594 -0.026422789320349693 0.007041292730718851 -0.013845255598425865 -0.0454612635076046 -0.03130890056490898 0.9983793497085571
3.476197616634799 -0.03960714489221573 -0.033655405044555664 0.006582298316061497 -0.009394926950335503 -0.0461113378405571 -0.027247965335845947 0.9985204339027405
3.526214616634799 -0.037401918321847916 -0.04009614139795303 0.0058899568393826485 -0.004424829967319965 -0.04698231816291809 -0.0243793074041605 0.9985883831977844
3.576231616634799 -0.03419630974531174 -0.046488095074892044 0.005603279452770948 -0.0005948240286670625 -0.04615504667162895 -0.022062689065933228 0.9986904263496399
3.6262496166347993 -0.030065635219216347 -0.05081403627991676 0.0041931807063519955 0.004116518888622522 -0.04429369047284126 -0.0200637299567461 0.9988086223602295
3.6762666166347993 -0.024360839277505875 -0.055400583893060684 0.0028579330537468195 0.006411483511328697 -0.040851790457963943 -0.01841147616505623 0.9989750385284424
3.7262836166347992 -0.018211713060736656 -0.05781618878245354 0.0026904894039034843 0.008750557899475098 -0.03635521978139877 -0.01763719692826271 0.999144971370697
3.776300616634799 -0.011225216090679169 -0.05842456594109535 0.0021485518664121628 0.010003010742366314 -0.030032040551304817 -0.017377300187945366 0.9993478655815125
3.8263186166347993 -0.0027650115080177784 -0.0593445710837841 0.0026072959881275892 0.008709878660738468 -0.022678138688206673 -0.017440343275666237 0.9995527863502502
3.8763356166347993 0.003254057839512825 -0.0580902025103569 0.004467454738914967 0.007482720073312521 -0.01220033224672079 -0.018050041049718857 0.99973464012146
3.9263526166347993 0.009861010126769543 -0.05544983223080635 0.0047666956670582294 0.004595842212438583 -0.0013830031966790557 -0.018773674964904785 0.9998122453689575
3.9763696166347993 0.0153379887342453 -0.051665049046278 0.005422733258455992 0.0006519058952108026 0.009257526136934757 -0.01935022510588169 0.9997697472572327
4.026386616634799 0.019823379814624786 -0.04715084657073021 0.006812484934926033 -0.0041932458989322186 0.019280407577753067 -0.01996660605072975 0.9996060132980347
4.076404616634799 0.023129457607865334 -0.04304004833102226 0.007333703339099884 -0.010780850425362587 0.027460146695375443 -0.021126970648765564 0.9993415474891663
4.126421616634799 0.024257196113467216 -0.03779027238488197 0.008932827971875668 -0.017076149582862854 0.035317227244377136 -0.02226877026259899 0.9989821314811707
4.176438616634799 0.02545638382434845 -0.032075051218271255 0.009389106184244156 -0.02295898273587227 0.040633875876665115 -0.022708356380462646 0.9986521601676941
4.226455616634799 0.024728916585445404 -0.027008233591914177 0.010609200224280357 -0.02940594218671322 0.04342646151781082 -0.022181015461683273 0.9983774423599243
4.276473616634799 0.02127692475914955 -0.020598623901605606 0.013732051476836205 -0.034824442118406296 0.04469085857272148 -0.021127257496118546 0.9981701374053955
4.326490616634799 0.016750067472457886 -0.015952875837683678 0.014244518242776394 -0.04067778214812279 0.043558355420827866 -0.0182245671749115 0.9980561137199402
4.376507616634799 0.012274162843823433 -0.012273749336600304 0.015099269337952137 -0.046139758080244064 0.03975871205329895 -0.014655044302344322 0.9980359077453613
4.426524616634799 0.006746965926140547 -0.009846088476479053 0.015505685470998287 -0.05149343982338905 0.035309772938489914 -0.009830490685999393 0.9980005025863647
4.4765426166347995 -0.001041096169501543 -0.007944697514176369 0.016045723110437393 -0.05481021851301193 0.03288714960217476 -0.005790601950138807 0.9979382753372192
4.526559616634799 -0.009320740588009357 -0.007680714596062899 0.01762819103896618 -0.058496538549661636 0.031134100630879402 -6.823416333645582e-05 0.9978020787239075
4.576576616634799 -0.016858041286468506 -0.008138097822666168 0.019407495856285095 -0.060162030160427094 0.029938513413071632 0.007361781317740679 0.9977124333381653
4.626593616634799 -0.02350080944597721 -0.009671625681221485 0.020974215120077133 -0.06205674633383751 0.030694322660565376 0.01335971336811781 0.9975111484527588
4.6766116166347995 -0.029744844883680344 -0.01093180850148201 0.021938135847449303 -0.06143774092197418 0.031289469450712204 0.020344648510217667 0.9974129796028137
4.726628616634799 -0.03668232262134552 -0.014660622924566269 0.024419685825705528 -0.06290948390960693 0.035173460841178894 0.026824461296200752 0.9970385432243347
4.7766456166347995 -0.04228951781988144 -0.017421701923012733 0.02741033211350441 -0.06314828991889954 0.04123539477586746 0.0327799953520298 0.9966129660606384
4.826662616634799 -0.04695919156074524 -0.022088967263698578 0.028704531490802765 -0.06457880884408951 0.046848006546497345 0.03812110051512718 0.99608314037323
4.876679616634799 -0.05128859356045723 -0.025352628901600838 0.03098757192492485 -0.06488573551177979 0.052503764629364014 0.042549215257167816 0.9956017136573792
4.926697616634799 -0.0576566606760025 -0.03001537173986435 0.03369341790676117 -0.06613213568925858 0.0582205206155777 0.04576170817017555 0.9950591921806335
4.9767146166347995 -0.061220768839120865 -0.034589435905218124 0.03556770086288452 -0.06619688123464584 0.06123732402920723 0.04953259229660034 0.9946932196617126
5.026731616634799 -0.06499956548213959 -0.03993947431445122 0.03802455961704254 -0.06663438677787781 0.06333079934120178 0.052261192351579666 0.9943932294845581
5.0767486166347995 -0.0681605115532875 -0.04470624774694443 0.04048960283398628 -0.06549482047557831 0.06414463371038437 0.05583854764699936 0.9942223429679871
5.126766616634799 -0.0708455741405487 -0.050209589302539825 0.04220297932624817 -0.06393086165189743 0.06476835161447525 0.05869092419743538 0.99411940574646
5.1767836166348 -0.0712759792804718 -0.05612444877624512 0.0442856028676033 -0.062348753213882446 0.06520343571901321 0.06224958598613739 0.9939749240875244
5.226800616634799 -0.07109809666872025 -0.0622919537127018 0.04541588947176933 -0.05989517271518707 0.06826218217611313 0.06658104807138443 0.9936397075653076
5.2768176166347995 -0.06854460388422012 -0.06819336116313934 0.04665069654583931 -0.05778076872229576 0.07329411804676056 0.06984087824821472 0.9931825995445251
5.326835616634799 -0.06707199662923813 -0.07037018239498138 0.04794701933860779 -0.052421681582927704 0.08242399990558624 0.07483594864606857 0.992400050163269
5.376852616634799 -0.06526748836040497 -0.0733243003487587 0.04965973272919655 -0.04832475259900093 0.09286940097808838 0.07822434604167938 0.9914237260818481
5.426869616634799 -0.0619451105594635 -0.0748196691274643 0.05037235468626022 -0.04401680827140808 0.10228121280670166 0.08139430731534958 0.9904423356056213
5.4768866166348 -0.05917905271053314 -0.07450231909751892 0.050775978714227676 -0.040020763874053955 0.11203901469707489 0.08375434577465057 0.9893588423728943
5.526903616634799 -0.05570625886321068 -0.07472202926874161 0.050557177513837814 -0.038541603833436966 0.12087766081094742 0.0847163051366806 0.9882946610450745
5.576921616634799 -0.05418865382671356 -0.07293905317783356 0.05048193782567978 -0.03759289160370827 0.13099177181720734 0.08455292135477066 0.9870556592941284
5.626938616634799 -0.052404217422008514 -0.0691356286406517 0.05004660785198212 -0.03773213550448418 0.13929900527000427 0.08398957550525665 0.9859603643417358
5.676955616634799 -0.05276018753647804 -0.06468885391950607 0.05039198696613312 -0.0403294563293457 0.1462266445159912 0.08293411880731583 0.9849432706832886
5.726972616634799 -0.053441181778907776 -0.06123395636677742 0.052845168858766556 -0.04551802575588226 0.1493656039237976 0.08173307776451111 0.9843463897705078
5.776990616634799 -0.05389275774359703 -0.055956803262233734 0.052829258143901825 -0.04790950194001198 0.146281436085701 0.08226513862609863 0.9846516847610474
5.827007616634799 -0.05616264417767525 -0.050891414284706116 0.053550008684396744 -0.05067078769207001 0.14292435348033905 0.08166786283254623 0.9850561022758484
5.877024616634799 -0.05989360809326172 -0.0466839000582695 0.05426725372672081 -0.0536593422293663 0.13933049142360687 0.0810568556189537 0.9854631423950195
5.927041616634799 -0.06394943594932556 -0.0419345498085022 0.05545828118920326 -0.05602683126926422 0.13497400283813477 0.08165144175291061 0.9858884811401367
5.977059616634799 -0.06728255748748779 -0.03878793120384216 0.055850785225629807 -0.0600556880235672 0.1287107616662979 0.08218197524547577 0.9864446520805359
6.027076616634799 -0.07159047573804855 -0.03688724711537361 0.05672578141093254 -0.06479006260633469 0.12300866842269897 0.0829545259475708 0.9868078827857971
6.077093616634799 -0.07757322490215302 -0.03381200507283211 0.05806457996368408 -0.06630924344062805 0.11661627143621445 0.08307085186243057 0.9874730706214905
6.127110616634799 -0.08375903218984604 -0.03217986971139908 0.059547945857048035 -0.06730394810438156 0.11026527732610703 0.08228778094053268 0.9882006645202637
6.177128616634799 -0.09003152698278427 -0.03399395942687988 0.06139380484819412 -0.06921521574258804 0.10327647626399994 0.08007008582353592 0.9890056252479553
6.227145616634799 -0.09723673015832901 -0.03521251678466797 0.06299890577793121 -0.06916841864585876 0.09654004126787186 0.07698412984609604 0.989933967590332
6.277162616634799 -0.10353805869817734 -0.03653488680720329 0.06543344259262085 -0.06952951103448868 0.08945620059967041 0.07434339076280594 0.9907756447792053
6.327179616634799 -0.10992351174354553 -0.03825656324625015 0.06809890270233154 -0.07004670053720474 0.08282555639743805 0.07220380008220673 0.9914736747741699
6.377196616634799 -0.11579044163227081 -0.040733810514211655 0.07048940658569336 -0.07042451202869415 0.07389683276414871 0.06989356875419617 0.992317795753479
6.427214616634799 -0.11952362209558487 -0.04495195671916008 0.07255060970783234 -0.07115905731916428 0.06528780609369278 0.06892836838960648 0.9929364919662476
6.477231616634799 -0.12157018482685089 -0.05001438036561012 0.07400577515363693 -0.07109036296606064 0.0620126873254776 0.06781843304634094 0.9932277798652649
6.527248616634799 -0.12268602848052979 -0.05615175887942314 0.07483920454978943 -0.06925206631422043 0.06112036854028702 0.06683953106403351 0.9934792518615723
6.577265616634799 -0.1243831142783165 -0.06215183064341545 0.077028788626194 -0.0655732974410057 0.06102621182799339 0.06657158583402634 0.9937525987625122
6.6272836166347995 -0.12387625128030777 -0.06904421746730804 0.07778274267911911 -0.06208498775959015 0.06185070425271988 0.06644056737422943 0.9939344525337219
6.677300616634799 -0.12239334732294083 -0.07487446814775467 0.07854513823986053 -0.05712100490927696 0.06533751636743546 0.06636729836463928 0.9940139651298523
6.727317616634799 -0.12081167846918106 -0.08094039559364319 0.07929602265357971 -0.052901558578014374 0.06913875788450241 0.0673893615603447 0.9939215183258057
6.777334616634799 -0.11779756844043732 -0.08480575680732727 0.07947086542844772 -0.04740367829799652 0.07440179586410522 0.06883034855127335 0.9937201142311096
6.8273526166347995 -0.11339838802814484 -0.08773557841777802 0.0788380354642868 -0.04292792081832886 0.08267846703529358 0.07047516107559204 0.993153989315033
6.877369616634799 -0.10869699716567993 -0.08985547721385956 0.07830161601305008 -0.03957325965166092 0.09262439608573914 0.07193667441606522 0.9923103451728821
6.9273866166347995 -0.10290894657373428 -0.08971623331308365 0.07684095948934555 -0.03679698705673218 0.10160283744335175 0.07304918020963669 0.9914568662643433
6.977403616634799 -0.09769706428050995 -0.08980517834424973 0.07489564269781113 -0.035923730581998825 0.11108215153217316 0.07513826340436935 0.9903153777122498
7.027420616634799 -0.09406313300132751 -0.08707180619239807 0.07366331666707993 -0.036285851150751114 0.12147384881973267 0.07484020292758942 0.9891038537025452
7.077438616634799 -0.0901954174041748 -0.08419398963451385 0.0714033842086792 -0.038758497685194016 0.13080526888370514 0.07704243063926697 0.9876498579978943
7.1274556166347995 -0.08741414546966553 -0.07902182638645172 0.06961372494697571 -0.04163263365626335 0.13964414596557617 0.07782399654388428 0.9862604737281799
7.177472616634799 -0.08501177281141281 -0.07414258271455765 0.06884904950857162 -0.04659997299313545 0.14698758721351624 0.07939562946557999 0.9848449230194092
7.2274896166347995 -0.08430875837802887 -0.06870309263467789 0.0685439482331276 -0.05194159224629402 0.15410928428173065 0.08111439645290375 0.9833478331565857
7.277507616634799 -0.08357267826795578 -0.06201466917991638 0.06797546148300171 -0.0567597821354866 0.1581304371356964 0.08290933817625046 0.9822928309440613
7.3275246166348 -0.08484288305044174 -0.056365735828876495 0.0695444867014885 -0.06258460134267807 0.16145002841949463 0.08416660875082016 0.9812915325164795
7.377541616634799 -0.08540501445531845 -0.05104246363043785 0.06938531249761581 -0.06812703609466553 0.16010168194770813 0.08700540661811829 0.9808956384658813
7.4275586166347995 -0.08822203427553177 -0.04582523554563522 0.07093098759651184 -0.07254797220230103 0.1587337702512741 0.0898442342877388 0.9805449843406677
7.477576616634799 -0.09085355699062347 -0.04055517166852951 0.07088404893875122 -0.07525578886270523 0.1548178493976593 0.09259731322526932 0.9807108640670776
7.527593616634799 -0.09380416572093964 -0.03650156408548355 0.0713985487818718 -0.07747270911931992 0.14945651590824127 0.09480658173561096 0.9811587333679199
7.577610616634799 -0.09939534217119217 -0.033465392887592316 0.07371651381254196 -0.07927288115024567 0.1448046714067459 0.09663505852222443 0.9815340638160706
7.6276276166348 -0.10477784276008606 -0.0324457511305809 0.07616356015205383 -0.08077504485845566 0.13830408453941345 0.09741917252540588 0.9822713732719421
7.677645616634799 -0.11090357601642609 -0.03186734765768051 0.07859291881322861 -0.0812905877828598 0.13252940773963928 0.09641480445861816 0.9831236600875854
7.727662616634799 -0.1167864054441452 -0.03143589198589325 0.08043257892131805 -0.08082279562950134 0.12656846642494202 0.09426413476467133 0.9841556549072266
7.777679616634799 -0.12303785234689713 -0.03166820481419563 0.08340002596378326 -0.0803108960390091 0.12175861746072769 0.09243787080049515 0.9849773049354553
7.827696616634799 -0.12943841516971588 -0.033611852675676346 0.08527129888534546 -0.0805472806096077 0.11534290760755539 0.08924068510532379 0.9860244989395142
7.877713616634799 -0.13451525568962097 -0.036215703934431076 0.08792582899332047 -0.08083073794841766 0.1075834333896637 0.08645455539226532 0.9871260523796082
7.927731616634799 -0.13947004079818726 -0.04013120010495186 0.09122704714536667 -0.08166980743408203 0.10050767660140991 0.08300446718931198 0.9880984425544739
7.977748616634799 -0.14452436566352844 -0.04590972512960434 0.09349602460861206 -0.08249064534902573 0.09536869078874588 0.0797165185213089 0.988810122013092
8.027765616634799 -0.14723491668701172 -0.0513920933008194 0.0949038714170456 -0.08051742613315582 0.0903429239988327 0.07674457877874374 0.9896794557571411
8.0777826166348 -0.14987540245056152 -0.05909057706594467 0.09736882895231247 -0.08085405081510544 0.08693335950374603 0.07373954355716705 0.9901857376098633
8.127800616634799 -0.15205657482147217 -0.06442239135503769 0.1001385822892189 -0.07749103009700775 0.08500757813453674 0.07096631824970245 0.990824282169342
8.1778176166348 -0.15275542438030243 -0.07132210582494736 0.10106346011161804 -0.07428640872240067 0.08319240808486938 0.0700627937912941 0.9912879467010498
8.2278346166348 -0.1527934968471527 -0.07824783027172089 0.10212025791406631 -0.07114605605602264 0.08340844511985779 0.06848499178886414 0.9916103482246399
8.277851616634798 -0.15070125460624695 -0.08387385308742523 0.1020766943693161 -0.06611539423465729 0.08422121405601501 0.06881701946258545 0.9918668270111084
8.3278696166348 -0.14728230237960815 -0.08994811028242111 0.10162834823131561 -0.06212097406387329 0.08611822873353958 0.07008537650108337 0.9918733239173889
8.377886616634799 -0.14411330223083496 -0.09444516152143478 0.10124187171459198 -0.05736517906188965 0.09004271030426025 0.07182050496339798 0.9916871786117554
8.427903616634799 -0.1401308923959732 -0.09805832803249359 0.10041430592536926 -0.05376406013965607 0.09642364084720612 0.0738128051161766 0.9911426305770874
8.4779206166348 -0.13494017720222473 -0.10059358924627304 0.09896767884492874 -0.05067512020468712 0.10334412008523941 0.07643857598304749 0.9904086589813232
8.5279376166348 -0.1300310641527176 -0.10131153464317322 0.0976802334189415 -0.04814790561795235 0.11090195178985596 0.07751119136810303 0.9896335601806641
8.5779556166348 -0.12430402636528015 -0.10045818984508514 0.09610722213983536 -0.04626893252134323 0.11879035830497742 0.07876820862293243 0.9887081384658813
8.6279726166348 -0.11988659203052521 -0.09976779669523239 0.09371185302734375 -0.04607755318284035 0.12739886343479156 0.07992219179868698 0.9875519871711731
8.677989616634799 -0.11532775312662125 -0.09769850224256516 0.09171759337186813 -0.046997036784887314 0.1354076862335205 0.08082012832164764 0.9863691926002502
8.728006616634799 -0.11170151084661484 -0.09410767257213593 0.08953583985567093 -0.047875311225652695 0.14331458508968353 0.08128347247838974 0.9851710200309753
8.778024616634799 -0.10793193429708481 -0.0897308960556984 0.08614695817232132 -0.04961534962058067 0.14940354228019714 0.08109723776578903 0.9841952323913574
8.828041616634799 -0.10629081726074219 -0.08489193767309189 0.08462254703044891 -0.0531717874109745 0.1561797857284546 0.07994265109300613 0.9830513000488281
8.8780586166348 -0.10440350323915482 -0.07852994650602341 0.08275030553340912 -0.056493569165468216 0.1604948192834854 0.08000645786523819 0.9821653962135315
8.9280756166348 -0.10409098863601685 -0.07228416949510574 0.08190358430147171 -0.06073715165257454 0.16390460729599 0.07918237894773483 0.9814155101776123
8.9780936166348 -0.10530664026737213 -0.06553041934967041 0.08186955749988556 -0.06389842927455902 0.16640767455101013 0.07873387634754181 0.9808294773101807
9.0281106166348 -0.10614172369241714 -0.05853427201509476 0.08067405223846436 -0.06494792550802231 0.16326983273029327 0.07846638560295105 0.9813092350959778
9.078127616634799 -0.10948890447616577 -0.05214666575193405 0.08026470988988876 -0.06554285436868668 0.16073821485042572 0.07777923345565796 0.9817422032356262
9.128144616634799 -0.11264850944280624 -0.04597829654812813 0.08032174408435822 -0.06634677946567535 0.15698570013046265 0.07710166275501251 0.9823487401008606
9.178162616634799 -0.11799867451190948 -0.041058432310819626 0.08041129261255264 -0.06756627559661865 0.1541641503572464 0.07627306878566742 0.9827770590782166
9.2281796166348 -0.12314809858798981 -0.03549465537071228 0.08171374350786209 -0.0679946169257164 0.14776068925857544 0.07492770999670029 0.9838340282440186
9.2781966166348 -0.12948238849639893 -0.03330918028950691 0.08257903903722763 -0.07120554894208908 0.13895706832408905 0.07288464158773422 0.9850424528121948
9.3282136166348 -0.13614802062511444 -0.03110770881175995 0.08426856249570847 -0.0737030953168869 0.1298855096101761 0.07136860489845276 0.9862070083618164
9.378230616634799 -0.14366677403450012 -0.030247807502746582 0.08619880676269531 -0.07714641094207764 0.12149179726839066 0.06919858604669571 0.9871675372123718
9.428248616634798 -0.15183502435684204 -0.030746670439839363 0.08981354534626007 -0.0804450735449791 0.11086743324995041 0.06508906185626984 0.988433301448822
9.478265616634799 -0.15968544781208038 -0.032784365117549896 0.09129346162080765 -0.08259240537881851 0.10038819909095764 0.06015090271830559 0.9896881580352783
9.5282826166348 -0.1670817881822586 -0.034920062869787216 0.0936947613954544 -0.08313573151826859 0.09103488177061081 0.054932206869125366 0.9908499121665955
9.5782996166348 -0.1736619472503662 -0.03903678059577942 0.09710042178630829 -0.08366692811250687 0.08092086017131805 0.04946647584438324 0.9919701814651489
9.6283176166348 -0.17722006142139435 -0.045650381594896317 0.09990429133176804 -0.08361973613500595 0.07029198855161667 0.046528611332178116 0.9929259419441223
9.6783346166348 -0.18157564103603363 -0.051885008811950684 0.10181589424610138 -0.08130228519439697 0.06333045661449432 0.04308174550533295 0.993742048740387
9.728351616634798 -0.18514391779899597 -0.05856800824403763 0.10352297127246857 -0.07827599346637726 0.05750139057636261 0.04006875306367874 0.994465172290802
9.778368616634799 -0.1868215799331665 -0.06438912451267242 0.10465347021818161 -0.07313406467437744 0.05109197646379471 0.03752334788441658 0.9953055381774902
9.828386616634798 -0.18784259259700775 -0.07259765267372131 0.10544303804636002 -0.06958924978971481 0.046359919011592865 0.03692753240466118 0.9958135485649109
9.878403616634799 -0.18684624135494232 -0.08016076683998108 0.10602933168411255 -0.06512456387281418 0.04261293262243271 0.03757067024707794 0.9962587356567383
9.9284206166348 -0.18652848899364471 -0.08714890480041504 0.1065550372004509 -0.059932857751846313 0.04132208973169327 0.037297315895557404 0.9966491460800171
9.9784376166348 -0.1839016079902649 -0.09504947811365128 0.1057879775762558 -0.05601521208882332 0.04212598502635956 0.03930399939417839 0.9967662692070007
10.028454616634798 -0.1797078400850296 -0.10257980227470398 0.10504569113254547 -0.0522596500813961 0.04589581489562988 0.04370806738734245 0.9966203570365906
10.0784726166348 -0.1744496375322342 -0.10816897451877594 0.1048130989074707 -0.04864058643579483 0.05160503461956978 0.04728122428059578 0.9963611364364624
10.128489616634798 -0.16685782372951508 -0.11201536655426025 0.10337789356708527 -0.04459143429994583 0.058270521461963654 0.0518595352768898 0.995955228805542
10.178506616634799 -0.15848222374916077 -0.11590956151485443 0.10336441546678543 -0.04217018932104111 0.06755052506923676 0.057180408388376236 0.9951829314231873
10.2285236166348 -0.1497545689344406 -0.11745140701532364 0.10168184340000153 -0.03965464234352112 0.07722282409667969 0.06144719943404198 0.9943281412124634
10.278541616634799 -0.1411391943693161 -0.11815930157899857 0.10032276064157486 -0.038613997399806976 0.08734898269176483 0.06556408107280731 0.9932675957679749
10.3285586166348 -0.13326983153820038 -0.11680155247449875 0.09830288589000702 -0.03815392404794693 0.09796716272830963 0.06831850111484528 0.9921085238456726
10.3785756166348 -0.12543776631355286 -0.11453963816165924 0.0963587686419487 -0.039496179670095444 0.10837985575199127 0.07094681262969971 0.9907878041267395
10.428592616634798 -0.11942499876022339 -0.11069779098033905 0.09445960074663162 -0.04167630895972252 0.1178666353225708 0.07222525030374527 0.9895222187042236
10.4786106166348 -0.11516565829515457 -0.10502602159976959 0.09242872893810272 -0.043993279337882996 0.1257975995540619 0.07183777540922165 0.9884730577468872
10.528627616634799 -0.11192655563354492 -0.09886930882930756 0.09110299497842789 -0.047521837055683136 0.13247312605381012 0.0705275684595108 0.9875314831733704
10.578644616634799 -0.10899053514003754 -0.09205203503370285 0.09029291570186615 -0.05178523808717728 0.1388830691576004 0.07108788192272186 0.9863956570625305
10.6286616166348 -0.10666769742965698 -0.08436059206724167 0.0888146385550499 -0.056327465921640396 0.14380379021167755 0.07143615186214447 0.9854159951210022
10.678679616634799 -0.10637760907411575 -0.0770237147808075 0.08931093662977219 -0.06133595481514931 0.14832350611686707 0.07245758920907974 0.9843719005584717
10.7286966166348 -0.10795910656452179 -0.0704972967505455 0.09011410176753998 -0.06719326227903366 0.15042321383953094 0.0736081525683403 0.9835851788520813
10.7787136166348 -0.10881750285625458 -0.0630561113357544 0.09086444973945618 -0.07212673872709274 0.14794427156448364 0.07512857019901276 0.9834968447685242
10.828730616634799 -0.1132698804140091 -0.05740771070122719 0.09256059676408768 -0.07833287864923477 0.14611956477165222 0.07655312120914459 0.9831849336624146
10.878747616634799 -0.11778239160776138 -0.0518808476626873 0.09482988715171814 -0.083756223320961 0.1416986584663391 0.07815228402614594 0.9832592010498047
10.928765616634799 -0.12321878969669342 -0.048156414180994034 0.09697369486093521 -0.08925323933362961 0.1352621465921402 0.08046221733093262 0.9834957718849182
10.978782616634799 -0.12880098819732666 -0.045106176286935806 0.0987662598490715 -0.0925990417599678 0.12770631909370422 0.0823526456952095 0.9840399026870728
11.0287996166348 -0.13582463562488556 -0.044293422251939774 0.10201438516378403 -0.09687469154596329 0.12116689234972 0.0845087319612503 0.9842724204063416
11.0788166166348 -0.1428283303976059 -0.04529223591089249 0.10418675094842911 -0.0999857559800148 0.11540580540895462 0.08657195419073105 0.9844743609428406
11.1288346166348 -0.1498742550611496 -0.04648114740848541 0.10728631913661957 -0.10254354774951935 0.11041998863220215 0.0879579409956932 0.9846601486206055
11.1788516166348 -0.15609802305698395 -0.04908189922571182 0.10955687612295151 -0.10408679395914078 0.10645291954278946 0.0894225537776947 0.9848031997680664
11.228868616634799 -0.16143831610679626 -0.05288751423358917 0.11246559023857117 -0.1050231084227562 0.10429811477661133 0.09157553315162659 0.9847365021705627
11.278885616634799 -0.16530181467533112 -0.05801459774374962 0.11394093185663223 -0.10414334386587143 0.10229719430208206 0.09478463977575302 0.9847361445426941
11.328903616634799 -0.16803663969039917 -0.06393840909004211 0.1148156151175499 -0.10177217423915863 0.10230658203363419 0.09915178269147873 0.9845530986785889
11.3789206166348 -0.16915953159332275 -0.06846920400857925 0.11629223823547363 -0.09791898727416992 0.10360712558031082 0.10402517020702362 0.9843049645423889
11.4289376166348 -0.1713866889476776 -0.07436962425708771 0.1160062849521637 -0.09539609402418137 0.10796346515417099 0.10842499881982803 0.9836094975471497
11.4789546166348 -0.17062151432037354 -0.07820355892181396 0.11622894555330276 -0.09194187074899673 0.1120893806219101 0.11335694789886475 0.9829205870628357
11.528971616634799 -0.1706228405237198 -0.08267584443092346 0.11569521576166153 -0.08772099763154984 0.1163768619298935 0.11740078777074814 0.982333242893219
11.578989616634798 -0.16858072578907013 -0.08682680875062943 0.11439810693264008 -0.08281612396240234 0.1200905442237854 0.12257829308509827 0.981679379940033
11.629006616634799 -0.16668276488780975 -0.09088675677776337 0.1128990575671196 -0.07806460559368134 0.12440669536590576 0.1258116215467453 0.9811220169067383
11.6790236166348 -0.16390208899974823 -0.09360545128583908 0.1112537756562233 -0.0728817731142044 0.1289306879043579 0.1270914375782013 0.9807716012001038
11.7290406166348 -0.1611579805612564 -0.09540898352861404 0.10804463177919388 -0.06677626818418503 0.13898243010044098 0.12760616838932037 0.9797660708427429
11.7790586166348 -0.15697011351585388 -0.09622367471456528 0.10480611771345139 -0.05939025431871414 0.14902447164058685 0.12823839485645294 0.9786825776100159
11.8290756166348 -0.1551779955625534 -0.09619443863630295 0.1020311638712883 -0.05017959326505661 0.1568734049797058 0.12918196618556976 0.9778469800949097
11.879092616634798 -0.1519867330789566 -0.09501476585865021 0.09848315268754959 -0.042636025696992874 0.1642119288444519 0.13032567501068115 0.9768479466438293
11.929109616634799 -0.14948734641075134 -0.09194009006023407 0.09703482687473297 -0.038167376071214676 0.17437662184238434 0.12990956008434296 0.9753254055976868
11.979127616634798 -0.14762036502361298 -0.08946657925844193 0.0958571583032608 -0.03836716338992119 0.18440568447113037 0.13029548525810242 0.9734195470809937
12.029144616634799 -0.14745308458805084 -0.08509016782045364 0.09593341499567032 -0.040008191019296646 0.19490660727024078 0.13067112863063812 0.9712547659873962
12.0791616166348 -0.14790622889995575 -0.08067819476127625 0.09821023046970367 -0.043843477964401245 0.20167934894561768 0.13139934837818146 0.9696068167686462
12.1291786166348 -0.14952874183654785 -0.07649494707584381 0.1013718992471695 -0.04878409579396248 0.20422375202178955 0.1324162632226944 0.9686995148658752
12.1791966166348 -0.15181730687618256 -0.0722886249423027 0.10563188791275024 -0.05352701246738434 0.20772257447242737 0.13483324646949768 0.9673708081245422
12.2292136166348 -0.15425843000411987 -0.06852047890424728 0.10930749773979187 -0.05815891921520233 0.21099993586540222 0.13770148158073425 0.9659891128540039
12.279230616634798 -0.15654578804969788 -0.06417156010866165 0.11444628983736038 -0.06033787131309509 0.2107822149991989 0.14213111996650696 0.9652611017227173
12.329247616634799 -0.16022765636444092 -0.06102832406759262 0.11981159448623657 -0.06218736618757248 0.20997166633605957 0.14671143889427185 0.964634895324707
12.3792646166348 -0.16445666551589966 -0.05862504243850708 0.12584885954856873 -0.06387495994567871 0.20921076834201813 0.15077725052833557 0.9640628099441528
12.429282616634799 -0.16896826028823853 -0.05812322348356247 0.13130652904510498 -0.06652962416410446 0.20634889602661133 0.15477535128593445 0.9638664722442627
12.4792996166348 -0.1734817624092102 -0.05829336494207382 0.13565897941589355 -0.0682629942893982 0.2006932646036148 0.15752287209033966 0.9644941091537476
12.5293166166348 -0.17794761061668396 -0.059732723981142044 0.14053089916706085 -0.06940709799528122 0.194854736328125 0.16010257601737976 0.9651846885681152
12.579333616634798 -0.18287406861782074 -0.06298180669546127 0.1449449211359024 -0.0704433023929596 0.19086086750030518 0.16148978471755981 0.9656764268875122
12.6293516166348 -0.18674492835998535 -0.06666789203882217 0.14931665360927582 -0.06961062550544739 0.1875571310520172 0.16091859340667725 0.9664791822433472
12.679368616634799 -0.1894739419221878 -0.07224710285663605 0.15186139941215515 -0.06863769143819809 0.1839328408241272 0.1603117734193802 0.9673457145690918
12.729385616634799 -0.19248457252979279 -0.07721362262964249 0.15394294261932373 -0.06557825207710266 0.18129843473434448 0.15889066457748413 0.968289315700531
12.7794026166348 -0.19492563605308533 -0.08206839114427567 0.15625794231891632 -0.062267400324344635 0.18083533644676208 0.15748277306556702 0.9688243269920349
12.829420616634799 -0.19658242166042328 -0.08862636983394623 0.15772321820259094 -0.06018481031060219 0.18001845479011536 0.15576733648777008 0.9693852066993713
12.8794376166348 -0.19729770720005035 -0.09383124113082886 0.15934661030769348 -0.05617019906640053 0.1799866259098053 0.15436916053295135 0.9698556661605835
12.9294546166348 -0.19595980644226074 -0.10029195994138718 0.1590430736541748 -0.05282498896121979 0.17949211597442627 0.1537611484527588 0.9702317714691162
12.979471616634799 -0.19459204375743866 -0.10674344748258591 0.1588066965341568 -0.05047086253762245 0.1817695051431656 0.15347382426261902 0.9699785709381104
13.029488616634799 -0.19107256829738617 -0.11165626347064972 0.15780772268772125 -0.04734738916158676 0.18366894125938416 0.15389464795589447 0.9697115421295166
13.079506616634799 -0.18736810982227325 -0.11556867510080338 0.15644150972366333 -0.043614257127046585 0.18894533812999725 0.1536700427532196 0.9689081311225891
13.129523616634799 -0.18209467828273773 -0.11869928240776062 0.1547156274318695 -0.04013479873538017 0.19643941521644592 0.1548851579427719 0.9673734307289124
13.1795406166348 -0.1768786609172821 -0.12094883620738983 0.15215615928173065 -0.036487869918346405 0.20527596771717072 0.15548986196517944 0.9655844569206238
13.2295576166348 -0.17142151296138763 -0.12201444804668427 0.15039579570293427 -0.03319200128316879 0.21639859676361084 0.15719349682331085 0.9629954099655151
13.2795756166348 -0.16545045375823975 -0.1211407259106636 0.14783386886119843 -0.03081718645989895 0.2272128313779831 0.1578739434480667 0.9604688882827759
13.3295926166348 -0.16088606417179108 -0.1207340806722641 0.1452587991952896 -0.030290627852082253 0.23919229209423065 0.15828968584537506 0.9575040340423584
13.379609616634799 -0.15657445788383484 -0.11885463446378708 0.1423354595899582 -0.030122727155685425 0.2499084174633026 0.15982796251773834 0.9545121788978577
13.429626616634799 -0.15383295714855194 -0.11530788987874985 0.14093106985092163 -0.030750591307878494 0.258867472410202 0.16014711558818817 0.9520477652549744
13.479644616634799 -0.15193912386894226 -0.11092741042375565 0.1391143649816513 -0.0321706160902977 0.2661534547805786 0.16169452667236328 0.949727475643158
13.5296616166348 -0.15131394565105438 -0.10586552321910858 0.13901720941066742 -0.03556607663631439 0.2726435363292694 0.16281813383102417 0.9475710391998291
13.5796786166348 -0.15028345584869385 -0.10058138519525528 0.13865342736244202 -0.03930973261594772 0.27615153789520264 0.16552476584911346 0.945936918258667
13.6296956166348 -0.15063202381134033 -0.09454001486301422 0.13980458676815033 -0.043289534747600555 0.2793882191181183 0.1685386300086975 0.944279134273529
13.6797136166348 -0.15187901258468628 -0.08914665132761002 0.14147326350212097 -0.047518324106931686 0.27954915165901184 0.1716289222240448 0.9434711337089539
13.729730616634798 -0.15428420901298523 -0.08467147499322891 0.14275279641151428 -0.05167071893811226 0.27730652689933777 0.17526549100875854 0.9432461261749268
13.779747616634799 -0.15792503952980042 -0.07973960787057877 0.14637260138988495 -0.055536817759275436 0.27580466866493225 0.17877168953418732 0.9428086280822754
13.8297646166348 -0.16241678595542908 -0.07689067721366882 0.14959730207920074 -0.059623654931783676 0.2713339924812317 0.18175525963306427 0.9432857036590576
13.8797816166348 -0.16704604029655457 -0.07463711500167847 0.15304699540138245 -0.06342224776744843 0.26451343297958374 0.1830030232667923 0.9447328448295593
13.9297996166348 -0.17197285592556 -0.07381588965654373 0.15640264749526978 -0.06646667420864105 0.2562814950942993 0.184088796377182 0.9465798139572144
13.9798166166348 -0.1765677034854889 -0.07340720295906067 0.16010160744190216 -0.0692535936832428 0.24664129316806793 0.18381041288375854 0.9489919543266296
14.029833616634798 -0.18209829926490784 -0.07445260882377625 0.16309072077274323 -0.07069218158721924 0.23662416636943817 0.18351498246192932 0.9514904022216797
14.079850616634799 -0.18677300214767456 -0.07660849392414093 0.166802316904068 -0.07252895087003708 0.22648219764232635 0.18114137649536133 0.9542710185050964
14.129868616634798 -0.19101527333259583 -0.0802082046866417 0.17050842940807343 -0.07415129989385605 0.21702751517295837 0.17771396040916443 0.9569840431213379
14.179885616634799 -0.194666787981987 -0.08395014703273773 0.17348438501358032 -0.07399953156709671 0.20787839591503143 0.17313732206821442 0.9598615169525146
14.2299026166348 -0.19682639837265015 -0.08989400416612625 0.17577044665813446 -0.07406659424304962 0.19989806413650513 0.16868825256824493 0.9623404741287231
14.2799196166348 -0.1992204487323761 -0.09503739327192307 0.17784972488880157 -0.07208694517612457 0.1938243806362152 0.16351979970932007 0.9646227359771729
14.3299376166348 -0.19958890974521637 -0.09938979893922806 0.18055802583694458 -0.06894144415855408 0.1876993477344513 0.15831416845321655 0.9669294953346252
14.3799546166348 -0.19994649291038513 -0.10534821450710297 0.18148690462112427 -0.06654060631990433 0.18291974067687988 0.15372319519519806 0.9687528014183044
14.429971616634798 -0.198838010430336 -0.11099658906459808 0.18201814591884613 -0.06374344974756241 0.17780371010303497 0.14921507239341736 0.9705964922904968
14.479988616634799 -0.19626979529857635 -0.11551886051893234 0.18137572705745697 -0.059782903641462326 0.1727825105190277 0.14570775628089905 0.9722867608070374
14.5300056166348 -0.19396990537643433 -0.12012679129838943 0.18181252479553223 -0.05681190267205238 0.17263706028461456 0.1422073096036911 0.9730086922645569
14.580023616634799 -0.19014160335063934 -0.12374045699834824 0.18013478815555573 -0.05325642600655556 0.17179612815380096 0.13817328214645386 0.9739394783973694
14.6300406166348 -0.18527500331401825 -0.1263386458158493 0.17817682027816772 -0.04974476993083954 0.17023131251335144 0.1352885663509369 0.9748045206069946
14.6800576166348 -0.1807699054479599 -0.12759195268154144 0.17670077085494995 -0.046510618180036545 0.17045019567012787 0.13196252286434174 0.9753817319869995
14.730074616634798 -0.17492075264453888 -0.12890443205833435 0.17343175411224365 -0.04383915290236473 0.1695995181798935 0.13044334948062897 0.9758579730987549
14.7800926166348 -0.1699991375207901 -0.1312301754951477 0.17045393586158752 -0.0429002121090889 0.16880176961421967 0.12863855063915253 0.9762774705886841
14.830109616634799 -0.16467253863811493 -0.1314196139574051 0.16644169390201569 -0.04063723608851433 0.1667749434709549 0.12638849020004272 0.977016270160675
14.880126616634799 -0.1583341658115387 -0.1308286190032959 0.16221976280212402 -0.038859330117702484 0.1630694419145584 0.12371627986431122 0.9780555367469788
14.9301436166348 -0.15194456279277802 -0.12999434769153595 0.15578912198543549 -0.03744689002633095 0.15583516657352448 0.1203141137957573 0.9797130823135376
14.980161616634799 -0.14480046927928925 -0.12802422046661377 0.1507587432861328 -0.03720393031835556 0.1473226398229599 0.11730767786502838 0.9814024567604065
15.0301786166348 -0.14097245037555695 -0.12846025824546814 0.1470540463924408 -0.04024675861001015 0.1403718739748001 0.11205010116100311 0.982914388179779
15.0801956166348 -0.13484814763069153 -0.12598279118537903 0.14362959563732147 -0.04146432504057884 0.13171887397766113 0.10806010663509369 0.9845069646835327
15.130212616634799 -0.1284795105457306 -0.12474798411130905 0.13930244743824005 -0.044569000601768494 0.12190481275320053 0.10321949422359467 0.9861534237861633
15.1802306166348 -0.12182565778493881 -0.12286566197872162 0.13514137268066406 -0.04742664098739624 0.1113332062959671 0.09831397980451584 0.9877701997756958
15.230247616634799 -0.11707642674446106 -0.12032662332057953 0.13169309496879578 -0.05040832608938217 0.10370130836963654 0.09154769033193588 0.9891026616096497
15.280264616634799 -0.10954306274652481 -0.11821389198303223 0.12858280539512634 -0.053830720484256744 0.09126966446638107 0.08691984415054321 0.9905640482902527
15.3302816166348 -0.10449345409870148 -0.11681817471981049 0.1253308206796646 -0.05797247588634491 0.08038501441478729 0.08156216144561768 0.9917283654212952
15.3802986166348 -0.09936970472335815 -0.11506932228803635 0.1216234564781189 -0.061511944979429245 0.0679766833782196 0.07630544155836105 0.9928610324859619
15.4303166166348 -0.09508122503757477 -0.1138356477022171 0.11962759494781494 -0.06567336618900299 0.057732224464416504 0.0708298608660698 0.9936484694480896
15.4803336166348 -0.08968406170606613 -0.11193473637104034 0.1181015595793724 -0.06897734850645065 0.04854447767138481 0.06516146659851074 0.9943035840988159
15.530350616634799 -0.08645648509263992 -0.10867425799369812 0.1179540753364563 -0.06893699616193771 0.0426623672246933 0.05817333608865738 0.9950093030929565
15.580367616634799 -0.0839616060256958 -0.10618837922811508 0.11693214625120163 -0.0692492350935936 0.0341646783053875 0.05054101720452309 0.9957323670387268
15.630385616634799 -0.08044794201850891 -0.10324219614267349 0.11663316935300827 -0.06798804551362991 0.02438655123114586 0.04408877342939377 0.9964131712913513
15.6804026166348 -0.07619717717170715 -0.10139837861061096 0.11622031033039093 -0.06699883937835693 0.014616546221077442 0.03901445493102074 0.9968828558921814
15.7304196166348 -0.07146185636520386 -0.10027764737606049 0.1179487332701683 -0.06821797043085098 0.00674516661092639 0.0353081151843071 0.9970226287841797
15.7804366166348 -0.06784716248512268 -0.09913317114114761 0.11883550137281418 -0.06822105497121811 0.0009277649223804474 0.03234471008181572 0.997145414352417
15.8304546166348 -0.06511962413787842 -0.09962782263755798 0.12067371606826782 -0.06981578469276428 -0.0029390226118266582 0.028589880093932152 0.9971458315849304
15.880471616634798 -0.06056599318981171 -0.09737306833267212 0.12354917824268341 -0.06944620609283447 -0.00936879776418209 0.025442980229854584 0.9972172379493713
15.930488616634799 -0.0588078498840332 -0.10191728919744492 0.12273913621902466 -0.07233530282974243 -0.016132066026329994 0.023829299956560135 0.9969651699066162
15.9805056166348 -0.05478470399975777 -0.1041538342833519 0.12540309131145477 -0.07315398752689362 -0.022384246811270714 0.020795367658138275 0.9968525767326355
16.030522616634798 -0.05202217027544975 -0.10725060105323792 0.12731987237930298 -0.0733221098780632 -0.025736486539244652 0.01688709668815136 0.9968332052230835
16.0805406166348 -0.04770791158080101 -0.10776547342538834 0.13005265593528748 -0.06994228065013885 -0.027650589123368263 0.013288657180964947 0.9970792531967163
16.1305576166348 -0.04415642097592354 -0.1109025850892067 0.13343186676502228 -0.0694245919585228 -0.026851363480091095 0.00891860667616129 0.9971859455108643
16.1805746166348 -0.041090626269578934 -0.11440397799015045 0.13382108509540558 -0.06760849803686142 -0.026997962966561317 0.008604406379163265 0.9973095655441284
16.2305916166348 -0.033902812749147415 -0.11791516095399857 0.1338426172733307 -0.06536855548620224 -0.03134780004620552 0.00833345577120781 0.9973338842391968
16.2806096166348 -0.026283996179699898 -0.12090488523244858 0.132961243391037 -0.06295507401227951 -0.03291911259293556 0.008616913110017776 0.9974361062049866
16.3306266166348 -0.015919212251901627 -0.12023717164993286 0.1320735663175583 -0.05917913839221001 -0.03236988186836243 0.010005032643675804 0.9976722598075867
16.3806436166348 -0.005859284196048975 -0.11831795424222946 0.13185608386993408 -0.056751836091279984 -0.028097238391637802 0.010811974294483662 0.9979343414306641
16.4306606166348 0.002613689284771681 -0.11552499234676361 0.12992827594280243 -0.05450316518545151 -0.02228011004626751 0.00902456883341074 0.9982242584228516
16.480678616634798 0.010911333374679089 -0.11189974844455719 0.12875856459140778 -0.0545780286192894 -0.018473530188202858 0.007750009186565876 0.9983085989952087
16.530695616634798 0.0175686813890934 -0.10754836350679398 0.12681464850902557 -0.05730510875582695 -0.014900749549269676 0.004868275485932827 0.9982336759567261
16.5807126166348 0.02290145680308342 -0.10068120062351227 0.12574751675128937 -0.06023089960217476 -0.012617874890565872 -0.00024278245109599084 0.9981046915054321
16.6307296166348 0.026910647749900818 -0.09330829977989197 0.12496794015169144 -0.06439149379730225 -0.015164974145591259 -0.004876106046140194 0.9977976083755493
16.6807476166348 0.029345262795686722 -0.08681607246398926 0.12408947944641113 -0.06874033063650131 -0.019509609788656235 -0.008260001428425312 0.9974096417427063
16.7307646166348 0.030048148706555367 -0.08057346940040588 0.1232585534453392 -0.07261557132005692 -0.02481706812977791 -0.01182582788169384 0.996981143951416
16.7807816166348 0.029431158676743507 -0.07520784437656403 0.12192930281162262 -0.07621545344591141 -0.030868269503116608 -0.013639282435178757 0.9965201616287231
16.8307986166348 0.0262820515781641 -0.07028554379940033 0.1213349774479866 -0.0795586109161377 -0.03819409757852554 -0.015187276527285576 0.9959824681282043
16.880815616634802 0.022464880719780922 -0.06734313070774078 0.12098167836666107 -0.08399985730648041 -0.0486978143453598 -0.015125362202525139 0.9951602220535278
16.9308336166348 0.018431711941957474 -0.06517673283815384 0.11983340233564377 -0.08680491894483566 -0.061574265360832214 -0.014846495352685452 0.9942098259925842
16.9808506166348 0.013507627882063389 -0.06575269997119904 0.11926092952489853 -0.09129950404167175 -0.07438674569129944 -0.013894629664719105 0.9929441213607788
17.0308676166348 0.008229829370975494 -0.06962227821350098 0.117383673787117 -0.09261032938957214 -0.08107142150402069 -0.017481567338109016 0.9922425150871277
17.0808846166348 0.003431163728237152 -0.07371769100427628 0.11683483421802521 -0.09261958301067352 -0.09144871681928635 -0.021465130150318146 0.9912608861923218
17.130902616634803 0.0009513949044048786 -0.08013627678155899 0.11685096472501755 -0.09313107281923294 -0.09947264194488525 -0.021181955933570862 0.9904459714889526
17.1809196166348 -0.0008353737648576498 -0.0856291651725769 0.11755073070526123 -0.08958836644887924 -0.10031241923570633 -0.0192156583070755 0.9907281398773193
17.2309366166348 -0.00146661011967808 -0.09213133901357651 0.11715244501829147 -0.08428905159235 -0.1030033603310585 -0.014734040945768356 0.9909937977790833
17.2809536166348 0.0002268988173455 -0.09865156561136246 0.11684836447238922 -0.07824764400720596 -0.10775714367628098 -0.008842051029205322 0.9910537600517273
17.330971616634802 0.001444389345124364 -0.10466454178094864 0.11546561121940613 -0.07123768329620361 -0.10537779331207275 -0.004320608917623758 0.9918680191040039
17.380988616634802 0.007305965758860111 -0.110415019094944 0.11509598791599274 -0.06488899886608124 -0.10087566077709198 0.0006997798918746412 0.9927805066108704
17.431005616634803 0.012696105055510998 -0.11421576887369156 0.11581949889659882 -0.05952899530529976 -0.09604090452194214 0.004140638280659914 0.993587076663971
17.4810226166348 0.01883007027208805 -0.11594869196414948 0.11556646972894669 -0.05480600520968437 -0.09008494764566422 0.005758445244282484 0.9944083094596863
17.5310396166348 0.027014650404453278 -0.1157633513212204 0.114710234105587 -0.05130710452795029 -0.08179531991481781 0.006695678923279047 0.9953051209449768
17.5810576166348 0.0338686928153038 -0.11335723847150803 0.11475055664777756 -0.049616988748311996 -0.0701771154999733 0.0039027207531034946 0.9962921738624573
17.631074616634802 0.040557317435741425 -0.11001889407634735 0.11398432403802872 -0.04938080534338951 -0.05924003943800926 0.0011224686168134212 0.9970210194587708
17.681091616634802 0.04562192037701607 -0.10446030646562576 0.11341848969459534 -0.051655691117048264 -0.04922513663768768 -0.002631563926115632 0.9974476099014282
17.731108616634803 0.05009877309203148 -0.09750629216432571 0.11329902708530426 -0.05593689903616905 -0.041120175272226334 -0.007701781578361988 0.997557520866394
17.7811266166348 0.05237053707242012 -0.09038220345973969 0.1132323369383812 -0.06271262466907501 -0.030002176761627197 -0.011461322195827961 0.9975147843360901
17.8311436166348 0.054038483649492264 -0.08118075877428055 0.11391177028417587 -0.06913898140192032 -0.02437404915690422 -0.013250854797661304 0.9972211718559265
17.8811606166348 0.05387500673532486 -0.07520779967308044 0.1142420694231987 -0.07915136218070984 -0.025587793439626694 -0.013563820160925388 0.9964418411254883
17.931177616634802 0.05360085517168045 -0.06937084347009659 0.11444675922393799 -0.08778481930494308 -0.03231876716017723 -0.010618201456964016 0.9955584406852722
17.9811956166348 0.051185328513383865 -0.064262755215168 0.11364118754863739 -0.0940813198685646 -0.03952369838953018 -0.006581936962902546 0.9947579503059387
18.0312126166348 0.04813295602798462 -0.0627189576625824 0.11300322413444519 -0.10077390819787979 -0.04819326102733612 -0.0018373805796727538 0.9937397241592407
18.0812296166348 0.0449807271361351 -0.062173884361982346 0.11230704933404922 -0.10425350069999695 -0.05812697857618332 0.0035037652123719454 0.9928445219993591
18.1312466166348 0.04225447028875351 -0.06433241069316864 0.11123335361480713 -0.10624973475933075 -0.06837183237075806 0.009129601530730724 0.9919440150260925
18.181264616634802 0.0386989451944828 -0.06866877526044846 0.11128969490528107 -0.10789310932159424 -0.07611435651779175 0.014151585288345814 0.991143524646759
18.2312816166348 0.03742801025509834 -0.07494242489337921 0.11100748926401138 -0.1079208254814148 -0.08435408025979996 0.01822599023580551 0.9904066324234009
18.2812986166348 0.03732353076338768 -0.08111198246479034 0.11057038605213165 -0.10439389199018478 -0.09033365547657013 0.019962918013334274 0.9902238845825195
18.3313156166348 0.03601040318608284 -0.08810953050851822 0.1100914254784584 -0.09926442056894302 -0.09144783020019531 0.02038518525660038 0.99064040184021
18.3813326166348 0.036863476037979126 -0.09502054005861282 0.10965734720230103 -0.09268924593925476 -0.0944276750087738 0.020580271258950233 0.9909937977790833
18.431350616634802 0.03855704516172409 -0.10176156461238861 0.10878404974937439 -0.08485828340053558 -0.0966855138540268 0.02002675086259842 0.9914888143539429
18.481367616634802 0.04201853647828102 -0.1089809462428093 0.10803284496068954 -0.0781484842300415 -0.09711435437202454 0.019487330690026283 0.9920090436935425
18.5313846166348 0.04694906249642372 -0.11423726379871368 0.1076967716217041 -0.07121142745018005 -0.09564720094203949 0.01846061646938324 0.9926932454109192
18.5814016166348 0.05296449735760689 -0.11884824931621552 0.10779433697462082 -0.0668325126171112 -0.09380120784044266 0.01448929961770773 0.9932395815849304
18.6314196166348 0.059319570660591125 -0.12111759930849075 0.10772962123155594 -0.06359914690256119 -0.08942458033561707 0.010434416122734547 0.9939061999320984
18.6814366166348 0.06515692919492722 -0.12047770619392395 0.10709016025066376 -0.05966540426015854 -0.08350430428981781 0.0041145808063447475 0.9947111010551453
18.731453616634802 0.07232826948165894 -0.11906968802213669 0.10752905905246735 -0.058485712856054306 -0.07775867730379105 -0.0006927680224180222 0.9952549934387207
18.781470616634802 0.07968219369649887 -0.11686726659536362 0.10655778646469116 -0.05804313346743584 -0.07046680897474289 -0.005796209443360567 0.9958071112632751
18.8314886166348 0.08568940311670303 -0.11293777823448181 0.10582786053419113 -0.059646885842084885 -0.06245901808142662 -0.011463618837296963 0.9961976408958435
18.8815056166348 0.09128712862730026 -0.10674852132797241 0.10496558248996735 -0.06165603920817375 -0.05493183434009552 -0.015840044245123863 0.9964588284492493
18.9315226166348 0.09494645148515701 -0.09941130876541138 0.1049044281244278 -0.06566347181797028 -0.047010499984025955 -0.02022046037018299 0.996528685092926
18.9815396166348 0.09821611642837524 -0.09077872335910797 0.10484436899423599 -0.06989891082048416 -0.04064376652240753 -0.022833192721009254 0.996464192867279
19.031556616634802 0.10064111649990082 -0.08220110833644867 0.10728830844163895 -0.07749234884977341 -0.039859406650066376 -0.024161648005247116 0.9959028363227844
19.0815746166348 0.10049621015787125 -0.07400771230459213 0.10681327432394028 -0.08412125706672668 -0.04161780700087547 -0.023255890235304832 0.9953144192695618
19.1315916166348 0.10014044493436813 -0.06648118793964386 0.10710122436285019 -0.08947085589170456 -0.04650357365608215 -0.021848412230610847 0.9946632981300354
19.1816086166348 0.09850845485925674 -0.061102159321308136 0.10692252963781357 -0.09561317414045334 -0.05470241606235504 -0.01846541091799736 0.993742823600769
19.2316256166348 0.09614367038011551 -0.058335572481155396 0.10684714466333389 -0.10197041183710098 -0.06330754607915878 -0.01498059369623661 0.9926579594612122
19.281643616634803 0.0928659588098526 -0.05701715871691704 0.10579632222652435 -0.10585930943489075 -0.07270102947950363 -0.011548350565135479 0.9916526675224304
19.3316606166348 0.08924832195043564 -0.05728202685713768 0.10498038679361343 -0.10790903121232986 -0.08423209935426712 -0.007493799086660147 0.9905576705932617
19.3816776166348 0.08611173927783966 -0.05995447561144829 0.10429883748292923 -0.10933911800384521 -0.09625691920518875 -0.0034248658921569586 0.9893269538879395
19.4316946166348 0.08297841250896454 -0.06422705203294754 0.10382013767957687 -0.10904059559106827 -0.10665158182382584 -0.0002471145708113909 0.9882993102073669
19.481712616634802 0.08101431280374527 -0.07010068744421005 0.10251572728157043 -0.10721608251333237 -0.11731940507888794 0.00084910006262362 0.9872893691062927
19.531729616634802 0.07964903116226196 -0.07612326741218567 0.10199901461601257 -0.10373389720916748 -0.12506245076656342 0.002322685904800892 0.9867083430290222
19.581746616634803 0.07886882871389389 -0.08227235823869705 0.1008949801325798 -0.09747306257486343 -0.12955895066261292 0.001184449647553265 0.9867684841156006
19.6317636166348 0.0809815302491188 -0.0881073996424675 0.10028498619794846 -0.09005093574523926 -0.13451172411441803 0.00012779890676029027 0.9868118166923523
19.6817816166348 0.08299387246370316 -0.09512121975421906 0.09938080608844757 -0.08402763307094574 -0.13756825029850006 -0.0018391136545687914 0.9869199395179749
19.7317986166348 0.08658427745103836 -0.0999966561794281 0.0995752140879631 -0.07698041945695877 -0.13968463242053986 -0.004775100853294134 0.9871876835823059
19.781815616634802 0.09175480902194977 -0.10526684671640396 0.09973037242889404 -0.07218525558710098 -0.14059704542160034 -0.007420554757118225 0.9874040484428406
19.831832616634802 0.09798066318035126 -0.10815929621458054 0.10024892538785934 -0.06750466674566269 -0.14058637619018555 -0.010696939192712307 0.9877064824104309
19.881849616634803 0.1055615246295929 -0.10990988463163376 0.10071760416030884 -0.06384766101837158 -0.13725845515727997 -0.015385111793875694 0.9883556962013245
19.9318676166348 0.11202441155910492 -0.1099085584282875 0.10113337635993958 -0.061900388449430466 -0.13104982674121857 -0.02096525765955448 0.9892193078994751
19.9818846166348 0.12048736214637756 -0.10873518884181976 0.10053281486034393 -0.06170177459716797 -0.12697868049144745 -0.026836352422833443 0.9896206855773926
20.0319016166348 0.12750835716724396 -0.1058342382311821 0.10156263411045074 -0.06282958388328552 -0.12173710018396378 -0.03126054257154465 0.9900784492492676
20.081918616634802 0.13450020551681519 -0.10276913642883301 0.1018901988863945 -0.06606823951005936 -0.11665492504835129 -0.03558777645230293 0.9903333783149719
20.1319366166348 0.1408764272928238 -0.09733185917139053 0.10130061954259872 -0.06795544177293777 -0.11123522371053696 -0.04055146500468254 0.9906384348869324
20.1819536166348 0.14574426412582397 -0.09159467369318008 0.10100331157445908 -0.07138339430093765 -0.10565802454948425 -0.04378481209278107 0.9908702373504639
20.2319706166348 0.1502133309841156 -0.0847017765045166 0.10087193548679352 -0.07438197731971741 -0.10346562415361404 -0.04647548124194145 0.9907584190368652
20.2819876166348 0.15347500145435333 -0.07914081960916519 0.10125278681516647 -0.07979729771614075 -0.10203030705451965 -0.04758250340819359 0.9904333353042603
20.332005616634802 0.15418104827404022 -0.0714627206325531 0.10268960893154144 -0.08424193412065506 -0.10148255527019501 -0.04726370796561241 0.9901367425918579
20.3820226166348 0.1541227102279663 -0.06547219306230545 0.10203861445188522 -0.08923272043466568 -0.10401546210050583 -0.04637221619486809 0.9894786477088928
20.4320396166348 0.15309129655361176 -0.0607338510453701 0.10180917382240295 -0.09513889998197556 -0.10990648716688156 -0.04211503639817238 0.9884814023971558
20.4820566166348 0.15123367309570312 -0.05809910595417023 0.10162913054227829 -0.10178562998771667 -0.11873576045036316 -0.03931281715631485 0.9869124293327332
20.5320736166348 0.1490326076745987 -0.05518198758363724 0.10167032480239868 -0.10667023062705994 -0.13015462458133698 -0.03484215959906578 0.9851230382919312
20.582091616634802 0.14592157304286957 -0.05492937192320824 0.1014324352145195 -0.11180479824542999 -0.14132937788963318 -0.031818877905607224 0.9831141233444214
20.632108616634802 0.14449071884155273 -0.05576326325535774 0.10127606242895126 -0.11443576216697693 -0.15355367958545685 -0.026837415993213654 0.9811246395111084
20.6821256166348 0.14220073819160461 -0.0574614591896534 0.1004786565899849 -0.1138329952955246 -0.16440045833587646 -0.023719321936368942 0.9795162081718445
20.7321426166348 0.14105486869812012 -0.06212875619530678 0.09965617209672928 -0.1133798360824585 -0.1754198670387268 -0.01980144903063774 0.9777427315711975
20.7821606166348 0.1410338282585144 -0.06682733446359634 0.09684829413890839 -0.1086089164018631 -0.18537680804729462 -0.018693145364522934 0.9764682054519653
20.8321776166348 0.14082619547843933 -0.07197915017604828 0.09517279267311096 -0.10386183857917786 -0.18975438177585602 -0.017670296132564545 0.9761627912521362
20.882194616634802 0.14100120961666107 -0.07884910702705383 0.09267367422580719 -0.09988169372081757 -0.19012987613677979 -0.02003035880625248 0.9764595031738281
20.932211616634802 0.1434602439403534 -0.08358976244926453 0.09100358188152313 -0.09318765252828598 -0.1895001232624054 -0.02205229178071022 0.9771998524665833
20.9822296166348 0.14694470167160034 -0.08801233768463135 0.09009906649589539 -0.08706536889076233 -0.1864461600780487 -0.025168336927890778 0.9782760739326477
21.0322466166348 0.15077753365039825 -0.09209990501403809 0.09038606286048889 -0.0822155773639679 -0.18270356953144073 -0.029388343915343285 0.9792836308479309
21.0822636166348 0.15628498792648315 -0.09544692933559418 0.09013844281435013 -0.07853572815656662 -0.17928975820541382 -0.03279222548007965 0.9801082015037537
21.1322806166348 0.16133633255958557 -0.09782366454601288 0.09038762748241425 -0.07591989636421204 -0.17441414296627045 -0.037156470119953156 0.9810379147529602
21.1822986166348 0.16773968935012817 -0.09930132329463959 0.09156835079193115 -0.07513093203306198 -0.16901272535324097 -0.042646102607250214 0.9818204641342163
21.2323156166348 0.17290419340133667 -0.09825830161571503 0.09263299405574799 -0.07437548786401749 -0.16231100261211395 -0.04727873578667641 0.9827961325645447
21.2823326166348 0.17809905111789703 -0.09632281959056854 0.09392936527729034 -0.07453473657369614 -0.15455292165279388 -0.051589421927928925 0.9838173389434814
21.3323496166348 0.18341998755931854 -0.09387067705392838 0.094691202044487 -0.0749916359782219 -0.1465589702129364 -0.056951284408569336 0.9847097396850586
21.3823666166348 0.1869771033525467 -0.09012172371149063 0.09630543738603592 -0.07654180377721786 -0.13825684785842896 -0.06186330318450928 0.9854944944381714
21.432384616634803 0.18820905685424805 -0.08547427505254745 0.09768269956111908 -0.07870683073997498 -0.13074956834316254 -0.06631499528884888 0.9860588908195496
21.4824016166348 0.1895754337310791 -0.08013713359832764 0.09855831414461136 -0.08034953474998474 -0.12701216340065002 -0.06832583248615265 0.9862776398658752
21.5324186166348 0.1885356456041336 -0.0756586566567421 0.10022217035293579 -0.0836789608001709 -0.12547871470451355 -0.07019106298685074 0.9860660433769226
21.5824356166348 0.1847577840089798 -0.06976799666881561 0.10121811926364899 -0.08547323197126389 -0.12464539706707001 -0.0704694464802742 0.9859979152679443
21.632453616634802 0.18316975235939026 -0.06578293442726135 0.10191603749990463 -0.08835536986589432 -0.12959352135658264 -0.06908970326185226 0.9852032661437988
21.682470616634802 0.18155090510845184 -0.06155220791697502 0.10221857577562332 -0.09000242501497269 -0.13644486665725708 -0.06688109785318375 0.9842811226844788
21.732487616634803 0.176428884267807 -0.060263726860284805 0.10174082964658737 -0.09362983703613281 -0.1402074247598648 -0.06482180207967758 0.9835514426231384
21.7825046166348 0.17252741754055023 -0.06003301218152046 0.10209403187036514 -0.09632973372936249 -0.14617761969566345 -0.06111101433634758 0.9826587438583374
21.8325226166348 0.16776622831821442 -0.060935571789741516 0.09930909425020218 -0.09628155827522278 -0.15286417305469513 -0.05672084912657738 0.981908917427063
21.8825396166348 0.16416549682617188 -0.06412141025066376 0.09896077960729599 -0.09604470431804657 -0.16050274670124054 -0.053306944668293 0.9809040427207947
21.932556616634802 0.16090206801891327 -0.06835675984621048 0.09697483479976654 -0.09437324851751328 -0.16693703830242157 -0.05044509842991829 0.9801433682441711
21.982573616634802 0.15877503156661987 -0.07419955730438232 0.09532494097948074 -0.09264374524354935 -0.1741601973772049 -0.048044487833976746 0.9791716933250427
22.032590616634803 0.15625956654548645 -0.07926580309867859 0.0931440070271492 -0.08862870931625366 -0.1779852956533432 -0.04715584218502045 0.9788987040519714
22.0826086166348 0.15475864708423615 -0.08537569642066956 0.09254899621009827 -0.0860104113817215 -0.1803901642560959 -0.04658883437514305 0.9787191152572632
22.1326256166348 0.15413936972618103 -0.08999966830015182 0.09183742105960846 -0.08148015290498734 -0.18219931423664093 -0.04637965187430382 0.978781521320343
22.1826426166348 0.15296012163162231 -0.09503026306629181 0.09177501499652863 -0.07778166234493256 -0.18087179958820343 -0.04690365120768547 0.9793035984039307
22.232659616634802 0.15567679703235626 -0.10005482286214828 0.09236174821853638 -0.07419708371162415 -0.18155600130558014 -0.047054778784513474 0.9794478416442871
22.2826776166348 0.15797995030879974 -0.10416048765182495 0.09359972178936005 -0.07134953886270523 -0.17991623282432556 -0.048017196357250214 0.979915201663971
22.3326946166348 0.16161701083183289 -0.10623788088560104 0.0953313410282135 -0.06786461919546127 -0.177656352519989 -0.04880421236157417 0.9805359840393066
22.3827116166348 0.16592583060264587 -0.10714087635278702 0.0962401032447815 -0.06450267881155014 -0.17390483617782593 -0.04931771010160446 0.9814093708992004
22.4327286166348 0.17029444873332977 -0.10693797469139099 0.09899865835905075 -0.06222757324576378 -0.16917575895786285 -0.051084306091070175 0.982292115688324
22.482746616634802 0.17518122494220734 -0.10539738088846207 0.10090342909097672 -0.06093974784016609 -0.16270822286605835 -0.05205395072698593 0.9834138751029968
22.5327636166348 0.1809009313583374 -0.10394681245088577 0.1028318926692009 -0.06182426959276199 -0.15691231191158295 -0.05273769423365593 0.9842637181282043
22.5827806166348 0.1855219453573227 -0.09940174221992493 0.10472124814987183 -0.063097283244133 -0.15008141100406647 -0.052847906947135925 0.9852418303489685
22.6327976166348 0.18870197236537933 -0.09511053562164307 0.10734357684850693 -0.06670600920915604 -0.1431734412908554 -0.05385545268654823 0.9859773516654968
22.6828156166348 0.19145487248897552 -0.0898890495300293 0.10919880121946335 -0.07010652124881744 -0.13578975200653076 -0.054450780153274536 0.9867529273033142
22.732832616634802 0.19211477041244507 -0.08529714494943619 0.11036714911460876 -0.07441017776727676 -0.12938068807125092 -0.05519871786236763 0.9872573018074036
22.782849616634802 0.193485289812088 -0.08070787042379379 0.1117507740855217 -0.07842564582824707 -0.1256403625011444 -0.05623413622379303 0.9873710870742798
22.8328666166348 0.1929679811000824 -0.0750720277428627 0.11186745762825012 -0.08000556379556656 -0.11921969056129456 -0.05602996423840523 0.9880518913269043
22.8828836166348 0.19097471237182617 -0.07034663110971451 0.11210370808839798 -0.08158806711435318 -0.11141937971115112 -0.05474211275577545 0.9889047145843506
22.9329016166348 0.18904656171798706 -0.06730395555496216 0.1123582273721695 -0.0837012454867363 -0.10647635906934738 -0.05341395363211632 0.9893451929092407
22.9829186166348 0.1853073090314865 -0.06292444467544556 0.11169629544019699 -0.08404948562383652 -0.10184856504201889 -0.04797426983714104 0.9900813102722168
23.032935616634802 0.18228565156459808 -0.06196700409054756 0.10951364040374756 -0.08625493198633194 -0.10056976228952408 -0.04214509576559067 0.9902876615524292
23.082952616634802 0.1786639243364334 -0.06220629811286926 0.10707630962133408 -0.0889742374420166 -0.10363151133060455 -0.03542804718017578 0.989994466304779
23.1329706166348 0.17273515462875366 -0.0636231005191803 0.10450692474842072 -0.09252163022756577 -0.10959141701459885 -0.028585286810994148 0.9892483949661255
23.1829876166348 0.1665179580450058 -0.06655547022819519 0.10168316215276718 -0.09555981308221817 -0.11902933567762375 -0.021479297429323196 0.9880480766296387
23.2330046166348 0.16132071614265442 -0.07098015397787094 0.09982964396476746 -0.0996861532330513 -0.1284293234348297 -0.013876253738999367 0.9865982532501221
23.2830216166348 0.15645751357078552 -0.07654902338981628 0.09899204224348068 -0.10269048810005188 -0.13562966883182526 -0.007261596154421568 0.985396683216095
23.3330396166348 0.15325988829135895 -0.08401855081319809 0.09893642365932465 -0.10559471696615219 -0.1391369104385376 -0.001913728890940547 0.9846253395080566
23.3830566166348 0.14941389858722687 -0.09077003598213196 0.09992390125989914 -0.107085682451725 -0.13855794072151184 0.0020350634586066008 0.9845457077026367
23.4330736166348 0.14592254161834717 -0.09853748977184296 0.10010913759469986 -0.10762439668178558 -0.13529187440872192 0.004494932014495134 0.9849329590797424
23.4830906166348 0.14420334994792938 -0.10440738499164581 0.10008006542921066 -0.10452867299318314 -0.13195347785949707 0.0048816329799592495 0.9857171177864075
23.5331076166348 0.1444934755563736 -0.10765055567026138 0.1012318953871727 -0.09923161566257477 -0.12531033158302307 0.0049074310809373856 0.9871304035186768
23.583125616634803 0.14463086426258087 -0.10912855714559555 0.10161251574754715 -0.09301921725273132 -0.11330021917819977 0.0026142504066228867 0.9891934990882874
23.6331426166348 0.1437302976846695 -0.11054712533950806 0.10262356698513031 -0.08872567862272263 -0.09891325980424881 -0.0008706235093995929 0.9911323189735413
23.6831596166348 0.1422273814678192 -0.1087176725268364 0.10329892486333847 -0.08374151587486267 -0.08287357538938522 -0.00429416261613369 0.9930261373519897
23.7331766166348 0.14084282517433167 -0.10507851839065552 0.10326539725065231 -0.07923068851232529 -0.07062611728906631 -0.008127016015350819 0.9943181276321411
23.783194616634802 0.13912366330623627 -0.10021254420280457 0.10254903137683868 -0.07630470395088196 -0.058900125324726105 -0.010333185084164143 0.9952897429466248
23.833211616634802 0.13475362956523895 -0.09451159089803696 0.10338956117630005 -0.07565543055534363 -0.04559488222002983 -0.013742897659540176 0.9959962964057922
23.883228616634803 0.12898947298526764 -0.086357481777668 0.10356754064559937 -0.07586505264043808 -0.03318282216787338 -0.015014651231467724 0.9964526891708374
23.9332456166348 0.12299059331417084 -0.0798281729221344 0.10439173877239227 -0.07988051325082779 -0.02367120236158371 -0.01534816063940525 0.9964051842689514
23.9832636166348 0.1159563809633255 -0.07105600833892822 0.10511693358421326 -0.08320724219083786 -0.0160813070833683 -0.012599947862327099 0.9963228106498718
24.0332806166348 0.10690475255250931 -0.06410881876945496 0.10574392974376678 -0.08852418512105942 -0.011437754146754742 -0.00816008634865284 0.9959749579429626
24.083297616634802 0.09619459509849548 -0.0586475133895874 0.10584750026464462 -0.09487496316432953 -0.010544626042246819 -0.0032052972819656134 0.995428204536438
24.133314616634802 0.08642464876174927 -0.05466746166348457 0.10535581409931183 -0.10065987706184387 -0.013301613740622997 0.004098869860172272 0.9948235750198364
24.1833326166348 0.07532717287540436 -0.05235809460282326 0.1058465987443924 -0.10584503412246704 -0.01685754396021366 0.011709923855960369 0.9941708445549011
24.2333496166348 0.0648595318198204 -0.052817318588495255 0.10509134083986282 -0.1099698394536972 -0.023121679201722145 0.019995879381895065 0.9934647679328918
24.2833666166348 0.05558200553059578 -0.054577600210905075 0.1046861931681633 -0.11018151044845581 -0.031135184690356255 0.0280228853225708 0.993028461933136
24.3333836166348 0.047117870301008224 -0.059024833142757416 0.10393208265304565 -0.10845192521810532 -0.03797311708331108 0.03485057130455971 0.9927646517753601
24.383400616634802 0.04004782438278198 -0.06584908813238144 0.1027502566576004 -0.1046762689948082 -0.043449029326438904 0.03895809128880501 0.9927927255630493
24.4334186166348 0.03371366858482361 -0.07202399522066116 0.10049431025981903 -0.09767856448888779 -0.04681367427110672 0.041780322790145874 0.9932380318641663
24.4834356166348 0.027400199323892593 -0.08016379177570343 0.09911591559648514 -0.09171446412801743 -0.04945557564496994 0.04276913404464722 0.9936365485191345
24.5334526166348 0.025457505136728287 -0.09000170975923538 0.09811821579933167 -0.0877353772521019 -0.05333131179213524 0.04502768814563751 0.9936955571174622
24.5834696166348 0.024506710469722748 -0.0984870046377182 0.09684542566537857 -0.08183787018060684 -0.051088906824588776 0.04548699036240578 0.9942954778671265
24.633487616634802 0.02464018575847149 -0.10655682533979416 0.09585583955049515 -0.0777367502450943 -0.0474419966340065 0.044877007603645325 0.9948328137397766
24.6835046166348 0.027688035741448402 -0.11175087094306946 0.09524720907211304 -0.07190800458192825 -0.042581841349601746 0.04495449364185333 0.9954873919487
24.7335216166348 0.03073601797223091 -0.11565585434436798 0.09454663097858429 -0.06668827682733536 -0.034082598984241486 0.04280545935034752 0.9962724447250366
24.7835386166348 0.03512536361813545 -0.11753301322460175 0.09297741204500198 -0.0612867996096611 -0.026083730161190033 0.03988192230463028 0.9969819784164429
24.8335566166348 0.03944205120205879 -0.11737735569477081 0.0909067690372467 -0.05638408288359642 -0.01654951646924019 0.036921385675668716 0.9975889325141907
24.883573616634802 0.04363302141427994 -0.11440952122211456 0.08874674141407013 -0.05224716663360596 -0.0074235061183571815 0.03458547964692116 0.9980075359344482
24.933590616634802 0.04623882472515106 -0.11252918094396591 0.08751795440912247 -0.05284588411450386 0.0029644339811056852 0.03327363356947899 0.9980438351631165
24.9836076166348 0.048746366053819656 -0.10734633356332779 0.08490415662527084 -0.053918130695819855 0.014466204680502415 0.032558999955654144 0.9979096055030823
25.0336256166348 0.05040115490555763 -0.10068713873624802 0.08366800844669342 -0.0586196668446064 0.023993149399757385 0.032350312918424606 0.997467577457428
25.0836426166348 0.05004218965768814 -0.0937001034617424 0.08294279873371124 -0.06585925072431564 0.0309609305113554 0.03256771340966225 0.9968166351318359
25.1336596166348 0.051020268350839615 -0.08461514860391617 0.0830041691660881 -0.0728369802236557 0.033090945333242416 0.0354304201900959 0.9961649179458618
25.183676616634802 0.048308227211236954 -0.07696010172367096 0.08251357078552246 -0.08118239045143127 0.03401486948132515 0.03733870014548302 0.9954186677932739
25.233693616634802 0.04408218711614609 -0.07031932473182678 0.08180280029773712 -0.09003683179616928 0.032332904636859894 0.038659028708934784 0.9946624636650085
25.2837116166348 0.03803075850009918 -0.06283310800790787 0.08114737272262573 -0.09596593677997589 0.02710573747754097 0.039854127913713455 0.994217038154602
25.3337286166348 0.0305093415081501 -0.058144718408584595 0.08042889088392258 -0.10157211869955063 0.019523002207279205 0.04041660577058792 0.9938151240348816
25.3837456166348 0.02390759438276291 -0.05505172535777092 0.0791526660323143 -0.10503163933753967 0.009837880730628967 0.040419530123472214 0.993598461151123
25.4337626166348 0.015827571973204613 -0.05449526011943817 0.07745622843503952 -0.1072726845741272 0.0011839689686894417 0.03915204480290413 0.9934577941894531
25.4837806166348 0.007598170079290867 -0.055548135191202164 0.0754992812871933 -0.10712465643882751 -0.00819220207631588 0.036972127854824066 0.9935241937637329
25.5337976166348 -0.000959149794653058 -0.0595533661544323 0.07435160130262375 -0.10687486827373505 -0.01748862862586975 0.03258812054991722 0.9935844540596008
25.5838146166348 -0.009536085650324821 -0.06369511783123016 0.07294375449419022 -0.10287457704544067 -0.023564966395497322 0.028155934065580368 0.9940164685249329
25.6338316166348 -0.014951130375266075 -0.0709969773888588 0.0708247721195221 -0.09931285679340363 -0.03063301369547844 0.024557078257203102 0.9942814707756042
25.683849616634802 -0.020399650558829308 -0.07817567884922028 0.06799379736185074 -0.0921560749411583 -0.03670022636651993 0.021544916555285454 0.9948347210884094
25.733866616634803 -0.024423344060778618 -0.08636938035488129 0.06500661373138428 -0.08440833538770676 -0.042195796966552734 0.018263833597302437 0.9953699111938477
25.7838836166348 -0.025650357827544212 -0.09501715749502182 0.06219573691487312 -0.07572843134403229 -0.04500456154346466 0.01738489605486393 0.9959605932235718
25.8339006166348 -0.025077147409319878 -0.1037844866514206 0.058745354413986206 -0.06666653603315353 -0.04559726640582085 0.017747314646840096 0.996574878692627
25.8839176166348 -0.02297336980700493 -0.11093270033597946 0.054884590208530426 -0.05702042579650879 -0.04380619898438454 0.01910111866891384 0.9972286224365234
25.933935616634802 -0.018672937527298927 -0.11770623177289963 0.05061645433306694 -0.04872588440775871 -0.04069603979587555 0.023824188858270645 0.9976983666419983
25.983952616634802 -0.01230432279407978 -0.12139548361301422 0.04862375929951668 -0.04178715497255325 -0.03538157045841217 0.02937762625515461 0.9980676174163818
26.033969616634803 -0.0060253627598285675 -0.12455371022224426 0.047601040452718735 -0.038189634680747986 -0.025914818048477173 0.03587344288825989 0.9982900619506836
26.0839866166348 0.0011670573148876429 -0.12488967925310135 0.04679954797029495 -0.0356815904378891 -0.014704202301800251 0.043013181537389755 0.9983289241790771
26.1340046166348 0.007651803083717823 -0.12398327142000198 0.04621943086385727 -0.03541231527924538 -0.0005559088895097375 0.04898108169436455 0.9981716275215149
