# timestamp[secs] tx ty tz qx qy qz qw
1542151681.9895203 -0.0 -0.0 -0.0 -0.0 -0.0 -0.0 1.0
1542151682.0198603 -0.024063220247626305 -0.022755028679966927 0.03762209415435791 0.005464786197990179 0.024989942088723183 -0.033388298004865646 0.9991150498390198
1542151682.0498273 -0.042740728706121445 -0.03969140723347664 0.0650162398815155 0.006497196387499571 0.0395980104804039 -0.05144849419593811 0.9978691935539246
1542151682.0793943 -0.0569266676902771 -0.05427143722772598 0.07435068488121033 0.003903084434568882 0.061137448996305466 -0.07676060497760773 0.9951657652854919
1542151682.1087093 -0.07194408774375916 -0.06421627104282379 0.09322671592235565 -0.0005231290124356747 0.09587118774652481 -0.1255311220884323 0.9874464869499207
1542151682.1377683 -0.07239439338445663 -0.07042115181684494 0.10631392151117325 -0.0063367621041834354 0.12012466788291931 -0.1583734154701233 0.9800244569778442
1542151682.1662903 -0.07610732316970825 -0.0693579763174057 0.10915098339319229 -0.012245654128491879 0.1350748986005783 -0.1549234390258789 0.9785721898078918
1542151682.1940022 -0.09288588166236877 -0.07405493408441544 0.1376952826976776 -0.015178079716861248 0.14556171000003815 -0.14316242933273315 0.9788187146186829
1542151682.2208843 -0.11349129676818848 -0.09463654458522797 0.258541464805603 -0.009445423260331154 0.16898679733276367 -0.1351756453514099 0.9762591123580933
1542151682.2472231 -0.12180036306381226 -0.09779380261898041 0.320438027381897 0.004292034078389406 0.19875380396842957 -0.12691928446292877 0.9717870354652405
1542151682.2734082 -0.125813290476799 -0.10351251065731049 0.35446685552597046 0.023635396733880043 0.2146150767803192 -0.10870211571455002 0.9703431129455566
1542151682.2996101 -0.13045819103717804 -0.10891209542751312 0.3777082562446594 0.047457389533519745 0.2231035828590393 -0.0800698846578598 0.9703409075737
1542151682.3257053 -0.12972204387187958 -0.11308273673057556 0.44324052333831787 0.07310479134321213 0.23374737799167633 -0.04855689778923988 0.9683285355567932
1542151682.3514721 -0.1241091638803482 -0.12712235748767853 0.46673309803009033 0.09789103269577026 0.2444518655538559 -0.031375665217638016 0.9641972184181213
1542151682.3767762 -0.1376902163028717 -0.1333761364221573 0.4976952075958252 0.1258552521467209 0.25201332569122314 -0.027853114530444145 0.959100604057312
1542151682.4015863 -0.13226039707660675 -0.1422307789325714 0.5113341808319092 0.14697407186031342 0.2571507394313812 -0.028158536180853844 0.9547141790390015
1542151682.4259202 -0.127389594912529 -0.14958930015563965 0.5257101655006409 0.16676485538482666 0.2606796622276306 -0.027346085757017136 0.9505197405815125
1542151682.4498193 -0.14399759471416473 -0.1457788199186325 0.5385725498199463 0.18749918043613434 0.2609350383281708 -0.02628554217517376 0.9466077089309692
1542151682.4733503 -0.14042150974273682 -0.1496913880109787 0.5451089143753052 0.20641353726387024 0.2561814486980438 -0.026661638170480728 0.9439564347267151
1542151682.4965854 -0.13773414492607117 -0.15241408348083496 0.5479203462600708 0.22307784855365753 0.2457691729068756 -0.029781559482216835 0.9428398609161377
1542151682.5195923 -0.13724423944950104 -0.1610313206911087 0.5522730350494385 0.23534385859966278 0.23067258298397064 -0.030196623876690865 0.9436586499214172
1542151682.5424342 -0.13173511624336243 -0.17599903047084808 0.5633721351623535 0.2405456155538559 0.21368147432804108 -0.031123638153076172 0.9463135600090027
1542151682.5651681 -0.13088758289813995 -0.17875680327415466 0.5617377758026123 0.24268992245197296 0.19854788482189178 -0.03375295177102089 0.9489684700965881
1542151682.5878413 -0.13154655694961548 -0.18089084327220917 0.5578727126121521 0.2413385808467865 0.18493661284446716 -0.035391345620155334 0.951998770236969
1542151682.6104882 -0.1298063099384308 -0.18652597069740295 0.5561096668243408 0.2356414496898651 0.17053383588790894 -0.03372509032487869 0.9561662673950195
1542151682.6331472 -0.12241260707378387 -0.17364124953746796 0.5560534596443176 0.2266327440738678 0.15426643192768097 -0.027473056688904762 0.9612932801246643
1542151682.6558611 -0.1222616508603096 -0.1873493492603302 0.5467990636825562 0.21127086877822876 0.13695929944515228 -0.01612403802573681 0.9676501154899597
1542151682.6786542 -0.11310591548681259 -0.18955260515213013 0.5032591223716736 0.1892508864402771 0.11572745442390442 -0.0009413391817361116 0.9750848412513733
1542151682.7015562 -0.10645280033349991 -0.1939443051815033 0.4450525641441345 0.16299016773700714 0.09171630442142487 0.019664067775011063 0.9821587204933167
1542151682.7246153 -0.07487854361534119 -0.20517660677433014 0.36152344942092896 0.1309162676334381 0.06390680372714996 0.042300790548324585 0.9884268641471863
1542151682.7478933 -0.07629472017288208 -0.18970611691474915 0.26090091466903687 0.09169595688581467 0.034057747572660446 0.06255069375038147 0.9932368397712708
1542151682.7714732 -0.17058275640010834 -0.19378870725631714 0.21109461784362793 0.05075817555189133 0.013181827962398529 0.08368654549121857 0.9951112866401672
1542151682.7954502 -0.16443313658237457 -0.15162579715251923 0.014201675541698933 0.013877554796636105 -0.0325196236371994 0.1041513979434967 0.993932843208313
1542151682.8199503 -0.1876225769519806 -0.12728115916252136 -0.06386732310056686 -0.014531987719237804 -0.0600062794983387 0.13144990801811218 0.9893983006477356
1542151682.8451262 -0.15743356943130493 -0.0692451074719429 -0.18806834518909454 -0.03853236511349678 -0.10221940279006958 0.14752547442913055 0.9830069541931152
1542151682.8710814 -0.16445037722587585 -0.027931030839681625 -0.30714765191078186 -0.06552761048078537 -0.12947562336921692 0.14885254204273224 0.9781539440155029
1542151682.8978853 -0.11637905985116959 0.026513807475566864 -0.4730640947818756 -0.08677510172128677 -0.16264483332633972 0.15378253161907196 0.9707562327384949
1542151682.9255743 -0.11639010906219482 0.06286858767271042 -0.5377407670021057 -0.09325426816940308 -0.1887597292661667 0.16003689169883728 0.9643970131874084
1542151682.9541512 -0.1682945191860199 0.1680784374475479 -0.8632132411003113 -0.09665056318044662 -0.18787781894207 0.16877055168151855 0.9627445936203003
1542151682.9835443 -0.17674963176250458 0.06258513033390045 -0.6859056949615479 -0.08999071270227432 -0.19600453972816467 0.19479767978191376 0.9568374156951904
1542151683.0136251 -0.09003046900033951 0.16116656363010406 -0.8750097155570984 -0.09062264114618301 -0.20858310163021088 0.2133205384016037 0.9501447081565857
1542151683.0442352 -0.13164016604423523 0.2462308257818222 -0.9634990096092224 -0.09327525645494461 -0.17784586548805237 0.2436247318983078 0.9488507509231567
1542151683.0751882 -0.05603795498609543 0.3064021170139313 -0.973228931427002 -0.08188141137361526 -0.19206559658050537 0.24703103303909302 0.9462462663650513
1542151683.1063192 -0.08507698029279709 0.26784205436706543 -0.8138049840927124 -0.06810931116342545 -0.20960453152656555 0.2555404305458069 0.9413427710533142
1542151683.1374822 -0.09362692385911942 0.24207885563373566 -0.9268032312393188 -0.0750657469034195 -0.20842371881008148 0.27848243713378906 0.9345438480377197
1542151683.1685371 -0.06123906373977661 0.26176226139068604 -0.9084126949310303 -0.07623925060033798 -0.22498004138469696 0.28136706352233887 0.929733395576477
1542151683.1993682 -0.03292045742273331 0.2661178708076477 -0.8915531635284424 -0.08585047721862793 -0.2345239669084549 0.27822503447532654 0.9274799823760986
1542151683.2299192 0.043212831020355225 0.30935007333755493 -0.910026490688324 -0.0812082588672638 -0.24960960447788239 0.28682711720466614 0.9213200211524963
1542151683.2602322 -0.013276427984237671 0.2502543330192566 -0.9491898417472839 -0.06588707864284515 -0.2685100734233856 0.2844955325126648 0.9179453253746033
1542151683.2904131 -0.013409003615379333 0.23707784712314606 -0.935661792755127 -0.053439512848854065 -0.2777571678161621 0.2742137014865875 0.9191311597824097
1542151683.3205292 0.0011707022786140442 0.25763505697250366 -0.9407539963722229 -0.043901681900024414 -0.27466481924057007 0.26654210686683655 0.9228149056434631
1542151683.3505583 0.008860588073730469 0.2416907399892807 -0.8702830076217651 -0.040949445217847824 -0.25501686334609985 0.2701491713523865 0.927528440952301
1542151683.3804412 0.24819308519363403 0.20523357391357422 -0.9457168579101562 -0.04681580141186714 -0.22506766021251678 0.2726501524448395 0.9342455863952637
1542151683.4101553 0.4679589569568634 0.3210512399673462 -0.9304460287094116 -0.05170631408691406 -0.18163974583148956 0.2807234823703766 0.941024899482727
1542151683.4397202 0.7893123626708984 0.37200453877449036 -1.041552186012268 -0.05636802688241005 -0.13241057097911835 0.2913619577884674 0.9457263350486755
1542151683.4692092 1.2342233657836914 0.33307284116744995 -1.2606499195098877 -0.0632466971874237 -0.07220575213432312 0.28610771894454956 0.9533774852752686
1542151683.4987223 1.5620213747024536 0.27935969829559326 -1.4533004760742188 -0.06497310847043991 -0.012508321553468704 0.27463069558143616 0.9592705965042114
1542151683.5282662 1.789561152458191 0.17661845684051514 -1.705497145652771 -0.0665103867650032 0.035916585475206375 0.26050636172294617 0.9625086188316345
1542151683.5577722 1.7974170446395874 0.17744658887386322 -1.717284917831421 -0.06767133623361588 0.06992070376873016 0.2502264976501465 0.9632852673530579
1542151683.5871172 1.8199774026870728 0.19540530443191528 -1.764236569404602 -0.07146655768156052 0.06763673573732376 0.23568852245807648 0.9668344259262085
1542151683.6161861 1.8148341178894043 0.20915254950523376 -1.8728806972503662 -0.07790835201740265 0.05991503968834877 0.21409538388252258 0.9718558192253113
1542151683.6449203 1.9193758964538574 0.316091924905777 -2.174017906188965 -0.08274707943201065 0.06298841536045074 0.20243647694587708 0.9737581610679626
1542151683.6733432 2.3803412914276123 0.5833954215049744 -2.268497943878174 -0.08592917025089264 0.053860221058130264 0.2051878273487091 0.9734542965888977
1542151683.7016122 2.5046350955963135 0.6090624332427979 -2.375128984451294 -0.09508779644966125 0.05983700603246689 0.20525962114334106 0.9722378253936768
1542151683.7298954 2.707444190979004 0.7766174674034119 -2.459700107574463 -0.1012030839920044 0.060560230165719986 0.20182953774929047 0.9722938537597656
1542151683.7582881 2.9064366817474365 1.0181591510772705 -2.4646244049072266 -0.10642248392105103 0.058919500559568405 0.19847723841667175 0.9725273847579956
1542151683.7868233 3.1570005416870117 1.1399166584014893 -2.546750545501709 -0.11364557594060898 0.0652027279138565 0.20203571021556854 0.9705745577812195
1542151683.8155022 3.374281883239746 1.3754879236221313 -2.569135904312134 -0.11664802581071854 0.06940534710884094 0.1996983289718628 0.9704106450080872
1542151683.8443153 3.5446937084198 1.5259273052215576 -2.6511952877044678 -0.12493118643760681 0.07179788500070572 0.20185315608978271 0.9687582850456238
1542151683.8732274 3.6848466396331787 1.6690421104431152 -2.690197467803955 -0.1372242420911789 0.0763755515217781 0.2160508781671524 0.9636692404747009
1542151683.9021943 3.796274185180664 1.794319987297058 -2.7644400596618652 -0.154378741979599 0.08566754311323166 0.23459990322589874 0.9559242725372314
1542151683.9311852 3.914608955383301 1.9959357976913452 -2.8422536849975586 -0.16979795694351196 0.09620676189661026 0.2484348565340042 0.9487850666046143
1542151683.9601662 4.067749977111816 2.1416008472442627 -2.96777606010437 -0.1860833317041397 0.11137063056230545 0.2623341977596283 0.9402927756309509
1542151683.9891272 4.148977756500244 2.263939619064331 -3.0551133155822754 -0.19844232499599457 0.12322007119655609 0.2720959782600403 0.9334887862205505
1542151684.0181422 4.171353816986084 2.369448661804199 -3.1499099731445312 -0.2093738466501236 0.13230884075164795 0.27097848057746887 0.9301761388778687
1542151684.0473733 4.210893630981445 2.416252851486206 -3.239563226699829 -0.21905364096164703 0.15976402163505554 0.2702762186527252 0.9238191246986389
1542151684.0770133 4.249215602874756 2.464658737182617 -3.3130099773406982 -0.22750668227672577 0.189985454082489 0.2732752859592438 0.9151321649551392
1542151684.1071653 4.27733850479126 2.5179734230041504 -3.386814594268799 -0.23599720001220703 0.22056223452091217 0.28236785531044006 0.9032862186431885
1542151684.1378202 4.327624320983887 2.603527784347534 -3.4628334045410156 -0.2424619197845459 0.24125820398330688 0.296423077583313 0.8917062878608704
1542151684.1689353 4.373795032501221 2.6869027614593506 -3.5207977294921875 -0.2497098445892334 0.2603883743286133 0.31111666560173035 0.8792322874069214
1542151684.2004251 4.403210639953613 2.7215514183044434 -3.512983560562134 -0.25780826807022095 0.2706857919692993 0.3212567865848541 0.8700909614562988
1542151684.2321723 4.42777156829834 2.763446807861328 -3.4814252853393555 -0.2606121003627777 0.26997917890548706 0.32761454582214355 0.867099404335022
1542151684.2641153 4.394679069519043 2.785468339920044 -3.4076099395751953 -0.25749126076698303 0.2643852233886719 0.3325614333152771 0.867871880531311
1542151684.2962701 4.330252647399902 2.7602617740631104 -3.2990710735321045 -0.24885906279087067 0.24746136367321014 0.3284323513507843 0.8769060373306274
1542151684.3286433 4.239595890045166 2.5844898223876953 -3.1564736366271973 -0.24428237974643707 0.23828350007534027 0.3180352747440338 0.8845341205596924
1542151684.3611622 4.150012969970703 2.4387731552124023 -3.0226807594299316 -0.23465022444725037 0.2236543595790863 0.31243786215782166 0.8929169178009033
1542151684.3937473 4.010358810424805 2.312493085861206 -2.8751609325408936 -0.2225266546010971 0.19554519653320312 0.30933937430381775 0.9036332964897156
1542151684.4263902 3.8418965339660645 2.1209299564361572 -2.7323296070098877 -0.2123195379972458 0.17594613134860992 0.3060789108276367 0.9111965298652649
1542151684.4590724 3.6572513580322266 1.931720495223999 -2.5823864936828613 -0.20299357175827026 0.1643686592578888 0.30189764499664307 0.9168612360954285
1542151684.4917023 3.4177980422973633 1.714667797088623 -2.418980360031128 -0.19624602794647217 0.1426241099834442 0.30140528082847595 0.9221175312995911
1542151684.5241692 3.1627330780029297 1.5658659934997559 -2.251448631286621 -0.18789631128311157 0.11813605576753616 0.3084671199321747 0.9249793887138367
1542151684.5563424 2.86922550201416 1.3547590970993042 -2.086056709289551 -0.18087805807590485 0.10121272504329681 0.3103717863559723 0.9277437925338745
1542151684.5880892 2.5535919666290283 1.1300926208496094 -1.9101251363754272 -0.17087464034557343 0.08302585035562515 0.3081018924713135 0.9321919083595276
1542151684.6193762 2.2456953525543213 0.918356716632843 -1.7231823205947876 -0.15968389809131622 0.06347831338644028 0.300132155418396 0.9382922649383545
1542151684.6502812 1.9470288753509521 0.6982951164245605 -1.5466139316558838 -0.15014298260211945 0.05033741891384125 0.2883496880531311 0.9443398714065552
1542151684.6809003 1.7089921236038208 0.49112120270729065 -1.3832875490188599 -0.1421593725681305 0.045908089727163315 0.2816143333911896 0.9478272795677185
1542151684.7113242 1.5011885166168213 0.3488520681858063 -1.2184605598449707 -0.13398092985153198 0.038759104907512665 0.2763654589653015 0.9508780241012573
1542151684.7416902 1.307704210281372 0.20432110130786896 -1.0770267248153687 -0.12884753942489624 0.02997569739818573 0.2723226845264435 0.9530688524246216
1542151684.7721322 1.2678104639053345 0.08603133261203766 -0.9653680920600891 -0.1259722262620926 0.03479703143239021 0.2733227014541626 0.9530031085014343
1542151684.8027303 1.2561850547790527 -0.0402924045920372 -0.8867764472961426 -0.12507247924804688 0.039354097098112106 0.2783609926700592 0.9514847993850708
1542151684.8335662 1.1688176393508911 -0.17101392149925232 -0.8575659394264221 -0.12452486902475357 0.039627108722925186 0.28354552388191223 0.950013279914856
1542151684.8646832 1.1329553127288818 -0.1836826205253601 -0.8125755190849304 -0.12109608948230743 0.03736765310168266 0.2840551435947418 0.9503957629203796
1542151684.8960443 1.1807191371917725 -0.16716545820236206 -0.7698268890380859 -0.11822467297315598 0.03765664994716644 0.2832339406013489 0.9509907960891724
1542151684.9275963 1.1722912788391113 -0.235390305519104 -0.7637604475021362 -0.11712688952684402 0.04138995707035065 0.28474387526512146 0.9505204558372498
1542151684.9592893 1.084852695465088 -0.3147282600402832 -0.7958226203918457 -0.11704858392477036 0.04370567575097084 0.2806176245212555 0.9516529440879822
1542151684.9910781 1.16702139377594 -0.2642487585544586 -0.8148127198219299 -0.11407089233398438 0.0422837994992733 0.27891725301742554 0.9525781273841858
1542151685.0229182 1.2422826290130615 -0.22662344574928284 -0.8333105444908142 -0.11211851239204407 0.04332567751407623 0.27635639905929565 0.9535090923309326
1542151685.0547743 1.3143864870071411 -0.199265718460083 -0.865334153175354 -0.11114448308944702 0.04500019550323486 0.27592673897743225 0.9536699056625366
1542151685.0865543 1.3108106851577759 -0.18339043855667114 -0.9351924657821655 -0.11239654570817947 0.05213587358593941 0.27376383543014526 0.9537831544876099
1542151685.1181293 1.3846263885498047 -0.11538995057344437 -1.0184406042099 -0.11342008411884308 0.05585639178752899 0.27515357732772827 0.9530511498451233
1542151685.1493943 1.442104697227478 -0.046148259192705154 -1.0782811641693115 -0.11503835022449493 0.05609941855072975 0.27519160509109497 0.9528319239616394
1542151685.1802862 1.4941740036010742 0.020740726962685585 -1.1709470748901367 -0.11880254745483398 0.057349350303411484 0.2746351957321167 0.9524560570716858
1542151685.2108762 1.5914511680603027 0.1258612871170044 -1.282833456993103 -0.12337187677621841 0.061933163553476334 0.2734973132610321 0.951915442943573
1542151685.2413013 1.6957679986953735 0.2399546056985855 -1.396381139755249 -0.12931212782859802 0.0657973662018776 0.2730005979537964 0.9510099291801453
1542151685.2716203 1.848585844039917 0.39218682050704956 -1.5316181182861328 -0.1360311508178711 0.06531740725040436 0.27555254101753235 0.9493681788444519
1542151685.3018103 1.943873643875122 0.5477780103683472 -1.6560958623886108 -0.14320537447929382 0.06796305626630783 0.2754319906234741 0.9481616616249084
1542151685.3318422 2.11818528175354 0.7744656801223755 -1.7759795188903809 -0.14863282442092896 0.06843248754739761 0.27437737584114075 0.9475982785224915
1542151685.3617191 2.2615907192230225 0.9635038375854492 -1.9073643684387207 -0.156252920627594 0.07086269557476044 0.27307912707328796 0.9465682506561279
1542151685.3914762 2.403200626373291 1.1747146844863892 -2.0314559936523438 -0.16381461918354034 0.07258303463459015 0.27260687947273254 0.9452946782112122
1542151685.4211512 2.5483100414276123 1.4078476428985596 -2.1534972190856934 -0.1693039834499359 0.07412255555391312 0.2713933289051056 0.9445568919181824
1542151685.4507852 2.635554313659668 1.6051414012908936 -2.2385196685791016 -0.1742384135723114 0.07757498323917389 0.26885467767715454 0.9441081881523132
1542151685.4804373 2.7390153408050537 1.8013170957565308 -2.337773561477661 -0.1781882494688034 0.07810841500759125 0.26813051104545593 0.9435328245162964
1542151685.5101712 2.819061279296875 1.9517332315444946 -2.4348299503326416 -0.1840757429599762 0.07915129512548447 0.269104927778244 0.942037045955658
1542151685.5400403 2.9333691596984863 2.1370441913604736 -2.4817018508911133 -0.1882258951663971 0.07736099511384964 0.27178770303726196 0.9405944347381592
1542151685.5700603 2.963212013244629 2.2567639350891113 -2.569018602371216 -0.19165469706058502 0.07414333522319794 0.274488627910614 0.9393759965896606
1542151685.6002312 2.9573752880096436 2.327012777328491 -2.633761167526245 -0.19555751979351044 0.06393354386091232 0.27629873156547546 0.9387912154197693
1542151685.6305692 2.9590227603912354 2.3312721252441406 -2.7819859981536865 -0.19786079227924347 0.04331870377063751 0.27359557151794434 0.9402766227722168
1542151685.6610773 2.837334156036377 2.325523853302002 -2.8668553829193115 -0.19759643077850342 0.024185219779610634 0.2667903006076813 0.9429707527160645
1542151685.6917171 2.895026445388794 2.5501461029052734 -2.916318416595459 -0.19170308113098145 -0.0026801228523254395 0.2619815468788147 0.9458374977111816
1542151685.7223823 2.858350992202759 2.6773593425750732 -2.9871108531951904 -0.1824035346508026 -0.03230847418308258 0.24684037268161774 0.9511861205101013
1542151685.7529263 2.763275623321533 2.5905165672302246 -3.058502197265625 -0.18366700410842896 -0.03758062794804573 0.22475120425224304 0.9562118649482727
1542151685.7832654 2.9089086055755615 2.8303728103637695 -3.1334805488586426 -0.18407493829727173 -0.031230447813868523 0.20817124843597412 0.9601072072982788
1542151685.8133922 2.841782331466675 2.787802219390869 -3.125000476837158 -0.19718724489212036 -0.02377062290906906 0.18955999612808228 0.961571216583252
1542151685.8433232 3.109459400177002 2.994951009750366 -3.3082008361816406 -0.2094283252954483 -0.02541537955403328 0.15412048995494843 0.9652671813964844
1542151685.8730843 3.2738196849823 3.0862903594970703 -3.378397226333618 -0.23257170617580414 0.001778183039277792 0.12461540102958679 0.9645612239837646
1542151685.9027634 3.4287631511688232 3.1145074367523193 -3.487420082092285 -0.257720410823822 0.03895707055926323 0.08490467816591263 0.9616931676864624
1542151685.9324682 3.6066133975982666 3.235361337661743 -3.5548458099365234 -0.27815255522727966 0.07010046392679214 0.050653066486120224 0.9566354751586914
1542151685.9622402 3.7138671875 3.3477535247802734 -3.609828472137451 -0.2973768711090088 0.10257900506258011 0.019753942266106606 0.9490281343460083
1542151685.9920893 3.8110170364379883 3.4540603160858154 -3.6609551906585693 -0.313894659280777 0.13431747257709503 -0.008321525529026985 0.9398722052574158
1542151686.0220773 3.9589667320251465 3.5243921279907227 -3.7289979457855225 -0.32775646448135376 0.1655687540769577 -0.022673726081848145 0.9298648238182068
1542151686.0522642 4.131343841552734 3.571561574935913 -3.779752731323242 -0.3369819223880768 0.18352168798446655 -0.02497323416173458 0.9231139421463013
1542151686.0826623 4.2194600105285645 3.5713515281677246 -3.8295111656188965 -0.3430701196193695 0.20073442161083221 -0.022360414266586304 0.9173378348350525
1542151686.1132162 4.324802875518799 3.5496134757995605 -3.8314156532287598 -0.3400069773197174 0.22016219794750214 -0.010980164632201195 0.9142228364944458
1542151686.1438863 4.419852256774902 3.5157289505004883 -3.814818859100342 -0.33380910754203796 0.2368827611207962 0.01081357803195715 0.9123272895812988
1542151686.1746552 4.389730453491211 3.502548933029175 -3.7678580284118652 -0.32852408289909363 0.24408210813999176 0.034791842103004456 0.9117485880851746
1542151686.2054503 4.283930778503418 3.4961905479431152 -3.665174961090088 -0.3188112676143646 0.24018095433712006 0.05221930146217346 0.9153937101364136
1542151686.2361913 4.127946853637695 3.4349875450134277 -3.5260579586029053 -0.3019137382507324 0.23082450032234192 0.06755484640598297 0.9224990606307983
1542151686.2668972 3.95255184173584 3.357733726501465 -3.3646092414855957 -0.2857220768928528 0.22201813757419586 0.0792682096362114 0.928863525390625
1542151686.2976272 3.7898097038269043 3.2119059562683105 -3.1855947971343994 -0.26887887716293335 0.2102704644203186 0.0951191782951355 0.9351165294647217
1542151686.3284082 3.5854403972625732 3.051818609237671 -2.992239475250244 -0.2480521947145462 0.19604356586933136 0.11467543244361877 0.9417465925216675
1542151686.3592772 3.3957247734069824 2.857743740081787 -2.790611743927002 -0.2265257090330124 0.18013633787631989 0.13258415460586548 0.9479760527610779
1542151686.3902843 3.1338906288146973 2.624157428741455 -2.561866521835327 -0.1991371363401413 0.15936945378780365 0.14822575449943542 0.9554972052574158
1542151686.4214373 2.8917691707611084 2.4339654445648193 -2.3393361568450928 -0.1741875410079956 0.1299879550933838 0.16288550198078156 0.9624085426330566
1542151686.4526472 2.599703311920166 2.2200121879577637 -2.0916202068328857 -0.15276116132736206 0.1082417294383049 0.17702119052410126 0.9662356376647949
1542151686.4837022 2.252572536468506 1.9749703407287598 -1.8317691087722778 -0.12940728664398193 0.08407570421695709 0.19936172664165497 0.9676982760429382
1542151686.5143902 2.001295566558838 1.7780945301055908 -1.5976639986038208 -0.11053166538476944 0.05079835280776024 0.2252061516046524 0.9666873812675476
1542151686.5446262 1.7744133472442627 1.5980448722839355 -1.4060624837875366 -0.09957737475633621 0.025205615907907486 0.24520815908908844 0.9640135169029236
1542151686.5744472 1.55693781375885 1.4309847354888916 -1.2297135591506958 -0.09394518285989761 0.007822299376130104 0.26415422558784485 0.9598623514175415
1542151686.6040452 1.4059311151504517 1.3391462564468384 -1.0826557874679565 -0.08901780098676682 -0.006406205706298351 0.29955190420150757 0.9498965740203857
1542151686.6336992 1.2195011377334595 1.2690445184707642 -0.9505533576011658 -0.09176591038703918 -0.024346955120563507 0.3440553545951843 0.9341371059417725
1542151686.6635933 1.0148124694824219 1.1663391590118408 -0.8353504538536072 -0.09381245821714401 -0.038869477808475494 0.386455774307251 0.9167008399963379
1542151686.6937952 0.9015954732894897 0.9566915035247803 -0.7225950360298157 -0.09185129404067993 -0.02620191127061844 0.3967941403388977 0.912924587726593
1542151686.7243242 0.8329095840454102 0.5935625433921814 -0.6698884963989258 -0.08455495536327362 -0.009063865058124065 0.3936767876148224 0.9153070449829102
1542151686.7552333 0.707138180732727 0.2388325333595276 -0.6193670034408569 -0.07249131053686142 -0.010582043789327145 0.3975442051887512 0.9146538376808167
1542151686.7865393 0.6019722819328308 -0.20703944563865662 -0.5372291207313538 -0.058025285601615906 -0.002720721997320652 0.38710910081863403 0.9202023148536682
1542151686.8181343 0.5517497062683105 -0.6962848901748657 -0.45840680599212646 -0.03819785639643669 0.025910625234246254 0.3645913600921631 0.9300230145454407
1542151686.8498363 0.4369773864746094 -0.9282553195953369 -0.31361064314842224 -0.010415888391435146 0.048969607800245285 0.34258949756622314 0.9381502866744995
1542151686.8814192 0.4855962097644806 -0.9400617480278015 -0.1937471479177475 0.0227003525942564 0.07602347433567047 0.3208259642124176 0.9438092708587646
1542151686.9125903 0.4873839318752289 -0.9372214078903198 -0.16496816277503967 0.05153532698750496 0.11667010188102722 0.2961384952068329 0.9465908408164978
