1541977105476242.2 -0.0 -0.0 -0.0 -0.0 -0.0 1.0 -0.0
1541977105508499.2 -0.0016397862 0.018148022 -0.0085821245 0.0035128465 0.001363877 0.99997246 -0.006406122
1541977105540690.2 -0.0067609176 0.0239106 -0.018595984 0.009384138 0.012076594 0.99982685 -0.010599318
1541977105572835.2 -0.0067609176 0.0239106 -0.018595984 0.0093841385 0.012076595 0.9998269 -0.010599319
1541977105604941.2 -0.009721327 0.038603097 -0.036131803 0.014830473 0.020198373 0.9995952 -0.013470921
1541977105637030.2 -0.009721327 0.038603097 -0.036131803 0.014830473 0.020198373 0.9995952 -0.013470921
1541977105669132.2 -0.009721327 0.038603097 -0.036131803 0.014830473 0.020198373 0.9995952 -0.013470921
1541977105701247.2 -0.011223957 0.057364166 -0.05669138 0.011442397 0.042598817 0.9990006 -0.007230605
1541977105733370.2 -0.011223957 0.057364166 -0.05669138 0.011442397 0.042598817 0.9990006 -0.007230605
1541977105765494.2 -0.025911074 0.085958146 -0.052886132 0.0071836775 0.057366595 0.9983192 -0.004038169
1541977105797608.2 -0.050342117 0.09908548 -0.047775257 0.004709657 0.053181674 0.99857235 -0.0017107552
1541977105829684.2 -0.050342117 0.09908548 -0.047775257 0.004709657 0.053181674 0.99857235 -0.0017107552
1541977105861703.2 -0.05287163 0.093421675 -0.05353687 -0.0007659207 0.043018635 0.9990723 -0.0018329973
1541977105893691.2 -0.03703031 0.08334262 -0.063852996 0.0014398183 0.048694924 0.9988105 -0.0020809525
1541977105925686.2 -0.017121365 0.06947684 -0.06985643 0.0009168479 0.06302846 0.99796486 0.009636274
1541977105957709.2 -0.004568688 0.0698392 -0.07782977 -0.004733621 0.08288914 0.9959972 0.0331138
1541977105989741.2 -0.007769041 0.085929625 -0.062438697 -0.011442638 0.10521771 0.9921787 0.066179775
1541977106021725.2 -0.002573791 0.0895367 -0.05134539 -0.028770994 0.12105423 0.9870964 0.100790784
1541977106053604.2 0.0068046106 0.0930639 -0.036197476 -0.046891347 0.12472418 0.98022586 0.14629574
1541977106085306.2 0.012703278 0.089580856 -0.035491485 -0.046578992 0.11360406 0.97598445 0.17994149
1541977106116682.2 0.014978109 0.079344794 -0.028371926 -0.016077096 0.084768206 0.98104817 0.17349501
1541977106147513.2 0.014969147 0.07258102 -0.024666399 0.01897866 0.06798876 0.986776 0.14591283
1541977106177619.2 0.0052310023 0.064760044 -0.03345275 0.033286966 0.09344886 0.9868641 0.12750924
1541977106207052.2 0.0057230624 0.06614812 -0.028592918 0.039967295 0.116588265 0.98547685 0.11681248
1541977106236144.2 0.011113261 0.061226375 -0.025057826 0.050092258 0.12339856 0.98547876 0.10533388
1541977106265258.2 0.011873041 0.057185967 -0.02270339 0.060817644 0.11173612 0.98767 0.09123763
1541977106294630.2 0.011188301 0.050005935 -0.0120597705 0.06402507 0.10131061 0.98984337 0.07646628
1541977106324367.2 0.010651637 0.04577114 0.0075552575 0.05806963 0.097824015 0.9913987 0.064707436
1541977106354480.2 0.0077300286 0.044091195 0.01834465 0.049664 0.089692324 0.9938052 0.04289585
1541977106384930.2 0.0054522543 0.038048945 0.0325783 0.04604015 0.07941997 0.995616 0.017932987
1541977106415635.2 0.012114731 0.041117165 0.04923102 0.039214186 0.07524144 0.9963733 0.0064216806
1541977106446524.2 0.01200705 0.044025853 0.07202122 0.032497693 0.07472267 0.99667466 -0.0002742716
1541977106477567.2 0.0073449234 0.04484815 0.09580677 0.029745942 0.06739084 0.9972212 -0.0111170765
1541977106508744.2 0.006830781 0.051158424 0.12186801 0.024976863 0.06027091 0.99774253 -0.015923167
1541977106540024.2 -0.0009868247 0.053928226 0.14960742 0.019620793 0.055533558 0.9980913 -0.018572437
1541977106571382.2 -0.011388038 0.059425868 0.18033503 0.016404673 0.04436713 0.99871284 -0.018306728
1541977106602804.2 -0.03023615 0.0516512 0.20357391 0.018218609 0.030986898 0.9991432 -0.020516654
1541977106634279.2 -0.040380925 0.045954086 0.22623862 0.016468981 0.017701117 0.9995433 -0.018128837
1541977106665809.2 -0.052309573 0.042917322 0.24685149 0.014694099 0.008906897 0.99973464 -0.015345986
1541977106697406.2 -0.06887361 0.039435342 0.26601347 0.014783916 0.0037006477 0.99976456 -0.0154493665
1541977106729073.2 -0.07826003 0.03266703 0.27867633 0.014255875 -0.0017752468 0.9997868 -0.014833943
1541977106760825.2 -0.083196126 0.026735704 0.29180428 0.013689579 -0.009355284 0.9997749 -0.0132448925
1541977106792680.2 -0.08938334 0.022521703 0.30105165 0.014653433 -0.017306952 0.9996284 -0.015128363
1541977106824645.2 -0.09920575 0.016475832 0.31201985 0.017714437 -0.01955569 0.9994838 -0.018329447
1541977106856712.2 -0.10717799 0.010971796 0.3229446 0.022303147 -0.018544298 0.9993614 -0.020870468
1541977106888877.2 -0.10385189 0.0028545605 0.32879916 0.023750206 -0.01806578 0.99926 -0.024271682
1541977106921136.2 -0.098280504 -0.004655898 0.33433306 0.025142603 -0.01721839 0.99917597 -0.026810996
1541977106953477.2 -0.098436385 -0.0039005068 0.34621677 0.029948372 -0.017413307 0.9990456 -0.026603881
1541977106985881.2 -0.096387446 -0.008400648 0.35511094 0.03352287 -0.017665152 0.9988711 -0.028649138
1541977107018325.2 -0.0855531 -0.0060610496 0.359226 0.033239044 -0.017970745 0.9990037 -0.023744257
1541977107050787.2 -0.07165194 -0.013656945 0.35702053 0.028754562 -0.017190708 0.9991692 -0.02321058
1541977107083256.2 -0.067448996 -0.01859828 0.36869097 0.03245475 -0.020306872 0.999058 -0.02043049
1541977107115726.2 -0.059266053 -0.027148435 0.3648568 0.031888213 -0.025844667 0.998944 -0.02064393
1541977107148187.2 -0.046917103 -0.03674877 0.35791492 0.03306672 -0.03397974 0.99869823 -0.018813668
1541977107180618.2 -0.04466168 -0.055214863 0.35051247 0.040250614 -0.033052538 0.9985114 -0.016204588
1541977107212986.2 -0.033632185 -0.06342525 0.33982328 0.04447336 -0.034840968 0.9983002 -0.014317143
1541977107245253.2 -0.025425721 -0.06945776 0.32967222 0.04988373 -0.030309077 0.998199 -0.0138504775
1541977107277412.2 -0.0059065726 -0.07082333 0.30846766 0.05148508 -0.021124441 0.99836475 -0.013071128
1541977107309503.2 0.0020247595 -0.07244015 0.29530507 0.05835833 -0.009583244 0.99815565 -0.013704274
1541977107341561.2 0.009865381 -0.07014033 0.28014144 0.062867664 -0.003578725 0.9979124 -0.0143419355
1541977107373602.2 0.013398961 -0.073187344 0.26573908 0.07072855 -0.0039352104 0.9973312 -0.017677773
1541977107405622.2 0.034701586 -0.06801282 0.24346451 0.07343179 -0.011711038 0.9969944 -0.02174389
1541977107437608.2 0.04204001 -0.065856524 0.22731419 0.08434773 -0.013330796 0.9960358 -0.024909396
1541977107469525.2 0.046437625 -0.06249748 0.20753781 0.097383656 -0.0122227715 0.99477625 -0.02805903
1541977107501330.2 0.062458005 -0.058101654 0.1882505 0.10654706 -0.0107380785 0.9937678 -0.030951107
1541977107532993.2 0.06460083 -0.058560517 0.16616136 0.12052223 -0.013730197 0.9918697 -0.038476568
1541977107564498.2 0.09551992 -0.0656369 0.1360004 0.12454412 -0.019025933 0.9908821 -0.047743183
1541977107595844.2 0.09762662 -0.0645576 0.1124139 0.13906816 -0.020991525 0.98870546 -0.05177768
1541977107627028.2 0.11883679 -0.057583027 0.088792205 0.14501143 -0.021971004 0.9876336 -0.055397622
1541977107658058.2 0.1459041 -0.04498221 0.069565915 0.14743343 -0.02653818 0.987073 -0.05697384
1541977107688959.2 0.1608204 -0.042102914 0.047505364 0.15321591 -0.028906511 0.98586005 -0.0613947
1541977107719773.2 0.17830788 -0.031830784 0.034312926 0.15882047 -0.03269951 0.9848327 -0.06173659
1541977107750526.2 0.18728878 -0.041396856 0.004371992 0.16235216 -0.034094587 0.98363686 -0.0702708
1541977107781249.2 0.19030151 -0.043764707 -0.013385251 0.16914304 -0.036086306 0.98208815 -0.07477489
1541977107811958.2 0.1860461 -0.050853252 -0.026206002 0.17696339 -0.035016462 0.9805118 -0.07781088
1541977107842654.2 0.18607202 -0.055079877 -0.030875482 0.18166356 -0.03732431 0.9797455 -0.07552522
1541977107873339.2 0.19157676 -0.07018438 -0.03835371 0.1824883 -0.04801753 0.97917616 -0.07487691
1541977107904030.2 0.20888606 -0.11115939 -0.050357945 0.177207 -0.056545265 0.9794326 -0.07818041
1541977107934729.2 0.2124733 -0.13082156 -0.049802925 0.18085887 -0.068690814 0.9786984 -0.06871081
1541977107965380.2 0.21621758 -0.16476524 -0.055324443 0.18204196 -0.07788868 0.9781112 -0.06397331
1541977107995933.2 0.22067751 -0.1873858 -0.053023193 0.18537603 -0.088632934 0.9770985 -0.055302933
1541977108026387.2 0.21793415 -0.21984595 -0.05398668 0.18694347 -0.09607204 0.97645724 -0.04851422
1541977108056753.2 0.21827309 -0.25073478 -0.052897073 0.18709314 -0.10502966 0.97584784 -0.041060805
1541977108087033.2 0.21636993 -0.27447328 -0.05133605 0.18720369 -0.116108835 0.9747288 -0.037111197
1541977108117210.2 0.20656146 -0.303114 -0.046083674 0.18814604 -0.124386415 0.97349507 -0.037900254
1541977108147261.2 0.20181787 -0.31979707 -0.038606793 0.18721353 -0.1352572 0.97228664 -0.03626716
1541977108177199.2 0.19729388 -0.33308432 -0.03201124 0.18709224 -0.15081045 0.9699085 -0.03911957
1541977108207062.2 0.18800071 -0.34256747 -0.024384666 0.1889462 -0.17192197 0.96553606 -0.049822718
1541977108236885.2 0.17262518 -0.35032463 -0.013034131 0.19036536 -0.19023685 0.9612866 -0.059153486
1541977108266708.2 0.16407286 -0.3662495 -0.00990995 0.18731518 -0.20568974 0.95763105 -0.074481905
1541977108296569.2 0.15002316 -0.36706007 0.000800455 0.18655345 -0.22188748 0.95327544 -0.08502848
1541977108326485.2 0.13907598 -0.36824122 0.009077443 0.18112096 -0.23812768 0.9493591 -0.09595723
1541977108356451.2 0.13020183 -0.3768795 0.01812044 0.16876613 -0.24992397 0.9472609 -0.108410314
1541977108386464.2 0.114434585 -0.3720778 0.02978122 0.15771861 -0.25730613 0.9464346 -0.114804074
1541977108416533.2 0.10812728 -0.3692062 0.03756631 0.14012694 -0.2610636 0.9474555 -0.12057462
1541977108446663.2 0.09183809 -0.36146748 0.046974555 0.1270907 -0.26313627 0.9481195 -0.1252064
1541977108476871.2 0.08708258 -0.34706718 0.052730672 0.111720376 -0.2644185 0.94956654 -0.1261941
1541977108507179.2 0.070881546 -0.33636096 0.058593035 0.10002946 -0.26049957 0.9517845 -0.1274381
1541977108537621.2 0.060503095 -0.33098888 0.06356527 0.085156076 -0.25343555 0.95506054 -0.12797768
1541977108568248.2 0.052473314 -0.29884478 0.07137032 0.0763515 -0.25257626 0.95700306 -0.12050273
1541977108599077.2 0.041441754 -0.2814784 0.07598489 0.068426475 -0.24723725 0.95927423 -0.11825635
1541977108630103.2 0.03676745 -0.26391673 0.07871482 0.056513574 -0.23876813 0.96284336 -0.112821564
1541977108661315.2 0.025861207 -0.24989685 0.07752342 0.048080165 -0.23240039 0.96505755 -0.11109652
1541977108692688.2 0.01612503 -0.2368005 0.07298551 0.043929532 -0.229157 0.96612173 -0.11029998
1541977108724200.2 0.012539242 -0.22159852 0.067193635 0.040205657 -0.22656637 0.9669044 -0.11021422
1541977108755865.2 0.0021162815 -0.20152088 0.06496106 0.042062473 -0.22158849 0.9679746 -0.11024715
1541977108787699.2 0.0008335947 -0.18873727 0.056748748 0.04220338 -0.213366 0.96956563 -0.1124115
1541977108819685.2 0.009838961 -0.16734487 0.04322736 0.04021349 -0.20284976 0.97199917 -0.111591086
1541977108851767.2 0.010616719 -0.15027156 0.03011724 0.040184993 -0.1855201 0.9755812 -0.11049316
1541977108883883.2 0.022269612 -0.12736945 0.016063385 0.039706122 -0.1696351 0.97887063 -0.10705032
1541977108915981.2 0.03641643 -0.10166291 0.0055757035 0.04047461 -0.15625799 0.9817484 -0.100575075
1541977108948043.2 0.048679225 -0.07612958 -0.0052589793 0.041852865 -0.14442018 0.9841824 -0.093681015
1541977108980055.2 0.057683688 -0.06143815 -0.01713407 0.044606842 -0.1362539 0.9853602 -0.0922515
1541977109012022.2 0.071989775 -0.047444336 -0.026381647 0.04590486 -0.12901807 0.9866223 -0.088451385
1541977109043959.2 0.08178147 -0.036990855 -0.033525914 0.047529113 -0.11949636 0.98810554 -0.084315665
1541977109075866.2 0.09315697 -0.026669256 -0.042070836 0.050272726 -0.115882 0.9884911 -0.08324275
1541977109107750.2 0.102456644 -0.011307867 -0.04379267 0.053778913 -0.11487081 0.9886575 -0.08043053
1541977109139623.2 0.1155452 -0.001451944 -0.047027104 0.05440504 -0.113929965 0.9890157 -0.07686353
1541977109171491.2 0.12555207 0.00048468192 -0.05288022 0.054176472 -0.11219471 0.98944646 -0.0739791
1541977109203360.2 0.13461168 0.0024183993 -0.05841633 0.055180844 -0.112936884 0.98951715 -0.071106315
1541977109235238.2 0.14474955 0.012585696 -0.058629863 0.056285173 -0.11595976 0.989586 -0.06407007
1541977109267123.2 0.16367131 0.021223098 -0.059919298 0.05370955 -0.11947323 0.98966426 -0.058362667
1541977109299004.2 0.17802179 0.033013053 -0.06298884 0.052516613 -0.12482404 0.9894337 -0.051788032
1541977109330882.2 0.18479322 0.031753704 -0.06781056 0.051512506 -0.13113196 0.98881763 -0.048894737
1541977109362769.2 0.19469373 0.03376206 -0.06874052 0.048121177 -0.13862485 0.98822236 -0.04340669
1541977109394655.2 0.20275158 0.035770264 -0.06604994 0.046191655 -0.14811246 0.987111 -0.03925514
1541977109426519.2 0.21078491 0.032596648 -0.06600873 0.044172492 -0.15668629 0.9858966 -0.038808577
1541977109458351.2 0.21617943 0.031031242 -0.06817783 0.041899305 -0.16396926 0.9848078 -0.03888616
1541977109490150.2 0.22306293 0.03267139 -0.06666524 0.04093289 -0.1709057 0.9836775 -0.038658127
1541977109521923.2 0.23192742 0.03923838 -0.061160848 0.038302924 -0.17727128 0.9827594 -0.035940237
1541977109553689.2 0.24304013 0.053013533 -0.052275885 0.03505273 -0.185031 0.98164105 -0.030261308
1541977109585468.2 0.24776548 0.0633944 -0.05027362 0.031815708 -0.19208267 0.98046094 -0.02807799
1541977109617261.2 0.25006688 0.07465766 -0.04317539 0.02790268 -0.19508632 0.9800722 -0.02492555
1541977109649075.2 0.24592647 0.07444759 -0.040582187 0.024798874 -0.19542448 0.980031 -0.027082985
1541977109680915.2 0.24301694 0.08881537 -0.036089998 0.022171939 -0.19704577 0.97985244 -0.023889046
1541977109712769.2 0.24158302 0.097003266 -0.032542728 0.018974058 -0.19569641 0.98020005 -0.023471586
1541977109744633.2 0.23348342 0.1051985 -0.030414976 0.016507974 -0.18854594 0.98164874 -0.02331616
1541977109776517.2 0.22132628 0.1160903 -0.029948715 0.014283209 -0.17917965 0.9834836 -0.021231208
1541977109808419.2 0.20135094 0.119376056 -0.03413283 0.014048211 -0.17132992 0.98482347 -0.02390802
1541977109840337.2 0.18357548 0.11996102 -0.037564434 0.011973381 -0.16558938 0.98575455 -0.026920391
1541977109872280.2 0.17136282 0.10829593 -0.053226653 0.003605526 -0.15625624 0.98722756 -0.03086573
1541977109904249.2 0.15192263 0.109451935 -0.059382923 0.00215483 -0.15001093 0.9882335 -0.029777378
1541977109936248.2 0.13442907 0.10414922 -0.07012148 0.0014828059 -0.14371125 0.9891041 -0.031906385
1541977109968289.2 0.12217856 0.09979958 -0.075298406 0.0019910291 -0.13645473 0.9900118 -0.035394732
1541977110000409.2 0.12005534 0.101144865 -0.07947752 0.004251939 -0.12828928 0.99111617 -0.034821942
1541977110032632.2 0.09833726 0.10464849 -0.07759139 0.014329193 -0.115160376 0.9926766 -0.033554535
1541977110064956.2 0.08019267 0.10612677 -0.07804622 0.024887156 -0.1010255 0.9939934 -0.03393537
1541977110097372.2 0.080727465 0.104021475 -0.082992695 0.030601548 -0.090268806 0.9947296 -0.03779209
1541977110129853.2 0.07975564 0.1067499 -0.089430146 0.03308686 -0.08145165 0.9952569 -0.04164927
1541977110162364.2 0.05991235 0.1024353 -0.08978029 0.039935466 -0.07080123 0.99563825 -0.04579146
1541977110194887.2 0.04086181 0.1021847 -0.08312486 0.05273678 -0.061831538 0.99566627 -0.04521646
1541977110227420.2 0.03659213 0.0964607 -0.07689402 0.06062229 -0.05583736 0.9956717 -0.042954773
1541977110259967.2 0.036426574 0.093552805 -0.07559217 0.063732974 -0.054800943 0.99557763 -0.041954987
1541977110292524.2 0.035111707 0.09606033 -0.06794566 0.06745406 -0.055796314 0.99532145 -0.04088993
1541977110325083.2 0.035895914 0.09610713 -0.064185075 0.069886364 -0.056741238 0.99511075 -0.04063268
1541977110357639.2 0.028102726 0.09588771 -0.061037023 0.07527878 -0.05513813 0.9947955 -0.040925086
1541977110390190.2 0.035224598 0.08954767 -0.056469306 0.07842566 -0.05631106 0.99440044 -0.04296818
1541977110422734.2 0.03866643 0.08270505 -0.058558967 0.0861396 -0.05665021 0.99352205 -0.047799077
1541977110455268.2 0.03216052 0.086254776 -0.05144657 0.10136641 -0.055517927 0.99217796 -0.047175746
1541977110487766.2 0.04990922 0.08610427 -0.048314717 0.11110281 -0.058629364 0.99100214 -0.046191037
1541977110520195.2 0.06300167 0.08948393 -0.04968803 0.1205068 -0.063312076 0.9895879 -0.046749957
1541977110552513.2 0.073551126 0.071987666 -0.057800278 0.1271861 -0.059586156 0.98871243 -0.052162427
1541977110584697.2 0.08697648 0.0719329 -0.056971863 0.13662897 -0.059904333 0.9875672 -0.049548842
1541977110616761.2 0.10257267 0.07127429 -0.056738902 0.14432529 -0.06309718 0.9863001 -0.049001638
1541977110648713.2 0.119049005 0.071184315 -0.055392727 0.1485153 -0.06569623 0.9854901 -0.049362045
1541977110680552.2 0.1361782 0.053216662 -0.067087255 0.14610177 -0.059781395 0.9860324 -0.053108897
1541977110712284.2 0.14747152 0.05305119 -0.06404188 0.14785612 -0.06157666 0.98574317 -0.051549003
1541977110743922.2 0.16049875 0.052220188 -0.059761208 0.14883111 -0.0691739 0.9852777 -0.047876786
1541977110775480.2 0.17033432 0.04912356 -0.053635374 0.14823282 -0.07627092 0.9850609 -0.04318451
1541977110806966.2 0.17726284 0.043545935 -0.048199344 0.14487235 -0.08024657 0.9853664 -0.040318698
1541977110838368.2 0.1850883 0.03779946 -0.04132833 0.14346859 -0.0869484 0.98518425 -0.035620097
1541977110869696.2 0.19274966 0.028546287 -0.032890987 0.13972533 -0.09793303 0.9848738 -0.030161079
1541977110900975.2 0.18918957 0.00031532184 -0.033448044 0.13647236 -0.108360134 0.9841935 -0.0315681
1541977110932196.2 0.19559038 -0.0085465815 -0.023032397 0.13386068 -0.123925745 0.98298115 -0.021723142
1541977110963342.2 0.19986396 -0.0153217185 -0.013245284 0.12945698 -0.14077528 0.9814748 -0.011420062
1541977110994390.2 0.18776117 -0.040587172 -0.006911161 0.1274088 -0.1535866 0.9798428 -0.009288265
1541977111025292.2 0.19257772 -0.048085295 0.0020509402 0.120179184 -0.16598478 0.9787776 -0.0007205261
1541977111056036.2 0.19740145 -0.054538716 0.010749057 0.112470955 -0.17623931 0.97786295 0.008607537
1541977111086650.2 0.19807571 -0.063201465 0.021950524 0.10407566 -0.1855265 0.9770063 0.014385602
1541977111117176.2 0.1837781 -0.089306034 0.021387784 0.0972463 -0.19202888 0.9765041 0.010386413
1541977111147655.2 0.18423343 -0.09512128 0.028713493 0.08788806 -0.19891998 0.97591823 0.01703574
1541977111178133.2 0.18449591 -0.10035658 0.037058223 0.079087175 -0.20555444 0.97518 0.022731952
1541977111208656.2 0.18397462 -0.104940996 0.04371127 0.06830859 -0.21203455 0.9745101 0.026560439
1541977111239245.2 0.18227296 -0.10978237 0.053395968 0.05818793 -0.21617615 0.9741374 0.030634101
1541977111269915.2 0.16006048 -0.11125517 0.063528284 0.05776212 -0.21801202 0.9736602 0.033470374
1541977111300680.2 0.15724453 -0.11369773 0.06954991 0.049227834 -0.21959688 0.97359174 0.038381398
1541977111331550.2 0.15429272 -0.11454411 0.07460546 0.03979439 -0.22106767 0.97346747 0.043664917
1541977111362523.2 0.14157863 -0.11097544 0.08018744 0.03446461 -0.22131929 0.97334623 0.049266245
1541977111393580.2 0.12878609 -0.10752642 0.08500488 0.02944418 -0.22139145 0.9732334 0.054182343
1541977111424692.2 0.11436573 -0.106732436 0.089794375 0.024627684 -0.22136897 0.97322714 0.05672985
1541977111455840.2 0.100868665 -0.10105291 0.094577014 0.01902372 -0.22116594 0.97320604 0.059947804
1541977111487025.2 0.090038314 -0.094838575 0.09777322 0.01290732 -0.221549 0.9730484 0.06266033
1541977111518240.2 0.07751853 -0.08616157 0.10176884 0.00862758 -0.22186743 0.972852 0.065265514
1541977111549489.2 0.06530629 -0.0772333 0.10729044 0.0050101806 -0.22163574 0.9727444 0.06797727
1541977111580801.2 0.057770386 -0.08450433 0.099760085 -0.0014956279 -0.22046915 0.9733559 0.06300354
1541977111612198.2 0.046398453 -0.08062586 0.10036041 -0.0035598644 -0.2177206 0.973929 0.06361953
1541977111643699.2 0.03977435 -0.07567144 0.100379825 -0.005054816 -0.21538316 0.9743699 0.064713836
1541977111675318.2 0.03654036 -0.07234477 0.100223534 -0.0066987406 -0.21122949 0.9751851 0.065964624
1541977111707076.2 0.029879466 -0.066582754 0.09972166 -0.007366057 -0.20596647 0.97622997 0.067072354
1541977111738986.2 0.029850036 -0.058646414 0.09657868 -0.008712577 -0.20175205 0.97702223 0.06817476
1541977111771030.2 0.030898714 -0.05533908 0.09243143 -0.0091028465 -0.19759418 0.97790337 0.06766636
1541977111803187.2 0.032084845 -0.052893464 0.08406508 -0.009437705 -0.19175978 0.9792285 0.06519732
1541977111835448.2 0.028948326 -0.046125814 0.08004206 -0.009250655 -0.18334703 0.9808601 0.064898066
1541977111867803.2 0.024779825 -0.041429576 0.075562745 -0.010228937 -0.1756354 0.98229086 0.06443816
1541977111900238.2 0.011967172 -0.039510448 0.06833544 -0.00981742 -0.16991657 0.9833895 0.06306397
1541977111932749.2 0.009007277 -0.053302787 0.04448523 -0.0150899105 -0.16749239 0.984412 0.051493768
1541977111965351.2 -0.005461665 -0.049947135 0.034211546 -0.016793337 -0.16466609 0.9851161 0.04636102
1541977111998051.2 -0.017633311 -0.04833471 0.024471648 -0.020958435 -0.16271612 0.9856537 0.039637525
1541977112030842.2 -0.02189631 -0.04136604 0.01688357 -0.027643267 -0.1655425 0.98519784 0.034884218
1541977112063723.2 -0.038604204 -0.03889065 0.006384419 -0.032991398 -0.16797793 0.9848563 0.02744144
1541977112096713.2 -0.047226004 -0.0349901 -0.0017183798 -0.039411034 -0.1721369 0.9840521 0.021378644
1541977112129852.2 -0.06648845 -0.031105323 -0.011247013 -0.04293331 -0.17434539 0.98362887 0.015319651
1541977112163173.2 -0.085172 -0.028002271 -0.01766092 -0.046466526 -0.175556 0.98331773 0.010353544
1541977112196695.2 -0.07899325 -0.0130137075 -0.018110378 -0.05228214 -0.18136212 0.9819825 0.009207843
1541977112230393.2 -0.09732792 -0.009449588 -0.02647176 -0.04934439 -0.18269655 0.981928 0.0021447001
1541977112264237.2 -0.11324925 -0.0038039002 -0.034096725 -0.0470872 -0.18135448 0.98227704 -0.005025144
1541977112298191.2 -0.12188484 -0.001561543 -0.04067402 -0.044643555 -0.18015888 0.9825327 -0.013388989
1541977112332204.2 -0.06823566 -0.012027464 -0.04704556 -0.05634738 -0.18385686 0.9809987 -0.025752475
1541977112366225.2 -0.078251615 -0.0068698023 -0.05362197 -0.046834767 -0.17964855 0.98193437 -0.036578137
1541977112400222.2 -0.0854885 -0.00020791311 -0.05941899 -0.03878534 -0.17239328 0.98317677 -0.046258222
1541977112434176.2 -0.04909929 0.012632233 -0.06076036 -0.04205995 -0.16853108 0.98334473 -0.05349204
1541977112468064.2 -0.055694573 0.021925062 -0.06395762 -0.032497175 -0.16135786 0.9842781 -0.064064644
1541977112501870.2 -0.045297943 0.030187614 -0.06484426 -0.028667185 -0.1568966 0.9846418 -0.071008705
1541977112535568.2 -0.03870067 0.035281196 -0.06637715 -0.023070693 -0.15365505 0.984939 -0.075849466
1541977112569147.2 -0.010810153 0.053898867 -0.05984621 -0.021035476 -0.15522152 0.98499787 -0.0724091
1541977112602642.2 -0.014701157 0.06173011 -0.060435314 -0.01108522 -0.15263623 0.985471 -0.07366329
1541977112636108.2 -0.016798321 0.0674523 -0.058979742 0.0012498613 -0.1512313 0.9857513 -0.07363445
1541977112669580.2 -0.017464897 0.06972801 -0.05646418 0.0147341285 -0.14831401 0.9860458 -0.07415945
1541977112703048.2 -0.018476225 0.06912836 -0.05658258 0.02791505 -0.14509743 0.98611236 -0.07582928
1541977112736476.2 0.054106385 0.05909423 -0.05980989 0.014632689 -0.14647119 0.9861166 -0.07685241
1541977112769822.2 0.05301267 0.06028781 -0.05944518 0.027830822 -0.14405417 0.9861217 -0.07770373
1541977112803055.2 0.052647233 0.060838185 -0.058061607 0.042235132 -0.13914074 0.98634017 -0.077389844
1541977112836166.2 0.050681554 0.062305696 -0.059862945 0.053667057 -0.13120586 0.9869105 -0.07689289
1541977112869139.2 0.046927653 0.065792374 -0.066658184 0.06511007 -0.12367175 0.98708385 -0.078304276
1541977112901957.2 0.13495676 0.061957344 -0.07203626 0.04599705 -0.12678863 0.9878979 -0.076594315
1541977112934622.2 0.1344195 0.063629374 -0.07278415 0.05144089 -0.119481124 0.9885883 -0.07596922
1541977112967154.2 0.1357807 0.070017695 -0.07515102 0.055301633 -0.114083655 0.98891675 -0.07726759
1541977112999568.2 0.15111059 0.08605266 -0.07075503 0.0582657 -0.11278583 0.9888856 -0.07739484
1541977113031888.2 0.16733152 0.09483515 -0.06582986 0.057608876 -0.108638026 0.9895246 -0.075631954
1541977113064122.2 0.1650883 0.098142 -0.061523043 0.061708614 -0.10459451 0.9897811 -0.074736126
1541977113096265.2 0.17877643 0.095829666 -0.056400303 0.06194185 -0.10524124 0.98967594 -0.07502761
1541977113128332.2 0.19389835 0.092437714 -0.052721962 0.06302683 -0.10714699 0.9894375 -0.0745692
1541977113160357.2 0.20926644 0.09381821 -0.048395403 0.06475977 -0.10474415 0.9898273 -0.07125225
1541977113192353.2 0.2163203 0.09575992 -0.040500022 0.07041494 -0.099047855 0.99018943 -0.068965524
1541977113224312.2 0.23783621 0.09780142 -0.036907017 0.06977795 -0.09873614 0.990447 -0.06631034
1541977113256220.2 0.24498555 0.09950159 -0.025787119 0.07431982 -0.09968872 0.9902856 -0.06223548
1541977113288070.2 0.26614657 0.09989968 -0.019994877 0.07311356 -0.10592291 0.98991907 -0.0591182
1541977113319855.2 0.25947264 0.07591344 -0.023656711 0.07618972 -0.10570535 0.9894505 -0.0633183
1541977113351572.2 0.26716226 0.07001455 -0.013695368 0.079624094 -0.11118973 0.98880994 -0.05959794
1541977113383231.2 0.2787499 0.06665155 -0.0063383975 0.08214423 -0.119909406 0.9878188 -0.055572122
1541977113414831.2 0.2886326 0.06227414 0.0025362452 0.083731435 -0.12864834 0.9868832 -0.05000231
1541977113446382.2 0.29367644 0.057124987 0.012064074 0.08803105 -0.13559587 0.9857655 -0.046159472
1541977113477892.2 0.3016222 0.052570388 0.01852954 0.091489345 -0.14268096 0.9846189 -0.04239646
1541977113509366.2 0.3093096 0.02172374 0.012251452 0.088012755 -0.14492987 0.9843836 -0.047309346
1541977113540822.2 0.31523106 0.018291835 0.019961812 0.0904631 -0.15184832 0.98344934 -0.03982429
1541977113572268.2 0.3214006 0.013213649 0.028149275 0.092746176 -0.15882288 0.98240817 -0.032370225
1541977113603694.2 0.32567096 0.009779472 0.03540629 0.09358297 -0.16742559 0.9811732 -0.022585899
1541977113635082.2 0.33105147 0.0028341757 0.045226246 0.093364626 -0.17652124 0.97976094 -0.013852827
1541977113666417.2 0.33786258 -0.0065576266 0.05072477 0.09297981 -0.18490325 0.97830325 -0.009404362
1541977113697684.2 0.33206406 -0.041902915 0.037804652 0.090837196 -0.18304592 0.97872806 -0.018283196
1541977113728894.2 0.3383511 -0.046903346 0.045732845 0.090258434 -0.18717244 0.9780729 -0.01391045
1541977113760066.2 0.342378 -0.04941321 0.05319786 0.0911542 -0.19426043 0.9766502 -0.010410914
1541977113791225.2 0.3419769 -0.05492874 0.058918923 0.092619576 -0.19859383 0.9756491 -0.0095407935
1541977113822391.2 0.34554952 -0.06639019 0.06418321 0.09271607 -0.20308758 0.9746527 -0.01454007
1541977113853567.2 0.34701318 -0.07349806 0.06341478 0.09362014 -0.20558892 0.97397995 -0.018209271
1541977113884765.2 0.35095537 -0.07467014 0.069522366 0.096139364 -0.20753206 0.9733308 -0.017747184
1541977113916009.2 0.35024902 -0.07789171 0.0699228 0.10161316 -0.20743287 0.9727533 -0.019936612
1541977113947304.2 0.35693485 -0.07472317 0.06936004 0.104446895 -0.20756704 0.97237694 -0.022133773
1541977113978628.2 0.36177936 -0.077927046 0.06751427 0.10872144 -0.20715514 0.97184795 -0.02789313
1541977114009955.2 0.36815584 -0.07903879 0.06841001 0.11655326 -0.20795289 0.9705736 -0.03402762
1541977114041270.2 0.38102123 -0.080132365 0.068007074 0.1212295 -0.20653826 0.97013897 -0.03841549
1541977114072558.2 0.40272397 -0.08382149 0.06684498 0.12080672 -0.20369385 0.97053677 -0.0444194
1541977114103810.2 0.4121787 -0.08529902 0.06503669 0.1283967 -0.20796655 0.96825707 -0.052369032
1541977114135031.2 0.4252916 -0.08554392 0.062206857 0.13527155 -0.21152355 0.96623087 -0.057942547
1541977114166227.2 0.4366991 -0.08781381 0.05930746 0.14194115 -0.20580843 0.9661976 -0.06291082
1541977114197406.2 0.45330146 -0.08526135 0.055223275 0.14651366 -0.197639 0.9669139 -0.06745443
1541977114228579.2 0.46420783 -0.08585961 0.04914192 0.15587488 -0.19340739 0.96570766 -0.07553407
1541977114259750.2 0.47343513 -0.08376342 0.04306742 0.16472201 -0.18962485 0.96466875 -0.07951905
1541977114290930.2 0.4812902 -0.08430153 0.036943737 0.17080465 -0.18503441 0.9641732 -0.0834153
1541977114322142.2 0.48055986 -0.08793924 0.03229691 0.17915401 -0.18063071 0.9627723 -0.091356315
1541977114353409.2 0.48411706 -0.0881239 0.026508434 0.18504924 -0.17969757 0.9612001 -0.09777499
1541977114384744.2 0.48724747 -0.08568447 0.023212543 0.18802519 -0.17772521 0.96078503 -0.09976203
1541977114416140.2 0.48778576 -0.08527717 0.022997435 0.19006313 -0.176441 0.96046627 -0.101238735
