1541978820368298.2 -0.0 -0.0 -0.0 -0.0 -0.0 1.0 -0.0
1541978820400231.2 -0.18060023 0.059755966 -0.3785604 0.019918326 0.03583701 0.9964224 -0.07390116
1541978820432229.2 -0.24507174 0.048120968 -0.40479037 0.06396584 0.046706367 0.995753 -0.046935577
1541978820464276.2 -0.30568302 0.017268581 -0.46242324 0.114011 0.0319334 0.992965 -0.0015217131
1541978820496331.2 -0.37006024 0.01593988 -0.525811 0.13605742 0.024733925 0.9903921 -0.0003993442
1541978820528393.2 -0.45635507 0.0023128758 -0.53569084 0.14972413 0.044241678 0.9850613 -0.07266107
1541978820560535.2 -0.52034456 0.024535285 -0.5815304 0.16973263 0.06966459 0.9792556 -0.08600124
1541978820592820.2 -0.5247982 0.013401087 -0.6280525 0.20034736 0.082219824 0.9751912 -0.04585848
1541978820625138.2 -0.5424931 0.0058659166 -0.6340585 0.2288862 0.074427284 0.96996015 -0.035341553
1541978820657374.2 -0.52584994 0.008709835 -0.66110706 0.2107673 0.08719752 0.9702567 -0.08109125
1541978820689527.2 -0.47236803 0.032643985 -0.6972994 0.19794004 0.09655542 0.9725216 -0.0754886
1541978820721625.2 -0.44369203 0.03471049 -0.71529233 0.2149511 0.08585043 0.9721113 -0.037754744
1541978820753688.2 -0.4641789 0.026204333 -0.7021892 0.24137022 0.08036872 0.96679044 -0.024445457
1541978820785734.2 -0.39614916 0.05255048 -0.7676819 0.2104454 0.09601428 0.9705078 -0.06788692
1541978820817772.2 -0.37294585 0.05933577 -0.7908303 0.20987174 0.10649984 0.96839327 -0.08262034
1541978820849804.2 -0.35637847 0.05957329 -0.8041191 0.23156442 0.09494379 0.96753204 -0.03528974
1541978820881800.2 -0.3432627 0.06001145 -0.8022424 0.2507406 0.08402797 0.9643608 -0.008757645
1541978820913754.2 -0.32060933 0.07122888 -0.846387 0.22994618 0.10452172 0.96609354 -0.05350955
1541978820945625.2 -0.3102139 0.07594662 -0.86073524 0.22858217 0.12670434 0.9614166 -0.08587417
1541978820977375.2 -0.28901464 0.079383746 -0.8825226 0.2365741 0.121556535 0.96270555 -0.049545567
1541978821008977.2 -0.28811452 0.07405747 -0.8931082 0.26024142 0.094206065 0.96077085 -0.017863397
1541978821040484.2 -0.26640898 0.0859565 -0.91140896 0.25250906 0.105297565 0.96130943 -0.032183643
1541978821071932.2 -0.2471939 0.10200436 -0.9343395 0.24145518 0.13257597 0.95794386 -0.08041534
1541978821103254.2 -0.23880903 0.10343988 -0.95217645 0.2469044 0.1461733 0.95503193 -0.074736975
1541978821134389.2 -0.23491769 0.106505394 -0.962387 0.2646068 0.12117647 0.95587075 -0.04013371
1541978821165361.2 -0.2249998 0.108906545 -0.9814292 0.27137482 0.103036925 0.95580846 -0.046576455
1541978821196292.2 -0.2185624 0.12309447 -0.99975914 0.26530656 0.12412858 0.9539158 -0.06518625
1541978821227151.2 -0.21469998 0.12634917 -1.0131773 0.26665848 0.13675535 0.95219594 -0.05928025
1541978821257868.2 -0.21308964 0.12458997 -1.0280784 0.27608302 0.11225572 0.9529379 -0.055553127
1541978821288487.2 -0.21145803 0.1377582 -1.0462114 0.2790593 0.10797749 0.9519978 -0.06455263
1541978821319072.2 -0.2164269 0.14936781 -1.062289 0.2699543 0.13868614 0.9496677 -0.07760235
1541978821349608.2 -0.22236085 0.15295726 -1.0833578 0.2622408 0.13939828 0.951283 -0.08281648
1541978821380056.2 -0.23806077 0.1560739 -1.0826745 0.27569646 0.09802922 0.95353043 -0.07184377
1541978821410449.2 -0.24757746 0.168849 -1.0910333 0.28298524 0.06492812 0.95477086 -0.0641585
1541978821440866.2 -0.25124 0.18842828 -1.1077967 0.2674739 0.094356574 0.9509977 -0.12311755
1541978821471305.2 -0.25947165 0.21419401 -1.1263574 0.25552484 0.135281 0.9400522 -0.18085366
1541978821501697.2 -0.27480906 0.21957187 -1.1382328 0.2517903 0.15036544 0.9389288 -0.18001314
1541978821531995.2 -0.28212273 0.22003923 -1.1531672 0.2492055 0.12398915 0.9471258 -0.15961234
1541978821562233.2 -0.29852504 0.21970919 -1.1621627 0.24698956 0.09739768 0.95342207 -0.14316516
1541978821592506.2 -0.32044545 0.22857836 -1.1708838 0.23968343 0.09041622 0.9555442 -0.1459866
1541978821622819.2 -0.33412167 0.2368253 -1.1835047 0.22233821 0.10344763 0.95107156 -0.18795525
1541978821653175.2 -0.3552738 0.24627891 -1.1946895 0.21224785 0.117690906 0.9485163 -0.20351072
1541978821683580.2 -0.36844432 0.2370674 -1.2033612 0.20473917 0.111316636 0.9551226 -0.18284258
1541978821713969.2 -0.37842876 0.23462462 -1.2106082 0.20752841 0.055816133 0.9614087 -0.1717847
1541978821744335.2 -0.39172757 0.24057895 -1.2190537 0.20780137 0.020947289 0.961893 -0.17647016
1541978821774697.2 -0.39890993 0.2504503 -1.2277507 0.19292718 0.05300099 0.95020914 -0.23889865
1541978821805014.2 -0.41058478 0.2594236 -1.2394096 0.18743354 0.07660106 0.9415396 -0.26926616
1541978821835236.2 -0.42228746 0.25693935 -1.2454679 0.19097893 0.068265185 0.943947 -0.26044372
1541978821865354.2 -0.43059176 0.2539457 -1.2518083 0.1878593 0.03614916 0.95091 -0.24325383
1541978821895583.2 -0.44010258 0.25045854 -1.2583065 0.17585665 0.011520759 0.955937 -0.23478954
1541978821926078.2 -0.448852 0.25264537 -1.2659986 0.16218342 0.004659681 0.9512453 -0.26231146
1541978821956694.2 -0.45829445 0.25347063 -1.2778653 0.15479855 0.016557839 0.940857 -0.30091763
1541978821987339.2 -0.4656745 0.25676188 -1.2912731 0.1510101 0.025176814 0.9379495 -0.31114772
1541978822017966.2 -0.47707534 0.247016 -1.2950689 0.14718883 0.012371736 0.9427924 -0.2988726
1541978822048570.2 -0.48293662 0.24104416 -1.3020241 0.13316289 -0.019063042 0.9524757 -0.2733026
1541978822079290.2 -0.48255467 0.23161356 -1.3110789 0.11471925 -0.05246256 0.95692635 -0.2614941
1541978822110104.2 -0.4864495 0.23797408 -1.316827 0.10520821 -0.070448205 0.9529815 -0.27530828
1541978822140846.2 -0.4873249 0.25150266 -1.3262466 0.09752584 -0.06034521 0.9426292 -0.31352404
1541978822171502.2 -0.49718845 0.2766084 -1.3428167 0.09572768 -0.04752559 0.9347517 -0.3388464
1541978822202126.2 -0.50699675 0.27682522 -1.3472106 0.09647504 -0.055431195 0.93061393 -0.34867996
1541978822232724.2 -0.51905894 0.26811302 -1.3407565 0.091518335 -0.07043293 0.9381984 -0.32626295
1541978822263419.2 -0.5171662 0.2582804 -1.3405243 0.07065827 -0.09660788 0.9484933 -0.29331696
1541978822294334.2 -0.52200055 0.26432517 -1.3398371 0.055406276 -0.1286615 0.95252466 -0.27032048
1541978822325346.2 -0.52455455 0.27959818 -1.3383319 0.04845143 -0.14121442 0.9480021 -0.2810749
1541978822356300.2 -0.53530806 0.30034006 -1.337806 0.054325704 -0.14317758 0.93795705 -0.31110373
1541978822387222.2 -0.5466765 0.31798118 -1.3338587 0.0531965 -0.12896238 0.93806577 -0.3171301
1541978822418120.2 -0.5589351 0.33051413 -1.3261346 0.046443928 -0.12736925 0.94432855 -0.29977274
1541978822448987.2 -0.5719358 0.32963037 -1.313051 0.034532674 -0.13847063 0.95180374 -0.27148306
1541978822479909.2 -0.589292 0.3281949 -1.29987 0.02576416 -0.15098682 0.9587583 -0.23941962
1541978822510898.2 -0.6009563 0.3382882 -1.291648 0.02248492 -0.15677324 0.95996225 -0.23106112
1541978822541822.2 -0.61139035 0.35598612 -1.2792541 0.024325915 -0.13773553 0.95780337 -0.25109744
1541978822572637.2 -0.6251362 0.37213266 -1.2680019 0.019845543 -0.107821755 0.959142 -0.26082045
1541978822603397.2 -0.6445496 0.3794822 -1.2518708 0.015182043 -0.10113506 0.9633008 -0.24817914
1541978822634129.2 -0.6502694 0.37404996 -1.2336258 0.0095466515 -0.11547264 0.9681299 -0.22203492
1541978822664896.2 -0.6642752 0.3615271 -1.2130822 0.013899357 -0.12712368 0.97144866 -0.19983514
1541978822695748.2 -0.673644 0.36776316 -1.1921861 0.023220723 -0.12926008 0.97088546 -0.2003349
1541978822726631.2 -0.67517173 0.3824093 -1.1799449 0.020011129 -0.10470889 0.96959615 -0.22027028
1541978822757502.2 -0.6860424 0.38764346 -1.1607908 0.010791559 -0.0680153 0.96976197 -0.23413533
1541978822788352.2 -0.7006716 0.38034844 -1.1457835 0.0076708654 -0.060796767 0.9740075 -0.21806964
1541978822819168.2 -0.7184075 0.34959292 -1.1283815 0.008356978 -0.07712097 0.98024076 -0.18196331
1541978822850026.2 -0.7363039 0.32260126 -1.1115879 0.012791172 -0.10182403 0.9847482 -0.14049678
1541978822880960.2 -0.7459473 0.305897 -1.0979699 0.014579083 -0.11300164 0.9875227 -0.10870628
1541978822911855.2 -0.7659609 0.28756094 -1.0778039 0.02337254 -0.105579026 0.9872038 -0.11719862
1541978822942617.2 -0.7672493 0.2916784 -1.0688593 0.021051442 -0.09280753 0.98554873 -0.14013365
1541978822973243.2 -0.7701161 0.29193676 -1.055812 0.014320565 -0.07754495 0.9870673 -0.13957037
1541978823003777.2 -0.7885655 0.27573165 -1.0445447 0.015684301 -0.07808973 0.98959273 -0.11984282
1541978823034258.2 -0.8055219 0.2514212 -1.0360976 0.021944245 -0.09142851 0.9914235 -0.09076778
1541978823064728.2 -0.81634766 0.23591654 -1.0273108 0.031363614 -0.09888824 0.99288493 -0.058455426
1541978823095188.2 -0.8176719 0.22524938 -1.0191122 0.03873953 -0.08964194 0.99436486 -0.04125664
1541978823125647.2 -0.819243 0.22781816 -1.0099059 0.044160277 -0.07590185 0.9948279 -0.051051285
1541978823156127.2 -0.8252531 0.23725544 -1.0019267 0.043356422 -0.054772165 0.99458367 -0.0769657
1541978823186626.2 -0.8269794 0.234997 -1.0020926 0.037051145 -0.04186907 0.9949674 -0.08315067
1541978823217106.2 -0.83502865 0.22413664 -1.0001467 0.04110918 -0.04967642 0.9959077 -0.06332581
1541978823247545.2 -0.80334955 0.19393653 -1.0039135 0.0344585 -0.06956685 0.99621075 -0.039208055
1541978823277961.2 -0.80537367 0.18545322 -1.0031207 0.046064854 -0.0873534 0.9950468 -0.011375587
1541978823308378.2 -0.8025268 0.18240324 -1.0039129 0.058066238 -0.08268185 0.99486643 -0.0057382192
1541978823338822.2 -0.7587504 0.18689916 -1.0081798 0.049604375 -0.048118837 0.99708503 -0.032335505
1541978823369281.2 -0.7331364 0.20715007 -1.012144 0.05222395 -0.014377747 0.9966958 -0.060527027
1541978823399687.2 -0.7115621 0.22628435 -1.0172262 0.05509038 0.00956176 0.99582314 -0.072180524
1541978823430028.2 -0.69800466 0.2228514 -1.0280864 0.05869772 0.00884125 0.99532694 -0.076162495
1541978823460377.2 -0.69148177 0.21362455 -1.0361273 0.062313218 -0.0060361316 0.9955502 -0.07043076
1541978823490799.2 -0.6810106 0.20892349 -1.0397271 0.06385313 -0.03031161 0.9957495 -0.059051123
1541978823521332.2 -0.6764027 0.2081705 -1.0481259 0.06870383 -0.055520624 0.99478525 -0.0509862
1541978823551987.2 -0.66543436 0.20788914 -1.0616883 0.07153595 -0.0630287 0.99423015 -0.049157634
1541978823582762.2 -0.65046585 0.22063628 -1.0705394 0.07911096 -0.05492545 0.99384993 -0.05465301
1541978823613663.2 -0.62413 0.23510548 -1.0878056 0.08629065 -0.0376832 0.9930268 -0.070935234
1541978823644701.2 -0.59589905 0.25044978 -1.1066179 0.094168566 -0.019556563 0.99155706 -0.08697391
1541978823675827.2 -0.57304883 0.258298 -1.1300842 0.1070923 -0.010570332 0.9885503 -0.10577316
1541978823706960.2 -0.5599957 0.26345062 -1.1502905 0.121538095 -0.0062630987 0.9852486 -0.12030957
1541978823738034.2 -0.55764705 0.27266026 -1.1641278 0.13039282 0.000789614 0.98347 -0.12563369
1541978823769004.2 -0.5574506 0.28624418 -1.1754144 0.13247533 -0.0006281669 0.9823875 -0.13177556
1541978823799870.2 -0.56080264 0.29705837 -1.1893322 0.1304671 -0.0001574639 0.9820913 -0.13592304
1541978823830688.2 -0.57976335 0.3046892 -1.1900461 0.12977327 0.004625674 0.9823888 -0.1343495
1541978823861488.2 -0.578613 0.3269352 -1.1919395 0.114712685 -0.0006116829 0.9852684 -0.12683375
1541978823892282.2 -0.6081566 0.34066516 -1.1844901 0.10623478 -0.003480245 0.9867323 -0.12272544
1541978823923072.2 -0.6225644 0.36890054 -1.1823822 0.0879088 -0.005709971 0.9895927 -0.11378014
1541978823953833.2 -0.64932734 0.38794872 -1.1733999 0.08030294 -0.0029194138 0.9907621 -0.10924009
1541978823984542.2 -0.6700939 0.38933986 -1.170491 0.07684271 0.0021515894 0.9914622 -0.10532485
1541978824015192.2 -0.6710481 0.38069716 -1.1718299 0.07421219 0.009696276 0.99264663 -0.095138185
1541978824045836.2 -0.672116 0.35240266 -1.1758348 0.07985702 0.011768863 0.9923296 -0.09362908
1541978824076531.2 -0.6812895 0.33417094 -1.1750343 0.093334995 0.015225696 0.99179876 -0.08597706
1541978824107284.2 -0.6817224 0.32723457 -1.1690774 0.099047214 0.027731452 0.9920474 -0.07254314
1541978824138052.2 -0.6910588 0.32577136 -1.1692324 0.10003963 0.040537287 0.9917359 -0.06934568
1541978824168802.2 -0.6936843 0.34838027 -1.1670848 0.09227497 0.04981112 0.99242026 -0.06407995
1541978824199552.2 -0.7083558 0.36133492 -1.1644343 0.085010156 0.06238755 0.99222314 -0.06613866
1541978824230304.2 -0.73007643 0.38186824 -1.1620209 0.08112854 0.06530603 0.9920967 -0.06998217
1541978824261006.2 -0.7396293 0.42364192 -1.1575346 0.07666427 0.05581309 0.9929629 -0.07093754
1541978824291603.2 -0.7492762 0.4540066 -1.1588749 0.07793247 0.04221519 0.9929502 -0.07870406
