# timestamp[secs] tx ty tz qx qy qz qw
1541978820.3682983 -0.0 -0.0 -0.0 -0.0 -0.0 -0.0 1.0
1541978820.4002314 -0.18060022592544556 0.05975596606731415 -0.3785603940486908 -0.07390116155147552 0.019918326288461685 0.03583700954914093 0.9964224100112915
1541978820.4322293 -0.24507173895835876 0.04812096804380417 -0.40479037165641785 -0.04693557694554329 0.06396584212779999 0.046706367284059525 0.9957529902458191
1541978820.4642763 -0.3056830167770386 0.017268581315875053 -0.4624232351779938 -0.001521713100373745 0.1140109971165657 0.03193340077996254 0.9929649829864502
1541978820.4963312 -0.3700602352619171 0.015939880162477493 -0.5258110165596008 -0.0003993441932834685 0.13605742156505585 0.024733925238251686 0.9903920888900757
1541978820.5283933 -0.4563550651073456 0.0023128758184611797 -0.5356908440589905 -0.07266107201576233 0.14972412586212158 0.04424167796969414 0.9850612878799438
1541978820.5605352 -0.5203445553779602 0.0245352853089571 -0.5815303921699524 -0.08600123971700668 0.16973263025283813 0.06966459006071091 0.9792556166648865
1541978820.5928202 -0.5247982144355774 0.013401087373495102 -0.6280524730682373 -0.0458584800362587 0.20034736394882202 0.08221982419490814 0.9751911759376526
1541978820.6251383 -0.5424931049346924 0.005865916609764099 -0.6340584754943848 -0.03534155339002609 0.2288862019777298 0.0744272843003273 0.9699601531028748
1541978820.6573741 -0.5258499383926392 0.008709834888577461 -0.661107063293457 -0.0810912474989891 0.21076729893684387 0.08719751983880997 0.9702566862106323
1541978820.6895273 -0.4723680317401886 0.032643985003232956 -0.6972994208335876 -0.07548859715461731 0.19794003665447235 0.09655541926622391 0.9725216031074524
1541978820.7216253 -0.44369202852249146 0.034710489213466644 -0.7152923345565796 -0.03775474429130554 0.21495109796524048 0.08585043251514435 0.9721112847328186
1541978820.7536883 -0.4641788899898529 0.02620433270931244 -0.7021892070770264 -0.024445457383990288 0.24137021601200104 0.08036871999502182 0.9667904376983643
1541978820.7857342 -0.3961491584777832 0.052550479769706726 -0.767681896686554 -0.06788691878318787 0.21044540405273438 0.09601428359746933 0.970507800579071
1541978820.8177722 -0.3729458451271057 0.05933576822280884 -0.7908303141593933 -0.08262033760547638 0.20987173914909363 0.10649984329938889 0.9683932662010193
1541978820.8498042 -0.3563784658908844 0.05957328900694847 -0.8041191101074219 -0.035289738327264786 0.23156441748142242 0.09494379162788391 0.9675320386886597
1541978820.8818002 -0.3432627022266388 0.060011450201272964 -0.8022423982620239 -0.008757645264267921 0.25074058771133423 0.0840279683470726 0.964360773563385
1541978820.9137542 -0.32060933113098145 0.07122887670993805 -0.8463870286941528 -0.05350954830646515 0.22994618117809296 0.1045217216014862 0.9660935401916504
1541978820.9456253 -0.3102138936519623 0.0759466215968132 -0.8607352375984192 -0.08587417006492615 0.22858217358589172 0.12670433521270752 0.9614166021347046
1541978820.9773753 -0.28901463747024536 0.0793837457895279 -0.8825225830078125 -0.049545567482709885 0.23657409846782684 0.12155653536319733 0.9627055525779724
1541978821.0089772 -0.2881145179271698 0.07405746728181839 -0.8931081891059875 -0.017863396555185318 0.26024141907691956 0.0942060649394989 0.960770845413208
1541978821.0404842 -0.2664089798927307 0.08595649898052216 -0.9114089608192444 -0.03218364343047142 0.25250905752182007 0.10529756546020508 0.9613094329833984
1541978821.0719323 -0.24719390273094177 0.10200435668230057 -0.9343395233154297 -0.08041533827781677 0.24145518243312836 0.13257597386837006 0.957943856716156
1541978821.1032543 -0.2388090342283249 0.10343988239765167 -0.9521764516830444 -0.07473697513341904 0.2469044029712677 0.14617329835891724 0.9550319314002991
1541978821.1343892 -0.23491768538951874 0.1065053939819336 -0.9623870253562927 -0.04013371095061302 0.2646068036556244 0.12117646634578705 0.9558707475662231
1541978821.1653612 -0.22499980032444 0.10890654474496841 -0.9814292192459106 -0.04657645523548126 0.27137482166290283 0.10303692519664764 0.9558084607124329
1541978821.1962922 -0.21856239438056946 0.12309446930885315 -0.9997591376304626 -0.06518624722957611 0.2653065621852875 0.12412858009338379 0.9539157748222351
1541978821.2271512 -0.21469998359680176 0.12634916603565216 -1.0131772756576538 -0.05928025022149086 0.2666584849357605 0.1367553472518921 0.952195942401886
1541978821.2578683 -0.21308964490890503 0.12458997219800949 -1.0280784368515015 -0.0555531270802021 0.2760830223560333 0.11225572228431702 0.95293790102005
1541978821.2884872 -0.2114580273628235 0.13775819540023804 -1.0462113618850708 -0.06455262750387192 0.2790592908859253 0.1079774871468544 0.9519978165626526
1541978821.3190722 -0.21642689406871796 0.1493678092956543 -1.0622889995574951 -0.07760234922170639 0.26995429396629333 0.1386861354112625 0.9496676921844482
1541978821.3496082 -0.22236084938049316 0.1529572606086731 -1.083357810974121 -0.082816481590271 0.26224079728126526 0.13939827680587769 0.9512829780578613
1541978821.3800561 -0.23806077241897583 0.1560738980770111 -1.082674503326416 -0.07184377312660217 0.27569645643234253 0.09802921861410141 0.9535304307937622
1541978821.4104493 -0.2475774586200714 0.16884900629520416 -1.0910333395004272 -0.06415849924087524 0.28298524022102356 0.06492812186479568 0.9547708630561829
1541978821.4408662 -0.25123998522758484 0.18842828273773193 -1.1077966690063477 -0.12311755120754242 0.26747390627861023 0.09435657411813736 0.9509977102279663
1541978821.4713051 -0.2594716548919678 0.21419401466846466 -1.1263574361801147 -0.18085366487503052 0.2555248439311981 0.13528099656105042 0.9400522112846375
1541978821.5016973 -0.2748090624809265 0.21957187354564667 -1.1382328271865845 -0.18001313507556915 0.25179028511047363 0.1503654420375824 0.9389287829399109
1541978821.5319953 -0.28212273120880127 0.2200392335653305 -1.1531672477722168 -0.15961234271526337 0.24920549988746643 0.12398914992809296 0.9471257925033569
1541978821.5622332 -0.29852503538131714 0.21970918774604797 -1.1621626615524292 -0.14316515624523163 0.24698956310749054 0.09739767760038376 0.9534220695495605
1541978821.5925062 -0.3204454481601715 0.2285783588886261 -1.1708837747573853 -0.14598660171031952 0.23968343436717987 0.09041622281074524 0.9555441737174988
1541978821.6228192 -0.3341216742992401 0.23682530224323273 -1.1835047006607056 -0.18795524537563324 0.2223382145166397 0.10344763100147247 0.951071560382843
1541978821.6531754 -0.3552738130092621 0.24627891182899475 -1.1946895122528076 -0.20351071655750275 0.2122478485107422 0.11769090592861176 0.948516309261322
1541978821.6835802 -0.3684443235397339 0.23706740140914917 -1.2033611536026 -0.18284258246421814 0.20473916828632355 0.11131663620471954 0.9551225900650024
1541978821.7139692 -0.37842875719070435 0.23462462425231934 -1.2106082439422607 -0.17178469896316528 0.20752841234207153 0.055816132575273514 0.9614086747169495
1541978821.7443352 -0.3917275667190552 0.24057894945144653 -1.2190537452697754 -0.17647016048431396 0.20780137181282043 0.02094728872179985 0.9618930220603943
1541978821.7746973 -0.39890992641448975 0.2504503130912781 -1.2277506589889526 -0.2388986498117447 0.19292718172073364 0.05300099030137062 0.9502091407775879
1541978821.8050141 -0.41058477759361267 0.2594236135482788 -1.2394095659255981 -0.26926615834236145 0.18743354082107544 0.0766010582447052 0.9415395855903625
1541978821.8352363 -0.4222874641418457 0.2569393515586853 -1.2454679012298584 -0.26044371724128723 0.19097892940044403 0.06826518476009369 0.9439470171928406
1541978821.8653543 -0.43059176206588745 0.2539457082748413 -1.2518082857131958 -0.24325382709503174 0.18785929679870605 0.03614915907382965 0.9509099721908569
1541978821.8955832 -0.44010257720947266 0.2504585385322571 -1.2583065032958984 -0.23478953540325165 0.17585664987564087 0.01152075920253992 0.9559370279312134
1541978821.9260783 -0.448852002620697 0.2526453733444214 -1.2659986019134521 -0.2623114585876465 0.16218341886997223 0.004659681115299463 0.9512453079223633
1541978821.9566944 -0.45829445123672485 0.25347062945365906 -1.2778652906417847 -0.3009176254272461 0.15479855239391327 0.016557838767766953 0.9408569931983948
1541978821.9873393 -0.465674489736557 0.2567618787288666 -1.2912731170654297 -0.3111477196216583 0.15101009607315063 0.025176813825964928 0.9379494786262512
1541978822.0179663 -0.47707533836364746 0.24701599776744843 -1.2950688600540161 -0.29887259006500244 0.14718882739543915 0.012371735647320747 0.9427924156188965
1541978822.0485702 -0.4829366207122803 0.24104416370391846 -1.3020241260528564 -0.2733026146888733 0.13316288590431213 -0.019063042476773262 0.9524757266044617
1541978822.0792902 -0.48255467414855957 0.23161356151103973 -1.3110789060592651 -0.26149410009384155 0.11471924930810928 -0.052462559193372726 0.9569263458251953
1541978822.1101043 -0.4864495098590851 0.23797407746315002 -1.3168270587921143 -0.2753082811832428 0.10520821064710617 -0.07044820487499237 0.9529814720153809
1541978822.1408463 -0.48732489347457886 0.25150266289711 -1.3262466192245483 -0.3135240375995636 0.09752584248781204 -0.06034521013498306 0.9426292181015015
1541978822.1715024 -0.4971884489059448 0.276608407497406 -1.342816710472107 -0.3388463854789734 0.09572768211364746 -0.04752558842301369 0.9347516894340515
1541978822.2021263 -0.506996750831604 0.2768252193927765 -1.3472106456756592 -0.34867995977401733 0.0964750424027443 -0.055431194603443146 0.9306139349937439
1541978822.2327242 -0.5190589427947998 0.26811301708221436 -1.3407565355300903 -0.3262629508972168 0.091518335044384 -0.07043293118476868 0.9381983876228333
1541978822.2634192 -0.5171661972999573 0.2582803964614868 -1.3405243158340454 -0.29331696033477783 0.07065826654434204 -0.09660787880420685 0.9484933018684387
1541978822.2943342 -0.5220005512237549 0.26432517170906067 -1.3398370742797852 -0.27032047510147095 0.055406276136636734 -0.12866149842739105 0.9525246620178223
1541978822.3253462 -0.5245545506477356 0.2795981764793396 -1.338331937789917 -0.2810749113559723 0.04845143109560013 -0.14121441543102264 0.9480020999908447
1541978822.3563004 -0.5353080630302429 0.30034005641937256 -1.337805986404419 -0.3111037313938141 0.05432570353150368 -0.1431775838136673 0.9379570484161377
1541978822.3872223 -0.546676516532898 0.31798118352890015 -1.3338587284088135 -0.31713008880615234 0.0531965009868145 -0.12896238267421722 0.938065767288208
1541978822.4181201 -0.5589351058006287 0.330514132976532 -1.3261345624923706 -0.2997727394104004 0.04644392803311348 -0.1273692548274994 0.9443285465240479
1541978822.4489872 -0.571935772895813 0.32963037490844727 -1.3130509853363037 -0.27148306369781494 0.03453267365694046 -0.1384706348180771 0.9518037438392639
1541978822.4799092 -0.5892919898033142 0.32819488644599915 -1.2998700141906738 -0.239419624209404 0.025764159858226776 -0.15098682045936584 0.9587582945823669
1541978822.5108984 -0.6009563207626343 0.33828818798065186 -1.291648030281067 -0.23106111586093903 0.022484920918941498 -0.15677323937416077 0.9599622488021851
1541978822.5418222 -0.6113903522491455 0.3559861183166504 -1.2792540788650513 -0.2510974407196045 0.024325914680957794 -0.1377355307340622 0.9578033685684204
1541978822.5726373 -0.6251361966133118 0.37213265895843506 -1.268001914024353 -0.2608204483985901 0.019845543429255486 -0.1078217551112175 0.9591420292854309
1541978822.6033971 -0.6445496082305908 0.3794822096824646 -1.2518707513809204 -0.2481791377067566 0.015182043425738811 -0.10113506019115448 0.9633008241653442
1541978822.6341293 -0.6502693891525269 0.37404996156692505 -1.2336257696151733 -0.22203491628170013 0.009546651504933834 -0.11547263711690903 0.9681298732757568
1541978822.6648962 -0.6642752289772034 0.36152708530426025 -1.213082194328308 -0.1998351365327835 0.013899357058107853 -0.12712368369102478 0.9714486598968506
1541978822.6957483 -0.6736440062522888 0.3677631616592407 -1.1921861171722412 -0.20033490657806396 0.023220723494887352 -0.1292600780725479 0.9708854556083679
1541978822.7266312 -0.6751717329025269 0.38240930438041687 -1.1799448728561401 -0.2202702760696411 0.02001112885773182 -0.10470888763666153 0.9695961475372314
1541978822.7575023 -0.6860424280166626 0.3876434564590454 -1.1607908010482788 -0.23413532972335815 0.010791558772325516 -0.06801529973745346 0.9697619676589966
1541978822.7883523 -0.7006716132164001 0.38034844398498535 -1.145783543586731 -0.2180696427822113 0.007670865394175053 -0.060796767473220825 0.9740074872970581
1541978822.8191683 -0.7184075117111206 0.349592924118042 -1.1283814907073975 -0.18196330964565277 0.008356978185474873 -0.07712096720933914 0.9802407622337341
1541978822.8500264 -0.7363039255142212 0.3226012587547302 -1.1115878820419312 -0.14049677550792694 0.012791171669960022 -0.10182403028011322 0.9847481846809387
1541978822.8809602 -0.7459473013877869 0.3058969974517822 -1.097969889640808 -0.1087062805891037 0.01457908283919096 -0.11300163716077805 0.9875227212905884
1541978822.9118552 -0.7659608721733093 0.28756093978881836 -1.0778038501739502 -0.11719862371683121 0.02337254025042057 -0.10557902604341507 0.9872037768363953
1541978822.9426172 -0.7672492861747742 0.29167839884757996 -1.068859338760376 -0.14013364911079407 0.021051442250609398 -0.09280753135681152 0.985548734664917
1541978822.9732432 -0.7701160907745361 0.2919367551803589 -1.0558120012283325 -0.13957037031650543 0.01432056538760662 -0.07754494994878769 0.9870672821998596
1541978823.0037773 -0.7885655164718628 0.2757316529750824 -1.0445446968078613 -0.11984281986951828 0.015684301033616066 -0.07808972895145416 0.9895927309989929
1541978823.0342584 -0.8055219054222107 0.2514212131500244 -1.0360976457595825 -0.09076777845621109 0.02194424532353878 -0.09142851084470749 0.991423487663269
1541978823.0647283 -0.8163476586341858 0.23591654002666473 -1.027310848236084 -0.05845542624592781 0.03136361390352249 -0.09888824075460434 0.9928849339485168
1541978823.0951881 -0.8176718950271606 0.22524937987327576 -1.019112229347229 -0.04125664010643959 0.03873952850699425 -0.08964194357395172 0.994364857673645
1541978823.1256473 -0.8192430138587952 0.22781816124916077 -1.0099059343338013 -0.05105128511786461 0.044160276651382446 -0.07590185105800629 0.994827926158905
1541978823.1561272 -0.8252531290054321 0.23725543916225433 -1.0019266605377197 -0.07696569710969925 0.04335642233490944 -0.054772164672613144 0.9945836663246155
1541978823.1866262 -0.826979398727417 0.2349970042705536 -1.0020925998687744 -0.08315066993236542 0.03705114498734474 -0.04186907038092613 0.9949674010276794
1541978823.2171063 -0.8350286483764648 0.22413663566112518 -1.000146746635437 -0.06332580745220184 0.041109178215265274 -0.04967641830444336 0.995907723903656
1541978823.2475452 -0.8033495545387268 0.1939365267753601 -1.0039135217666626 -0.039208054542541504 0.034458499401807785 -0.06956685334444046 0.9962107539176941
1541978823.2779613 -0.8053736686706543 0.18545322120189667 -1.0031206607818604 -0.011375587433576584 0.04606485366821289 -0.08735340088605881 0.9950467944145203
1541978823.3083782 -0.8025267720222473 0.18240323662757874 -1.0039129257202148 -0.005738219246268272 0.0580662377178669 -0.08268184959888458 0.9948664307594299
1541978823.3388224 -0.7587503790855408 0.18689915537834167 -1.008179783821106 -0.03233550488948822 0.049604374915361404 -0.04811883717775345 0.9970850348472595
1541978823.3692813 -0.7331364154815674 0.20715007185935974 -1.0121439695358276 -0.060527026653289795 0.05222395062446594 -0.014377746731042862 0.9966958165168762
1541978823.3996873 -0.7115620970726013 0.22628435492515564 -1.017226219177246 -0.07218052446842194 0.05509037896990776 0.009561760351061821 0.9958231449127197
1541978823.4300282 -0.6980046629905701 0.22285139560699463 -1.0280864238739014 -0.07616249471902847 0.058697719126939774 0.008841250091791153 0.9953269362449646
1541978823.4603772 -0.6914817690849304 0.21362455189228058 -1.0361273288726807 -0.07043076306581497 0.06231321766972542 -0.006036131642758846 0.9955502152442932
1541978823.4907992 -0.6810106039047241 0.20892348885536194 -1.0397270917892456 -0.05905112251639366 0.06385312974452972 -0.03031161054968834 0.9957494735717773
1541978823.5213323 -0.6764026880264282 0.20817050337791443 -1.0481258630752563 -0.05098620057106018 0.06870383024215698 -0.05552062392234802 0.9947852492332458
1541978823.5519872 -0.6654343605041504 0.2078891396522522 -1.0616883039474487 -0.04915763437747955 0.07153595238924026 -0.06302870064973831 0.9942301511764526
1541978823.5827622 -0.6504658460617065 0.2206362783908844 -1.0705393552780151 -0.05465301126241684 0.07911095768213272 -0.054925449192523956 0.9938499331474304
1541978823.6136632 -0.6241300106048584 0.2351054847240448 -1.0878056287765503 -0.07093523442745209 0.08629065006971359 -0.03768320009112358 0.9930267930030823
1541978823.6447012 -0.5958990454673767 0.2504497766494751 -1.1066179275512695 -0.08697391301393509 0.09416856616735458 -0.01955656334757805 0.9915570616722107
1541978823.6758273 -0.5730488300323486 0.25829800963401794 -1.1300841569900513 -0.10577315837144852 0.10709229856729507 -0.010570332407951355 0.9885503053665161
1541978823.7069602 -0.559995710849762 0.26345062255859375 -1.1502904891967773 -0.12030956894159317 0.12153809517621994 -0.006263098679482937 0.9852486252784729
1541978823.7380342 -0.5576470494270325 0.2726602554321289 -1.1641278266906738 -0.12563368678092957 0.13039281964302063 0.0007896139868535101 0.9834700226783752
1541978823.7690043 -0.5574505925178528 0.2862441837787628 -1.1754144430160522 -0.13177555799484253 0.1324753314256668 -0.0006281668902374804 0.9823874831199646
1541978823.7998703 -0.5608026385307312 0.2970583736896515 -1.1893322467803955 -0.13592304289340973 0.13046710193157196 -0.00015746390272397548 0.9820913076400757
1541978823.8306882 -0.5797633528709412 0.3046891987323761 -1.1900460720062256 -0.1343494951725006 0.12977327406406403 0.004625673871487379 0.9823887944221497
1541978823.8614883 -0.5786129832267761 0.32693520188331604 -1.1919394731521606 -0.1268337517976761 0.1147126853466034 -0.0006116828881204128 0.9852684140205383
1541978823.8922822 -0.6081566214561462 0.34066516160964966 -1.1844900846481323 -0.12272544205188751 0.10623478144407272 -0.003480244893580675 0.9867323040962219
1541978823.9230723 -0.6225643754005432 0.3689005374908447 -1.1823822259902954 -0.11378014087677002 0.0879087969660759 -0.005709970835596323 0.9895926713943481
1541978823.9538333 -0.6493273377418518 0.3879487216472626 -1.1733999252319336 -0.1092400923371315 0.08030293881893158 -0.002919413847848773 0.9907621145248413
1541978823.9845421 -0.6700938940048218 0.3893398642539978 -1.1704909801483154 -0.10532484948635101 0.07684271037578583 0.002151589374989271 0.9914621710777283
1541978824.0151923 -0.671048104763031 0.3806971609592438 -1.1718299388885498 -0.09513818472623825 0.07421219348907471 0.009696275927126408 0.9926466345787048
1541978824.0458362 -0.6721159815788269 0.3524026572704315 -1.1758347749710083 -0.09362907707691193 0.07985702157020569 0.01176886260509491 0.9923295974731445
1541978824.0765312 -0.6812894940376282 0.334170937538147 -1.1750342845916748 -0.08597706258296967 0.09333499521017075 0.015225696377456188 0.9917987585067749
1541978824.1072843 -0.6817224025726318 0.32723456621170044 -1.1690773963928223 -0.07254313677549362 0.0990472137928009 0.027731452137231827 0.9920474290847778
1541978824.1380522 -0.6910588145256042 0.32577136158943176 -1.1692323684692383 -0.06934568285942078 0.10003963112831116 0.040537286549806595 0.9917358756065369
1541978824.1688023 -0.6936842799186707 0.34838026762008667 -1.167084813117981 -0.06407994776964188 0.092274971306324 0.049811121076345444 0.9924202561378479
1541978824.1995523 -0.7083557844161987 0.3613349199295044 -1.1644343137741089 -0.06613866239786148 0.08501015603542328 0.06238754838705063 0.9922231435775757
1541978824.2303042 -0.7300764322280884 0.38186824321746826 -1.1620209217071533 -0.06998217105865479 0.08112853765487671 0.06530603021383286 0.9920967221260071
1541978824.2610064 -0.739629328250885 0.4236419200897217 -1.1575345993041992 -0.07093753665685654 0.0766642689704895 0.05581308901309967 0.9929628968238831
1541978824.2916033 -0.7492762207984924 0.4540066123008728 -1.1588748693466187 -0.07870405912399292 0.07793246954679489 0.04221519082784653 0.9929502010345459
