# timestamp[secs] tx ty tz qx qy qz qw
1541978787.1769845 -0.0 -0.0 -0.0 -0.0 -0.0 -0.0 1.0
1541978787.2084186 0.00970315933227539 0.007596952840685844 -0.022963277995586395 0.009452687576413155 0.029670849442481995 0.02516615204513073 0.9991981387138367
1541978787.2396336 0.01974138617515564 0.018442219123244286 -0.04325811564922333 0.009864268824458122 0.06179535761475563 0.06876233965158463 0.9956685304641724
1541978787.2706344 0.03769582137465477 0.028234567493200302 -0.06371741741895676 0.02027616836130619 0.0717524066567421 0.12337787449359894 0.9895547032356262
1541978787.3013866 0.0529588907957077 0.036566488444805145 -0.08188194036483765 0.025360988453030586 0.07647202908992767 0.16140508651733398 0.9835940599441528
1541978787.3318934 0.07496583461761475 0.0425729863345623 -0.10208171606063843 0.026352427899837494 0.08374536782503128 0.1889171451330185 0.9780606627464294
1541978787.3622086 0.09959407150745392 0.04695062339305878 -0.12188975512981415 0.022624120116233826 0.10336130112409592 0.21063801646232605 0.9718210697174072
1541978787.3923805 0.12126360833644867 0.0511946864426136 -0.1400785744190216 0.02532993257045746 0.12139841169118881 0.23674404621124268 0.9636249542236328
1541978787.4224725 0.14160433411598206 0.05266581103205681 -0.15583054721355438 0.04334508627653122 0.133609339594841 0.2594742178916931 0.9554805159568787
1541978787.4525714 0.15882571041584015 0.05012347921729088 -0.17202147841453552 0.0534672886133194 0.1467277854681015 0.26342499256134033 0.9519556164741516
1541978787.4827936 0.17620430886745453 0.04715070128440857 -0.18560382723808289 0.05677441880106926 0.1611359566450119 0.25345081090927124 0.9521421790122986
1541978787.5132315 0.1971694827079773 0.04212220758199692 -0.2008368819952011 0.057906199246644974 0.1772141009569168 0.2402850091457367 0.9526306390762329
1541978787.5439014 0.21618135273456573 0.03748169168829918 -0.2148228883743286 0.07060088962316513 0.19427289068698883 0.23611101508140564 0.9494867920875549
1541978787.5747795 0.23453718423843384 0.03639547526836395 -0.22601795196533203 0.09405968338251114 0.20705798268318176 0.24190782010555267 0.9432711601257324
1541978787.6058395 0.25097498297691345 0.03641131520271301 -0.2378077656030655 0.10756596177816391 0.21327251195907593 0.25289568305015564 0.9375437498092651
1541978787.6370645 0.2699230909347534 0.03495605289936066 -0.25220856070518494 0.10668307542800903 0.21730490028858185 0.2666113078594208 0.9329071640968323
1541978787.6684165 0.2890946865081787 0.03955145925283432 -0.2646252512931824 0.10594537109136581 0.2252790927886963 0.27409130334854126 0.928923487663269
1541978787.6998174 0.3062310218811035 0.04195450246334076 -0.27435266971588135 0.10639110952615738 0.23329190909862518 0.28258997201919556 0.9243369102478027
1541978787.7311716 0.32155901193618774 0.044629234820604324 -0.2854531705379486 0.10104323923587799 0.2411171793937683 0.28623688220977783 0.9218032956123352
1541978787.7624166 0.3380548059940338 0.04947168380022049 -0.29466354846954346 0.0897582396864891 0.25094714760780334 0.2823545038700104 0.9215449094772339
1541978787.7935424 0.3553394079208374 0.05296923965215683 -0.30556684732437134 0.0831831768155098 0.25966784358024597 0.2833274006843567 0.9194448590278625
1541978787.8245466 0.3693591356277466 0.0569128543138504 -0.31289517879486084 0.0844871997833252 0.270463228225708 0.2920936942100525 0.9134511351585388
1541978787.8554275 0.38397735357284546 0.06003670394420624 -0.32154446840286255 0.08625368773937225 0.27813687920570374 0.3039674758911133 0.9070854783058167
1541978787.8861885 0.3958696722984314 0.06519125401973724 -0.32600268721580505 0.08807724714279175 0.2896747887134552 0.3138635456562042 0.8999003171920776
1541978787.9168575 0.4074133038520813 0.06877543032169342 -0.3319496512413025 0.08742426335811615 0.2979622483253479 0.32275646924972534 0.8940938115119934
1541978787.9474735 0.4184178113937378 0.07171228528022766 -0.3365459442138672 0.08920948207378387 0.3062446117401123 0.32786938548088074 0.8892455697059631
1541978787.9780755 0.42797011137008667 0.0721786841750145 -0.3411126732826233 0.08872432261705399 0.31793013215065 0.3270813524723053 0.8854751586914062
1541978788.0086975 0.4339701533317566 0.06894886493682861 -0.3446730077266693 0.09193312376737595 0.3353802263736725 0.3315320611000061 0.8770147562026978
1541978788.0393474 0.44087010622024536 0.06703583896160126 -0.3487285375595093 0.10132288932800293 0.3487858474254608 0.34197720885276794 0.8666797280311584
1541978788.0699644 0.45253363251686096 0.06431805342435837 -0.3554675281047821 0.11071454733610153 0.3551581799983978 0.35837405920028687 0.8562552332878113
1541978788.1004536 0.455969899892807 0.060201339423656464 -0.3581446409225464 0.11362499743700027 0.37495484948158264 0.364889532327652 0.8446028232574463
1541978788.1307325 0.4610901474952698 0.058573633432388306 -0.36230364441871643 0.11502920091152191 0.3897480368614197 0.3745742440223694 0.8334020376205444
1541978788.1607335 0.46037307381629944 0.0555175244808197 -0.36204272508621216 0.11920840293169022 0.40772414207458496 0.38814374804496765 0.817859947681427
1541978788.1904106 0.45907074213027954 0.05369506776332855 -0.3599710464477539 0.13920274376869202 0.4192175567150116 0.4093368947505951 0.7983248829841614
1541978788.2197685 0.4556490480899811 0.04958970844745636 -0.35604315996170044 0.15320813655853271 0.4307746887207031 0.42311111092567444 0.7822643518447876
1541978788.2488356 0.4513469934463501 0.04657284915447235 -0.3516947031021118 0.15404149889945984 0.4394198954105377 0.43234607577323914 0.7721776366233826
1541978788.2776284 0.44343554973602295 0.04099065065383911 -0.34433072805404663 0.1603674739599228 0.4417097568511963 0.44669222831726074 0.7613415122032166
1541978788.3061604 0.43874797224998474 0.040482282638549805 -0.33391034603118896 0.17260774970054626 0.4359205365180969 0.4604150354862213 0.7537890076637268
1541978788.3344796 0.43040797114372253 0.03359147906303406 -0.32332098484039307 0.1835741102695465 0.4340357482433319 0.4736447334289551 0.744025707244873
1541978788.3626676 0.42498016357421875 0.0334494411945343 -0.3136623203754425 0.19841830432415009 0.4272180199623108 0.4843304753303528 0.7372510433197021
1541978788.3908136 0.41755449771881104 0.028780758380889893 -0.3011191785335541 0.20743533968925476 0.42105695605278015 0.49373626708984375 0.732056200504303
1541978788.4189725 0.40907907485961914 0.023158520460128784 -0.28797590732574463 0.2151154726743698 0.41146689653396606 0.5030535459518433 0.7289428114891052
1541978788.4471624 0.4002611041069031 0.01809990406036377 -0.2742998003959656 0.21903635561466217 0.4049776792526245 0.5109889507293701 0.7258832454681396
1541978788.4754026 0.3902062177658081 0.01284635066986084 -0.26044800877571106 0.22034034132957458 0.3983320891857147 0.5195144414901733 0.7231088876724243
1541978788.5037305 0.37873053550720215 0.006595432758331299 -0.24517369270324707 0.2257688343524933 0.3909032642841339 0.5284596085548401 0.7189948558807373
1541978788.5321784 0.36735206842422485 0.0004469156265258789 -0.22976692020893097 0.2264983355998993 0.3828715682029724 0.5347115397453308 0.718464732170105
1541978788.5607724 0.35558974742889404 -0.005806088447570801 -0.2148517221212387 0.2252647876739502 0.37732526659965515 0.5370428562164307 0.7200461626052856
1541978788.5895135 0.34368863701820374 -0.01310199499130249 -0.20009617507457733 0.22912360727787018 0.3729935884475708 0.5411831140518188 0.7179825901985168
1541978788.6184065 0.33150362968444824 -0.02072945237159729 -0.18406832218170166 0.2346852868795395 0.3670863211154938 0.5467117428779602 0.7150362133979797
1541978788.6474714 0.3201785385608673 -0.02836376428604126 -0.16814598441123962 0.24093544483184814 0.3567274808883667 0.5527092814445496 0.7135881781578064
1541978788.6767206 0.30830836296081543 -0.03563597798347473 -0.14954344928264618 0.24531975388526917 0.34855934977531433 0.5528037548065186 0.7160535454750061
1541978788.7061596 0.29650530219078064 -0.045539528131484985 -0.1333308219909668 0.25183403491973877 0.3392435610294342 0.5530928373336792 0.7180401682853699
1541978788.7358184 0.283515602350235 -0.05602601170539856 -0.11627838760614395 0.2597115933895111 0.33089709281921387 0.5520481467247009 0.7199305295944214
1541978788.7657325 0.26990699768066406 -0.0657561719417572 -0.0988934189081192 0.2658199965953827 0.3223910629749298 0.550521194934845 0.722724199295044
1541978788.7959344 0.2552267909049988 -0.0768698900938034 -0.08254691958427429 0.275658518075943 0.30922621488571167 0.5547299981117249 0.7215719819068909
1541978788.8264275 0.2379510998725891 -0.08803945779800415 -0.06321914494037628 0.2848377525806427 0.2925185263156891 0.5603083372116089 0.7206628918647766
1541978788.8571784 0.21889686584472656 -0.09970526397228241 -0.04327235370874405 0.2911510467529297 0.2773744761943817 0.5653859972953796 0.7201619148254395
1541978788.8881154 0.19854393601417542 -0.11136586964130402 -0.024195313453674316 0.3004528880119324 0.2620433270931244 0.5739871263504028 0.7152622938156128
1541978788.9191544 0.1763666570186615 -0.12070539593696594 -0.003532707691192627 0.3089475631713867 0.2441074699163437 0.5846030712127686 0.7093675136566162
1541978788.9502475 0.15122345089912415 -0.13087263703346252 0.019440539181232452 0.31181830167770386 0.22285227477550507 0.5955570936203003 0.705987274646759
1541978788.9813845 0.12574702501296997 -0.14024615287780762 0.043082185089588165 0.3082752823829651 0.20496605336666107 0.6041132807731628 0.7056928873062134
1541978789.0125606 0.09917418658733368 -0.14850281178951263 0.06730949133634567 0.3062903583049774 0.18911156058311462 0.6108778119087219 0.7051605582237244
1541978789.0437765 0.0724511593580246 -0.1579173505306244 0.0925057977437973 0.3092462122440338 0.17135919630527496 0.6147066354751587 0.7050805687904358
1541978789.0750494 0.046180106699466705 -0.16562902927398682 0.11691927164793015 0.2991611063480377 0.14831438660621643 0.6063939332962036 0.721659243106842
1541978789.1063974 0.019430994987487793 -0.17293156683444977 0.1422046571969986 0.29237592220306396 0.12269821017980576 0.5935174822807312 0.7397286295890808
1541978789.1378336 -0.005745977163314819 -0.1793116331100464 0.1635597050189972 0.2859165370464325 0.09838505834341049 0.5767869353294373 0.7588734030723572
1541978789.1694174 -0.030188143253326416 -0.18317073583602905 0.18385636806488037 0.2745560109615326 0.07775192707777023 0.5614882707595825 0.7767269611358643
1541978789.2012365 -0.05427999794483185 -0.1875196397304535 0.20287632942199707 0.27011170983314514 0.05676938220858574 0.5548232197761536 0.7848491072654724
1541978789.2333026 -0.07789041101932526 -0.18945537507534027 0.22049902379512787 0.2556956112384796 0.0475461520254612 0.5409104228019714 0.7998594641685486
1541978789.2654865 -0.09909132122993469 -0.18853971362113953 0.24020829796791077 0.23239386081695557 0.03938145935535431 0.5225921869277954 0.8193532228469849
1541978789.2975025 -0.12957338988780975 -0.18225827813148499 0.24657981097698212 0.19469548761844635 0.023040873929858208 0.4950805604457855 0.846438467502594
1541978789.3287976 -0.1617635190486908 -0.18522045016288757 0.25257807970046997 0.15874098241329193 0.0011351772118359804 0.45952919125556946 0.8738609552383423
1541978789.3585265 -0.18207870423793793 -0.18107520043849945 0.27421537041664124 0.11782478541135788 -0.022326957434415817 0.39749306440353394 0.9097352027893066
1541978789.3860245 -0.20400677621364594 -0.17019349336624146 0.2856724262237549 0.0745999664068222 -0.039581943303346634 0.3164731562137604 0.9448348879814148
1541978789.4113915 -0.22071918845176697 -0.17461037635803223 0.3147437870502472 0.0366479828953743 -0.05283031240105629 0.23091565072536469 0.9708470106124878
1541978789.4355195 -0.23003341257572174 -0.1838843673467636 0.35291406512260437 0.0053484211675822735 -0.06936100125312805 0.13571925461292267 0.9883019924163818
1541978789.4593284 -0.23885464668273926 -0.1928388476371765 0.37423592805862427 -0.028412533923983574 -0.08042878657579422 0.03879246488213539 0.9955999255180359
1541978789.4832604 -0.25010764598846436 -0.20974066853523254 0.3849385976791382 -0.06501428037881851 -0.08693352341651917 -0.05024883896112442 0.992819607257843
1541978789.5074885 -0.24916762113571167 -0.21972259879112244 0.40279272198677063 -0.09725141525268555 -0.10135488957166672 -0.11967924237251282 0.9828256964683533
1541978789.5320675 -0.2615319490432739 -0.23216119408607483 0.3981465995311737 -0.13509422540664673 -0.11490470170974731 -0.17037086188793182 0.9692885279655457
1541978789.5570526 -0.2799299955368042 -0.23318558931350708 0.37333887815475464 -0.18274040520191193 -0.11885122954845428 -0.22905181348323822 0.9486915469169617
1541978789.5825725 -0.26457008719444275 -0.23527438938617706 0.33453401923179626 -0.22688961029052734 -0.11909038573503494 -0.29742366075515747 0.9197161793708801
1541978789.6087666 -0.23947572708129883 -0.27072927355766296 0.27766793966293335 -0.26945433020591736 -0.12497860938310623 -0.3535933792591095 0.8869873285293579
1541978789.6357136 -0.19892002642154694 -0.3200836181640625 0.19703587889671326 -0.3047757148742676 -0.1301797777414322 -0.39430201053619385 0.8571411371231079
1541978789.6634326 -0.13340799510478973 -0.35779404640197754 0.11704523861408234 -0.32953622937202454 -0.12638334929943085 -0.4263128638267517 0.8328808546066284
1541978789.6919165 -0.033321380615234375 -0.3918584883213043 0.005862981081008911 -0.3491387367248535 -0.1141882911324501 -0.4534949064254761 0.8120379447937012
1541978789.7211685 0.06322993338108063 -0.40276873111724854 -0.09705255925655365 -0.36791422963142395 -0.10182685405015945 -0.4753848910331726 0.7926410436630249
1541978789.7511685 0.12712129950523376 -0.45894646644592285 -0.19925881922245026 -0.38455110788345337 -0.09241586923599243 -0.4908796548843384 0.7762840986251831
1541978789.7818675 0.24997413158416748 -0.4441415071487427 -0.33771657943725586 -0.3898148238658905 -0.08706068992614746 -0.4956664443016052 0.7712195515632629
1541978789.8131604 0.33900293707847595 -0.44609498977661133 -0.4613383412361145 -0.40486833453178406 -0.07898855209350586 -0.5022513270378113 0.7599908709526062
1541978789.8448975 0.4549580514431 -0.4506840109825134 -0.6315373182296753 -0.4186110496520996 -0.07324561476707458 -0.5070295333862305 0.7498806715011597
1541978789.8769345 0.5740720629692078 -0.4518086314201355 -0.807225227355957 -0.4294110834598541 -0.06913665682077408 -0.5070013403892517 0.7441612482070923
1541978789.9091525 0.6627340912818909 -0.44595515727996826 -0.9840185046195984 -0.43918004631996155 -0.06116628274321556 -0.5080788731575012 0.7384005784988403
1541978789.9414744 0.78133624792099 -0.46159297227859497 -1.1860759258270264 -0.44941556453704834 -0.05355386063456535 -0.5120305418968201 0.7300564050674438
1541978789.9738564 0.9009690284729004 -0.4180070161819458 -1.4021649360656738 -0.4518211781978607 -0.045796748250722885 -0.5166410803794861 0.7258390188217163
1541978790.0062644 1.0404824018478394 -0.4706343412399292 -1.6421079635620117 -0.45436978340148926 -0.04106267914175987 -0.5218788981437683 0.720766544342041
1541978790.0386705 1.1985191106796265 -0.41302597522735596 -1.9028452634811401 -0.45125409960746765 -0.03490786626935005 -0.524246335029602 0.7213299870491028
1541978790.0710475 1.3094165325164795 -0.3979482650756836 -2.1937103271484375 -0.45067375898361206 -0.028319714590907097 -0.5222275853157043 0.723442792892456
1541978790.1033695 1.5281528234481812 -0.38526415824890137 -2.48834228515625 -0.44172751903533936 -0.03114030882716179 -0.5152981877326965 0.7337403297424316
1541978790.1356156 1.6744630336761475 -0.40694594383239746 -2.7660586833953857 -0.4367782473564148 -0.03121565282344818 -0.5089954137802124 0.7410628199577332
1541978790.1677835 1.7726446390151978 -0.3763878345489502 -3.1209280490875244 -0.42810624837875366 -0.024571867659687996 -0.5016791820526123 0.751291811466217
1541978790.1998694 1.8484253883361816 -0.37985682487487793 -3.4471466541290283 -0.4252564311027527 -0.015770958736538887 -0.49192318320274353 0.7595524191856384
1541978790.2318625 1.8884453773498535 -0.4404580593109131 -3.757535696029663 -0.4250071048736572 -0.009134504944086075 -0.4823431670665741 0.7659181356430054
1541978790.2637606 1.9605202674865723 -0.49768567085266113 -4.084667205810547 -0.4232395887374878 -0.003854236099869013 -0.46794047951698303 0.775812566280365
1541978790.2955694 2.057617664337158 -0.5101675987243652 -4.502166271209717 -0.4207305312156677 0.0037196462508291006 -0.4486050307750702 0.7884957194328308
1541978790.3273046 2.136155605316162 -0.5533943176269531 -4.881957054138184 -0.41907140612602234 0.00922068115323782 -0.4288872480392456 0.8002186417579651
1541978790.3589816 2.2009775638580322 -0.5826499462127686 -5.284466743469238 -0.4117390215396881 0.017838772386312485 -0.40411290526390076 0.8166061639785767
1541978790.3906164 2.247255325317383 -0.7386887073516846 -5.647127151489258 -0.4050997793674469 0.025347530841827393 -0.37099263072013855 0.8352342247962952
1541978790.4222355 2.2731664180755615 -0.8450729846954346 -6.053439140319824 -0.3912240266799927 0.03221462666988373 -0.34010595083236694 0.8545372486114502
1541978790.4538796 2.3121297359466553 -1.0008342266082764 -6.420329570770264 -0.3741503655910492 0.03019639290869236 -0.31155601143836975 0.8729447722434998
1541978790.4855685 2.2827937602996826 -1.0917836427688599 -6.852708339691162 -0.3533392548561096 0.027072453871369362 -0.27893927693367004 0.8925309181213379
1541978790.5173104 2.2375330924987793 -1.1900968551635742 -7.264490604400635 -0.33237019181251526 0.027224605903029442 -0.24504244327545166 0.9103533029556274
1541978790.5491045 2.1625490188598633 -1.3290444612503052 -7.73419189453125 -0.3144717812538147 0.032456692308187485 -0.2194855660200119 0.9229735732078552
1541978790.5809405 2.0648398399353027 -1.4555004835128784 -8.169490814208984 -0.29921120405197144 0.03941486403346062 -0.19638675451278687 0.9329262971878052
1541978790.6128125 1.929245114326477 -1.5959763526916504 -8.627254486083984 -0.2840031087398529 0.04794316738843918 -0.17088697850704193 0.9422534108161926
1541978790.6447196 1.8021190166473389 -1.7489194869995117 -9.08336067199707 -0.26788443326950073 0.05842417851090431 -0.1364261358976364 0.9519519209861755
1541978790.6766415 1.5918948650360107 -1.8874952793121338 -9.518442153930664 -0.2507144808769226 0.07489790767431259 -0.10188784450292587 0.9597663283348083
1541978790.7085195 1.4173221588134766 -2.077191114425659 -9.963409423828125 -0.23866578936576843 0.09445365518331528 -0.08108209073543549 0.9630903005599976
1541978790.7402666 1.2043334245681763 -2.3541247844696045 -10.425126075744629 -0.2279258668422699 0.11918509006500244 -0.061246663331985474 0.9644136428833008
1541978790.7718256 0.9948780536651611 -2.523585319519043 -10.834402084350586 -0.20674888789653778 0.14452983438968658 -0.03503132984042168 0.9670257568359375
1541978790.8031876 0.7338996529579163 -2.6144492626190186 -11.164819717407227 -0.1912960261106491 0.1674976646900177 -0.015947965905070305 0.9670036435127258
1541978790.8343766 0.5193787813186646 -2.779265880584717 -11.51543140411377 -0.18922238051891327 0.18609453737735748 -0.009955690242350101 0.9640874266624451
1541978790.8654356 0.32150107622146606 -2.8738768100738525 -11.759530067443848 -0.1829794943332672 0.20248350501060486 -0.0033483467996120453 0.962033212184906
1541978790.8964145 0.4556478261947632 -2.8550546169281006 -11.706195831298828 -0.17674127221107483 0.21156927943229675 0.005664111115038395 0.9612330198287964
1541978790.9273796 0.3174790143966675 -2.907036781311035 -11.84402847290039 -0.17060795426368713 0.22340494394302368 0.016377002000808716 0.9595389366149902
1541978790.9584064 0.21566742658615112 -2.9161200523376465 -11.8721923828125 -0.17216874659061432 0.2305697202682495 0.0241080354899168 0.9573997855186462
1541978790.9895334 0.1571028232574463 -2.922171115875244 -11.837957382202148 -0.18059594929218292 0.23175092041492462 0.028969282284379005 0.9554252624511719
1541978791.0207546 0.10069334506988525 -2.919491767883301 -11.747733116149902 -0.18262019753456116 0.22926148772239685 0.04265415668487549 0.9551281332969666
1541978791.0520394 0.05059286952018738 -2.9293270111083984 -11.708860397338867 -0.17788062989711761 0.21705982089042664 0.06127683073282242 0.9578563570976257
1541978791.0833635 -0.016587048768997192 -2.2977206707000732 -11.379242897033691 -0.1597287952899933 0.2120278775691986 0.06952749192714691 0.9616116285324097
1541978791.1147156 -0.11121255904436111 -2.2973718643188477 -11.234336853027344 -0.15071405470371246 0.20195899903774261 0.08737006038427353 0.9637761116027832
1541978791.1460476 -0.2662133276462555 -2.3214099407196045 -11.11904525756836 -0.14120207726955414 0.1919683963060379 0.10892825573682785 0.9650620818138123
1541978791.1773114 -0.6366994976997375 -1.8311803340911865 -10.467881202697754 -0.11770838499069214 0.19010531902313232 0.12311653792858124 0.966874897480011
1541978791.2084825 -0.8251913785934448 -1.8439226150512695 -10.270194053649902 -0.11059199273586273 0.17642204463481903 0.1390220820903778 0.9681516885757446
1541978791.2395394 -1.2010947465896606 -1.7365317344665527 -9.845428466796875 -0.10321077704429626 0.16412894427776337 0.15367919206619263 0.9689127802848816
1541978791.2704544 -1.339809536933899 -1.7357912063598633 -9.640135765075684 -0.10069946199655533 0.1489582359790802 0.16879920661449432 0.969111979007721
1541978791.3012075 -1.8692348003387451 -1.6600399017333984 -9.239330291748047 -0.1060960665345192 0.13935205340385437 0.16562584042549133 0.9705116152763367
1541978791.3317945 -2.0138182640075684 -1.6896456480026245 -8.976682662963867 -0.1148301437497139 0.12255530804395676 0.15865197777748108 0.9729459881782532
1541978791.3622255 -2.2097930908203125 -1.8136743307113647 -8.646661758422852 -0.12216366082429886 0.10392161458730698 0.14948496222496033 0.9756693243980408
1541978791.3925264 -2.323103904724121 -1.9229815006256104 -8.44815731048584 -0.1361910104751587 0.08938990533351898 0.13565559685230255 0.9772712588310242
1541978791.4227355 -2.3680918216705322 -2.160432815551758 -8.293584823608398 -0.15430010855197906 0.07735341042280197 0.1251322627067566 0.9770106673240662
1541978791.4528744 -2.4067089557647705 -2.3541691303253174 -8.184293746948242 -0.17406834661960602 0.06751792877912521 0.11094221472740173 0.9761318564414978
1541978791.4829626 -2.272658586502075 -2.6739628314971924 -8.215579986572266 -0.19932951033115387 0.05432531237602234 0.09450214356184006 0.9738510847091675
1541978791.5130575 -2.300358772277832 -2.8259637355804443 -8.155863761901855 -0.22532755136489868 0.04323006793856621 0.06903816759586334 0.9708719849586487
1541978791.5432246 -2.1439082622528076 -3.1859025955200195 -8.206208229064941 -0.2511354386806488 0.031268756836652756 0.055817462503910065 0.9658352136611938
1541978791.5735066 -2.142087459564209 -3.365062713623047 -8.182313919067383 -0.2765437662601471 0.02438565343618393 0.03909355774521828 0.9598961472511292
1541978791.6039336 -1.9604018926620483 -3.6609325408935547 -8.22785758972168 -0.30411115288734436 0.014343899674713612 0.02455955557525158 0.9522119164466858
1541978791.6345334 -1.9165928363800049 -3.8454456329345703 -8.243339538574219 -0.3279111683368683 0.011123992502689362 0.0030198623426258564 0.9446382522583008
1541978791.6653125 -1.8892216682434082 -4.0233259201049805 -8.27082633972168 -0.3407313823699951 0.01364145614206791 -0.00805119052529335 0.9400272965431213
1541978791.6962836 -1.6028625965118408 -4.286441802978516 -8.312719345092773 -0.3547295331954956 0.010886620730161667 -0.01218610443174839 0.9348261952400208
1541978791.7274725 -1.5612666606903076 -4.403041362762451 -8.365657806396484 -0.37804561853408813 0.011244134046137333 -0.037262819707393646 0.924968421459198
1541978791.7589085 -1.5300593376159668 -4.537496089935303 -8.382640838623047 -0.3946053385734558 0.015955094248056412 -0.052601736038923264 0.9172050952911377
1541978791.7905886 -1.1298065185546875 -4.670769691467285 -8.419096946716309 -0.40468907356262207 0.01606210693717003 -0.057093292474746704 0.9125290513038635
1541978791.8225236 -1.0500836372375488 -4.752410411834717 -8.411664009094238 -0.4171335995197296 0.02301892079412937 -0.06984184682369232 0.9058652520179749
1541978791.8547435 -0.853228747844696 -4.837880611419678 -8.400798797607422 -0.42982345819473267 0.028376765549182892 -0.0843479186296463 0.8985165953636169
1541978791.8872476 -0.45319345593452454 -5.022759437561035 -8.220111846923828 -0.44210708141326904 0.02848014608025551 -0.09197517484426498 0.8917796015739441
1541978791.9199955 -0.24637269973754883 -5.105672836303711 -8.121968269348145 -0.4493744671344757 0.03159927576780319 -0.10055328160524368 0.8871038556098938
1541978791.9529254 -0.027529478073120117 -5.15389347076416 -7.9712138175964355 -0.45787709951400757 0.03519035875797272 -0.11469601094722748 0.8808831572532654
1541978791.9859765 0.18878567218780518 -5.2818145751953125 -7.743605613708496 -0.46421512961387634 0.03653308004140854 -0.12262658029794693 0.8764317035675049
1541978792.0190775 0.38125288486480713 -5.429437160491943 -7.412746429443359 -0.4735535681247711 0.03878689557313919 -0.12884345650672913 0.87042635679245
1541978792.0521705 0.5281542539596558 -5.485849380493164 -7.128520488739014 -0.4816790223121643 0.04608428478240967 -0.13887366652488708 0.8640461564064026
1541978792.0852375 0.7411667108535767 -5.516721725463867 -6.815219402313232 -0.48844802379608154 0.0532204769551754 -0.14748713374137878 0.8583901524543762
1541978792.1182685 0.8742852210998535 -5.54543399810791 -6.423076152801514 -0.4991011321544647 0.05872663855552673 -0.16852030158042908 0.8479682207107544
1541978792.1512485 0.9599096775054932 -5.500251770019531 -6.06519889831543 -0.5007628202438354 0.05831644684076309 -0.17896668612957 0.8448708057403564
1541978792.1841505 1.0507105588912964 -5.473813533782959 -5.69735050201416 -0.5041386485099792 0.06193375587463379 -0.1876911222934723 0.8407024145126343
1541978792.2169604 1.052803874015808 -5.522238254547119 -5.212759971618652 -0.5084021687507629 0.07061472535133362 -0.19292095303535461 0.8362549543380737
1541978792.2497015 1.1011955738067627 -5.46225643157959 -4.863221168518066 -0.5049894452095032 0.06989122182130814 -0.1960873007774353 0.837645947933197
1541978792.2823794 0.9726731777191162 -5.452506065368652 -4.45750617980957 -0.501829981803894 0.06656591594219208 -0.19505435228347778 0.8400532603263855
