1542151688986958.5 -0.0 -0.0 -0.0 -0.0 -0.0 1.0 -0.0
1542151689009826.5 0.016392749 -0.043493807 -0.0038324776 -0.02022174 0.005171022 0.99925345 -0.032510933
1542151689032466.5 0.012251997 -0.04348694 -0.007638623 -0.03180318 0.0036933473 0.998489 -0.044661153
1542151689055003.5 0.0085118385 -0.042047992 -0.008519788 -0.042113975 -0.004943874 0.997564 -0.055389173
1542151689077549.5 0.01015711 -0.040022455 -0.01711188 -0.061721455 -0.020642929 0.9952059 -0.07300446
1542151689100182.5 0.014190508 -0.040456727 -0.02195264 -0.07939277 -0.02672273 0.9917307 -0.09722617
1542151689122962.5 0.017684925 -0.037002448 -0.031862326 -0.08604292 -0.030172614 0.9878824 -0.12559755
1542151689145956.5 0.021728426 -0.028726395 -0.039608326 -0.09106914 -0.032130994 0.9824181 -0.15977699
1542151689169227.5 0.008235397 -0.017584693 -0.04586942 -0.08902302 -0.029727807 0.9758794 -0.1971055
1542151689192836.5 0.010213811 -0.01719041 -0.051228214 -0.095109165 -0.025626857 0.96670187 -0.2361887
1542151689216857.5 0.0019621307 0.0057518044 -0.055803858 -0.09142363 -0.037212662 0.9665761 -0.2366171
1542151689241360.5 0.000137403 0.013753297 -0.054743033 -0.07490817 -0.07405157 0.96967745 -0.22052391
1542151689266431.5 -0.003025479 0.021781899 -0.052054256 -0.05519535 -0.11774015 0.97236377 -0.19390571
1542151689292137.5 -0.004705274 0.02739167 -0.05051948 -0.028902313 -0.1633918 0.9728078 -0.16159451
1542151689318393.5 -0.0049677137 0.03183134 -0.049860507 0.011401521 -0.20870619 0.96910083 -0.13097863
1542151689344962.5 -0.0041853655 0.035482753 -0.04623598 0.052736912 -0.22551242 0.96414953 -0.12953237
1542151689371485.5 -0.0030813972 0.040835653 -0.04139498 0.08809705 -0.22060472 0.96181905 -0.13592854
1542151689397520.5 -0.0021203624 0.040239245 -0.043041557 0.10143899 -0.23923676 0.95482385 -0.1441781
1542151689422880.5 -0.000102348335 0.042205144 -0.040516824 0.107446924 -0.2611163 0.94925296 -0.13853638
1542151689447779.5 0.00044753417 0.043755405 -0.038305927 0.10458642 -0.28431875 0.94492906 -0.12382947
1542151689472468.5 -8.139282e-05 0.042278383 -0.036854107 0.08458269 -0.31074187 0.9392831 -0.11845935
1542151689497014.5 -0.0017607897 0.04217505 -0.033925187 0.057400998 -0.33682677 0.9329497 -0.11339188
1542151689521341.5 -0.00077117933 0.04157424 -0.02898537 0.023741597 -0.3624639 0.9262971 -0.1001501
1542151689545407.5 -0.0021473486 0.040656075 -0.02479549 -0.013903219 -0.3902272 0.9165195 -0.08672645
1542151689569293.5 -0.00452968 0.039009377 -0.01994441 -0.052081253 -0.409759 0.90738297 -0.07772597
1542151689593132.5 -0.0040508853 0.03982716 -0.019093191 -0.083571166 -0.43016055 0.8962077 -0.06920723
1542151689617055.5 -0.0102797635 0.03648318 -0.011578511 -0.11420702 -0.44570032 0.8852626 -0.06795724
1542151689641211.5 -0.013546389 0.037379928 -0.0062230215 -0.13042262 -0.45422816 0.8791518 -0.06131033
1542151689665725.5 -0.014457414 0.03656106 -0.0017611198 -0.15184551 -0.4510256 0.8776182 -0.057491004
1542151689690669.5 -0.01855594 0.033833113 0.00040912465 -0.16922325 -0.4430656 0.8782894 -0.06053254
1542151689716059.5 -0.019915752 0.0355281 0.0019473818 -0.19183923 -0.43696323 0.87660384 -0.061860308
1542151689741884.5 -0.024953822 0.032651305 0.005572414 -0.20934333 -0.4526324 0.8649528 -0.056178074
1542151689768124.5 -0.023515731 0.028502285 0.008719638 -0.2420452 -0.45641658 0.8550286 -0.044990994
1542151689794783.5 -0.027744498 0.03344553 0.009229124 -0.25559673 -0.44717875 0.8563871 -0.03609301
1542151689821887.5 -0.032552622 0.030978635 0.012769619 -0.26925582 -0.44839892 0.85093385 -0.048490416
1542151689849426.5 -0.03526172 0.029921513 0.014406429 -0.28511766 -0.40841442 0.8639261 -0.074413195
1542151689877369.5 -0.03716009 0.02798687 0.014791349 -0.2893055 -0.3261026 0.8924129 -0.11644163
1542151689905712.5 -0.039006095 0.028028524 0.016538998 -0.26507238 -0.23730949 0.9227714 -0.14803326
1542151689934463.5 -0.040405657 0.028433874 0.019165749 -0.22872719 -0.16828889 0.94340414 -0.1713227
1542151689963574.5 -0.04118042 0.028912561 0.021254778 -0.19776326 -0.10095276 0.95714855 -0.18591683
1542151689992883.5 -0.041471034 0.029664194 0.023788916 -0.15904306 -0.034140185 0.969075 -0.18556239
1542151690022185.5 -0.04026234 0.030078404 0.025430853 -0.11187513 -0.005429389 0.9773765 -0.17941475
1542151690051324.5 -0.03527115 0.030218182 0.028600374 -0.069329984 -4.7354997e-06 0.9809328 -0.18156075
1542151690080153.5 -0.02677484 0.030449087 0.032290556 -0.032034412 0.007251711 0.9806506 -0.19299164
1542151690108563.5 -0.019692142 0.031878255 0.03484421 0.0034585793 0.016934179 0.97831434 -0.20640332
1542151690136498.5 -0.014285503 0.03440418 0.03702855 0.035089288 0.021868806 0.9743524 -0.22119631
1542151690163985.5 -0.0085012615 0.035322156 0.038420316 0.07016202 0.019532796 0.9688594 -0.23665859
1542151690191170.5 -0.0034299484 0.0361061 0.03887783 0.10809846 0.018803071 0.96176237 -0.25094685
1542151690218276.5 0.00043316523 0.03572992 0.03784245 0.15312913 0.025246836 0.952492 -0.26205567
1542151690245505.5 0.0036100266 0.0351195 0.035025943 0.19750267 0.01555962 0.9485064 -0.24715622
1542151690273010.5 0.0067911763 0.03528955 0.032896537 0.22571237 -0.006246683 0.95209897 -0.20620987
1542151690300901.5 0.009769298 0.03457762 0.028144617 0.24815555 -0.0211736 0.9526966 -0.17418297
1542151690329127.5 0.008047291 0.037056707 0.02427625 0.24856046 -0.014825779 0.9535593 -0.1694779
1542151690357311.5 0.00904653 0.040780418 0.021150261 0.1969609 -0.007961527 0.9618962 -0.18946967
1542151690384957.5 0.011269787 0.049572542 0.018932521 0.13386436 -0.027139025 0.97356135 -0.18309078
1542151690411884.5 0.011075695 0.05322568 0.014784234 0.09141451 -0.05570644 0.980834 -0.16280344
1542151690438430.5 0.015692217 0.05348439 0.010176214 0.047889683 -0.064796254 0.98187935 -0.17152564
1542151690464969.5 0.018428681 0.05610878 0.0060577802 -0.019643674 -0.056982484 0.9772279 -0.20345211
1542151690491498.5 0.016009836 0.057069495 0.0014432168 -0.06545997 -0.054232225 0.9689608 -0.23213957
1542151690517954.5 0.014824087 0.055587422 -0.0031058197 -0.09496641 -0.05767361 0.9613 -0.25210616
1542151690544454.5 0.012367784 0.05693108 -0.007667621 -0.12460596 -0.07351463 0.95548534 -0.2571318
1542151690571173.5 0.0068494794 0.061373904 -0.012199054 -0.15730277 -0.08898408 0.949336 -0.25709727
1542151690598221.5 0.007945265 0.06257093 -0.013065517 -0.1865435 -0.117036946 0.9411659 -0.25634086
1542151690625611.5 0.0077660857 0.066744454 -0.012946275 -0.1968756 -0.1701751 0.93608767 -0.23668632
1542151690653354.5 0.0115649905 0.06679617 -0.011048105 -0.2112253 -0.23029195 0.9233098 -0.22326806
1542151690681500.5 0.017890884 0.06448831 -0.0076693953 -0.2117134 -0.27297387 0.91341007 -0.2152784
1542151690710039.5 0.024281105 0.06185328 -0.0033156187 -0.20090927 -0.31814924 0.90327334 -0.20618913
1542151690738877.5 0.03002463 0.058973394 0.0002717548 -0.18315145 -0.3872294 0.88371575 -0.18856157
1542151690767885.5 0.033677682 0.05755369 0.0027373913 -0.157683 -0.4635242 0.8575208 -0.15792227
1542151690796889.5 0.038168557 0.057604708 0.0047823153 -0.12994167 -0.54674345 0.81905824 -0.1154572
1542151690825659.5 0.044637155 0.055093158 0.0056165927 -0.10848344 -0.6403669 0.75772434 -0.063367955
1542151690853889.5 0.048602007 0.054436512 0.006313932 -0.10568579 -0.70831984 0.6978673 -0.009739227
1542151690881247.5 0.05080504 0.05559633 0.007889075 -0.12252588 -0.75168735 0.6475726 0.02456148
1542151690907694.5 0.052320816 0.056428242 0.008020019 -0.14426938 -0.7857078 0.5992664 0.052244183
1542151690933649.5 0.053568024 0.058401298 0.0061232327 -0.1597708 -0.8050669 0.56861347 0.054948963
1542151690959556.5 0.05469451 0.062292404 0.0039014034 -0.17430362 -0.8142403 0.5528384 0.03163558
1542151690985659.5 0.05685044 0.06515622 0.00029334053 -0.18865569 -0.81372035 0.54940575 0.020535097
1542151691012076.5 0.058907986 0.06897332 -0.005049672 -0.19395989 -0.8029076 0.5635568 0.011082747
1542151691038888.5 0.05900587 0.07169783 -0.009544565 -0.19563362 -0.78130347 0.59269387 -0.0025433004
1542151691066138.5 0.059368405 0.075142354 -0.015319748 -0.17477687 -0.74302346 0.6456988 -0.021030542
1542151691093798.5 0.058390275 0.078842014 -0.020816565 -0.14086446 -0.7068469 0.69176 -0.04464078
1542151691121802.5 0.056130107 0.082128376 -0.025775503 -0.1354248 -0.6715302 0.72534287 -0.06771394
1542151691150012.5 0.05205755 0.085887074 -0.030655533 -0.13605443 -0.6118265 0.7711273 -0.111894295
1542151691178231.5 0.047331966 0.0869551 -0.03333978 -0.13779747 -0.53589344 0.8187476 -0.15324049
1542151691206316.5 0.042417627 0.088297874 -0.03423963 -0.12490794 -0.4954318 0.84233826 -0.17149818
1542151691234270.5 0.036982916 0.08802712 -0.033204384 -0.10634897 -0.45496154 0.86418 -0.18679623
1542151691262322.5 0.0309145 0.08681085 -0.030909533 -0.097361304 -0.38702172 0.8931299 -0.20749451
1542151691290692.5 0.025051774 0.08477578 -0.02697962 -0.09863959 -0.31030992 0.9192461 -0.22127956
1542151691319268.5 0.019275788 0.08298816 -0.022549154 -0.104831435 -0.24958771 0.93495 -0.22931395
1542151691347805.5 0.014284629 0.080756724 -0.017800437 -0.117297195 -0.19420028 0.9450091 -0.23555355
1542151691376252.5 0.010279214 0.077838555 -0.013197778 -0.12305736 -0.11925541 0.95575774 -0.23908643
1542151691404709.5 0.0069486536 0.07512346 -0.008575829 -0.13707843 -0.028123539 0.9583987 -0.24877828
1542151691433265.5 0.0050135995 0.07315923 -0.0037649982 -0.15840669 0.062462535 0.94873816 -0.26627383
1542151691461945.5 0.0023151485 0.07011309 0.00041856337 -0.15576021 0.12249261 0.9442807 -0.26280874
1542151691490703.5 -0.0005175895 0.067213364 0.0044888547 -0.14996989 0.16391039 0.94334096 -0.2464759
1542151691519575.5 -0.0031422887 0.065272376 0.008601723 -0.14476776 0.19831678 0.94128543 -0.23172085
1542151691548663.5 -0.0047933497 0.06291866 0.012240791 -0.13325666 0.21035747 0.94333553 -0.2193411
1542151691577976.5 -0.0065588034 0.061045155 0.015399437 -0.12815717 0.21135102 0.94451267 -0.21633878
1542151691607442.5 -0.008597841 0.060554825 0.017629184 -0.12927102 0.227107 0.9393629 -0.22205593
1542151691636999.5 -0.010223299 0.05898696 0.01906329 -0.1262034 0.23297343 0.9362417 -0.2307545
1542151691666652.5 -0.008960392 0.05750626 0.020524528 -0.117348164 0.22476931 0.9375229 -0.23824172
1542151691696454.5 -0.0075891637 0.05632582 0.020952443 -0.108287886 0.19578865 0.9413571 -0.2525618
1542151691726468.5 -0.006018828 0.054150384 0.020553552 -0.100552544 0.13398279 0.94653624 -0.2756936
1542151691756720.5 -0.003827254 0.05218135 0.019175434 -0.09941826 0.039320625 0.9514155 -0.28875342
1542151691787188.5 -0.002405826 0.05103285 0.017056372 -0.08760155 -0.05291886 0.95575744 -0.27577755
1542151691817813.5 0.001996324 0.048196625 0.015136848 -0.08769993 -0.14757515 0.9526847 -0.25084308
1542151691848621.5 0.006024761 0.045896932 0.013338373 -0.067813486 -0.25653785 0.94242096 -0.20354988
1542151691879502.5 0.010227587 0.04300861 0.012108071 -0.027416782 -0.32428247 0.9318425 -0.16049522
1542151691910197.5 0.0125601925 0.037800774 0.012516528 -0.013191337 -0.37637675 0.91920274 -0.11503412
1542151691940295.5 0.012481196 0.032053065 0.01464173 -0.021783335 -0.42685705 0.9001372 -0.08409284
1542151691968904.5 0.011827651 0.028165348 0.01690812 -0.016567582 -0.47629935 0.87794995 -0.045479674
1542151691995423.5 0.012437925 0.025555177 0.017893545 0.003609728 -0.5335729 0.8456598 0.012102794
1542151692020244.5 0.011436826 0.022482045 0.01907015 0.01857731 -0.58795553 0.8066057 0.057883587
1542151692044144.5 0.010851857 0.020126298 0.020634023 0.025769899 -0.6327539 0.769526 0.082389854
1542151692067608.5 0.009387919 0.017173687 0.021521274 0.03428099 -0.6897444 0.71522105 0.107407555
1542151692090842.5 0.008283742 0.014926803 0.021933233 0.043896753 -0.7471792 0.6491199 0.13579269
1542151692113997.5 0.007959652 0.01326512 0.022522427 0.05244758 -0.7851408 0.5962276 0.15910983
1542151692137243.5 0.007073695 0.011972282 0.023431618 0.056460373 -0.80571115 0.56258404 0.17646858
1542151692160689.5 0.0061934683 0.010936769 0.023557112 0.051945016 -0.81946796 0.5375999 0.19173011
1542151692184375.5 0.005140364 0.010185555 0.023338798 0.041559085 -0.82817316 0.52126825 0.20169677
1542151692208314.5 0.0018831883 0.010791435 0.021830048 0.029086636 -0.8262953 0.5256003 0.20033576
1542151692232506.5 0.0011062156 0.011648788 0.022578983 0.0068363524 -0.80995935 0.5515533 0.19926888
1542151692256968.5 0.0013407711 0.012971355 0.022715526 -0.026484003 -0.7751807 0.6013479 0.1917662
1542151692281727.5 0.0018236944 0.017399143 0.023753174 -0.068747945 -0.71813446 0.6705439 0.17299569
1542151692306806.5 0.0031290157 0.020543968 0.023929575 -0.13417478 -0.639071 0.74385697 0.142346
1542151692332220.5 0.0022401619 0.022916816 0.022707192 -0.19919832 -0.5470884 0.8063717 0.10382241
1542151692357951.5 0.002901673 0.027117472 0.021030128 -0.25787237 -0.46090627 0.84645414 0.067696296
1542151692383941.5 0.003371294 0.03138326 0.019282844 -0.28751248 -0.43621978 0.85189277 0.036437064
1542151692410046.5 0.004316264 0.037151832 0.016235922 -0.30433056 -0.4652731 0.8310849 0.014203181
1542151692436101.5 0.007297463 0.043423124 0.014193523 -0.32557964 -0.5079081 0.7973346 -0.016874706
1542151692462182.5 0.010426605 0.049931705 0.012533011 -0.32866654 -0.54324186 0.7696221 -0.06744203
1542151692488582.5 0.015304385 0.05779635 0.012158869 -0.2989 -0.5907502 0.74415994 -0.08887676
1542151692515547.5 0.020697348 0.064240865 0.012814876 -0.26082852 -0.65360224 0.70710784 -0.0690733
1542151692543159.5 0.02545122 0.06785023 0.014308554 -0.23112454 -0.70624113 0.6681734 -0.03673365
1542151692571440.5 0.030179929 0.07010247 0.01669644 -0.19276705 -0.74740356 0.6357895 -0.0006963867
1542151692600387.5 0.03419881 0.0711962 0.019206114 -0.1539805 -0.7775303 0.6085071 0.038154658
1542151692629858.5 0.03719634 0.07092662 0.021194834 -0.14012827 -0.80355155 0.57332 0.07728662
1542151692659531.5 0.039111786 0.07012675 0.022770487 -0.14399944 -0.82919157 0.5254811 0.124800965
1542151692689077.5 0.040487327 0.06981531 0.024792599 -0.14407949 -0.84525406 0.48960993 0.1583318
1542151692718297.5 0.041222997 0.06958981 0.02647161 -0.14086853 -0.8505951 0.4793902 0.16379602
1542151692747123.5 0.04162082 0.068768784 0.02783645 -0.14007035 -0.85107744 0.47549462 0.1730679
1542151692775647.5 0.041686527 0.068289205 0.028629564 -0.14029515 -0.8537447 0.46638784 0.18417314
1542151692804050.5 0.041295834 0.068193845 0.029529814 -0.14321484 -0.8539326 0.4668559 0.1798173
1542151692832420.5 0.041539133 0.06743421 0.029728133 -0.14222197 -0.8513193 0.47364607 0.17517939
1542151692860764.5 0.041199796 0.068226255 0.030823946 -0.13228033 -0.8449118 0.49621516 0.1496545
1542151692889088.5 0.041653335 0.06881509 0.03180402 -0.12762877 -0.8428914 0.50434273 0.13741733
1542151692917363.5 0.041822717 0.068651855 0.031577103 -0.12481066 -0.8402042 0.5082695 0.14192033
1542151692945559.5 0.04186742 0.06883438 0.031637996 -0.11862667 -0.83048105 0.525919 0.14013667
1542151692973728.5 0.04155909 0.07082479 0.03163087 -0.107475154 -0.80316925 0.5765228 0.104832195
1542151693001927.5 0.04011351 0.07364176 0.030857135 -0.097511455 -0.7547587 0.64686316 0.04897807
1542151693030174.5 0.03769188 0.07521071 0.029017884 -0.106026255 -0.68689543 0.71894896 -0.0067502707
1542151693058467.5 0.03571623 0.07491298 0.026100392 -0.13256642 -0.5755757 0.80384487 -0.07051407
1542151693086756.5 0.033564 0.072836 0.022859536 -0.1620136 -0.4242875 0.8802666 -0.1373406
1542151693114893.5 0.03222806 0.07243692 0.020948218 -0.18228097 -0.27018803 0.92686677 -0.18625298
1542151693142649.5 0.031831264 0.07261856 0.019569831 -0.19442439 -0.13906792 0.9416531 -0.23695762
1542151693170038.5 0.030859446 0.07411361 0.018772388 -0.21175987 -0.042928148 0.93284285 -0.28830412
1542151693197351.5 0.027295338 0.07605845 0.0175125 -0.24327654 0.019868689 0.91768044 -0.3135034
1542151693224854.5 0.022272643 0.07668928 0.015658746 -0.27634764 0.07246499 0.90158844 -0.32483703
1542151693252684.5 0.016532052 0.07631243 0.014002532 -0.30254894 0.11637905 0.8865734 -0.33001164
1542151693280916.5 0.010522747 0.07446809 0.012711244 -0.31240857 0.14634906 0.8810737 -0.32356152
1542151693309604.5 0.004830914 0.0711653 0.011836285 -0.3087274 0.18057723 0.87934494 -0.31437516
1542151693338796.5 -0.0007110322 0.067461945 0.011527095 -0.3052112 0.2314932 0.87072086 -0.30838668
1542151693368512.5 -0.0056888815 0.063445635 0.011757433 -0.295513 0.28236014 0.86040956 -0.3043686
1542151693398682.5 -0.01005951 0.05847747 0.012728108 -0.26740453 0.31804585 0.86086935 -0.29367605
1542151693429157.5 -0.014055982 0.05378508 0.014050074 -0.24480727 0.35434318 0.85767686 -0.2808926
1542151693459827.5 -0.017846242 0.04856293 0.014894905 -0.23179026 0.39620516 0.8433144 -0.2794917
1542151693490663.5 -0.020052467 0.04346262 0.016789973 -0.21630818 0.40795758 0.8409002 -0.28225568
1542151693521603.5 -0.02078813 0.042459257 0.018845566 -0.19440275 0.40168947 0.8523332 -0.2727294
1542151693552538.5 -0.020060036 0.040849853 0.020603344 -0.16024913 0.40580964 0.85676 -0.2749564
1542151693583347.5 -0.01729986 0.039852083 0.021838471 -0.122063436 0.41200274 0.856828 -0.28495649
1542151693614024.5 -0.013331021 0.03898911 0.022582635 -0.09121387 0.3973139 0.8631398 -0.29801255
1542151693644657.5 -0.009685531 0.03746818 0.022839162 -0.06289185 0.36196563 0.87817186 -0.30633274
1542151693675287.5 -0.006613376 0.036753517 0.022676133 -0.046060037 0.31036556 0.8967713 -0.3120143
1542151693705920.5 -0.0033426532 0.036936067 0.022004556 -0.03923018 0.2554546 0.91093284 -0.32156712
1542151693736549.5 -0.0014871687 0.03767572 0.020947354 -0.03761917 0.17266975 0.9285625 -0.3264072
1542151693767128.5 -0.0003118858 0.03866108 0.01962329 -0.03935135 0.06627495 0.95038456 -0.3013773
1542151693797563.5 0.0041082115 0.04126996 0.019189969 -0.061242253 -0.013336234 0.9626205 -0.26350194
1542151693827688.5 0.008865936 0.044008344 0.018587917 -0.08407358 -0.044337153 0.96433085 -0.24704653
1542151693857449.5 0.014330504 0.04564599 0.016964898 -0.10098353 -0.053479984 0.96316695 -0.24341668
1542151693886906.5 0.021018714 0.048120562 0.016190432 -0.11066524 -0.061521735 0.96538264 -0.22804548
1542151693916102.5 0.028514331 0.050581966 0.015713595 -0.11843578 -0.03933578 0.9706588 -0.20554148
