# timestamp[secs] tx ty tz qx qy qz qw
1541976487.281394 -0.0 -0.0 -0.0 -0.0 -0.0 -0.0 1.0
1541976487.319053 -0.028094546869397163 -0.030828502029180527 -0.07153300195932388 0.0040470086969435215 0.003738714847713709 0.0029358433093875647 0.9999805092811584
1541976487.357078 -0.04083246365189552 -0.0326947383582592 -0.08889787644147873 0.010809383355081081 0.008655407465994358 0.006618720479309559 0.9998822808265686
1541976487.395299 -0.05067012459039688 -0.040090691298246384 -0.10475507378578186 0.016760053113102913 0.010979832150042057 0.00901696179062128 0.9997586011886597
1541976487.433468 -0.05067012459039688 -0.040090691298246384 -0.10475507378578186 0.016760053113102913 0.010979832150042057 0.00901696179062128 0.9997586011886597
1541976487.471305 -0.09325171262025833 -0.05210069194436073 -0.17689074575901031 0.015995651483535767 0.020881228148937225 0.01007163617759943 0.999603271484375
1541976487.508613 -0.09715474396944046 -0.06247334182262421 -0.17531391978263855 0.010109211318194866 0.030921591445803642 0.012076986022293568 0.9993977546691895
1541976487.545374 -0.09897170960903168 -0.06128440424799919 -0.18057924509048462 0.013309882022440434 0.03934413194656372 0.016423022374510765 0.9990021586418152
1541976487.581677 -0.19321545958518982 -0.03561919555068016 -0.3253696858882904 0.010400151833891869 0.05237535387277603 0.01683567650616169 0.9984314441680908
1541976487.617607 -0.2194880247116089 -0.03098616562783718 -0.33770301938056946 0.004979000426828861 0.06453992426395416 0.02316814661026001 0.9976338148117065
1541976487.653273 -0.2527667284011841 -0.024912668392062187 -0.382950097322464 0.0005780089413747191 0.07629028707742691 0.028909828513860703 0.9966663718223572
1541976487.688864 -0.30116236209869385 0.02541898377239704 -0.4659383296966553 0.0005556655814871192 0.08433715999126434 0.04637239873409271 0.9953575134277344
1541976487.724557 -0.29983091354370117 0.11602886766195297 -0.5657350420951843 -0.0022714410442858934 0.09124093502759933 0.054570574313402176 0.9943299293518066
1541976487.760434 -0.308488130569458 0.1250070035457611 -0.5784984827041626 -0.0047505698166787624 0.100070059299469 0.0668906569480896 0.9927181005477905
1541976487.796502 -0.30592164397239685 0.12246709316968918 -0.5775761604309082 -0.001971290446817875 0.10470889508724213 0.0787808820605278 0.9913756847381592
1541976487.832734 -0.31010422110557556 0.12087051570415497 -0.581607460975647 0.00034233572660014033 0.11085514724254608 0.08369053155183792 0.9903064966201782
1541976487.869067 -0.31287720799446106 0.11968088150024414 -0.5827724933624268 0.0040852976962924 0.11305104941129684 0.09185440093278885 0.9893258213996887
1541976487.905376 -0.3197021782398224 0.11800694465637207 -0.5896784663200378 0.009829575195908546 0.11372125148773193 0.09663210809230804 0.9887533783912659
1541976487.9415 -0.33577442169189453 0.12308987230062485 -0.6124218702316284 0.013245686888694763 0.11302588880062103 0.09355564415454865 0.9890890121459961
1541976487.977321 -0.3756145238876343 0.1394364982843399 -0.6622747182846069 0.02321143075823784 0.10437686741352081 0.09806882590055466 0.9894186854362488
1541976488.012768 -0.42881298065185547 0.1423650085926056 -0.6991803646087646 0.028963331133127213 0.09969516098499298 0.10276073962450027 0.9892736077308655
1541976488.047852 -0.5755065679550171 0.17329058051109314 -0.8589692115783691 0.031311266124248505 0.09741376340389252 0.10363107919692993 0.9893385767936707
1541976488.082661 -0.7481131553649902 0.12825213372707367 -1.0219677686691284 0.03002236969769001 0.09229693561792374 0.10651199519634247 0.9895631670951843
1541976488.117302 -0.7907198667526245 0.14360083639621735 -1.0717724561691284 0.03169703856110573 0.08714786171913147 0.10645268112421036 0.9899840354919434
1541976488.151827 -0.7943858504295349 0.1490519493818283 -1.0713187456130981 0.03377903625369072 0.0829722136259079 0.10909394919872284 0.9899864196777344
1541976488.186252 -0.8172701001167297 0.15445365011692047 -1.0843815803527832 0.03358392417430878 0.08030693233013153 0.1122509017586708 0.989859938621521
1541976488.22062 -0.8780466914176941 0.1515049934387207 -1.1270452737808228 0.0335722453892231 0.07988078147172928 0.11717907339334488 0.9893235564231873
1541976488.255012 -0.9262062907218933 0.14858995378017426 -1.1639368534088135 0.03421270474791527 0.08037148416042328 0.1254648119211197 0.9882452487945557
1541976488.289561 -1.0833587646484375 0.25234895944595337 -1.2789381742477417 0.03860247880220413 0.0844651460647583 0.13924232125282288 0.9858940839767456
1541976488.324368 -1.143332600593567 0.22308281064033508 -1.2953639030456543 0.03794870525598526 0.09094253182411194 0.15679128468036652 0.9827033281326294
1541976488.359371 -1.1780747175216675 0.20387870073318481 -1.3191744089126587 0.033561885356903076 0.09962902218103409 0.1683218777179718 0.9801099300384521
1541976488.394403 -1.224135398864746 0.18635407090187073 -1.34127938747406 0.033452898263931274 0.11031972616910934 0.1799526810646057 0.9768968820571899
1541976488.42932 -1.250673532485962 0.24265329539775848 -1.5482577085494995 0.036009494215250015 0.11579687148332596 0.20014268159866333 0.9722331762313843
1541976488.464017 -1.2940380573272705 0.2286861091852188 -1.5692694187164307 0.04020426422357559 0.12514473497867584 0.2235310673713684 0.9657931327819824
1541976488.498392 -1.337476134300232 0.20911502838134766 -1.5827547311782837 0.044401492923498154 0.13112200796604156 0.23707926273345947 0.9615762829780579
1541976488.53234 -1.3685410022735596 0.18867714703083038 -1.5877662897109985 0.045940984040498734 0.13698360323905945 0.24165529012680054 0.9595455527305603
1541976488.565806 -1.405208945274353 0.16287125647068024 -1.5880231857299805 0.04689658060669899 0.14134520292282104 0.2476513832807541 0.9573354125022888
1541976488.5988 -1.4207839965820312 0.14720915257930756 -1.5779190063476562 0.049120932817459106 0.13832597434520721 0.2552148103713989 0.9556769728660583
1541976488.631347 -1.5211632251739502 -0.12958621978759766 -1.6953779458999634 0.041031960397958755 0.1344926804304123 0.2612944543361664 0.9549624919891357
1541976488.663508 -1.521011471748352 -0.1467016190290451 -1.670602560043335 0.04243423789739609 0.1316961795091629 0.2611406445503235 0.9553329348564148
1541976488.695378 -1.5094801187515259 -0.16771304607391357 -1.6366939544677734 0.044860128313302994 0.13058413565158844 0.2571168541908264 0.9564656019210815
1541976488.727067 -1.4911036491394043 -0.1868438720703125 -1.6049882173538208 0.04596995934844017 0.12924878299236298 0.24980086088180542 0.9585306644439697
1541976488.758647 -1.464882493019104 -0.20399990677833557 -1.566512107849121 0.0449100062251091 0.12911932170391083 0.24185624718666077 0.9606336355209351
1541976488.790108 -1.429966926574707 -0.2257201373577118 -1.5274196863174438 0.043624795973300934 0.13090068101882935 0.23901322484016418 0.9611631631851196
1541976488.821388 -1.3915255069732666 -0.26413682103157043 -1.4777615070343018 0.04219517484307289 0.13470612466335297 0.23970776796340942 0.9605280160903931
1541976488.852453 -1.1149581670761108 -0.7422906160354614 -1.127908706665039 0.03875831514596939 0.1388990581035614 0.24472607672214508 0.9588086605072021
1541976488.883306 -1.0050653219223022 -0.7996317744255066 -1.0585066080093384 0.03920002654194832 0.14325928688049316 0.24520564079284668 0.9580262899398804
1541976488.913956 -0.8244223594665527 -0.9073725938796997 -0.9570118188858032 0.035687658935785294 0.14789968729019165 0.24332232773303986 0.957938551902771
1541976488.944391 -0.681200385093689 -1.0095218420028687 -0.8374245166778564 0.03242775797843933 0.1527186930179596 0.2422301173210144 0.9575751423835754
1541976488.974585 -0.5643247961997986 -1.0431698560714722 -0.7541101574897766 0.028715724125504494 0.15675175189971924 0.24434682726860046 0.9565035104751587
1541976489.004494 -0.4262552261352539 -1.0764480829238892 -0.6598683595657349 0.023664120584726334 0.1608181893825531 0.24693210422992706 0.9553021192550659
1541976489.034117 -0.32474130392074585 -1.106436848640442 -0.5731174945831299 0.01529920194298029 0.16362975537776947 0.2513778805732727 0.953834593296051
1541976489.063483 -0.22437366843223572 -1.1158316135406494 -0.47813013195991516 0.00514993816614151 0.16729934513568878 0.2562931478023529 0.9519969820976257
1541976489.09263 -0.11190296709537506 -1.125760793685913 -0.3546595871448517 -0.0002644144115038216 0.17133966088294983 0.26435860991477966 0.9490823149681091
1541976489.121623 -0.009681791067123413 -1.1263388395309448 -0.25847765803337097 -0.003150005592033267 0.17492921650409698 0.27166640758514404 0.9463547468185425
1541976489.150557 0.0903252512216568 -1.1444153785705566 -0.17076244950294495 -0.005861563142389059 0.1779409945011139 0.27707239985466003 0.9442105889320374
1541976489.179511 0.18408681452274323 -1.1559650897979736 -0.07817937433719635 -0.008812027983367443 0.18010710179805756 0.28072983026504517 0.9426953792572021
1541976489.208519 0.27597495913505554 -1.1708405017852783 0.02413983643054962 -0.01306072622537613 0.1810769885778427 0.2839411497116089 0.9414977431297302
1541976489.237567 0.3734859526157379 -1.1848279237747192 0.12926305830478668 -0.017531419172883034 0.18225710093975067 0.2870701849460602 0.9402477145195007
1541976489.266606 0.47636404633522034 -1.1923600435256958 0.2295701801776886 -0.02033962868154049 0.18287846446037292 0.2898246645927429 0.9392249584197998
1541976489.295598 0.5834875702857971 -1.1835269927978516 0.31783148646354675 -0.023013293743133545 0.18383371829986572 0.2916710376739502 0.9384048581123352
1541976489.324536 0.6944097280502319 -1.178948163986206 0.4206945300102234 -0.025516370311379433 0.18459200859069824 0.2930735647678375 0.9377540946006775
1541976489.35342 0.8195101022720337 -1.1649419069290161 0.532383918762207 -0.027798013761639595 0.1860702633857727 0.29436665773391724 0.9369916915893555
1541976489.382254 0.9665562510490417 -1.1424827575683594 0.621296763420105 -0.028148336336016655 0.1889788806438446 0.29553964734077454 0.9360293745994568
1541976489.411041 1.1128541231155396 -1.1313107013702393 0.7276113033294678 -0.029847897589206696 0.19112488627433777 0.2953372895717621 0.9356047511100769
1541976489.439776 1.2648828029632568 -1.1012089252471924 0.8216651678085327 -0.032996196299791336 0.19267146289348602 0.2944902777671814 0.9354488253593445
1541976489.468451 1.4162414073944092 -1.0635995864868164 0.9224462509155273 -0.03652101755142212 0.19385236501693726 0.29361963272094727 0.9353475570678711
1541976489.497079 1.5775002241134644 -1.0192594528198242 1.0243353843688965 -0.037898432463407516 0.19528213143348694 0.295411616563797 0.9344306588172913
1541976489.525679 1.7291463613510132 -0.9694944620132446 1.1038037538528442 -0.03962625935673714 0.19687382876873016 0.29746904969215393 0.9333716630935669
1541976489.554256 1.886833906173706 -0.9160531163215637 1.1783485412597656 -0.041927821934223175 0.19832797348499298 0.30017003417015076 0.9320976734161377
1541976489.582802 2.0329537391662598 -0.863360583782196 1.2386776208877563 -0.044379595667123795 0.2002166360616684 0.30375295877456665 0.9304181337356567
1541976489.611344 2.2020273208618164 -0.8034917116165161 1.2945218086242676 -0.04801485687494278 0.20247553288936615 0.3050629198551178 0.9293195605278015
1541976489.639952 2.3657281398773193 -0.7507481575012207 1.3442072868347168 -0.04897361621260643 0.20403210818767548 0.3068905472755432 0.9283268451690674
1541976489.668701 2.5132360458374023 -0.7051005959510803 1.3637113571166992 -0.04850635305047035 0.2044762670993805 0.31141382455825806 0.9267459511756897
1541976489.697617 2.6658759117126465 -0.6549482941627502 1.4111981391906738 -0.04871626943349838 0.20483827590942383 0.3151934742927551 0.9253762364387512
1541976489.72666 2.8068606853485107 -0.6086153984069824 1.4478672742843628 -0.047235678881406784 0.20428690314292908 0.31729239225387573 0.9248574376106262
1541976489.755778 2.9444282054901123 -0.5829692482948303 1.4752986431121826 -0.04515036568045616 0.20463822782039642 0.31686684489250183 0.9250298142433167
1541976489.784952 3.091292381286621 -0.5784715414047241 1.5314239263534546 -0.04294312745332718 0.20360562205314636 0.31550389528274536 0.925828218460083
1541976489.814193 3.2160961627960205 -0.594801127910614 1.5388156175613403 -0.04354571923613548 0.2019059658050537 0.3112921118736267 0.927596390247345
1541976489.843509 3.3380796909332275 -0.6188238263130188 1.580761194229126 -0.041866887360811234 0.20045191049575806 0.30642902851104736 0.9296061396598816
1541976489.872892 3.476696014404297 -0.6517689228057861 1.611926794052124 -0.039864033460617065 0.19922758638858795 0.30090904235839844 0.9317580461502075
1541976489.902328 3.595425605773926 -0.6983885765075684 1.6258060932159424 -0.03936675563454628 0.19748778641223907 0.2962770164012909 0.9336320757865906
1541976489.931785 3.68308687210083 -0.7174347639083862 1.656814694404602 -0.03873598203063011 0.19662964344024658 0.2923824191093445 0.935066282749176
1541976489.961235 3.7791433334350586 -0.7415920495986938 1.6852848529815674 -0.03928021341562271 0.1961481124162674 0.2888869345188141 0.9362304210662842
1541976489.990664 3.865678548812866 -0.7642855048179626 1.6996490955352783 -0.038023777306079865 0.19610516726970673 0.2868075370788574 0.9369303584098816
1541976490.020058 3.9348649978637695 -0.7851879000663757 1.7053263187408447 -0.03635746240615845 0.19519533216953278 0.28551599383354187 0.9375807642936707
1541976490.049421 3.9926509857177734 -0.8023856282234192 1.7213717699050903 -0.0359196811914444 0.19461853802204132 0.28374284505844116 0.9382555484771729
1541976490.078748 4.0272603034973145 -0.8358269333839417 1.7462913990020752 -0.03693494573235512 0.19578789174556732 0.28287142515182495 0.9382359981536865
1541976490.108038 4.079445838928223 -0.8436577916145325 1.7446463108062744 -0.03660547733306885 0.19541384279727936 0.28183063864707947 0.9386399984359741
1541976490.137299 4.116252422332764 -0.8784453868865967 1.7438676357269287 -0.0367112010717392 0.19550064206123352 0.28202855587005615 0.9385583400726318
1541976490.166534 4.1393141746521 -0.8923324346542358 1.7336188554763794 -0.03543960675597191 0.1948973685503006 0.28217318654060364 0.9386891722679138
1541976490.195749 4.135228633880615 -0.9146912097930908 1.6999845504760742 -0.03595522791147232 0.19429653882980347 0.28105542063713074 0.9391293525695801
1541976490.22495 4.119823455810547 -0.9403687119483948 1.659765601158142 -0.035933718085289 0.1936345249414444 0.2796628177165985 0.9396825432777405
1541976490.254138 4.099053859710693 -0.9822807312011719 1.6164196729660034 -0.0371529795229435 0.19263646006584167 0.27829214930534363 0.9402469992637634
1541976490.283317 4.042610168457031 -0.9953370094299316 1.5989713668823242 -0.03721632808446884 0.19199799001216888 0.2783317267894745 0.940363347530365
1541976490.312478 3.9757635593414307 -1.0155446529388428 1.5818378925323486 -0.03917478770017624 0.19083766639232635 0.27825334668159485 0.9405431747436523
1541976490.341608 3.908559799194336 -1.0245106220245361 1.568539023399353 -0.03919060528278351 0.1889512985944748 0.27845683693885803 0.9408631324768066
1541976490.370703 3.8314664363861084 -1.0475916862487793 1.5431687831878662 -0.03972151502966881 0.18613697588443756 0.2792232930660248 0.9411746263504028
1541976490.399781 3.767575263977051 -1.0725123882293701 1.4693732261657715 -0.044037826359272 0.18409208953380585 0.2773556709289551 0.9419366717338562
1541976490.428859 3.6953163146972656 -1.0968745946884155 1.4543979167938232 -0.046436019241809845 0.18342061340808868 0.27705618739128113 0.9420405626296997
1541976490.457952 3.6016645431518555 -1.1149500608444214 1.4436290264129639 -0.04647301882505417 0.18301044404506683 0.27773135900497437 0.94191974401474
1541976490.487068 3.5295193195343018 -1.0882585048675537 1.3953547477722168 -0.044747982174158096 0.18050318956375122 0.2786661684513092 0.9422109723091125
1541976490.516202 3.458054780960083 -1.1104297637939453 1.4072494506835938 -0.04584008827805519 0.1803087443113327 0.2776597738265991 0.9424927234649658
1541976490.545352 3.3840880393981934 -1.1184502840042114 1.4013713598251343 -0.04685983061790466 0.17963992059230804 0.27645358443260193 0.9429247975349426
1541976490.574515 3.3103504180908203 -1.124143123626709 1.3858559131622314 -0.047540634870529175 0.17904548346996307 0.27608978748321533 0.9431103467941284
1541976490.603686 3.2538371086120605 -1.1288679838180542 1.387619972229004 -0.047748152166604996 0.17860274016857147 0.27472788095474243 0.9435813426971436
1541976490.63286 3.1924993991851807 -1.1330689191818237 1.3783905506134033 -0.04867212101817131 0.17778775095939636 0.2727895975112915 0.944250226020813
1541976490.662047 3.1390833854675293 -1.1297898292541504 1.3785773515701294 -0.04906684532761574 0.17808109521865845 0.271119087934494 0.9446555376052856
1541976490.691263 3.102973699569702 -1.1427686214447021 1.3739094734191895 -0.05074715241789818 0.17871616780757904 0.26999732851982117 0.9447680711746216
1541976490.720511 3.0807855129241943 -1.1459462642669678 1.3693979978561401 -0.05043818801641464 0.17829620838165283 0.2698006331920624 0.9449201822280884
1541976490.74978 3.039255142211914 -1.1553157567977905 1.3747285604476929 -0.05026893690228462 0.17985963821411133 0.26905423402786255 0.9448456764221191
1541976490.779062 3.0355560779571533 -1.1551978588104248 1.3753471374511719 -0.05079454183578491 0.18045340478420258 0.26629638671875 0.9454854726791382
1541976490.808356 3.0234367847442627 -1.1699186563491821 1.3699642419815063 -0.04992898553609848 0.18128567934036255 0.26676514744758606 0.9452401995658875
1541976490.837662 3.042957305908203 -1.1546707153320312 1.1865248680114746 -0.055038295686244965 0.17768213152885437 0.262182354927063 0.9469215273857117
1541976490.866977 3.04787540435791 -1.174220323562622 1.1762419939041138 -0.05583203583955765 0.17827020585536957 0.2615780234336853 0.9469316005706787
1541976490.896295 3.0498616695404053 -1.1668778657913208 1.1289699077606201 -0.05572297424077988 0.17809566855430603 0.26006606221199036 0.9473872184753418
1541976490.925614 3.0778539180755615 -1.195813775062561 1.099741816520691 -0.05671684816479683 0.17850148677825928 0.25875964760780334 0.9476096034049988
1541976490.954927 3.0999820232391357 -1.2063215970993042 1.085302710533142 -0.05557316169142723 0.17933325469493866 0.2582626938819885 0.9476559162139893
1541976490.984232 3.1334311962127686 -1.1999733448028564 1.0472497940063477 -0.054735779762268066 0.17951996624469757 0.2575546205043793 0.947861909866333
1541976491.013521 3.1733345985412598 -1.2288239002227783 1.0275652408599854 -0.05495013669133186 0.1809016764163971 0.25622299313545227 0.9479476809501648
1541976491.042792 3.208028793334961 -1.2374458312988281 0.9912495613098145 -0.054179977625608444 0.18112145364284515 0.25536611676216125 0.9481813311576843
1541976491.072049 3.2276477813720703 -1.2559713125228882 0.9389774799346924 -0.05360803008079529 0.18158897757530212 0.2547996938228607 0.9482767581939697
1541976491.101295 3.2569332122802734 -1.252536654472351 0.9255248308181763 -0.05257464945316315 0.18221835792064667 0.25402775406837463 0.9484210014343262
1541976491.13052 3.2733638286590576 -1.2671762704849243 0.911522626876831 -0.0531785674393177 0.18326230347156525 0.2535908818244934 0.9483031034469604
1541976491.159718 3.294698476791382 -1.2745776176452637 0.8691468238830566 -0.0528826005756855 0.18281345069408417 0.2536948621273041 0.9483783841133118
1541976491.188884 3.310708522796631 -1.2885422706604004 0.8358272314071655 -0.05181720107793808 0.1831081360578537 0.25362882018089294 0.9483980536460876
1541976491.218022 3.320747137069702 -1.3007997274398804 0.80436110496521 -0.051840245723724365 0.18356168270111084 0.2537372410297394 0.9482800960540771
