# timestamp[secs] tx ty tz qx qy qz qw
1541976466.263336 -0.0 -0.0 -0.0 -0.0 -0.0 -0.0 1.0
1541976466.289024 -0.01087728701531887 0.003788640256971121 -0.04505910351872444 0.011180462315678596 -0.0059679290279746056 0.005956129636615515 0.9999019503593445
1541976466.314657 -0.023551329970359802 0.008148901164531708 -0.09642279893159866 0.018522467464208603 -0.008280139416456223 0.004979918245226145 0.9997817873954773
1541976466.3402 -0.04084409400820732 0.015921659767627716 -0.1494775265455246 0.017017783597111702 -0.006434474140405655 -0.006711538415402174 0.9998119473457336
1541976466.365628 -0.06805270910263062 0.025155404582619667 -0.19746209681034088 0.018124645575881004 -0.007629014551639557 -0.01464373804628849 0.9996993541717529
1541976466.390925 -0.06805270910263062 0.025155406445264816 -0.19746209681034088 0.018124647438526154 -0.007629015017300844 -0.014643738977611065 0.9996994137763977
1541976466.416104 -0.11479127407073975 0.05950922146439552 -0.2918348014354706 0.02400960959494114 -0.010358070954680443 -0.021074799820780754 0.9994359612464905
1541976466.441201 -0.14384716749191284 0.08522218465805054 -0.3254338204860687 0.017993634566664696 -0.01090745534747839 -0.023893507197499275 0.9994930624961853
1541976466.466246 -0.18156945705413818 0.11392268538475037 -0.35949355363845825 0.010774399153888226 -0.015018685720860958 -0.02820361778140068 0.9994313716888428
1541976466.491259 -0.21966399252414703 0.1410362720489502 -0.3858462870121002 0.004681203979998827 -0.01830817200243473 -0.03636499494314194 0.9991599321365356
1541976466.516265 -0.25790807604789734 0.16923166811466217 -0.41479992866516113 0.0007625839207321405 -0.02030896581709385 -0.04415777325630188 0.9988178610801697
1541976466.541295 -0.2889503240585327 0.20036497712135315 -0.4401196539402008 -0.0010027204407379031 -0.02136259898543358 -0.045639440417289734 0.9987290501594543
1541976466.566363 -0.3163551688194275 0.23448556661605835 -0.4698126018047333 -0.003497648285701871 -0.021323109045624733 -0.0432523675262928 0.9988304972648621
1541976466.591435 -0.3401421904563904 0.27416491508483887 -0.4986100494861603 -0.0070549966767430305 -0.020122021436691284 -0.04245412349700928 0.9988709092140198
1541976466.616426 -0.3643139600753784 0.3147014379501343 -0.5286918878555298 -0.010859045200049877 -0.019557597115635872 -0.04104891046881676 0.9989067316055298
1541976466.641258 -0.3861011862754822 0.3548663854598999 -0.5574439167976379 -0.013620679266750813 -0.017978563904762268 -0.03833832964301109 0.9990102648735046
1541976466.665897 -0.40331733226776123 0.3941214978694916 -0.5880342721939087 -0.01404619961977005 -0.016973592340946198 -0.035002101212739944 0.999144434928894
1541976466.690378 -0.41853067278862 0.4312422275543213 -0.6193936467170715 -0.01428061630576849 -0.016594333574175835 -0.03069409541785717 0.9992890954017639
1541976466.714794 -0.43584680557250977 0.469839483499527 -0.6498244404792786 -0.015623150393366814 -0.015388675965368748 -0.02692326344549656 0.9993969798088074
1541976466.739212 -0.45460179448127747 0.5063414573669434 -0.6811210513114929 -0.01734595000743866 -0.014766857959330082 -0.022773439064621925 0.9994811415672302
1541976466.76367 -0.47594255208969116 0.5386401414871216 -0.7145878672599792 -0.01782168447971344 -0.014080232009291649 -0.020176030695438385 0.9995384216308594
1541976466.788212 -0.49535876512527466 0.5671292543411255 -0.7488457560539246 -0.017436573281884193 -0.013702853582799435 -0.016869952902197838 0.9996117353439331
1541976466.812906 -0.5178120136260986 0.5950217843055725 -0.7852326035499573 -0.017522890120744705 -0.012887025251984596 -0.013069414533674717 0.9996780157089233
1541976466.837807 -0.5402262806892395 0.6201106309890747 -0.8209309577941895 -0.017034726217389107 -0.014150751754641533 -0.011358260177075863 0.9996902346611023
1541976466.862944 -0.5632285475730896 0.6405467391014099 -0.8612646460533142 -0.016231335699558258 -0.013610029593110085 -0.00969756580889225 0.9997286796569824
1541976466.888335 -0.5852848291397095 0.6584624648094177 -0.9029597640037537 -0.01566651463508606 -0.011957879178225994 -0.007080891635268927 0.9997807145118713
1541976466.914018 -0.6041065454483032 0.6727802157402039 -0.9435455203056335 -0.015370952896773815 -0.009538589976727962 -0.005314769688993692 0.9998222589492798
1541976466.940043 -0.6247717142105103 0.6868870258331299 -0.9879106283187866 -0.016573598608374596 -0.005779838655143976 -0.006095448043197393 0.9998274445533752
1541976466.966421 -0.6455568075180054 0.6987802386283875 -1.035277247428894 -0.01697753183543682 -0.00354511640034616 -0.004798915237188339 0.99983811378479
1541976466.993129 -0.6703361868858337 0.7035532593727112 -1.0857208967208862 -0.01653551310300827 -0.0016542854718863964 -0.0037687704898416996 0.9998548626899719
1541976467.020132 -0.6915950179100037 0.7050189971923828 -1.1275964975357056 -0.016450466588139534 -0.001742489985190332 -0.008676749654114246 0.9998255372047424
1541976467.047402 -0.7164612412452698 0.7064842581748962 -1.173985481262207 -0.018561258912086487 0.0015704302350059152 -0.016736192628741264 0.9996864199638367
1541976467.074898 -0.743992030620575 0.706194281578064 -1.2178202867507935 -0.01932746171951294 0.0017282282933592796 -0.021209707483649254 0.9995867609977722
1541976467.102555 -0.7700918912887573 0.7071779370307922 -1.2617948055267334 -0.02122032269835472 0.001569758402183652 -0.027398232370615005 0.9993981122970581
1541976467.130319 -0.7957139611244202 0.7090091705322266 -1.3096128702163696 -0.025244446471333504 0.004153032787144184 -0.035137638449668884 0.9990549683570862
1541976467.158163 -0.8179169297218323 0.7132675647735596 -1.3587090969085693 -0.025075040757656097 0.002690596505999565 -0.03499116748571396 0.9990693926811218
1541976467.186087 -0.8421404957771301 0.7185605764389038 -1.4048155546188354 -0.024304645135998726 0.001123899593949318 -0.03546569496393204 0.9990746974945068
1541976467.214091 -0.8729779124259949 0.722682774066925 -1.4571037292480469 -0.026064230129122734 0.002755736466497183 -0.03923250734806061 0.9988863468170166
1541976467.242175 -0.9054583311080933 0.7282224297523499 -1.5062484741210938 -0.026745066046714783 0.003283452708274126 -0.04123934730887413 0.9987858533859253
1541976467.270328 -0.9368334412574768 0.7380233407020569 -1.5549170970916748 -0.026086490601301193 0.0030349944718182087 -0.04187062382698059 0.9987778067588806
1541976467.298547 -0.972852349281311 0.7511328458786011 -1.5998146533966064 -0.02492586337029934 0.0031046606600284576 -0.04220069944858551 0.998793363571167
1541976467.32683 -1.0131120681762695 0.765059769153595 -1.641214370727539 -0.02478453889489174 0.002682419726625085 -0.04428679496049881 0.9987077713012695
1541976467.355177 -1.0645058155059814 0.7761826515197754 -1.6817303895950317 -0.027591045945882797 0.0032957850489765406 -0.04963623732328415 0.9983807802200317
1541976467.383593 -1.1200472116470337 0.7924061417579651 -1.7153115272521973 -0.02875007875263691 0.003434735117480159 -0.05341453477740288 0.9981526136398315
1541976467.412095 -1.1784756183624268 0.8128989338874817 -1.7523812055587769 -0.029807286337018013 0.00317816948518157 -0.05680518597364426 0.9979352355003357
1541976467.440722 -1.240135908126831 0.8328297734260559 -1.7840957641601562 -0.0326058529317379 0.004569720011204481 -0.0608716681599617 0.9976025223731995
1541976467.469521 -1.3020719289779663 0.8549661040306091 -1.814488410949707 -0.03349281847476959 0.005648973863571882 -0.0612206794321537 0.9975461363792419
1541976467.498541 -1.377952218055725 0.8753042817115784 -1.8523037433624268 -0.034478768706321716 0.005436846986413002 -0.05937142297625542 0.9976255893707275
1541976467.527817 -1.4502816200256348 0.8933883309364319 -1.8860790729522705 -0.035598818212747574 0.004675441887229681 -0.06060225889086723 0.9975160360336304
1541976467.557359 -1.538092851638794 0.9092746376991272 -1.9172570705413818 -0.03845781832933426 0.0052985744550824165 -0.06463652849197388 0.9971534609794617
1541976467.587153 -1.6285426616668701 0.9206350445747375 -1.9448435306549072 -0.03875700756907463 0.0037112049758434296 -0.06691163778305054 0.9969990253448486
1541976467.617184 -1.7180566787719727 0.9260793924331665 -1.9702144861221313 -0.03863764554262161 0.0030561957973986864 -0.06962400674819946 0.9968201518058777
1541976467.647432 -1.8047446012496948 0.9287030100822449 -1.994466781616211 -0.03901820629835129 0.0022307366598397493 -0.07274951040744781 0.9965842962265015
1541976467.677879 -1.8870967626571655 0.9358797073364258 -2.024308204650879 -0.039747126400470734 0.001524998457171023 -0.07644698023796082 0.9962799549102783
1541976467.708515 -1.9575626850128174 0.9363071322441101 -2.049130439758301 -0.03993212431669235 0.00226138555444777 -0.07640516012907028 0.9962743520736694
1541976467.739321 -2.020751953125 0.9341548085212708 -2.076409101486206 -0.042062655091285706 0.0048875887878239155 -0.07389047741889954 0.9963669776916504
1541976467.770269 -2.0741307735443115 0.9345871210098267 -2.091242790222168 -0.045137595385313034 0.008825208060443401 -0.07051865011453629 0.9964496493339539
1541976467.801332 -2.1238181591033936 0.9382770657539368 -2.118558883666992 -0.04782300069928169 0.011329223401844501 -0.06641409546136856 0.9965810775756836
1541976467.832481 -2.1651673316955566 0.9341727495193481 -2.129035472869873 -0.05082940310239792 0.015557029284536839 -0.06427166610956192 0.996515691280365
1541976467.863695 -2.2016377449035645 0.9350331425666809 -2.157944440841675 -0.0523839108645916 0.018105946481227875 -0.060353975743055344 0.9966371059417725
1541976467.894965 -2.2376813888549805 0.9368817210197449 -2.183605670928955 -0.053337130695581436 0.019434724003076553 -0.057431403547525406 0.9967342615127563
1541976467.926275 -2.2760682106018066 0.9414016008377075 -2.2059125900268555 -0.05564774200320244 0.02118091471493244 -0.05776393041014671 0.9965531229972839
1541976467.957604 -2.3084146976470947 0.9369634985923767 -2.220242977142334 -0.05903197452425957 0.02501007728278637 -0.058892104774713516 0.9962035417556763
1541976467.988942 -2.337519407272339 0.9443405866622925 -2.249453067779541 -0.060136470943689346 0.02697116881608963 -0.05613871291279793 0.996245265007019
1541976468.020294 -2.3643412590026855 0.9494388699531555 -2.2821295261383057 -0.06201382353901863 0.02883707731962204 -0.053052157163619995 0.9962470531463623
1541976468.051663 -2.3891875743865967 0.9629636406898499 -2.3129303455352783 -0.0642416924238205 0.03198634833097458 -0.05023587867617607 0.9961557984352112
1541976468.083039 -2.3989105224609375 0.9711935520172119 -2.3473587036132812 -0.06547244638204575 0.034638941287994385 -0.043140921741724014 0.9963194131851196
1541976468.114415 -2.421095609664917 0.9786739349365234 -2.378614902496338 -0.0662388801574707 0.03775821253657341 -0.03496891260147095 0.9964757561683655
1541976468.14578 -2.44270920753479 0.9824344515800476 -2.403993606567383 -0.06825920194387436 0.041561007499694824 -0.0248473659157753 0.9964918494224548
1541976468.177124 -2.4673266410827637 0.9963961839675903 -2.4356229305267334 -0.06964873522520065 0.04304708167910576 -0.007952260784804821 0.996610701084137
1541976468.208433 -2.4908177852630615 1.0093497037887573 -2.4570999145507812 -0.0720975250005722 0.045873336493968964 0.01002887450158596 0.9962916970252991
1541976468.239696 -2.5120413303375244 1.014968752861023 -2.479529857635498 -0.07506607472896576 0.04938379302620888 0.02387142926454544 0.995668888092041
1541976468.270913 -2.536928176879883 1.0101863145828247 -2.5031516551971436 -0.07547257840633392 0.05058798938989639 0.034097909927368164 0.9952799677848816
1541976468.302089 -2.5606298446655273 0.987673282623291 -2.5218605995178223 -0.07427231222391129 0.05187344551086426 0.04154227301478386 0.9950211644172668
1541976468.333235 -2.5898032188415527 0.9658806920051575 -2.5416791439056396 -0.07297392934560776 0.05396327003836632 0.04471859708428383 0.9948683381080627
1541976468.364363 -2.6090149879455566 0.9502539038658142 -2.5725760459899902 -0.0712469145655632 0.054602351039648056 0.04695285111665726 0.9948557615280151
1541976468.395486 -2.636352777481079 0.9482328295707703 -2.604207992553711 -0.06793144345283508 0.055426616221666336 0.05182008817791939 0.9948005080223083
1541976468.4266 -2.656189441680908 0.9584594368934631 -2.6549365520477295 -0.06754224747419357 0.05435967817902565 0.05744624137878418 0.9945768117904663
1541976468.457687 -2.680656671524048 0.966072142124176 -2.6729934215545654 -0.06916645169258118 0.05422518774867058 0.05976969376206398 0.9943355917930603
1541976468.488732 -2.6927473545074463 0.9821656942367554 -2.7150967121124268 -0.07109647244215012 0.053517069667577744 0.06061667948961258 0.994186520576477
1541976468.519719 -2.7019171714782715 1.0020335912704468 -2.7445755004882812 -0.0723545104265213 0.05394184589385986 0.06472110003232956 0.9938139915466309
1541976468.550651 -2.6979470252990723 1.0216659307479858 -2.7530813217163086 -0.07508004456758499 0.05545297637581825 0.06425818055868149 0.9935587644577026
1541976468.581549 -2.6829593181610107 1.0532678365707397 -2.780177116394043 -0.07692797482013702 0.05610502511262894 0.06134091317653656 0.9935651421546936
1541976468.612431 -2.649094581604004 1.076025128364563 -2.773411989212036 -0.07551584392786026 0.05832865089178085 0.060970161110162735 0.9935682415962219
1541976468.643318 -2.587540626525879 1.089983344078064 -2.7681331634521484 -0.07577310502529144 0.06297684460878372 0.05963587388396263 0.9933458566665649
1541976468.67423 -2.521026372909546 1.1017663478851318 -2.722264528274536 -0.07487770915031433 0.06832250952720642 0.06047322601079941 0.9930097460746765
1541976468.705169 -2.4527125358581543 1.1187314987182617 -2.692244052886963 -0.07251081615686417 0.07297993451356888 0.06299421191215515 0.9926972985267639
1541976468.736101 -2.3821067810058594 1.121004581451416 -2.642310380935669 -0.07052634656429291 0.08048287779092789 0.06166877597570419 0.9923434853553772
1541976468.767007 -2.3090462684631348 1.125409483909607 -2.6065661907196045 -0.06751979142427444 0.08658882975578308 0.058776840567588806 0.9922140836715698
1541976468.797877 -2.226593494415283 1.1099228858947754 -2.558636426925659 -0.06230593100190163 0.08894143253564835 0.05815587937831879 0.9923836588859558
1541976468.8287 -2.163816213607788 1.110351800918579 -2.521113872528076 -0.058239590376615524 0.09201620519161224 0.057069990783929825 0.992413341999054
1541976468.859448 -2.085258960723877 1.1115117073059082 -2.479182720184326 -0.054303087294101715 0.09571976214647293 0.05384353548288345 0.9924665689468384
1541976468.890095 -2.0311715602874756 1.1105446815490723 -2.44755220413208 -0.05298083648085594 0.0999656617641449 0.05160979554057121 0.9922380447387695
1541976468.920642 -1.9817140102386475 1.1155515909194946 -2.4120030403137207 -0.05211135745048523 0.10136763006448746 0.052289217710494995 0.9921062588691711
1541976468.95108 -1.9341484308242798 1.1142288446426392 -2.3896946907043457 -0.05048234760761261 0.10229242593050003 0.053136732429265976 0.9920505881309509
1541976468.981398 -1.8879890441894531 1.1128209829330444 -2.3653485774993896 -0.04845119267702103 0.1058172956109047 0.05202581733465195 0.9918410181999207
1541976469.011616 -1.8295037746429443 1.1119704246520996 -2.329586982727051 -0.04617169499397278 0.10990332812070847 0.050314631313085556 0.9915936589241028
1541976469.041748 -1.7998358011245728 1.1020841598510742 -2.313286304473877 -0.047058142721652985 0.11198848485946655 0.05091036483645439 0.9912881851196289
1541976469.071786 -1.7681623697280884 1.0988609790802002 -2.2898523807525635 -0.04699954390525818 0.1109732985496521 0.05332624167203903 0.9912781119346619
1541976469.101714 -1.7479231357574463 1.095810055732727 -2.2812678813934326 -0.04557771235704422 0.11221099644899368 0.053554706275463104 0.9911929368972778
1541976469.131532 -1.709086298942566 1.0818575620651245 -2.2469980716705322 -0.04277832806110382 0.11190337687730789 0.0561317540705204 0.9912098050117493
1541976469.161277 -1.686720848083496 1.0675477981567383 -2.2149081230163574 -0.039762068539857864 0.10766144096851349 0.06082351878285408 0.9915283918380737
1541976469.19098 -1.6669938564300537 1.043900966644287 -2.171250343322754 -0.0394805409014225 0.10472966730594635 0.060045644640922546 0.9919010400772095
1541976469.220641 -1.6264681816101074 1.0179166793823242 -2.130690574645996 -0.03747846931219101 0.10078111290931702 0.05482392758131027 0.9926897287368774
1541976469.250264 -1.5900037288665771 0.9856330156326294 -2.0845859050750732 -0.03510556370019913 0.09609779715538025 0.051534876227378845 0.9934168457984924
1541976469.279872 -1.6080185174942017 1.0137276649475098 -2.0704452991485596 -0.03350706398487091 0.09479756653308868 0.044819265604019165 0.9939225316047668
1541976469.309473 -1.5550084114074707 0.9900915026664734 -2.0260634422302246 -0.03024134412407875 0.09133321046829224 0.0419008694589138 0.9944788217544556
1541976469.339044 -1.5061395168304443 0.9619978666305542 -1.9831044673919678 -0.025966718792915344 0.08802207559347153 0.03732459992170334 0.995080292224884
1541976469.368554 -1.4781047105789185 0.938678503036499 -1.957198977470398 -0.021055374294519424 0.08534061163663864 0.033694058656692505 0.9955593347549438
1541976469.397944 -1.5362415313720703 0.9640042185783386 -1.9972649812698364 -0.01956615410745144 0.0838485136628151 0.026206236332654953 0.9959417581558228
1541976469.427102 -1.5288596153259277 0.9587439298629761 -1.9909943342208862 -0.019121186807751656 0.07999230176210403 0.021744372323155403 0.9963749051094055
1541976469.455927 -1.5431571006774902 0.9585238099098206 -2.0103251934051514 -0.0200121458619833 0.07688617706298828 0.01954110898077488 0.9966474771499634
1541976469.484393 -1.5531641244888306 0.9604244828224182 -2.031836986541748 -0.020129118114709854 0.07217582315206528 0.019864842295646667 0.9969909191131592
1541976469.512578 -1.5936596393585205 0.975664496421814 -2.0836257934570312 -0.019787874072790146 0.06655993312597275 0.023292941972613335 0.9973142743110657
1541976469.540609 -1.6271311044692993 0.992662787437439 -2.1193466186523438 -0.02085939235985279 0.06145138666033745 0.02241581678390503 0.9976403117179871
1541976469.568602 -1.6623053550720215 1.0018476247787476 -2.108822822570801 -0.023657256737351418 0.06155455857515335 0.017454462125897408 0.9976706504821777
1541976469.596644 -1.7205344438552856 1.0206269025802612 -2.157362461090088 -0.02476821094751358 0.05678081884980202 0.014000631868839264 0.9979812502861023
1541976469.624815 -1.7673300504684448 1.0256725549697876 -2.181523561477661 -0.02472948282957077 0.05225096642971039 0.01013428345322609 0.9982762932777405
1541976469.653179 -1.8254194259643555 1.036939024925232 -2.2138545513153076 -0.024599425494670868 0.047931693494319916 0.007070853840559721 0.9985226392745972
1541976469.681775 -1.8682807683944702 1.0545361042022705 -2.2466647624969482 -0.023713333532214165 0.04430779814720154 0.0037008565850555897 0.9987295866012573
1541976469.710626 -1.9249812364578247 1.058173418045044 -2.2785370349884033 -0.022297609597444534 0.04318513721227646 0.0030790038872510195 0.9988135099411011
1541976469.739752 -1.9754561185836792 1.0629023313522339 -2.3167285919189453 -0.01980064995586872 0.04079073667526245 0.0034170725848525763 0.9989656805992126
1541976469.769153 -2.030162811279297 1.0628517866134644 -2.3462929725646973 -0.0177401602268219 0.0394432470202446 0.0024488852359354496 0.9990613460540771
1541976469.798779 -2.0836188793182373 1.067270040512085 -2.4000160694122314 -0.01871362328529358 0.04048117622733116 -0.0003548471722751856 0.9990049600601196
1541976469.828553 -2.135648012161255 1.072559118270874 -2.4501841068267822 -0.016995036974549294 0.040531083941459656 0.0012656920589506626 0.9990329146385193
1541976469.858405 -2.1780965328216553 1.0830718278884888 -2.5101749897003174 -0.016748880967497826 0.04097732901573181 0.005103875882923603 0.9990066289901733
1541976469.888265 -2.2245466709136963 1.08408522605896 -2.566051483154297 -0.02003246732056141 0.044613536447286606 0.01225785631686449 0.9987282156944275
1541976469.91806 -2.2723631858825684 1.0892908573150635 -2.623008966445923 -0.019924243912100792 0.046830929815769196 0.024926336482167244 0.9983930587768555
1541976469.947741 -2.324552297592163 1.0957365036010742 -2.714548349380493 -0.02167324349284172 0.048509180545806885 0.03309765085577965 0.9980388879776001
1541976469.977303 -2.3808631896972656 1.1001847982406616 -2.7910611629486084 -0.02506723813712597 0.05168360099196434 0.037655629217624664 0.9976385235786438
1541976470.006748 -2.450239658355713 1.0998303890228271 -2.860854148864746 -0.028457846492528915 0.053803298622369766 0.04185657203197479 0.9972679615020752
1541976470.036059 -2.520939350128174 1.1034116744995117 -2.934286117553711 -0.03112236224114895 0.05377564579248428 0.04748428240418434 0.9969377517700195
1541976470.065241 -2.6030404567718506 1.1070529222488403 -3.0063488483428955 -0.03218933194875717 0.05121767148375511 0.05142848193645477 0.9968428611755371
1541976470.094312 -2.693781614303589 1.1055190563201904 -3.0724289417266846 -0.032477062195539474 0.04723844304680824 0.052399467676877975 0.9969795346260071
1541976470.123302 -2.795233964920044 1.1030900478363037 -3.1522185802459717 -0.034912824630737305 0.04005708917975426 0.04725029692053795 0.9974688291549683
1541976470.15225 -2.9075090885162354 1.1032856702804565 -3.2134299278259277 -0.03666846081614494 0.03407054394483566 0.040547821670770645 0.9979231357574463
1541976470.181197 -3.016143560409546 1.105381727218628 -3.2653439044952393 -0.037949543446302414 0.02933410368859768 0.0358489453792572 0.9982054829597473
1541976470.210209 -3.13108229637146 1.1168787479400635 -3.32432222366333 -0.040140554308891296 0.0265455674380064 0.03069121576845646 0.9983697533607483
1541976470.239351 -3.2433183193206787 1.1248044967651367 -3.3642632961273193 -0.041912853717803955 0.023263467475771904 0.027924569323658943 0.9984599947929382
1541976470.268663 -3.360933780670166 1.1425772905349731 -3.3990366458892822 -0.04390352964401245 0.019708996638655663 0.021850869059562683 0.9986023306846619
1541976470.298161 -3.4798598289489746 1.1505632400512695 -3.423490047454834 -0.0462859645485878 0.014875728636980057 0.016876446083188057 0.9986749291419983
1541976470.327837 -3.596245765686035 1.1582403182983398 -3.452064037322998 -0.046927858144044876 0.012968751601874828 0.01209520734846592 0.9987408518791199
1541976470.357677 -3.7010674476623535 1.1605080366134644 -3.4880170822143555 -0.04701939970254898 0.01299995556473732 0.010006671771407127 0.9987592697143555
1541976470.387662 -3.7907633781433105 1.1491061449050903 -3.5200676918029785 -0.04880387708544731 0.013128434307873249 0.010049805976450443 0.9986715912818909
1541976470.417767 -3.8784492015838623 1.1427116394042969 -3.546581268310547 -0.04992920905351639 0.015037129633128643 0.009004855528473854 0.9985989928245544
1541976470.447956 -3.9705448150634766 1.1300244331359863 -3.5742106437683105 -0.05193159729242325 0.018358735367655754 0.008519548922777176 0.9984455108642578
1541976470.478195 -4.044380187988281 1.1196414232254028 -3.602290630340576 -0.0540056973695755 0.022823398932814598 0.009136678650975227 0.9982379674911499
1541976470.508455 -4.108638286590576 1.123705506324768 -3.631455898284912 -0.056359946727752686 0.027294572442770004 0.012964875437319279 0.9979531764984131
1541976470.538713 -4.173347473144531 1.1133662462234497 -3.659407377243042 -0.05986112728714943 0.03170802444219589 0.016718929633498192 0.9975629448890686
1541976470.568944 -4.231500148773193 1.1194519996643066 -3.6685783863067627 -0.060958024114370346 0.035999398678541183 0.018500985577702522 0.9973193407058716
1541976470.599126 -4.2785115242004395 1.1070115566253662 -3.6805222034454346 -0.06338679045438766 0.040199387818574905 0.02204095385968685 0.9969355463981628
1541976470.629238 -4.318262100219727 1.0996376276016235 -3.710320472717285 -0.06565947085618973 0.04374002665281296 0.027282511815428734 0.9965096116065979
1541976470.659266 -4.367499351501465 1.0879665613174438 -3.737523317337036 -0.06884212046861649 0.04745671525597572 0.03258649632334709 0.9959652423858643
1541976470.689205 -4.414546012878418 1.093941330909729 -3.757096290588379 -0.06939288228750229 0.04943356290459633 0.038313038647174835 0.9956269860267639
1541976470.719049 -4.457415580749512 1.0843472480773926 -3.7868170738220215 -0.07172342389822006 0.050638433545827866 0.040363285690546036 0.9953202605247498
1541976470.748794 -4.495181560516357 1.077681303024292 -3.805079221725464 -0.07260480523109436 0.052017692476511 0.04212528094649315 0.9951121211051941
1541976470.778445 -4.528165817260742 1.068687081336975 -3.8115854263305664 -0.07273732125759125 0.05385660007596016 0.04569340497255325 0.9948471784591675
1541976470.808005 -4.5432000160217285 1.0728763341903687 -3.8442606925964355 -0.07427090406417847 0.05395178496837616 0.048778846859931946 0.9945822358131409
1541976470.837484 -4.548243999481201 1.0923432111740112 -3.8435025215148926 -0.07296086847782135 0.053191471844911575 0.05271114036440849 0.9945194721221924
1541976470.866894 -4.529263496398926 1.098314642906189 -3.8425052165985107 -0.07048753648996353 0.05442178249359131 0.05490725114941597 0.9945124983787537
1541976470.896244 -4.485520839691162 1.1213539838790894 -3.853161334991455 -0.06618937104940414 0.05530990660190582 0.0594719834625721 0.9944962859153748
1541976470.92555 -4.433741092681885 1.1497061252593994 -3.835712432861328 -0.06413915008306503 0.05701995640993118 0.06541150063276291 0.994161069393158
1541976470.95483 -4.359393119812012 1.1832072734832764 -3.823878049850464 -0.06240982934832573 0.058629103004932404 0.07083325833082199 0.9938059449195862
1541976470.984088 -4.291618824005127 1.2103345394134521 -3.800473213195801 -0.061043333262205124 0.06114223599433899 0.0750875324010849 0.993427038192749
1541976471.013344 -4.218398571014404 1.2402704954147339 -3.7861859798431396 -0.05872900038957596 0.06323827058076859 0.07793761044740677 0.993215799331665
1541976471.042633 -4.144696235656738 1.2579185962677002 -3.7587475776672363 -0.056311242282390594 0.06608866155147552 0.07935330271720886 0.9930581450462341
1541976471.071987 -4.074251651763916 1.2791204452514648 -3.733468770980835 -0.05563269928097725 0.06959004700183868 0.07881476730108261 0.992900013923645
1541976471.10143 -4.003302574157715 1.3002545833587646 -3.702787399291992 -0.055519070476293564 0.0732986107468605 0.0770319402217865 0.9927794337272644
1541976471.130961 -3.9183828830718994 1.320688009262085 -3.6624879837036133 -0.05561022087931633 0.07773259282112122 0.07624968141317368 0.992497444152832
1541976471.160558 -3.8331692218780518 1.333448886871338 -3.631704330444336 -0.05387156829237938 0.08377755433320999 0.07709469646215439 0.9920361042022705
1541976471.190208 -3.7551021575927734 1.3416366577148438 -3.599475860595703 -0.052786167711019516 0.0874457135796547 0.0770074650645256 0.9917846918106079
1541976471.219891 -3.6771678924560547 1.3503655195236206 -3.568936347961426 -0.05264126509428024 0.09127502143383026 0.07378333061933517 0.9916924238204956
1541976471.249587 -3.5871729850769043 1.3525837659835815 -3.5357632637023926 -0.04910165071487427 0.09494863450527191 0.07311885058879852 0.9915782809257507
1541976471.279275 -3.5072779655456543 1.3497848510742188 -3.511143445968628 -0.045751798897981644 0.10046417266130447 0.06950069963932037 0.9914551973342896
1541976471.308943 -3.4263899326324463 1.3376063108444214 -3.473663806915283 -0.04545910283923149 0.10561347007751465 0.06403077393770218 0.9913018345832825
1541976471.338556 -3.3510866165161133 1.3353878259658813 -3.44161057472229 -0.0450885109603405 0.10974094271659851 0.05917523801326752 0.991172194480896
1541976471.368054 -3.2697038650512695 1.3339416980743408 -3.4029197692871094 -0.043870799243450165 0.11429952085018158 0.05687795951962471 0.9908460974693298
1541976471.397366 -3.194460868835449 1.330950379371643 -3.372624397277832 -0.04393449053168297 0.12002597749233246 0.05391016602516174 0.9903318881988525
1541976471.426458 -3.126603603363037 1.328389286994934 -3.3496463298797607 -0.043127112090587616 0.12586195766925812 0.05390408635139465 0.9896429181098938
1541976471.455306 -3.0686256885528564 1.3233953714370728 -3.334075450897217 -0.04308510199189186 0.13091953098773956 0.054465338587760925 0.9889577031135559
1541976471.483887 -3.032332181930542 1.3172942399978638 -3.3228371143341064 -0.04411546513438225 0.13252338767051697 0.055596403777599335 0.9886356592178345
1541976471.512172 -3.001964807510376 1.3118571043014526 -3.315955638885498 -0.0451374277472496 0.13206154108047485 0.05527868494391441 0.9886690974235535
1541976471.540148 -2.994971513748169 1.3044428825378418 -3.3181986808776855 -0.04408437758684158 0.129608616232872 0.05462446063756943 0.9890775084495544
1541976471.567845 -3.0184977054595947 1.29341721534729 -3.3263726234436035 -0.043697088956832886 0.12519338726997375 0.054421622306108475 0.98967444896698
1541976471.595312 -3.0437302589416504 1.283981442451477 -3.3308632373809814 -0.04276050254702568 0.11842578649520874 0.05279049649834633 0.9906362295150757
1541976471.6226 -3.065408945083618 1.271727204322815 -3.332350254058838 -0.04056812822818756 0.11074323952198029 0.05119066312909126 0.9917004108428955
1541976471.649766 -3.0958588123321533 1.2563544511795044 -3.350774049758911 -0.039419058710336685 0.1019909679889679 0.049009643495082855 0.9927950501441956
1541976471.676875 -3.1655502319335938 1.2440943717956543 -3.355821371078491 -0.036051031202077866 0.09432653337717056 0.05157634988427162 0.9935505986213684
1541976471.703989 -3.222032070159912 1.2295026779174805 -3.3744261264801025 -0.034554075449705124 0.0859498381614685 0.04991694539785385 0.9944480657577515
1541976471.731162 -3.2788138389587402 1.2171140909194946 -3.4013874530792236 -0.03349772468209267 0.07716011255979538 0.047518376260995865 0.9953222274780273
1541976471.758431 -3.313865900039673 1.2091573476791382 -3.4122185707092285 -0.029887722805142403 0.06699689477682114 0.046185873448848724 0.9962354898452759
1541976471.785828 -3.374377727508545 1.1915589570999146 -3.4433844089508057 -0.02858026698231697 0.06102946400642395 0.043955329805612564 0.996757984161377
1541976471.813371 -3.4348931312561035 1.1757861375808716 -3.4766080379486084 -0.02697576768696308 0.055507510900497437 0.04296679049730301 0.9971686005592346
1541976471.84107 -3.4879310131073 1.1782761812210083 -3.510223627090454 -0.02391335554420948 0.0490017905831337 0.04281681776046753 0.9975939989089966
1541976471.868916 -3.5526487827301025 1.1710197925567627 -3.539472818374634 -0.021971287205815315 0.043580587953329086 0.041675906628370285 0.9979384541511536
1541976471.896887 -3.6180639266967773 1.1641533374786377 -3.5740816593170166 -0.021814990788698196 0.03933212161064148 0.041143517941236496 0.9981404542922974
1541976471.924951 -3.6703710556030273 1.1660254001617432 -3.6074905395507812 -0.021175850182771683 0.0351334884762764 0.03979999199509621 0.9983652830123901
1541976471.95308 -3.73117733001709 1.1620261669158936 -3.6359710693359375 -0.020087983459234238 0.03331410139799118 0.0408899150788784 0.9984060525894165
1541976471.981269 -3.7872540950775146 1.1530234813690186 -3.6639676094055176 -0.020854856818914413 0.03183811530470848 0.042167481034994125 0.9983853697776794
1541976472.009523 -3.8374083042144775 1.149093508720398 -3.685930013656616 -0.019225377589464188 0.03039015829563141 0.04416143149137497 0.9983770251274109
1541976472.03783 -3.8917348384857178 1.1386733055114746 -3.7226545810699463 -0.018867162987589836 0.02917851321399212 0.04669678211212158 0.9983046650886536
1541976472.066186 -3.935086727142334 1.1319907903671265 -3.764376640319824 -0.017932238057255745 0.02730298787355423 0.049523692578077316 0.9982386231422424
1541976472.094585 -3.9849679470062256 1.1237411499023438 -3.7979536056518555 -0.015624457970261574 0.0260459017008543 0.05165313929319382 0.9982031583786011
1541976472.123013 -4.034912586212158 1.115289568901062 -3.8359320163726807 -0.013982641510665417 0.023158306255936623 0.05270915478467941 0.9982434511184692
1541976472.151444 -4.081770420074463 1.1084132194519043 -3.8685460090637207 -0.012759790755808353 0.020551256835460663 0.0520222969353199 0.9983529448509216
1541976472.179846 -4.12800931930542 1.1070375442504883 -3.916304349899292 -0.011225082911550999 0.018940601497888565 0.051599692553281784 0.9984251260757446
1541976472.208163 -4.159802436828613 1.116855502128601 -3.9534878730773926 -0.007053516339510679 0.016456395387649536 0.05295410752296448 0.998436450958252
1541976472.236334 -4.194712162017822 1.119673252105713 -3.997894525527954 -0.004669482819736004 0.014494109898805618 0.0539715401828289 0.9984263777732849
1541976472.264326 -4.222541332244873 1.1236577033996582 -4.05630350112915 -0.0032038376666605473 0.01178501732647419 0.054667383432388306 0.9984300136566162
1541976472.292122 -4.257394313812256 1.1346195936203003 -4.111526012420654 -0.00034924858482554555 0.009992877952754498 0.055031027644872665 0.9984346628189087
1541976472.319722 -4.290841579437256 1.1430201530456543 -4.1552252769470215 0.0026094382628798485 0.009367368184030056 0.057813338935375214 0.9982801079750061
1541976472.347143 -4.313104152679443 1.1615055799484253 -4.207775592803955 0.006388734094798565 0.007335842587053776 0.06284697353839874 0.9979758262634277
1541976472.37441 -4.337279319763184 1.1792556047439575 -4.248334884643555 0.009185148403048515 0.003562584053725004 0.06797491014003754 0.9976384043693542
1541976472.401542 -4.368058204650879 1.192479133605957 -4.290156364440918 0.011634991504251957 0.0002855517668649554 0.06895695626735687 0.9975517988204956
1541976472.428547 -4.411947250366211 1.2017542123794556 -4.342061519622803 0.014528373256325722 -0.004651923663914204 0.07033328711986542 0.9974068999290466
1541976472.455436 -4.457245349884033 1.209618091583252 -4.387214660644531 0.018074581399559975 -0.00898756179958582 0.07034134119749069 0.9973187446594238
1541976472.482216 -4.500800609588623 1.2143335342407227 -4.440728187561035 0.02156563475728035 -0.013066551648080349 0.06992250680923462 0.9972337484359741
1541976472.508901 -4.545539855957031 1.22211492061615 -4.483773708343506 0.025285938754677773 -0.01693820022046566 0.0695391520857811 0.997114896774292
1541976472.535485 -4.582673072814941 1.2237950563430786 -4.538552284240723 0.026693738996982574 -0.019904304295778275 0.06844043731689453 0.9970994591712952
1541976472.561966 -4.6233906745910645 1.234426498413086 -4.59169864654541 0.02926000952720642 -0.02241876721382141 0.07021749764680862 0.9968504309654236
1541976472.588339 -4.668307781219482 1.2366923093795776 -4.6454925537109375 0.03177947923541069 -0.022114407271146774 0.07223336398601532 0.9966360330581665
1541976472.614618 -4.704951286315918 1.2496458292007446 -4.6989264488220215 0.03430827334523201 -0.02294575609266758 0.0744396522641182 0.9963710308074951
1541976472.640824 -4.739180088043213 1.2557264566421509 -4.746257305145264 0.03397933393716812 -0.02526244707405567 0.07462900131940842 0.996312141418457
1541976472.66697 -4.783862590789795 1.2726043462753296 -4.801537036895752 0.0345991775393486 -0.02610268071293831 0.07465186715126038 0.9962673783302307
1541976472.693066 -4.831559181213379 1.2883838415145874 -4.866892337799072 0.03524430841207504 -0.025593306869268417 0.074860580265522 0.996242344379425
1541976472.719133 -4.873868942260742 1.3078131675720215 -4.934506416320801 0.034803759306669235 -0.025791682302951813 0.07493789494037628 0.9962469339370728
1541976472.745202 -4.914470672607422 1.3193858861923218 -4.996673107147217 0.03282200172543526 -0.0259634330868721 0.07368533313274384 0.9964030981063843
1541976472.771291 -4.965362548828125 1.3426151275634766 -5.044626235961914 0.03163551166653633 -0.026251215487718582 0.07218503952026367 0.9965437650680542
1541976472.797406 -5.013713836669922 1.3669612407684326 -5.103890419006348 0.029050443321466446 -0.026273053139448166 0.07039383053779602 0.996749997138977
1541976472.823559 -5.0569868087768555 1.3993492126464844 -5.158376216888428 0.02738528698682785 -0.026440192013978958 0.07183745503425598 0.9966896772384644
1541976472.849771 -5.088592529296875 1.429875135421753 -5.217348098754883 0.02543078176677227 -0.027089545503258705 0.07283949106931686 0.9966513514518738
1541976472.876067 -5.129254341125488 1.4580107927322388 -5.263132572174072 0.022524746134877205 -0.02632945030927658 0.07268853485584259 0.9967526197433472
1541976472.902459 -5.179537296295166 1.4909656047821045 -5.330742359161377 0.01931099407374859 -0.025472572073340416 0.06993508338928223 0.9970393180847168
1541976472.928966 -5.224064826965332 1.5111191272735596 -5.380618572235107 0.017368705943226814 -0.025624902918934822 0.06728065758943558 0.9972537755966187
1541976472.955606 -5.272387981414795 1.5320724248886108 -5.429467678070068 0.016636798158288002 -0.02554301917552948 0.06396818161010742 0.9974862933158875
1541976472.982396 -5.330697059631348 1.5545650720596313 -5.470970630645752 0.014578535221517086 -0.02524004504084587 0.058446090668439865 0.9978650212287903
1541976473.009346 -5.404794692993164 1.5780621767044067 -5.512071132659912 0.011539291590452194 -0.025013336911797523 0.051777902990579605 0.9982786774635315
1541976473.03644 -5.481254577636719 1.6078402996063232 -5.563880920410156 0.008550718426704407 -0.027297919616103172 0.04623482748866081 0.9985209703445435
1541976473.063663 -5.56815242767334 1.629952073097229 -5.598489284515381 0.0042951381765306 -0.028975101187825203 0.03853568062186241 0.9988278746604919
1541976473.091019 -5.664628982543945 1.6580032110214233 -5.641536235809326 -0.0017603251617401838 -0.028992872685194016 0.031123122200369835 0.9990934729576111
1541976473.118525 -5.72798490524292 1.693709135055542 -5.669996738433838 -0.005350375548005104 -0.029724759981036186 0.031210146844387054 0.9990565180778503
1541976473.146206 -5.770359039306641 1.7180544137954712 -5.719664096832275 -0.006775119341909885 -0.031229278072714806 0.03626413270831108 0.9988312125205994
1541976473.174097 -5.83812952041626 1.7140095233917236 -5.747037410736084 -0.007893642410635948 -0.02964303083717823 0.03786378726363182 0.9988119602203369
1541976473.20222 -5.915859222412109 1.710493803024292 -5.765607833862305 -0.006635974161326885 -0.03133491054177284 0.03446287289261818 0.998892605304718
1541976473.230559 -5.981472492218018 1.6936876773834229 -5.779384613037109 -0.005215437617152929 -0.03648196533322334 0.02851538546383381 0.9989138245582581
1541976473.259064 -6.038689613342285 1.6544142961502075 -5.764256000518799 -0.004213815554976463 -0.04165054112672806 0.02156936191022396 0.9988905787467957
1541976473.287657 -6.088587284088135 1.6348758935928345 -5.747823238372803 -0.0018495612312108278 -0.04664793238043785 0.015501277521252632 0.9987894296646118
1541976473.316263 -6.136736869812012 1.6053019762039185 -5.715352535247803 0.000611563678830862 -0.05099908635020256 0.009400558657944202 0.998654305934906
1541976473.344818 -6.161657333374023 1.5832053422927856 -5.683523654937744 0.0033871259074658155 -0.054717984050512314 0.002342815278097987 0.9984934329986572
1541976473.37329 -6.165380954742432 1.5554927587509155 -5.653806686401367 0.005969847086817026 -0.05804724991321564 -0.00391363725066185 0.9982883930206299
1541976473.401676 -6.144014835357666 1.535703182220459 -5.618468284606934 0.009702363051474094 -0.06332794576883316 -0.006530376151204109 0.997924268245697
1541976473.429985 -6.134719371795654 1.5226646661758423 -5.579449653625488 0.009951598942279816 -0.06525558978319168 -0.01278875395655632 0.9977370500564575
1541976473.458223 -6.111027717590332 1.4953001737594604 -5.549658298492432 0.010373109020292759 -0.06702131032943726 -0.01807122305035591 0.9975339770317078
1541976473.486406 -6.062683582305908 1.4888886213302612 -5.535625457763672 0.011381124146282673 -0.06941008567810059 -0.022187992930412292 0.9972765445709229
1541976473.514569 -6.030004024505615 1.4917834997177124 -5.483850479125977 0.011185085400938988 -0.07077793031930923 -0.026192262768745422 0.997085452079773
1541976473.542745 -6.002383232116699 1.4862501621246338 -5.421794414520264 0.009314118884503841 -0.070839524269104 -0.031147504225373268 0.9969578385353088
1541976473.57095 -5.952550888061523 1.4976449012756348 -5.371722221374512 0.007678075693547726 -0.07144515961408615 -0.03456440195441246 0.9968159198760986
1541976473.5992 -5.894844055175781 1.5019570589065552 -5.317885398864746 0.006504458375275135 -0.070938840508461 -0.035221487283706665 0.9968374371528625
1541976473.627527 -5.8363728523254395 1.5101712942123413 -5.256776809692383 0.0036637457087635994 -0.06783731281757355 -0.03633561357855797 0.9970278143882751
1541976473.655955 -5.783914089202881 1.5241868495941162 -5.200173854827881 4.522367817116901e-05 -0.06582902371883392 -0.034353841096162796 0.9972394108772278
1541976473.684489 -5.726053237915039 1.532181739807129 -5.145695209503174 -0.0033703865483403206 -0.06351206451654434 -0.03230748325586319 0.9974523186683655
1541976473.71312 -5.665558338165283 1.543606162071228 -5.094387531280518 -0.0055497861467301846 -0.06094173341989517 -0.0296123418956995 0.9976865649223328
1541976473.74184 -5.610744953155518 1.5555694103240967 -5.043740749359131 -0.00803969893604517 -0.05818949267268181 -0.026654206216335297 0.9979172945022583
1541976473.770642 -5.562431812286377 1.5702499151229858 -4.996761798858643 -0.011046710424125195 -0.054923512041568756 -0.02283855527639389 0.9981682896614075
1541976473.799509 -5.50656795501709 1.5844407081604004 -4.933553695678711 -0.012343178503215313 -0.053019627928733826 -0.019176200032234192 0.9983330965042114
1541976473.82842 -5.463834762573242 1.594077706336975 -4.878787994384766 -0.01424449123442173 -0.05173112079501152 -0.01778794266283512 0.9984011054039001
1541976473.857363 -5.424587249755859 1.6011918783187866 -4.821532249450684 -0.016817081719636917 -0.050224773585796356 -0.01819513365626335 0.998430609703064
1541976473.88633 -5.385412693023682 1.6106657981872559 -4.771656513214111 -0.018107790499925613 -0.05004555359482765 -0.01791187934577465 0.9984220862388611
1541976473.915317 -5.334243297576904 1.6097878217697144 -4.72026252746582 -0.019823897629976273 -0.048984676599502563 -0.016992023214697838 0.9984582662582397
1541976473.94433 -5.285338401794434 1.614180326461792 -4.659469127655029 -0.02008875273168087 -0.0477762445807457 -0.014764380641281605 0.9985469579696655
1541976473.97338 -5.227714538574219 1.623533010482788 -4.607601165771484 -0.01955685392022133 -0.046518802642822266 -0.012457264587283134 0.9986482858657837
1541976474.002468 -5.164937496185303 1.617538332939148 -4.568415641784668 -0.01944614201784134 -0.045774027705192566 -0.009801197797060013 0.9987144470214844
1541976474.031574 -5.102182388305664 1.6150028705596924 -4.512277126312256 -0.01906340941786766 -0.04430176317691803 -0.008265458047389984 0.9988021850585938
1541976474.060687 -5.04303503036499 1.6120944023132324 -4.469241142272949 -0.02020963653922081 -0.043101780116558075 -0.008813315071165562 0.9988274574279785
1541976474.089806 -4.978724002838135 1.6116176843643188 -4.426906108856201 -0.02042361907660961 -0.042407743632793427 -0.00966693740338087 0.9988449215888977
1541976474.118925 -4.917543411254883 1.6148737668991089 -4.390562057495117 -0.020022042095661163 -0.04207007586956024 -0.01032837200909853 0.9988606572151184
1541976474.148048 -4.853580951690674 1.6175510883331299 -4.3529815673828125 -0.01885305903851986 -0.042350687086582184 -0.009318244643509388 0.998881459236145
1541976474.177174 -4.800364971160889 1.6245306730270386 -4.325657367706299 -0.01708093285560608 -0.043608762323856354 -0.008152400143444538 0.9988694787025452
1541976474.206297 -4.753664016723633 1.6330246925354004 -4.30166482925415 -0.01640300266444683 -0.045995716005563736 -0.008554579690098763 0.9987703561782837
1541976474.235415 -4.710879802703857 1.6476941108703613 -4.278286933898926 -0.013423657976090908 -0.050554849207401276 -0.010561026632785797 0.9985752701759338
1541976474.264522 -4.673189163208008 1.6574153900146484 -4.257942199707031 -0.011446814984083176 -0.05417248606681824 -0.016721338033676147 0.9983259439468384
1541976474.293617 -4.636807441711426 1.6654692888259888 -4.247392654418945 -0.010348767973482609 -0.058679718524217606 -0.023448331281542778 0.9979478120803833
1541976474.322703 -4.6093316078186035 1.6793217658996582 -4.235890865325928 -0.008533332496881485 -0.06220235303044319 -0.027493365108966827 0.9976483583450317
1541976474.351779 -4.581451892852783 1.6937713623046875 -4.215177059173584 -0.0068992436863482 -0.06523322314023972 -0.03154098242521286 0.9973475933074951
1541976474.380847 -4.5407609939575195 1.7137620449066162 -4.209262371063232 -0.006082777865231037 -0.0685705617070198 -0.03527480736374855 0.997003972530365
1541976474.409904 -4.5009355545043945 1.7280398607254028 -4.19546365737915 -0.006130890920758247 -0.07125105708837509 -0.04086244851350784 0.9966021776199341
1541976474.438963 -4.454836368560791 1.7484737634658813 -4.167354583740234 -0.0036971948575228453 -0.07541987299919128 -0.044312089681625366 0.9961600303649902
1541976474.468049 -4.394542694091797 1.762789249420166 -4.145233154296875 -0.0007449639379046857 -0.07998631149530411 -0.045676540583372116 0.9957486391067505
1541976474.497181 -4.337149620056152 1.7637685537338257 -4.135069370269775 0.0006660950602963567 -0.08149436861276627 -0.05012698471546173 0.995412290096283
1541976474.526367 -4.2783894538879395 1.7660924196243286 -4.1255784034729 0.001704440568573773 -0.08406387269496918 -0.05512573570013046 0.994933009147644
1541976474.555599 -4.207859039306641 1.7753114700317383 -4.111203670501709 0.0029785155784338713 -0.0863942876458168 -0.05933808535337448 0.9944878816604614
1541976474.584846 -4.14203405380249 1.7724887132644653 -4.104020595550537 0.004369327798485756 -0.08706315606832504 -0.06360416859388351 0.9941607117652893
1541976474.614091 -4.049905300140381 1.7693709135055542 -4.093140125274658 0.007537859957665205 -0.0883893147110939 -0.067198246717453 0.9937881827354431
1541976474.643332 -3.9783456325531006 1.7690380811691284 -4.084688186645508 0.007853701710700989 -0.088860884308815 -0.07146564871072769 0.9934459328651428
1541976474.672569 -3.8918027877807617 1.767777919769287 -4.069419860839844 0.007212272845208645 -0.09084448218345642 -0.07596354186534882 0.9929375052452087
1541976474.701783 -3.8204710483551025 1.7721171379089355 -4.061356067657471 0.006283338647335768 -0.08892805129289627 -0.08109355717897415 0.9927115440368652
1541976474.730961 -3.695220708847046 1.773491621017456 -4.043868064880371 0.006626550108194351 -0.09138065576553345 -0.08415307849645615 0.9922317862510681
1541976474.760121 -3.6068568229675293 1.7867286205291748 -4.041231155395508 0.0058869412168860435 -0.08933475613594055 -0.08766365796327591 0.9921188354492188
1541976474.789299 -3.4806251525878906 1.8007228374481201 -4.009768486022949 0.005095087923109531 -0.08918706327676773 -0.08957916498184204 0.9919653534889221
1541976474.818514 -3.3926448822021484 1.8167461156845093 -4.014296054840088 0.0032848233822733164 -0.0845615416765213 -0.09047120809555054 0.9922971129417419
1541976474.847788 -3.274104356765747 1.8243070840835571 -3.9920828342437744 0.003337063593789935 -0.0837569311261177 -0.08956961333751678 0.992447018623352
1541976474.877149 -3.1848971843719482 1.8362314701080322 -3.9985811710357666 0.0020350480917841196 -0.08094044029712677 -0.09055500477552414 0.9925947189331055
1541976474.906619 -3.1018192768096924 1.8412178754806519 -3.9871456623077393 0.001279118936508894 -0.0790780708193779 -0.09219073504209518 0.9925955533981323
1541976474.936211 -3.025318145751953 1.8534510135650635 -3.988687515258789 0.000490789650939405 -0.07748344540596008 -0.09395133703947067 0.9925569295883179
1541976474.965923 -2.9513351917266846 1.8624409437179565 -3.9652886390686035 0.0009930261876434088 -0.07596676051616669 -0.09509340673685074 0.9925650358200073
1541976474.995759 -2.888185977935791 1.8621068000793457 -3.9805829524993896 -0.001010096282698214 -0.07367594540119171 -0.09726346284151077 0.992527425289154
1541976475.025729 -2.8250980377197266 1.8741339445114136 -3.9700582027435303 -0.001323016593232751 -0.0730697512626648 -0.09874885529279709 0.9924252033233643
1541976475.055833 -2.7707905769348145 1.8834595680236816 -3.968369245529175 -0.0024041656870394945 -0.07205633074045181 -0.10057860612869263 0.9923135042190552
1541976475.086059 -2.733255386352539 1.886108636856079 -3.9542524814605713 -0.0017695967108011246 -0.07226615399122238 -0.10068492591381073 0.9922888278961182
1541976475.116406 -2.7116565704345703 1.867043137550354 -3.9550392627716064 0.0004624566063284874 -0.07485207915306091 -0.10093048959970474 0.9920735955238342
1541976475.146869 -2.7051842212677 1.8332548141479492 -3.934786081314087 0.002533342456445098 -0.07779894769191742 -0.10466287285089493 0.9914568066596985
1541976475.177421 -2.7154922485351562 1.8024760484695435 -3.9188621044158936 0.004810474347323179 -0.08220130205154419 -0.11036748439073563 0.9904741048812866
1541976475.208003 -2.7395145893096924 1.7705425024032593 -3.906264305114746 0.008345275186002254 -0.08764008432626724 -0.1148085817694664 0.9894789457321167
