1541976466263336.0 -0.0 -0.0 -0.0 -0.0 -0.0 1.0 -0.0
1541976466289024.0 -0.010877287 0.0037886403 -0.045059104 -0.005967929 0.0059561296 0.99990195 0.011180462
1541976466314657.0 -0.02355133 0.008148901 -0.0964228 -0.008280139 0.0049799182 0.9997818 0.018522467
1541976466340200.0 -0.040844094 0.01592166 -0.14947753 -0.006434474 -0.0067115384 0.99981195 0.017017784
1541976466365628.0 -0.06805271 0.025155405 -0.1974621 -0.0076290146 -0.014643738 0.99969935 0.018124646
1541976466390925.0 -0.06805271 0.025155406 -0.1974621 -0.007629015 -0.014643739 0.9996994 0.018124647
1541976466416104.0 -0.114791274 0.05950922 -0.2918348 -0.010358071 -0.0210748 0.99943596 0.02400961
1541976466441201.0 -0.14384717 0.085222185 -0.32543382 -0.010907455 -0.023893507 0.99949306 0.017993635
1541976466466246.0 -0.18156946 0.113922685 -0.35949355 -0.015018686 -0.028203618 0.9994314 0.010774399
1541976466491259.0 -0.21966399 0.14103627 -0.3858463 -0.018308172 -0.036364995 0.99915993 0.004681204
1541976466516265.0 -0.25790808 0.16923167 -0.41479993 -0.020308966 -0.044157773 0.99881786 0.0007625839
1541976466541295.0 -0.28895032 0.20036498 -0.44011965 -0.021362599 -0.04563944 0.99872905 -0.0010027204
1541976466566363.0 -0.31635517 0.23448557 -0.4698126 -0.021323109 -0.043252368 0.9988305 -0.0034976483
1541976466591435.0 -0.3401422 0.27416492 -0.49861005 -0.020122021 -0.042454123 0.9988709 -0.0070549967
1541976466616426.0 -0.36431396 0.31470144 -0.5286919 -0.019557597 -0.04104891 0.99890673 -0.010859045
1541976466641258.0 -0.3861012 0.3548664 -0.5574439 -0.017978564 -0.03833833 0.99901026 -0.013620679
1541976466665897.0 -0.40331733 0.3941215 -0.5880343 -0.016973592 -0.0350021 0.99914443 -0.0140462
1541976466690378.0 -0.41853067 0.43124223 -0.61939365 -0.016594334 -0.030694095 0.9992891 -0.014280616
1541976466714794.0 -0.4358468 0.46983948 -0.64982444 -0.015388676 -0.026923263 0.999397 -0.01562315
1541976466739212.0 -0.4546018 0.50634146 -0.68112105 -0.014766858 -0.022773439 0.99948114 -0.01734595
1541976466763670.0 -0.47594255 0.53864014 -0.71458787 -0.014080232 -0.02017603 0.9995384 -0.017821684
1541976466788212.0 -0.49535877 0.56712925 -0.74884576 -0.013702854 -0.016869953 0.99961174 -0.017436573
1541976466812906.0 -0.517812 0.5950218 -0.7852326 -0.012887025 -0.0130694145 0.999678 -0.01752289
1541976466837807.0 -0.5402263 0.62011063 -0.82093096 -0.014150752 -0.01135826 0.99969023 -0.017034726
1541976466862944.0 -0.56322855 0.64054674 -0.86126465 -0.01361003 -0.009697566 0.9997287 -0.016231336
1541976466888335.0 -0.5852848 0.65846246 -0.90295976 -0.011957879 -0.0070808916 0.9997807 -0.015666515
1541976466914018.0 -0.60410655 0.6727802 -0.9435455 -0.00953859 -0.0053147697 0.99982226 -0.015370953
1541976466940043.0 -0.6247717 0.686887 -0.9879106 -0.0057798387 -0.006095448 0.99982744 -0.016573599
1541976466966421.0 -0.6455568 0.69878024 -1.0352772 -0.0035451164 -0.0047989152 0.9998381 -0.016977532
1541976466993129.0 -0.6703362 0.70355326 -1.0857209 -0.0016542855 -0.0037687705 0.99985486 -0.016535513
1541976467020132.0 -0.691595 0.705019 -1.1275965 -0.00174249 -0.00867675 0.99982554 -0.016450467
1541976467047402.0 -0.71646124 0.70648426 -1.1739855 0.0015704302 -0.016736193 0.9996864 -0.018561259
1541976467074898.0 -0.74399203 0.7061943 -1.2178203 0.0017282283 -0.021209707 0.99958676 -0.019327462
1541976467102555.0 -0.7700919 0.70717794 -1.2617948 0.0015697584 -0.027398232 0.9993981 -0.021220323
1541976467130319.0 -0.79571396 0.7090092 -1.3096129 0.004153033 -0.03513764 0.99905497 -0.025244446
1541976467158163.0 -0.8179169 0.71326756 -1.3587091 0.0026905965 -0.034991167 0.9990694 -0.02507504
1541976467186087.0 -0.8421405 0.7185606 -1.4048156 0.0011238996 -0.035465695 0.9990747 -0.024304645
1541976467214091.0 -0.8729779 0.7226828 -1.4571037 0.0027557365 -0.039232507 0.99888635 -0.02606423
1541976467242175.0 -0.90545833 0.7282224 -1.5062485 0.0032834527 -0.041239347 0.99878585 -0.026745066
1541976467270328.0 -0.93683344 0.73802334 -1.5549171 0.0030349945 -0.041870624 0.9987778 -0.02608649
1541976467298547.0 -0.97285235 0.75113285 -1.5998147 0.0031046607 -0.0422007 0.99879336 -0.024925863
1541976467326830.0 -1.0131121 0.76505977 -1.6412144 0.0026824197 -0.044286795 0.9987078 -0.024784539
1541976467355177.0 -1.0645058 0.77618265 -1.6817304 0.003295785 -0.049636237 0.9983808 -0.027591046
1541976467383593.0 -1.1200472 0.79240614 -1.7153115 0.0034347351 -0.053414535 0.9981526 -0.028750079
1541976467412095.0 -1.1784756 0.81289893 -1.7523812 0.0031781695 -0.056805186 0.99793524 -0.029807286
1541976467440722.0 -1.2401359 0.8328298 -1.7840958 0.00456972 -0.06087167 0.9976025 -0.032605853
1541976467469521.0 -1.3020719 0.8549661 -1.8144884 0.005648974 -0.06122068 0.99754614 -0.03349282
1541976467498541.0 -1.3779522 0.8753043 -1.8523037 0.005436847 -0.059371423 0.9976256 -0.03447877
1541976467527817.0 -1.4502816 0.89338833 -1.8860791 0.004675442 -0.06060226 0.99751604 -0.03559882
1541976467557359.0 -1.5380929 0.90927464 -1.9172571 0.0052985745 -0.06463653 0.99715346 -0.03845782
1541976467587153.0 -1.6285427 0.92063504 -1.9448435 0.003711205 -0.06691164 0.996999 -0.038757008
1541976467617184.0 -1.7180567 0.9260794 -1.9702145 0.0030561958 -0.06962401 0.99682015 -0.038637646
1541976467647432.0 -1.8047446 0.928703 -1.9944668 0.0022307367 -0.07274951 0.9965843 -0.039018206
1541976467677879.0 -1.8870968 0.9358797 -2.0243082 0.0015249985 -0.07644698 0.99627995 -0.039747126
1541976467708515.0 -1.9575627 0.93630713 -2.0491304 0.0022613856 -0.07640516 0.99627435 -0.039932124
1541976467739321.0 -2.020752 0.9341548 -2.076409 0.004887589 -0.07389048 0.996367 -0.042062655
1541976467770269.0 -2.0741308 0.9345871 -2.0912428 0.008825208 -0.07051865 0.99644965 -0.045137595
1541976467801332.0 -2.1238182 0.93827707 -2.118559 0.011329223 -0.066414095 0.9965811 -0.047823
1541976467832481.0 -2.1651673 0.93417275 -2.1290355 0.015557029 -0.064271666 0.9965157 -0.050829403
1541976467863695.0 -2.2016377 0.93503314 -2.1579444 0.018105946 -0.060353976 0.9966371 -0.05238391
1541976467894965.0 -2.2376814 0.9368817 -2.1836057 0.019434724 -0.057431404 0.99673426 -0.05333713
1541976467926275.0 -2.2760682 0.9414016 -2.2059126 0.021180915 -0.05776393 0.9965531 -0.055647742
1541976467957604.0 -2.3084147 0.9369635 -2.220243 0.025010077 -0.058892105 0.99620354 -0.059031975
1541976467988942.0 -2.3375194 0.9443406 -2.249453 0.026971169 -0.056138713 0.99624527 -0.06013647
1541976468020294.0 -2.3643413 0.94943887 -2.2821295 0.028837077 -0.053052157 0.99624705 -0.062013824
1541976468051663.0 -2.3891876 0.96296364 -2.3129303 0.03198635 -0.05023588 0.9961558 -0.06424169
1541976468083039.0 -2.3989105 0.97119355 -2.3473587 0.03463894 -0.04314092 0.9963194 -0.06547245
1541976468114415.0 -2.4210956 0.97867393 -2.378615 0.037758213 -0.034968913 0.99647576 -0.06623888
1541976468145780.0 -2.4427092 0.98243445 -2.4039936 0.041561007 -0.024847366 0.99649185 -0.0682592
1541976468177124.0 -2.4673266 0.9963962 -2.435623 0.04304708 -0.007952261 0.9966107 -0.069648735
1541976468208433.0 -2.4908178 1.0093497 -2.4571 0.045873336 0.0100288745 0.9962917 -0.072097525
1541976468239696.0 -2.5120413 1.0149688 -2.4795299 0.049383793 0.02387143 0.9956689 -0.075066075
1541976468270913.0 -2.5369282 1.0101863 -2.5031517 0.05058799 0.03409791 0.99527997 -0.07547258
1541976468302089.0 -2.5606298 0.9876733 -2.5218606 0.051873446 0.041542273 0.99502116 -0.07427231
1541976468333235.0 -2.5898032 0.9658807 -2.5416791 0.05396327 0.044718597 0.99486834 -0.07297393
1541976468364363.0 -2.609015 0.9502539 -2.572576 0.05460235 0.04695285 0.99485576 -0.071246915
1541976468395486.0 -2.6363528 0.9482328 -2.604208 0.055426616 0.05182009 0.9948005 -0.06793144
1541976468426600.0 -2.6561894 0.95845944 -2.6549366 0.05435968 0.05744624 0.9945768 -0.06754225
1541976468457687.0 -2.6806567 0.96607214 -2.6729934 0.054225188 0.059769694 0.9943356 -0.06916645
1541976468488732.0 -2.6927474 0.9821657 -2.7150967 0.05351707 0.06061668 0.9941865 -0.07109647
1541976468519719.0 -2.7019172 1.0020336 -2.7445755 0.053941846 0.0647211 0.993814 -0.07235451
1541976468550651.0 -2.697947 1.0216659 -2.7530813 0.055452976 0.06425818 0.99355876 -0.075080045
1541976468581549.0 -2.6829593 1.0532678 -2.780177 0.056105025 0.061340913 0.99356514 -0.076927975
1541976468612431.0 -2.6490946 1.0760251 -2.773412 0.05832865 0.06097016 0.99356824 -0.075515844
1541976468643318.0 -2.5875406 1.0899833 -2.7681332 0.062976845 0.059635874 0.99334586 -0.075773105
1541976468674230.0 -2.5210264 1.1017663 -2.7222645 0.06832251 0.060473226 0.99300975 -0.07487771
1541976468705169.0 -2.4527125 1.1187315 -2.692244 0.072979935 0.06299421 0.9926973 -0.072510816
1541976468736101.0 -2.3821068 1.1210046 -2.6423104 0.08048288 0.061668776 0.9923435 -0.07052635
1541976468767007.0 -2.3090463 1.1254095 -2.6065662 0.08658883 0.05877684 0.9922141 -0.06751979
1541976468797877.0 -2.2265935 1.1099229 -2.5586364 0.08894143 0.05815588 0.99238366 -0.06230593
1541976468828700.0 -2.1638162 1.1103518 -2.5211139 0.092016205 0.05706999 0.99241334 -0.05823959
1541976468859448.0 -2.085259 1.1115117 -2.4791827 0.09571976 0.053843535 0.99246657 -0.054303087
1541976468890095.0 -2.0311716 1.1105447 -2.4475522 0.09996566 0.051609796 0.99223804 -0.052980836
1541976468920642.0 -1.981714 1.1155516 -2.412003 0.10136763 0.052289218 0.99210626 -0.052111357
1541976468951080.0 -1.9341484 1.1142288 -2.3896947 0.102292426 0.053136732 0.9920506 -0.050482348
1541976468981398.0 -1.887989 1.112821 -2.3653486 0.105817296 0.052025817 0.991841 -0.048451193
1541976469011616.0 -1.8295038 1.1119704 -2.329587 0.10990333 0.05031463 0.99159366 -0.046171695
1541976469041748.0 -1.7998358 1.1020842 -2.3132863 0.111988485 0.050910365 0.9912882 -0.047058143
1541976469071786.0 -1.7681624 1.098861 -2.2898524 0.1109733 0.05332624 0.9912781 -0.046999544
1541976469101714.0 -1.7479231 1.09581 -2.281268 0.112211 0.053554706 0.99119294 -0.045577712
1541976469131532.0 -1.7090863 1.0818576 -2.246998 0.11190338 0.056131754 0.9912098 -0.042778328
1541976469161277.0 -1.6867208 1.0675478 -2.2149081 0.10766144 0.06082352 0.9915284 -0.03976207
1541976469190980.0 -1.6669939 1.043901 -2.1712503 0.10472967 0.060045645 0.99190104 -0.03948054
1541976469220641.0 -1.6264682 1.0179167 -2.1306906 0.10078111 0.054823928 0.9926897 -0.03747847
1541976469250264.0 -1.5900037 0.985633 -2.084586 0.0960978 0.051534876 0.99341685 -0.035105564
1541976469279872.0 -1.6080185 1.0137277 -2.0704453 0.09479757 0.044819266 0.99392253 -0.033507064
1541976469309473.0 -1.5550084 0.9900915 -2.0260634 0.09133321 0.04190087 0.9944788 -0.030241344
1541976469339044.0 -1.5061395 0.96199787 -1.9831045 0.088022076 0.0373246 0.9950803 -0.025966719
1541976469368554.0 -1.4781047 0.9386785 -1.957199 0.08534061 0.03369406 0.99555933 -0.021055374
1541976469397944.0 -1.5362415 0.9640042 -1.997265 0.08384851 0.026206236 0.99594176 -0.019566154
1541976469427102.0 -1.5288596 0.95874393 -1.9909943 0.0799923 0.021744372 0.9963749 -0.019121187
1541976469455927.0 -1.5431571 0.9585238 -2.0103252 0.07688618 0.019541109 0.9966475 -0.020012146
1541976469484393.0 -1.5531641 0.9604245 -2.031837 0.07217582 0.019864842 0.9969909 -0.020129118
1541976469512578.0 -1.5936596 0.9756645 -2.0836258 0.06655993 0.023292942 0.9973143 -0.019787874
1541976469540609.0 -1.6271311 0.9926628 -2.1193466 0.061451387 0.022415817 0.9976403 -0.020859392
1541976469568602.0 -1.6623054 1.0018476 -2.1088228 0.06155456 0.017454462 0.99767065 -0.023657257
1541976469596644.0 -1.7205344 1.0206269 -2.1573625 0.05678082 0.014000632 0.99798125 -0.024768211
1541976469624815.0 -1.76733 1.0256726 -2.1815236 0.052250966 0.010134283 0.9982763 -0.024729483
1541976469653179.0 -1.8254194 1.036939 -2.2138546 0.047931693 0.007070854 0.99852264 -0.024599425
1541976469681775.0 -1.8682808 1.0545361 -2.2466648 0.0443078 0.0037008566 0.9987296 -0.023713334
1541976469710626.0 -1.9249812 1.0581734 -2.278537 0.043185137 0.003079004 0.9988135 -0.02229761
1541976469739752.0 -1.9754561 1.0629023 -2.3167286 0.040790737 0.0034170726 0.9989657 -0.01980065
1541976469769153.0 -2.0301628 1.0628518 -2.346293 0.039443247 0.0024488852 0.99906135 -0.01774016
1541976469798779.0 -2.0836189 1.06727 -2.400016 0.040481176 -0.00035484717 0.99900496 -0.018713623
1541976469828553.0 -2.135648 1.0725591 -2.450184 0.040531084 0.0012656921 0.9990329 -0.016995037
1541976469858405.0 -2.1780965 1.0830718 -2.510175 0.04097733 0.005103876 0.9990066 -0.016748881
1541976469888265.0 -2.2245467 1.0840852 -2.5660515 0.044613536 0.012257856 0.9987282 -0.020032467
1541976469918060.0 -2.2723632 1.0892909 -2.623009 0.04683093 0.024926336 0.99839306 -0.019924244
1541976469947741.0 -2.3245523 1.0957365 -2.7145483 0.04850918 0.03309765 0.9980389 -0.021673243
1541976469977303.0 -2.3808632 1.1001848 -2.7910612 0.0516836 0.03765563 0.9976385 -0.025067238
1541976470006748.0 -2.4502397 1.0998304 -2.8608541 0.0538033 0.041856572 0.99726796 -0.028457846
1541976470036059.0 -2.5209394 1.1034117 -2.934286 0.053775646 0.047484282 0.99693775 -0.031122362
1541976470065241.0 -2.6030405 1.1070529 -3.0063488 0.05121767 0.051428482 0.99684286 -0.032189332
1541976470094312.0 -2.6937816 1.105519 -3.072429 0.047238443 0.052399468 0.99697953 -0.032477062
1541976470123302.0 -2.795234 1.10309 -3.1522186 0.04005709 0.047250297 0.9974688 -0.034912825
1541976470152250.0 -2.907509 1.1032857 -3.21343 0.034070544 0.04054782 0.99792314 -0.03666846
1541976470181197.0 -3.0161436 1.1053817 -3.265344 0.029334104 0.035848945 0.9982055 -0.037949543
1541976470210209.0 -3.1310823 1.1168787 -3.3243222 0.026545567 0.030691216 0.99836975 -0.040140554
1541976470239351.0 -3.2433183 1.1248045 -3.3642633 0.023263467 0.02792457 0.99846 -0.041912854
1541976470268663.0 -3.3609338 1.1425773 -3.3990366 0.019708997 0.021850869 0.99860233 -0.04390353
1541976470298161.0 -3.4798598 1.1505632 -3.42349 0.014875729 0.016876446 0.9986749 -0.046285965
1541976470327837.0 -3.5962458 1.1582403 -3.452064 0.012968752 0.012095207 0.99874085 -0.04692786
1541976470357677.0 -3.7010674 1.160508 -3.488017 0.012999956 0.010006672 0.99875927 -0.0470194
1541976470387662.0 -3.7907634 1.1491061 -3.5200677 0.013128434 0.010049806 0.9986716 -0.048803877
1541976470417767.0 -3.8784492 1.1427116 -3.5465813 0.01503713 0.0090048555 0.998599 -0.04992921
1541976470447956.0 -3.9705448 1.1300244 -3.5742106 0.018358735 0.008519549 0.9984455 -0.051931597
1541976470478195.0 -4.04438 1.1196414 -3.6022906 0.022823399 0.009136679 0.99823797 -0.054005697
1541976470508455.0 -4.1086383 1.1237055 -3.631456 0.027294572 0.012964875 0.9979532 -0.056359947
1541976470538713.0 -4.1733475 1.1133662 -3.6594074 0.031708024 0.01671893 0.99756294 -0.059861127
1541976470568944.0 -4.2315 1.119452 -3.6685784 0.0359994 0.018500986 0.99731934 -0.060958024
1541976470599126.0 -4.2785115 1.1070116 -3.6805222 0.040199388 0.022040954 0.99693555 -0.06338679
1541976470629238.0 -4.318262 1.0996376 -3.7103205 0.043740027 0.027282512 0.9965096 -0.06565947
1541976470659266.0 -4.3674994 1.0879666 -3.7375233 0.047456715 0.032586496 0.99596524 -0.06884212
1541976470689205.0 -4.414546 1.0939413 -3.7570963 0.049433563 0.03831304 0.995627 -0.06939288
1541976470719049.0 -4.4574156 1.0843472 -3.786817 0.050638434 0.040363286 0.99532026 -0.071723424
1541976470748794.0 -4.4951816 1.0776813 -3.8050792 0.052017692 0.04212528 0.9951121 -0.072604805
1541976470778445.0 -4.528166 1.0686871 -3.8115854 0.0538566 0.045693405 0.9948472 -0.07273732
1541976470808005.0 -4.5432 1.0728763 -3.8442607 0.053951785 0.048778847 0.99458224 -0.074270904
1541976470837484.0 -4.548244 1.0923432 -3.8435025 0.05319147 0.05271114 0.9945195 -0.07296087
1541976470866894.0 -4.5292635 1.0983146 -3.8425052 0.054421782 0.05490725 0.9945125 -0.07048754
1541976470896244.0 -4.485521 1.121354 -3.8531613 0.055309907 0.059471983 0.9944963 -0.06618937
1541976470925550.0 -4.433741 1.1497061 -3.8357124 0.057019956 0.0654115 0.99416107 -0.06413915
1541976470954830.0 -4.359393 1.1832073 -3.823878 0.058629103 0.07083326 0.99380594 -0.06240983
1541976470984088.0 -4.291619 1.2103345 -3.8004732 0.061142236 0.07508753 0.99342704 -0.061043333
1541976471013344.0 -4.2183986 1.2402705 -3.786186 0.06323827 0.07793761 0.9932158 -0.058729
1541976471042633.0 -4.144696 1.2579186 -3.7587476 0.06608866 0.0793533 0.99305815 -0.056311242
1541976471071987.0 -4.0742517 1.2791204 -3.7334688 0.06959005 0.07881477 0.9929 -0.0556327
1541976471101430.0 -4.0033026 1.3002546 -3.7027874 0.07329861 0.07703194 0.99277943 -0.05551907
1541976471130961.0 -3.918383 1.320688 -3.662488 0.07773259 0.07624968 0.99249744 -0.05561022
1541976471160558.0 -3.8331692 1.3334489 -3.6317043 0.083777554 0.0770947 0.9920361 -0.05387157
1541976471190208.0 -3.7551022 1.3416367 -3.5994759 0.08744571 0.077007465 0.9917847 -0.052786168
1541976471219891.0 -3.677168 1.3503655 -3.5689363 0.09127502 0.07378333 0.9916924 -0.052641265
1541976471249587.0 -3.587173 1.3525838 -3.5357633 0.094948635 0.07311885 0.9915783 -0.04910165
1541976471279275.0 -3.507278 1.3497849 -3.5111434 0.10046417 0.0695007 0.9914552 -0.0457518
1541976471308943.0 -3.42639 1.3376063 -3.4736638 0.10561347 0.064030774 0.99130183 -0.045459103
1541976471338556.0 -3.3510866 1.3353878 -3.4416106 0.10974094 0.059175238 0.9911722 -0.04508851
1541976471368054.0 -3.2697039 1.3339417 -3.4029198 0.11429952 0.05687796 0.9908461 -0.0438708
1541976471397366.0 -3.1944609 1.3309504 -3.3726244 0.12002598 0.053910166 0.9903319 -0.04393449
1541976471426458.0 -3.1266036 1.3283893 -3.3496463 0.12586196 0.053904086 0.9896429 -0.043127112
1541976471455306.0 -3.0686257 1.3233954 -3.3340755 0.13091953 0.05446534 0.9889577 -0.043085102
1541976471483887.0 -3.0323322 1.3172942 -3.322837 0.13252339 0.055596404 0.98863566 -0.044115465
1541976471512172.0 -3.0019648 1.3118571 -3.3159556 0.13206154 0.055278685 0.9886691 -0.045137428
1541976471540148.0 -2.9949715 1.3044429 -3.3181987 0.12960862 0.05462446 0.9890775 -0.044084378
1541976471567845.0 -3.0184977 1.2934172 -3.3263726 0.12519339 0.054421622 0.98967445 -0.04369709
1541976471595312.0 -3.0437303 1.2839814 -3.3308632 0.11842579 0.052790496 0.9906362 -0.042760503
1541976471622600.0 -3.065409 1.2717272 -3.3323503 0.11074324 0.051190663 0.9917004 -0.04056813
1541976471649766.0 -3.0958588 1.2563545 -3.350774 0.10199097 0.049009643 0.99279505 -0.03941906
1541976471676875.0 -3.1655502 1.2440944 -3.3558214 0.09432653 0.05157635 0.9935506 -0.03605103
1541976471703989.0 -3.222032 1.2295027 -3.3744261 0.08594984 0.049916945 0.99444807 -0.034554075
1541976471731162.0 -3.2788138 1.2171141 -3.4013875 0.07716011 0.047518376 0.9953222 -0.033497725
1541976471758431.0 -3.313866 1.2091573 -3.4122186 0.066996895 0.046185873 0.9962355 -0.029887723
1541976471785828.0 -3.3743777 1.191559 -3.4433844 0.061029464 0.04395533 0.996758 -0.028580267
1541976471813371.0 -3.4348931 1.1757861 -3.476608 0.05550751 0.04296679 0.9971686 -0.026975768
1541976471841070.0 -3.487931 1.1782762 -3.5102236 0.04900179 0.042816818 0.997594 -0.023913356
1541976471868916.0 -3.5526488 1.1710198 -3.5394728 0.043580588 0.041675907 0.99793845 -0.021971287
1541976471896887.0 -3.618064 1.1641533 -3.5740817 0.03933212 0.041143518 0.99814045 -0.02181499
1541976471924951.0 -3.670371 1.1660254 -3.6074905 0.03513349 0.039799992 0.9983653 -0.02117585
1541976471953080.0 -3.7311773 1.1620262 -3.635971 0.0333141 0.040889915 0.99840605 -0.020087983
1541976471981269.0 -3.787254 1.1530235 -3.6639676 0.031838115 0.04216748 0.99838537 -0.020854857
1541976472009523.0 -3.8374083 1.1490935 -3.68593 0.030390158 0.04416143 0.998377 -0.019225378
1541976472037830.0 -3.8917348 1.1386733 -3.7226546 0.029178513 0.046696782 0.99830467 -0.018867163
1541976472066186.0 -3.9350867 1.1319908 -3.7643766 0.027302988 0.049523693 0.9982386 -0.017932238
1541976472094585.0 -3.984968 1.1237411 -3.7979536 0.026045902 0.05165314 0.99820316 -0.015624458
1541976472123013.0 -4.0349126 1.1152896 -3.835932 0.023158306 0.052709155 0.99824345 -0.0139826415
1541976472151444.0 -4.0817704 1.1084132 -3.868546 0.020551257 0.052022297 0.99835294 -0.012759791
1541976472179846.0 -4.1280093 1.1070375 -3.9163043 0.018940601 0.051599693 0.9984251 -0.011225083
1541976472208163.0 -4.1598024 1.1168555 -3.9534879 0.016456395 0.052954108 0.99843645 -0.0070535163
1541976472236334.0 -4.194712 1.1196733 -3.9978945 0.01449411 0.05397154 0.9984264 -0.004669483
1541976472264326.0 -4.2225413 1.1236577 -4.0563035 0.011785017 0.054667383 0.99843 -0.0032038377
1541976472292122.0 -4.2573943 1.1346196 -4.111526 0.009992878 0.055031028 0.99843466 -0.00034924858
1541976472319722.0 -4.2908416 1.1430202 -4.1552253 0.009367368 0.05781334 0.9982801 0.0026094383
1541976472347143.0 -4.313104 1.1615056 -4.2077756 0.0073358426 0.06284697 0.9979758 0.006388734
1541976472374410.0 -4.3372793 1.1792556 -4.248335 0.003562584 0.06797491 0.9976384 0.009185148
1541976472401542.0 -4.368058 1.1924791 -4.2901564 0.00028555177 0.068956956 0.9975518 0.0116349915
1541976472428547.0 -4.4119473 1.2017542 -4.3420615 -0.0046519237 0.07033329 0.9974069 0.014528373
1541976472455436.0 -4.4572453 1.2096181 -4.3872147 -0.008987562 0.07034134 0.99731874 0.018074581
1541976472482216.0 -4.5008006 1.2143335 -4.440728 -0.013066552 0.06992251 0.99723375 0.021565635
1541976472508901.0 -4.54554 1.2221149 -4.4837737 -0.0169382 0.06953915 0.9971149 0.025285939
1541976472535485.0 -4.582673 1.223795 -4.5385523 -0.019904304 0.06844044 0.99709946 0.026693739
1541976472561966.0 -4.6233907 1.2344265 -4.5916986 -0.022418767 0.0702175 0.99685043 0.02926001
1541976472588339.0 -4.668308 1.2366923 -4.6454926 -0.022114407 0.072233364 0.99663603 0.03177948
1541976472614618.0 -4.7049513 1.2496458 -4.6989264 -0.022945756 0.07443965 0.99637103 0.034308273
1541976472640824.0 -4.73918 1.2557265 -4.7462573 -0.025262447 0.074629 0.99631214 0.033979334
1541976472666970.0 -4.7838626 1.2726043 -4.801537 -0.02610268 0.07465187 0.9962674 0.034599178
1541976472693066.0 -4.831559 1.2883838 -4.8668923 -0.025593307 0.07486058 0.99624234 0.03524431
1541976472719133.0 -4.873869 1.3078132 -4.9345064 -0.025791682 0.074937895 0.99624693 0.03480376
1541976472745202.0 -4.9144707 1.3193859 -4.996673 -0.025963433 0.07368533 0.9964031 0.032822
1541976472771291.0 -4.9653625 1.3426151 -5.044626 -0.026251215 0.07218504 0.99654377 0.03163551
1541976472797406.0 -5.013714 1.3669612 -5.1038904 -0.026273053 0.07039383 0.99675 0.029050443
1541976472823559.0 -5.056987 1.3993492 -5.158376 -0.026440192 0.071837455 0.9966897 0.027385287
1541976472849771.0 -5.0885925 1.4298751 -5.217348 -0.027089546 0.07283949 0.99665135 0.025430782
1541976472876067.0 -5.1292543 1.4580108 -5.2631326 -0.02632945 0.072688535 0.9967526 0.022524746
1541976472902459.0 -5.1795373 1.4909656 -5.3307424 -0.025472572 0.06993508 0.9970393 0.019310994
1541976472928966.0 -5.224065 1.5111191 -5.3806186 -0.025624903 0.06728066 0.9972538 0.017368706
1541976472955606.0 -5.272388 1.5320724 -5.4294677 -0.02554302 0.06396818 0.9974863 0.016636798
1541976472982396.0 -5.330697 1.5545651 -5.4709706 -0.025240045 0.05844609 0.997865 0.014578535
1541976473009346.0 -5.4047947 1.5780622 -5.512071 -0.025013337 0.051777903 0.9982787 0.011539292
1541976473036440.0 -5.4812546 1.6078403 -5.563881 -0.02729792 0.046234827 0.998521 0.008550718
1541976473063663.0 -5.5681524 1.6299521 -5.5984893 -0.028975101 0.03853568 0.9988279 0.004295138
1541976473091019.0 -5.664629 1.6580032 -5.641536 -0.028992873 0.031123122 0.9990935 -0.0017603252
1541976473118525.0 -5.727985 1.6937091 -5.6699967 -0.02972476 0.031210147 0.9990565 -0.0053503755
1541976473146206.0 -5.770359 1.7180544 -5.719664 -0.031229278 0.036264133 0.9988312 -0.0067751193
1541976473174097.0 -5.8381295 1.7140095 -5.7470374 -0.02964303 0.037863787 0.99881196 -0.007893642
1541976473202220.0 -5.915859 1.7104938 -5.765608 -0.03133491 0.034462873 0.9988926 -0.006635974
1541976473230559.0 -5.9814725 1.6936877 -5.7793846 -0.036481965 0.028515385 0.9989138 -0.0052154376
1541976473259064.0 -6.0386896 1.6544143 -5.764256 -0.04165054 0.021569362 0.9988906 -0.0042138156
1541976473287657.0 -6.0885873 1.6348759 -5.747823 -0.046647932 0.0155012775 0.9987894 -0.0018495612
1541976473316263.0 -6.136737 1.605302 -5.7153525 -0.050999086 0.009400559 0.9986543 0.0006115637
1541976473344818.0 -6.1616573 1.5832053 -5.6835237 -0.054717984 0.0023428153 0.99849343 0.003387126
1541976473373290.0 -6.165381 1.5554928 -5.6538067 -0.05804725 -0.0039136373 0.9982884 0.005969847
1541976473401676.0 -6.144015 1.5357032 -5.6184683 -0.063327946 -0.006530376 0.99792427 0.009702363
1541976473429985.0 -6.1347194 1.5226647 -5.5794497 -0.06525559 -0.012788754 0.99773705 0.009951599
1541976473458223.0 -6.1110277 1.4953002 -5.5496583 -0.06702131 -0.018071223 0.997534 0.010373109
1541976473486406.0 -6.0626836 1.4888886 -5.5356255 -0.069410086 -0.022187993 0.99727654 0.011381124
1541976473514569.0 -6.030004 1.4917835 -5.4838505 -0.07077793 -0.026192263 0.99708545 0.011185085
1541976473542745.0 -6.002383 1.4862502 -5.4217944 -0.070839524 -0.031147504 0.99695784 0.009314119
1541976473570950.0 -5.952551 1.4976449 -5.371722 -0.07144516 -0.034564402 0.9968159 0.0076780757
1541976473599200.0 -5.894844 1.501957 -5.3178854 -0.07093884 -0.035221487 0.99683744 0.0065044584
1541976473627527.0 -5.836373 1.5101713 -5.256777 -0.06783731 -0.036335614 0.9970278 0.0036637457
1541976473655955.0 -5.783914 1.5241868 -5.200174 -0.06582902 -0.03435384 0.9972394 4.5223678e-05
1541976473684489.0 -5.726053 1.5321817 -5.145695 -0.063512065 -0.032307483 0.9974523 -0.0033703865
1541976473713120.0 -5.6655583 1.5436062 -5.0943875 -0.060941733 -0.029612342 0.99768656 -0.005549786
1541976473741840.0 -5.610745 1.5555694 -5.0437407 -0.058189493 -0.026654206 0.9979173 -0.008039699
1541976473770642.0 -5.562432 1.5702499 -4.996762 -0.054923512 -0.022838555 0.9981683 -0.01104671
1541976473799509.0 -5.506568 1.5844407 -4.9335537 -0.053019628 -0.0191762 0.9983331 -0.0123431785
1541976473828420.0 -5.463835 1.5940777 -4.878788 -0.05173112 -0.017787943 0.9984011 -0.014244491
1541976473857363.0 -5.4245872 1.6011919 -4.8215322 -0.050224774 -0.018195134 0.9984306 -0.016817082
1541976473886330.0 -5.3854127 1.6106658 -4.7716565 -0.050045554 -0.01791188 0.9984221 -0.01810779
1541976473915317.0 -5.3342433 1.6097878 -4.7202625 -0.048984677 -0.016992023 0.99845827 -0.019823898
1541976473944330.0 -5.2853384 1.6141803 -4.659469 -0.047776245 -0.014764381 0.99854696 -0.020088753
1541976473973380.0 -5.2277145 1.623533 -4.607601 -0.046518803 -0.012457265 0.9986483 -0.019556854
1541976474002468.0 -5.1649375 1.6175383 -4.5684156 -0.045774028 -0.009801198 0.99871445 -0.019446142
1541976474031574.0 -5.1021824 1.6150029 -4.512277 -0.044301763 -0.008265458 0.9988022 -0.01906341
1541976474060687.0 -5.043035 1.6120944 -4.469241 -0.04310178 -0.008813315 0.99882746 -0.020209637
1541976474089806.0 -4.978724 1.6116177 -4.426906 -0.042407744 -0.009666937 0.9988449 -0.02042362
1541976474118925.0 -4.9175434 1.6148738 -4.390562 -0.042070076 -0.010328372 0.99886066 -0.020022042
1541976474148048.0 -4.853581 1.6175511 -4.3529816 -0.042350687 -0.009318245 0.99888146 -0.018853059
1541976474177174.0 -4.800365 1.6245307 -4.3256574 -0.043608762 -0.0081524 0.9988695 -0.017080933
1541976474206297.0 -4.753664 1.6330247 -4.301665 -0.045995716 -0.00855458 0.99877036 -0.016403003
1541976474235415.0 -4.71088 1.6476941 -4.278287 -0.05055485 -0.010561027 0.99857527 -0.013423658
1541976474264522.0 -4.673189 1.6574154 -4.257942 -0.054172486 -0.016721338 0.99832594 -0.011446815
1541976474293617.0 -4.6368074 1.6654693 -4.2473927 -0.05867972 -0.023448331 0.9979478 -0.010348768
1541976474322703.0 -4.6093316 1.6793218 -4.235891 -0.062202353 -0.027493365 0.99764836 -0.0085333325
1541976474351779.0 -4.581452 1.6937714 -4.215177 -0.06523322 -0.031540982 0.9973476 -0.0068992437
1541976474380847.0 -4.540761 1.713762 -4.2092624 -0.06857056 -0.035274807 0.997004 -0.006082778
1541976474409904.0 -4.5009356 1.7280399 -4.1954637 -0.07125106 -0.04086245 0.9966022 -0.006130891
1541976474438963.0 -4.4548364 1.7484738 -4.1673546 -0.07541987 -0.04431209 0.99616003 -0.0036971949
1541976474468049.0 -4.3945427 1.7627892 -4.145233 -0.07998631 -0.04567654 0.99574864 -0.00074496394
1541976474497181.0 -4.3371496 1.7637686 -4.1350694 -0.08149437 -0.050126985 0.9954123 0.00066609506
1541976474526367.0 -4.2783895 1.7660924 -4.1255784 -0.08406387 -0.055125736 0.994933 0.0017044406
1541976474555599.0 -4.207859 1.7753115 -4.1112037 -0.08639429 -0.059338085 0.9944879 0.0029785156
1541976474584846.0 -4.142034 1.7724887 -4.1040206 -0.087063156 -0.06360417 0.9941607 0.004369328
1541976474614091.0 -4.0499053 1.7693709 -4.09314 -0.088389315 -0.06719825 0.9937882 0.00753786
1541976474643332.0 -3.9783456 1.7690381 -4.084688 -0.088860884 -0.07146565 0.99344593 0.007853702
1541976474672569.0 -3.8918028 1.7677779 -4.06942 -0.09084448 -0.07596354 0.9929375 0.007212273
1541976474701783.0 -3.820471 1.7721171 -4.061356 -0.08892805 -0.08109356 0.99271154 0.0062833386
1541976474730961.0 -3.6952207 1.7734916 -4.043868 -0.091380656 -0.08415308 0.9922318 0.00662655
1541976474760121.0 -3.6068568 1.7867286 -4.041231 -0.089334756 -0.08766366 0.99211884 0.005886941
1541976474789299.0 -3.4806252 1.8007228 -4.0097685 -0.08918706 -0.089579165 0.99196535 0.005095088
1541976474818514.0 -3.392645 1.8167461 -4.014296 -0.08456154 -0.09047121 0.9922971 0.0032848234
1541976474847788.0 -3.2741044 1.8243071 -3.9920828 -0.08375693 -0.08956961 0.992447 0.0033370636
1541976474877149.0 -3.1848972 1.8362315 -3.9985812 -0.08094044 -0.090555005 0.9925947 0.002035048
1541976474906619.0 -3.1018193 1.8412179 -3.9871457 -0.07907807 -0.092190735 0.99259555 0.0012791189
1541976474936211.0 -3.0253181 1.853451 -3.9886875 -0.077483445 -0.09395134 0.9925569 0.00049078965
1541976474965923.0 -2.9513352 1.862441 -3.9652886 -0.07596676 -0.09509341 0.99256504 0.0009930262
1541976474995759.0 -2.888186 1.8621068 -3.980583 -0.073675945 -0.09726346 0.9925274 -0.0010100963
1541976475025729.0 -2.825098 1.874134 -3.9700582 -0.07306975 -0.098748855 0.9924252 -0.0013230166
1541976475055833.0 -2.7707906 1.8834596 -3.9683692 -0.07205633 -0.100578606 0.9923135 -0.0024041657
1541976475086059.0 -2.7332554 1.8861086 -3.9542525 -0.072266154 -0.100684926 0.9922888 -0.0017695967
1541976475116406.0 -2.7116566 1.8670431 -3.9550393 -0.07485208 -0.10093049 0.9920736 0.0004624566
1541976475146869.0 -2.7051842 1.8332548 -3.934786 -0.07779895 -0.10466287 0.9914568 0.0025333425
1541976475177421.0 -2.7154922 1.802476 -3.918862 -0.0822013 -0.110367484 0.9904741 0.0048104743
1541976475208003.0 -2.7395146 1.7705425 -3.9062643 -0.087640084 -0.11480858 0.98947895 0.008345275
