0 3
1 8
2 13
3 18
4 23
5 28
6 33
7 39
8 44
9 49
10 54
11 59
12 64
13 69
14 74
15 79
16 83
17 88
18 93
19 98
20 103
21 108
22 113
23 118
24 123
25 128
26 133
27 138
28 144
29 149
30 154
31 160
32 165
33 171
34 176
35 182
36 187
37 193
38 199
39 204
40 210
41 216
42 221
43 227
44 233
45 238
46 244
47 250
48 256
49 262
50 268
51 274
52 280
53 286
54 292
55 298
56 304
57 311
58 317
59 323
60 329
61 336
62 342
63 348
64 354
65 361
66 367
67 373
68 379
69 386
70 392
71 398
72 404
73 411
74 417
75 423
76 429
77 436
78 442
79 448
80 454
81 460
82 467
83 473
84 479
85 485
86 491
87 497
88 504
89 510
90 516
91 522
92 528
93 534
94 540
95 547
96 553
97 559
98 565
99 571
100 577
101 583
102 588
103 594
104 600
105 606
106 612
107 618
108 624
109 630
110 636
111 641
112 647
113 653
114 658
115 664
116 670
117 675
118 681
119 687
120 692
121 698
122 704
123 710
124 716
125 722
126 728
127 734
128 740
129 746
130 752
131 757
132 763
133 769
134 775
135 781
136 787
137 792
138 798
139 804
140 810
141 816
142 822
143 828
144 834
145 840
146 846
147 852
148 858
149 864
150 870
151 876
152 882
153 888
154 894
155 900
156 906
157 912
158 918
159 924
160 930
161 935
162 941
163 947
164 953
165 959
166 965
167 971
168 976
169 982
170 988
171 994
172 1000
173 1006
174 1012
175 1018
176 1024
177 1030
178 1036
179 1041
180 1047
181 1053
182 1058
183 1064
184 1069
185 1075
186 1080
187 1086
188 1091
189 1097
190 1102
191 1107
192 1113
193 1118
194 1124
195 1130
196 1135
197 1141
198 1147
199 1152
200 1158
201 1164
202 1169
203 1175
204 1181
205 1186
206 1192
207 1198
208 1203
209 1209
210 1214
211 1220
212 1225
213 1231
214 1236
215 1241
216 1247
217 1252
218 1257
219 1263
220 1268
221 1273
222 1278
223 1284
224 1289
225 1294
226 1299
227 1305
228 1310
229 1315
230 1320
231 1325
232 1331
233 1336
234 1341
235 1347
236 1352
237 1358
238 1363
239 1368
240 1374
241 1380
242 1385
243 1391
244 1396
245 1402
246 1408
247 1414
248 1419
249 1425
250 1431
251 1436
252 1442
253 1448
254 1453
255 1459
256 1464
257 1470
258 1476
259 1481
260 1487
261 1493
262 1499
263 1504
264 1510
265 1516
266 1522
267 1528
268 1533
269 1539
270 1545
271 1551
272 1557
273 1562
274 1568
275 1574
276 1580
277 1586
278 1592
279 1597
280 1603
281 1609
282 1615
283 1621
284 1626
285 1632
286 1638
287 1644
288 1650
289 1656
290 1661
291 1667
292 1673
293 1679
294 1685
295 1691
296 1696
297 1702
298 1708
299 1714
300 1720
301 1726
302 1732
303 1738
304 1743
305 1749
306 1755
307 1761
308 1767
309 1774
310 1780
311 1786
312 1792
