# timestamp[secs] tx ty tz qx qy qz qw
1542145521.577086 -0.0 -0.0 -0.0 -0.0 -0.0 -0.0 1.0
1542145521.601548 -0.0 -0.0 -0.0 -0.0 -0.0 -0.0 1.0
1542145521.626014 0.034194499254226685 -0.0003511402755975723 0.002925710752606392 0.0017843471141532063 0.00407027592882514 -0.0039586457423865795 0.9999823570251465
1542145521.65048 0.034194499254226685 -0.0003511402755975723 0.002925710752606392 0.0017843471141532063 0.00407027592882514 -0.0039586457423865795 0.9999823570251465
1542145521.674949 0.05555953085422516 0.006280080880969763 0.005095792002975941 -0.003907247446477413 0.0037363816518336535 -0.005568447057157755 0.9999698996543884
1542145521.699426 0.05555953085422516 0.006280080880969763 0.005095792002975941 -0.003907247446477413 0.0037363816518336535 -0.005568447057157755 0.9999698996543884
1542145521.723922 0.05555953085422516 0.006280080880969763 0.005095792002975941 -0.003907247446477413 0.0037363816518336535 -0.005568447057157755 0.9999698996543884
1542145521.74845 0.05555953085422516 0.006280080880969763 0.005095792002975941 -0.003907247446477413 0.0037363816518336535 -0.005568447057157755 0.9999698996543884
1542145521.773014 0.05555953085422516 0.006280080880969763 0.005095792002975941 -0.003907247446477413 0.0037363816518336535 -0.005568447057157755 0.9999698996543884
1542145521.797607 0.07095565646886826 0.0152487987652421 0.00894753634929657 -0.00046035373816266656 -0.014189197681844234 -0.021592965349555016 0.9996660947799683
1542145521.822217 0.07095565646886826 0.0152487987652421 0.00894753634929657 -0.00046035373816266656 -0.014189197681844234 -0.021592965349555016 0.9996660947799683
1542145521.84683 0.06154917553067207 0.012178407981991768 0.008866095915436745 0.004265795927494764 -0.026401320472359657 -0.030855560675263405 0.9991660118103027
1542145521.871432 0.06154917553067207 0.012178407981991768 0.008866095915436745 0.004265795927494764 -0.026401320472359657 -0.030855560675263405 0.9991660118103027
1542145521.896007 0.04446046054363251 0.003874339861795306 0.007355061825364828 0.013293926604092121 -0.03705305978655815 -0.031467512249946594 0.9987292885780334
1542145521.920548 0.04446046054363251 0.003874339861795306 0.007355061825364828 0.013293926604092121 -0.03705305978655815 -0.031467512249946594 0.9987292885780334
1542145521.945061 0.025641540065407753 -0.004696490243077278 0.0028503076173365116 0.01914435625076294 -0.04505098611116409 -0.03112218528985977 0.9983162879943848
1542145521.969553 0.025641540065407753 -0.004696490243077278 0.0028503076173365116 0.01914435625076294 -0.04505098611116409 -0.03112218528985977 0.9983162879943848
1542145521.994032 -0.006924045272171497 -0.015094484202563763 -0.00028452821425162256 0.022814182564616203 -0.05175251141190529 -0.025654679164290428 0.9980696439743042
1542145522.018513 -0.02438647672533989 -0.02195322886109352 -0.0043890648521482944 0.02425960637629032 -0.05639186128973961 -0.02086833491921425 0.9978957772254944
1542145522.043014 -0.04940750077366829 -0.02935653179883957 -0.007086101919412613 0.02734004147350788 -0.06043492257595062 -0.014904947020113468 0.9976863861083984
1542145522.067543 -0.07711096853017807 -0.03621363267302513 -0.008981864899396896 0.03121045045554638 -0.067753367125988 -0.00924419704824686 0.9971709847450256
1542145522.092102 -0.10854024440050125 -0.04355940222740173 -0.011687226593494415 0.03436123952269554 -0.07559508830308914 -0.006476914510130882 0.9965253472328186
1542145522.116689 -0.14286673069000244 -0.05017617717385292 -0.014536473900079727 0.037605151534080505 -0.08199503272771835 -0.005176087841391563 0.995909571647644
1542145522.141309 -0.1789373904466629 -0.0553005151450634 -0.01256666798144579 0.04178796708583832 -0.08651132881641388 0.0007447120733559132 0.9953738451004028
1542145522.165958 -0.2168937772512436 -0.05958310887217522 -0.0131501704454422 0.04598645493388176 -0.09251616150140762 0.012499544769525528 0.9945701360702515
1542145522.190631 -0.25342607498168945 -0.06120973452925682 -0.008510943502187729 0.050038911402225494 -0.09786491841077805 0.020407559350132942 0.9937314391136169
1542145522.215333 -0.29364728927612305 -0.061478592455387115 -0.00387498433701694 0.05242326110601425 -0.1008000373840332 0.02716650813817978 0.9931532144546509
1542145522.240086 -0.3380114436149597 -0.06406626850366592 -0.00017767329700291157 0.0527803972363472 -0.10196269303560257 0.03352179378271103 0.9928213357925415
1542145522.264928 -0.3828981816768646 -0.06486674398183823 0.001257588155567646 0.05314859375357628 -0.10704568773508072 0.04383299872279167 0.9918645024299622
1542145522.289894 -0.4249584376811981 -0.06776031851768494 0.0023242607712745667 0.05317232012748718 -0.11437218636274338 0.052103783935308456 0.9906447529792786
1542145522.314985 -0.4675526022911072 -0.07270883768796921 0.00022606085985898972 0.05249053239822388 -0.12166260927915573 0.05573025718331337 0.9896146655082703
1542145522.340167 -0.5069200396537781 -0.07655218243598938 -0.00303243612870574 0.054537493735551834 -0.1333014965057373 0.060670897364616394 0.9877122640609741
1542145522.36539 -0.5476416945457458 -0.08445240557193756 -0.006615618243813515 0.054230742156505585 -0.14263330399990082 0.0640542283654213 0.9862108826637268
1542145522.390628 -0.5833272933959961 -0.08976907283067703 -0.0090026268735528 0.055633194744586945 -0.1533299833536148 0.06921790540218353 0.9841766953468323
1542145522.41589 -0.6166273951530457 -0.09470532089471817 -0.013653302565217018 0.055077340453863144 -0.16148146986961365 0.07659115642309189 0.9823563694953918
1542145522.441205 -0.6448560357093811 -0.09641451388597488 -0.014450288377702236 0.05464235320687294 -0.16769817471504211 0.08369269222021103 0.9807584285736084
1542145522.466579 -0.6593774557113647 -0.09527380764484406 -0.01360055897384882 0.053985562175512314 -0.17532114684581757 0.0909336656332016 0.9788151979446411
1542145522.491997 -0.6661660075187683 -0.09487906098365784 -0.015370857901871204 0.05214807018637657 -0.1821434497833252 0.09855663776397705 0.9769293665885925
1542145522.517461 -0.6638718247413635 -0.09177640080451965 -0.017044121399521828 0.05094168335199356 -0.18557965755462646 0.09808817505836487 0.9763933420181274
1542145522.542982 -0.6503921747207642 -0.08752898871898651 -0.013316631317138672 0.05083346739411354 -0.18791577219963074 0.09483008831739426 0.9762740731239319
1542145522.568551 -0.6239381432533264 -0.07999128848314285 -0.012689503841102123 0.05008041486144066 -0.18690277636051178 0.09138171374797821 0.9768361449241638
1542145522.594151 -0.5900371074676514 -0.07077182084321976 -0.008586376905441284 0.04961205646395683 -0.1809527724981308 0.08938974887132645 0.9781637191772461
1542145522.619766 -0.548088550567627 -0.06207029148936272 -0.004914482124149799 0.049423620104789734 -0.17228350043296814 0.0872916504740715 0.9799265265464783
1542145522.64537 -0.5013240575790405 -0.05387112498283386 -0.0012728674337267876 0.048547085374593735 -0.16120217740535736 0.08254595845937729 0.9822643995285034
1542145522.670926 -0.4506550133228302 -0.04494733363389969 0.004468979313969612 0.04818491265177727 -0.1487288922071457 0.07178114354610443 0.9850916266441345
1542145522.696423 -0.4012652039527893 -0.03874089568853378 0.009522076696157455 0.048461031168699265 -0.1354464888572693 0.055051494389772415 0.9880663752555847
1542145522.721852 -0.35397645831108093 -0.032841213047504425 0.014999684877693653 0.04879327863454819 -0.12354441732168198 0.03840768709778786 0.9903942942619324
1542145522.747191 -0.3088163137435913 -0.02898344397544861 0.020006416365504265 0.04786888509988785 -0.11282718181610107 0.02341589517891407 0.9921846389770508
1542145522.772455 -0.2659344971179962 -0.025743424892425537 0.02377830445766449 0.04664706811308861 -0.10168931633234024 0.008086098358035088 0.9936891198158264
1542145522.79771 -0.2260635495185852 -0.023977143689990044 0.026612915098667145 0.04554246738553047 -0.09185938537120819 -0.004979148041456938 0.994717538356781
1542145522.823004 -0.18923495709896088 -0.02341384068131447 0.03139064833521843 0.046570587903261185 -0.08434399217367172 -0.014185541309416294 0.9952467679977417
1542145522.848311 -0.15541142225265503 -0.024029696360230446 0.03618987277150154 0.04806043207645416 -0.07511942088603973 -0.024387137964367867 0.9957171678543091
1542145522.873568 -0.12385907769203186 -0.02455463632941246 0.041561059653759 0.04814473167061806 -0.06234234943985939 -0.03541192784905434 0.9962638020515442
1542145522.898752 -0.0938565656542778 -0.025163184851408005 0.04561324417591095 0.04547568038105965 -0.04637223109602928 -0.04561936855316162 0.9968453049659729
1542145522.923859 -0.06597023457288742 -0.025899942964315414 0.047894351184368134 0.04276301711797714 -0.029537303373217583 -0.04790911823511124 0.9974986910820007
1542145522.948867 -0.042153798043727875 -0.027060862630605698 0.051093701273202896 0.04145433008670807 -0.01330611016601324 -0.04326200112700462 0.9981147050857544
1542145522.973774 -0.020867912098765373 -0.02730254828929901 0.0524611622095108 0.041131213307380676 0.0033005764707922935 -0.0397602841258049 0.9983569383621216
1542145522.998571 -0.004764401353895664 -0.028541039675474167 0.05302023887634277 0.040665678679943085 0.01923823356628418 -0.038496967405080795 0.9982455372810364
1542145523.023222 0.008855282329022884 -0.029628466814756393 0.052503492683172226 0.04238997772336006 0.02992432564496994 -0.03491271659731865 0.9980424642562866
1542145523.047688 0.016931302845478058 -0.031662873923778534 0.0514347217977047 0.04637160524725914 0.03790699690580368 -0.030316660180687904 0.9977443218231201
1542145523.07194 0.02232896164059639 -0.03343813121318817 0.0506180077791214 0.04991527274250984 0.041553691029548645 -0.027373796328902245 0.9975131154060364
1542145523.095993 0.02518616057932377 -0.03311736136674881 0.05027823895215988 0.051959969103336334 0.04222556948661804 -0.028391167521476746 0.9973520636558533
1542145523.11989 0.023686006665229797 -0.03357352688908577 0.049406904727220535 0.0499701164662838 0.036904994398355484 -0.0324719212949276 0.997540295124054
1542145523.143678 0.01943265087902546 -0.03139319270849228 0.05328856408596039 0.05111647769808769 0.027243107557296753 -0.03587841987609863 0.9976761937141418
1542145523.167399 0.012298006564378738 -0.029605161398649216 0.05677570030093193 0.05314885824918747 0.014722827821969986 -0.03993309661746025 0.9976792335510254
1542145523.19109 0.002665008185431361 -0.027805009856820107 0.05884033069014549 0.05445386469364166 0.00020656366541516036 -0.04552081599831581 0.9974781274795532
1542145523.214786 -0.008662602864205837 -0.026804376393556595 0.060555361211299896 0.05391542240977287 -0.017687732353806496 -0.05156051367521286 0.9970566034317017
1542145523.238501 -0.02325516752898693 -0.026414934545755386 0.06045062839984894 0.052081622183322906 -0.03706241399049759 -0.058173831552267075 0.9962578415870667
1542145523.262248 -0.038919053971767426 -0.02651812508702278 0.05951010063290596 0.050347231328487396 -0.05728242173790932 -0.06252510845661163 0.995125412940979
1542145523.28605 -0.05677278712391853 -0.027044249698519707 0.05803748592734337 0.0498817153275013 -0.07538857311010361 -0.06501355022192001 0.9937815070152283
1542145523.309954 -0.07583163678646088 -0.02800734154880047 0.05813213810324669 0.05209439620375633 -0.09309794753789902 -0.061914701014757156 0.9923636317253113
1542145523.334012 -0.09647330641746521 -0.032676905393600464 0.05108345299959183 0.05380335450172424 -0.11261541396379471 -0.05321093648672104 0.9907530546188354
1542145523.358259 -0.11626192927360535 -0.03543221205472946 0.05031230300664902 0.05817005783319473 -0.13139605522155762 -0.046998538076877594 0.9885051846504211
1542145523.382707 -0.13438230752944946 -0.04056237265467644 0.04126761853694916 0.06086805462837219 -0.14820101857185364 -0.04134821146726608 0.9862159490585327
1542145523.407347 -0.15111660957336426 -0.04296758025884628 0.04034317284822464 0.06529100984334946 -0.16163206100463867 -0.03440742939710617 0.9840875864028931
1542145523.432174 -0.16635999083518982 -0.04530059173703194 0.03477884829044342 0.06713255494832993 -0.17134229838848114 -0.02739596739411354 0.9825398921966553
1542145523.457185 -0.18133056163787842 -0.0480969063937664 0.026618922129273415 0.06594455987215042 -0.1781092882156372 -0.02066267654299736 0.9815810918807983
1542145523.482364 -0.19359689950942993 -0.048245884478092194 0.024397090077400208 0.06432720273733139 -0.1847178190946579 -0.01176098920404911 0.9806135892868042
1542145523.50768 -0.2031409591436386 -0.04861157387495041 0.02159709669649601 0.060293760150671005 -0.19249427318572998 -0.0021831372287124395 0.9794416427612305
1542145523.53311 -0.21277329325675964 -0.04750165343284607 0.018980352208018303 0.0569823682308197 -0.20073345303535461 0.005068888422101736 0.9779741764068604
1542145523.55863 -0.2231600433588028 -0.04804687947034836 0.01399407722055912 0.05384774133563042 -0.21147111058235168 0.008146691136062145 0.9758658409118652
1542145523.584211 -0.23306132853031158 -0.04952665790915489 0.010560205206274986 0.05423326417803764 -0.22544939815998077 0.0075889588333666325 0.9727146029472351
1542145523.609827 -0.24323934316635132 -0.05158033221960068 0.005844864062964916 0.058801114559173584 -0.23824404180049896 0.0008287006639875472 0.9694232940673828
1542145523.635464 -0.24987155199050903 -0.054593004286289215 0.003334272652864456 0.06560543924570084 -0.24826869368553162 -0.005714834202080965 0.9664502143859863
1542145523.661101 -0.2520367205142975 -0.05848279595375061 0.0013049952685832977 0.07172040641307831 -0.2551005482673645 -0.009815596975386143 0.964201033115387
1542145523.686725 -0.2516117990016937 -0.06407210975885391 -0.001214032992720604 0.0742630660533905 -0.2553936839103699 -0.011468902230262756 0.9639126658439636
1542145523.712321 -0.2497069537639618 -0.06462934613227844 0.0029294025152921677 0.07579118013381958 -0.24801628291606903 -0.01308100949972868 0.9656979441642761
1542145523.737889 -0.24122168123722076 -0.06692350655794144 0.006427748128771782 0.0712658166885376 -0.23893892765045166 -0.01146765612065792 0.9683480858802795
1542145523.763443 -0.23203900456428528 -0.06650768220424652 0.011246432550251484 0.06472142785787582 -0.22667264938354492 -0.005310700740665197 0.9718037247657776
1542145523.788999 -0.22079592943191528 -0.06724441051483154 0.015947971493005753 0.0584409162402153 -0.21373163163661957 0.005225303582847118 0.9751287698745728
1542145523.814575 -0.20977617800235748 -0.0676899403333664 0.020412445068359375 0.05727729573845863 -0.1981944739818573 0.015007703565061092 0.9783726930618286
1542145523.840197 -0.1978502869606018 -0.06994893401861191 0.02237727865576744 0.05841749906539917 -0.17930284142494202 0.021665873005986214 0.9818190336227417
1542145523.865875 -0.18636934459209442 -0.07111626863479614 0.024921223521232605 0.06007134169340134 -0.16309410333633423 0.02587122842669487 0.9844402074813843
1542145523.891594 -0.1758253574371338 -0.07176997512578964 0.026222245767712593 0.05985521897673607 -0.1494704782962799 0.02794700860977173 0.9865570664405823
1542145523.917328 -0.16236287355422974 -0.07219483703374863 0.027190692722797394 0.0569111593067646 -0.13753433525562286 0.028035102412104607 0.9884632229804993
1542145523.943036 -0.1492457091808319 -0.07097090035676956 0.02938484586775303 0.054101280868053436 -0.12386292219161987 0.025533607229590416 0.990494430065155
1542145523.968686 -0.1364627182483673 -0.07021674513816833 0.02935836836695671 0.050733719021081924 -0.10916458815336227 0.027160117402672768 0.9923565983772278
1542145523.994246 -0.12314736098051071 -0.06783667206764221 0.03075544536113739 0.04858943447470665 -0.09671498090028763 0.032079294323921204 0.9936076998710632
1542145524.019688 -0.11020692437887192 -0.06596902757883072 0.0298811886459589 0.04531019553542137 -0.08486402779817581 0.035393454134464264 0.9947323799133301
1542145524.044998 -0.09985096752643585 -0.06228421628475189 0.03167814016342163 0.04348594322800636 -0.07407092303037643 0.03447738662362099 0.9957076907157898
1542145524.070182 -0.0917433649301529 -0.059392862021923065 0.03407948836684227 0.042019426822662354 -0.06556820869445801 0.030312735587358475 0.9965021014213562
1542145524.095259 -0.08466929197311401 -0.05703749880194664 0.03390539810061455 0.03980807214975357 -0.061959054321050644 0.0286641214042902 0.9968724846839905
1542145524.120262 -0.08218937367200851 -0.05402194708585739 0.0338384173810482 0.03683825209736824 -0.05882630869746208 0.025200720876455307 0.9972699284553528
1542145524.145217 -0.0782642513513565 -0.051908910274505615 0.03310426324605942 0.03298616036772728 -0.05888870358467102 0.016890911385416985 0.9975764751434326
1542145524.170147 -0.07792492210865021 -0.04974861815571785 0.033968281000852585 0.030433520674705505 -0.057797741144895554 0.010758690536022186 0.9978063106536865
1542145524.195078 -0.0789480060338974 -0.0471370704472065 0.03141848370432854 0.029754791408777237 -0.055353011935949326 0.007161151152104139 0.9979977607727051
1542145524.220027 -0.0794515311717987 -0.0464923270046711 0.03228195384144783 0.029381604865193367 -0.05497502163052559 0.008792751468718052 0.9980166554450989
1542145524.245005 -0.08178361505270004 -0.044404301792383194 0.0300589632242918 0.02973889745771885 -0.05423402413725853 0.01088199857622385 0.9980260133743286
1542145524.270014 -0.08522031456232071 -0.04252219572663307 0.02996804378926754 0.030384061858057976 -0.05235202610492706 0.011336290277540684 0.9981020092964172
1542145524.295046 -0.085272416472435 -0.042576201260089874 0.03139358386397362 0.03169763833284378 -0.05270986258983612 0.01383080892264843 0.9980108737945557
1542145524.320088 -0.08419381827116013 -0.044199466705322266 0.028962118551135063 0.031478673219680786 -0.0529649518430233 0.017036233097314835 0.9979547262191772
1542145524.345138 -0.08555664867162704 -0.044062502682209015 0.02496594749391079 0.03279256820678711 -0.052723802626132965 0.021913914009928703 0.9978300333023071
1542145524.37018 -0.08552264422178268 -0.0443437397480011 0.02320241928100586 0.034159086644649506 -0.05422750860452652 0.023945946246385574 0.9976568818092346
1542145524.395211 -0.08677645772695541 -0.04654566943645477 0.0205968227237463 0.03399079665541649 -0.05668516457080841 0.025958186015486717 0.9974756836891174
1542145524.420231 -0.08898749202489853 -0.046748045831918716 0.017589526250958443 0.03328815847635269 -0.05842982605099678 0.027331845834851265 0.997361958026886
1542145524.445233 -0.09155642241239548 -0.045402687042951584 0.018961617723107338 0.03249745815992355 -0.058911554515361786 0.026929166167974472 0.9973706603050232
1542145524.470211 -0.09368186444044113 -0.04532064497470856 0.01621856912970543 0.030304187908768654 -0.059471823275089264 0.027612578123807907 0.9973878264427185
1542145524.495163 -0.097135528922081 -0.045345716178417206 0.014569236896932125 0.028664780780673027 -0.06096791476011276 0.03154611214995384 0.9972292184829712
1542145524.520095 -0.09939727187156677 -0.045934103429317474 0.012587529607117176 0.027497433125972748 -0.06435924768447876 0.03542298078536987 0.996918797492981
1542145524.545003 -0.10234449058771133 -0.047570351511240005 0.008746505714952946 0.027018362656235695 -0.06865715235471725 0.03478008508682251 0.9966678023338318
1542145524.569892 -0.10833373665809631 -0.0502716489136219 0.005654404871165752 0.027892814949154854 -0.0744568258523941 0.03296497091650963 0.9962888956069946
1542145524.594765 -0.11452435702085495 -0.05068589001893997 0.004848391283303499 0.029470717534422874 -0.08170537650585175 0.02880522981286049 0.9958041906356812
1542145524.619625 -0.12140321731567383 -0.05301649123430252 0.0018783705309033394 0.03012656979262829 -0.08913558721542358 0.023827215656638145 0.9952786564826965
1542145524.644477 -0.13071678578853607 -0.0550522655248642 0.0016332372324541211 0.03237725421786308 -0.09699636697769165 0.01912512257695198 0.9945741295814514
1542145524.669329 -0.13617630302906036 -0.05635586008429527 0.0004391508991830051 0.035790830850601196 -0.10808722674846649 0.015250659547746181 0.9933798909187317
1542145524.69418 -0.14414799213409424 -0.05674520879983902 0.0006271107122302055 0.039009276777505875 -0.11886251717805862 0.010081498883664608 0.9920929074287415
1542145524.719036 -0.15111441910266876 -0.060052987188100815 -0.00017634767573326826 0.04014488309621811 -0.13121195137500763 0.0038094762712717056 0.9905338883399963
1542145524.743911 -0.1595042645931244 -0.06084307283163071 0.0033628821838647127 0.04058290645480156 -0.14518588781356812 -0.0019750592764467 0.9885697960853577
1542145524.768826 -0.1661089062690735 -0.06313296407461166 0.0031959600746631622 0.04044024273753166 -0.16116033494472504 -0.005379956215620041 0.9860846400260925
1542145524.7938 -0.16980595886707306 -0.06661324203014374 0.004351344425231218 0.041777484118938446 -0.17710721492767334 -0.008787957020103931 0.983265221118927
1542145524.818862 -0.172692209482193 -0.07211107760667801 0.005746152717620134 0.04465540125966072 -0.18764619529247284 -0.013355900533497334 0.9811301827430725
1542145524.84403 -0.1693958342075348 -0.07910487800836563 0.005890540778636932 0.04868696257472038 -0.19289526343345642 -0.015302184969186783 0.9798912405967712
1542145524.869308 -0.1659880131483078 -0.08273565024137497 0.01100114919245243 0.05516985058784485 -0.19326037168502808 -0.012193974107503891 0.9795193076133728
1542145524.894692 -0.16109482944011688 -0.08820389211177826 0.015055319294333458 0.059391528367996216 -0.18938693404197693 -0.007901046425104141 0.9800728559494019
1542145524.920163 -0.15473945438861847 -0.09126662462949753 0.018918897956609726 0.06382758915424347 -0.1832636147737503 -0.0021166251972317696 0.9809872508049011
1542145524.945697 -0.14511354267597198 -0.09328320622444153 0.021731222048401833 0.06694591790437698 -0.17773422598838806 0.004015310667455196 0.9817906022071838
1542145524.971275 -0.13663741946220398 -0.09363853931427002 0.025150474160909653 0.06809372454881668 -0.1719037890434265 0.007353328168392181 0.9827300906181335
1542145524.996881 -0.12857720255851746 -0.09303387254476547 0.027990752831101418 0.06714983284473419 -0.16805540025234222 0.008594936691224575 0.9834502935409546
1542145525.022511 -0.12231960147619247 -0.08989091962575912 0.03291087597608566 0.06400904804468155 -0.16567456722259521 0.009139692410826683 0.9840585589408875
1542145525.048152 -0.11883347481489182 -0.08493019640445709 0.0372321754693985 0.05929102748632431 -0.16270412504673004 0.0060921586118638515 0.9848729968070984
1542145525.073789 -0.11626869440078735 -0.07828576862812042 0.04112348333001137 0.05347706750035286 -0.1615724265575409 0.0032562431879341602 0.9854055047035217
1542145525.099412 -0.11369472742080688 -0.07232765108346939 0.04320359602570534 0.04550333321094513 -0.16278845071792603 0.002713607857003808 0.9856074452400208
1542145525.125014 -0.11231084167957306 -0.06297814100980759 0.048887699842453 0.038987141102552414 -0.1663258820772171 -0.0001469736744184047 0.985299825668335
1542145525.15059 -0.11316677927970886 -0.05487869679927826 0.052366796880960464 0.030834972858428955 -0.16969899833202362 -0.005501892883330584 0.9849980473518372
1542145525.176143 -0.11492237448692322 -0.049903832376003265 0.04752122983336449 0.01977916993200779 -0.17354846000671387 -0.01243390142917633 0.9845481514930725
1542145525.20167 -0.11832702904939651 -0.04267711937427521 0.0491446778178215 0.012682964093983173 -0.17756287753582 -0.023612476885318756 0.9837444424629211
1542145525.22717 -0.12250721454620361 -0.037244465202093124 0.05045134201645851 0.007669411599636078 -0.18148347735404968 -0.03164706751704216 0.9828547239303589
1542145525.252648 -0.12689602375030518 -0.03263028711080551 0.05250410735607147 0.005547820124775171 -0.18537753820419312 -0.03575575724244118 0.9820010662078857
1542145525.278118 -0.13011270761489868 -0.031222375109791756 0.05090523138642311 0.004559504333883524 -0.18806828558444977 -0.036298010498285294 0.9814743995666504
1542145525.303588 -0.13189388811588287 -0.03306194394826889 0.055467069149017334 0.006953579373657703 -0.18866100907325745 -0.036680929362773895 0.9813323616981506
1542145525.329065 -0.13348163664340973 -0.037938449531793594 0.058273788541555405 0.01114184781908989 -0.18749494850635529 -0.033384744077920914 0.9816348552703857
1542145525.354549 -0.1328146606683731 -0.044859498739242554 0.059452056884765625 0.018988696858286858 -0.18847858905792236 -0.02973111718893051 0.9814435243606567
1542145525.380029 -0.13272300362586975 -0.053195640444755554 0.05963413789868355 0.02902277186512947 -0.18924406170845032 -0.025954827666282654 0.9811578392982483
1542145525.405496 -0.13432222604751587 -0.06351346522569656 0.06073807179927826 0.04054711386561394 -0.18923254311084747 -0.02180088311433792 0.9808525443077087
1542145525.430953 -0.13746832311153412 -0.07789528369903564 0.056928474456071854 0.05272403359413147 -0.1891910433769226 -0.018220329657197 0.9803544878959656
1542145525.456405 -0.1398094743490219 -0.09244997799396515 0.056620847433805466 0.0670359656214714 -0.18824025988578796 -0.01696326956152916 0.9796857237815857
1542145525.481864 -0.14000076055526733 -0.10642728209495544 0.05289565771818161 0.07862427830696106 -0.18570907413959503 -0.017038431018590927 0.9793059229850769
1542145525.507351 -0.13780181109905243 -0.12261617928743362 0.04835246875882149 0.08636448532342911 -0.18239562213420868 -0.01400131918489933 0.9793247580528259
1542145525.53289 -0.13539725542068481 -0.13308215141296387 0.04644334688782692 0.09318321943283081 -0.1758764684200287 -0.00787060335278511 0.9799604415893555
1542145525.558489 -0.12539438903331757 -0.1431291252374649 0.042490068823099136 0.09659024327993393 -0.1669783592224121 -0.0022112568840384483 0.9812154173851013
1542145525.584164 -0.12067361921072006 -0.14829817414283752 0.041564904153347015 0.09956178814172745 -0.15421122312545776 0.004758455324918032 0.9829972982406616
1542145525.609895 -0.11171676218509674 -0.15264001488685608 0.03946918249130249 0.0991845652461052 -0.1419629603624344 0.013039644807577133 0.9848040342330933
1542145525.63563 -0.1045694574713707 -0.15422633290290833 0.037912920117378235 0.09497721493244171 -0.12965725362300873 0.021704131737351418 0.9867609739303589
1542145525.661292 -0.0944618359208107 -0.1473083347082138 0.044107578694820404 0.09047739952802658 -0.12000809609889984 0.02741153910756111 0.9882614016532898
1542145525.686801 -0.08453796803951263 -0.14117859303951263 0.04622242599725723 0.0817955955862999 -0.11167731136083603 0.02824893780052662 0.9899695515632629
1542145525.71212 -0.07768700271844864 -0.13399504125118256 0.048874445259571075 0.07054748386144638 -0.1024060770869255 0.023653438314795494 0.9919559359550476
1542145525.737264 -0.06994602829217911 -0.11956092715263367 0.056198347359895706 0.06083333119750023 -0.09083997458219528 0.013031854294240475 0.9939203858375549
1542145525.762267 -0.062255460768938065 -0.10520495474338531 0.06133503094315529 0.049070727080106735 -0.07838771492242813 -0.0003663280513137579 0.9957144856452942
1542145525.787155 -0.05285200849175453 -0.09041479974985123 0.06452611833810806 0.03570490702986717 -0.06857236474752426 -0.005126849748194218 0.9969938397407532
1542145525.81194 -0.04777270928025246 -0.07452856004238129 0.06707267463207245 0.022923773154616356 -0.06143008917570114 -0.0016630690079182386 0.9978467226028442
1542145525.83663 -0.04638715460896492 -0.05657178536057472 0.07123832404613495 0.010057139210402966 -0.05689579248428345 0.0026072999462485313 0.9983260631561279
1542145525.861246 -0.047766752541065216 -0.040279049426317215 0.0742708370089531 -0.005003644619137049 -0.05429147556424141 -0.002550913020968437 0.998509407043457
1542145525.885818 -0.05347411334514618 -0.02461106702685356 0.07531815022230148 -0.015967266634106636 -0.056851595640182495 -0.0060544367879629135 0.9982365965843201
1542145525.910383 -0.06401488929986954 -0.012398973107337952 0.07411603629589081 -0.022286249324679375 -0.06310901045799255 -0.007900419645011425 0.9977265000343323
1542145525.934986 -0.07846255600452423 -0.0016042104689404368 0.0762961134314537 -0.026848778128623962 -0.07284925132989883 -0.009535820223391056 0.9969359636306763
1542145525.959665 -0.09746802598237991 0.0075715044513344765 0.0777520090341568 -0.031715985387563705 -0.0843970999121666 -0.0068922084756195545 0.995903491973877
1542145525.984441 -0.12009546160697937 0.016284126788377762 0.07873488962650299 -0.035662032663822174 -0.09781284630298615 -0.0010752900270745158 0.9945651292800903
1542145526.009327 -0.1453980803489685 0.023327995091676712 0.08036906272172928 -0.03874698281288147 -0.11267143487930298 0.0035348308738321066 0.9928702712059021
1542145526.034325 -0.1719760298728943 0.027969511225819588 0.08170758187770844 -0.039930395781993866 -0.12825104594230652 0.008767196908593178 0.9908987879753113
1542145526.059439 -0.1983775496482849 0.02942734956741333 0.08271925151348114 -0.038535598665475845 -0.14345677196979523 0.01259526889771223 0.988825798034668
1542145526.084674 -0.22352087497711182 0.028051504865288734 0.0839383527636528 -0.03536316007375717 -0.15798254311084747 0.013999600894749165 0.9867092370986938
1542145526.110014 -0.2462378442287445 0.02455778792500496 0.08548954874277115 -0.031297940760850906 -0.1711437702178955 0.017206544056534767 0.9845985174179077
1542145526.135423 -0.2669087052345276 0.019202640280127525 0.08695438504219055 -0.027542687952518463 -0.18000787496566772 0.017212392762303352 0.9831289052963257
1542145526.160848 -0.28467270731925964 0.011507296934723854 0.08785329014062881 -0.024073561653494835 -0.18665242195129395 0.01717367395758629 0.9819809198379517
1542145526.186233 -0.2974637448787689 0.0020260345190763474 0.0899774357676506 -0.018010273575782776 -0.19472000002861023 0.021953871473670006 0.9804477691650391
1542145526.211551 -0.3070816397666931 -0.010409532114863396 0.09025870263576508 -0.009088212624192238 -0.2004113495349884 0.026138674467802048 0.9793209433555603
1542145526.236773 -0.3123111426830292 -0.02331710048019886 0.09106054902076721 0.0026856421027332544 -0.2040860503911972 0.02630351483821869 0.9785958528518677
1542145526.261873 -0.31469377875328064 -0.03613937646150589 0.09183596819639206 0.012890894897282124 -0.20628662407398224 0.02245708554983139 0.9781489968299866
1542145526.28684 -0.3121676743030548 -0.046681907027959824 0.09199725091457367 0.01989729516208172 -0.2078813761472702 0.018208028748631477 0.9777821898460388
1542145526.31171 -0.30551204085350037 -0.05415746197104454 0.09319039434194565 0.025311369448900223 -0.20853029191493988 0.0184908639639616 0.9775134921073914
1542145526.33654 -0.2973913252353668 -0.059627484530210495 0.09288167208433151 0.02761685661971569 -0.2043931633234024 0.017954645678400993 0.9783345460891724
1542145526.361379 -0.2847610414028168 -0.06439264118671417 0.09252896904945374 0.028474124148488045 -0.19783145189285278 0.01234426535665989 0.9797446727752686
1542145526.386265 -0.2694849371910095 -0.06749071925878525 0.09251582622528076 0.028328437358140945 -0.19022753834724426 0.0031167170964181423 0.9813262820243835
1542145526.411226 -0.2528008818626404 -0.06824858486652374 0.09201107919216156 0.028130682185292244 -0.18250572681427002 -0.0035306161735206842 0.9827960133552551
1542145526.436274 -0.23424528539180756 -0.06767062842845917 0.09170930087566376 0.02725766971707344 -0.1731635183095932 -0.008974599651992321 0.9844749569892883
1542145526.461419 -0.2120962142944336 -0.06558579206466675 0.09133879095315933 0.024552689865231514 -0.1624947339296341 -0.013755813241004944 0.9863080382347107
1542145526.486665 -0.18840423226356506 -0.06185328960418701 0.09191503375768661 0.020161177963018417 -0.14975804090499878 -0.019133370369672775 0.9883319139480591
1542145526.511997 -0.16321060061454773 -0.057652074843645096 0.09263639152050018 0.015222331508994102 -0.1345663070678711 -0.022727305069565773 0.9905269742012024
1542145526.537376 -0.1366712599992752 -0.05331076309084892 0.09372872859239578 0.011240914463996887 -0.11668616533279419 -0.024778315797448158 0.9927960634231567
1542145526.562736 -0.10889825224876404 -0.048571813851594925 0.09512871503829956 0.008525403216481209 -0.09726270288228989 -0.026423703879117966 0.9948714375495911
1542145526.588031 -0.08284611999988556 -0.04452032968401909 0.09688916802406311 0.006714565679430962 -0.0775422528386116 -0.02756473235785961 0.9965853095054626
1542145526.613235 -0.059150125831365585 -0.040291137993335724 0.09645447880029678 0.004498297348618507 -0.060176584869623184 -0.02693648263812065 0.9978141188621521
1542145526.638354 -0.038449324667453766 -0.03543895110487938 0.09473435580730438 0.0014791142893955112 -0.04622277617454529 -0.025302696973085403 0.9986096024513245
1542145526.663384 -0.021228555589914322 -0.030803533270955086 0.09259404242038727 -0.002327697118744254 -0.03550698980689049 -0.023531842976808548 0.9990897178649902
1542145526.688324 -0.008742078207433224 -0.026168223470449448 0.09103560447692871 -0.005955216009169817 -0.027151241898536682 -0.022109290584921837 0.9993691444396973
1542145526.713185 0.0006020199507474899 -0.02285240963101387 0.08796046674251556 -0.009329991415143013 -0.02290610410273075 -0.023314544931054115 0.9994221925735474
1542145526.737991 0.004549871198832989 -0.019594453275203705 0.08490084111690521 -0.012407970614731312 -0.020945604890584946 -0.025434330105781555 0.9993800520896912
1542145526.76277 0.001334348926320672 -0.015490323305130005 0.08589883148670197 -0.013903739862143993 -0.0230393148958683 -0.02570641227066517 0.9993073344230652
1542145526.787549 -0.006962871178984642 -0.010928845033049583 0.08821213990449905 -0.01411508023738861 -0.02809731848537922 -0.02400209940969944 0.9992173314094543
1542145526.812353 -0.02120426669716835 -0.006395087577402592 0.09103299677371979 -0.012981217354536057 -0.033428072929382324 -0.021921776235103607 0.9991164207458496
1542145526.837195 -0.03267856687307358 -0.0041235084645450115 0.08780128508806229 -0.013692271895706654 -0.04259660094976425 -0.01950535923242569 0.9988081455230713
1542145526.862081 -0.04951424151659012 -0.0016442193882539868 0.08719751983880997 -0.014193559996783733 -0.05171773210167885 -0.018083423376083374 0.998397171497345
1542145526.887016 -0.06950978934764862 -0.0012581485789269209 0.08542031794786453 -0.01421938557177782 -0.0632929652929306 -0.014444810338318348 0.9977891445159912
1542145526.912006 -0.09219272434711456 -0.0013439615722745657 0.08482232689857483 -0.012393185868859291 -0.07619570195674896 -0.010616547428071499 0.9969593286514282
1542145526.937049 -0.11727168411016464 -0.002142004668712616 0.08457232266664505 -0.00959109142422676 -0.08912858366966248 -0.009480186738073826 0.9959288239479065
1542145526.962123 -0.1434594839811325 -0.004746207036077976 0.08341200649738312 -0.006392357870936394 -0.10226783901453018 -0.011916969902813435 0.9946650266647339
1542145526.987198 -0.16938862204551697 -0.007677665911614895 0.08242688328027725 -0.0012546752113848925 -0.11476116627454758 -0.01251117791980505 0.9933135509490967
1542145527.012255 -0.19386403262615204 -0.010205689817667007 0.08077076822519302 0.00401226244866848 -0.12624293565750122 -0.008580213412642479 0.9919541478157043
1542145527.037284 -0.21577659249305725 -0.013505710288882256 0.07814452052116394 0.009233390912413597 -0.13551171123981476 -0.00030732006416656077 0.990732729434967
1542145527.062279 -0.23279425501823425 -0.016336344182491302 0.07589926570653915 0.013623370788991451 -0.14468321204185486 0.009547616355121136 0.989338219165802
1542145527.087234 -0.2477402240037918 -0.017747782170772552 0.07378467917442322 0.015295733697712421 -0.14961180090904236 0.019589796662330627 0.9884324073791504
1542145527.112162 -0.2578528821468353 -0.0169628094881773 0.07115773111581802 0.015192893333733082 -0.1523750126361847 0.031741004437208176 0.98769611120224
1542145527.137097 -0.26361966133117676 -0.01569206640124321 0.06710656732320786 0.01312921941280365 -0.1523502916097641 0.043197982013225555 0.9872947931289673
1542145527.162061 -0.2660045325756073 -0.014028811827301979 0.06189451739192009 0.010660774074494839 -0.15069003403186798 0.04905584827065468 0.9873056411743164
1542145527.187064 -0.2636438012123108 -0.010361727327108383 0.05952919274568558 0.010288834571838379 -0.14861637353897095 0.0524921678006649 0.9874471426010132
1542145527.212085 -0.25996944308280945 -0.008279729634523392 0.05460606887936592 0.007070510648190975 -0.14568673074245453 0.05687381699681282 0.9876694083213806
1542145527.237094 -0.2523289918899536 -0.006198819726705551 0.049411922693252563 0.003675691317766905 -0.14099879562854767 0.058727990835905075 0.988259494304657
1542145527.26207 -0.24535121023654938 -0.003319662529975176 0.04439620301127434 0.0030298219062387943 -0.13252587616443634 0.05657696723937988 0.9895589351654053
1542145527.287005 -0.23895639181137085 -0.0018990805838257074 0.03653388097882271 0.004581852350383997 -0.12598751485347748 0.05385712534189224 0.9905582666397095
1542145527.311897 -0.23141035437583923 0.00020301516633480787 0.029334435239434242 0.006702468264847994 -0.12290024757385254 0.04934312403202057 0.9911689758300781
1542145527.336757 -0.21961258351802826 0.0030464876908808947 0.020711276680231094 0.006241076625883579 -0.1257692128419876 0.03791646286845207 0.9913150668144226
1542145527.361591 -0.21326377987861633 0.0047688870690763 0.015445174649357796 0.003274154383689165 -0.12320338189601898 0.02452925220131874 0.9920728802680969
1542145527.386412 -0.2059662640094757 0.007562325801700354 0.01072472520172596 -0.0004595362115651369 -0.12115927785634995 0.014462487772107124 0.9925276041030884
1542145527.41123 -0.19843578338623047 0.01157922949641943 0.007360358256846666 -0.005249649751931429 -0.11684636026620865 0.007601565215736628 0.9931070804595947
1542145527.436059 -0.18922396004199982 0.013300862163305283 0.005204120650887489 -0.012380385771393776 -0.11100990325212479 0.00341197126545012 0.9937363862991333
1542145527.460912 -0.18051955103874207 0.013595907017588615 0.004647050052881241 -0.017440570518374443 -0.10154903680086136 0.004237038549035788 0.9946686625480652
1542145527.485803 -0.17230135202407837 0.013338886201381683 0.005776520352810621 -0.019476749002933502 -0.09116365015506744 0.01054862979799509 0.995589554309845
1542145527.510737 -0.16576094925403595 0.010876970365643501 0.009938273578882217 -0.021651290357112885 -0.0829189121723175 0.020293746143579483 0.9961144328117371
1542145527.535705 -0.1600349098443985 0.009002819657325745 0.01754320040345192 -0.025221379473805428 -0.07870233803987503 0.02389252558350563 0.9962926506996155
1542145527.560685 -0.1568315327167511 0.005354680120944977 0.02710217423737049 -0.03028925321996212 -0.07454749196767807 0.02367597632110119 0.9964761734008789
1542145527.585658 -0.15413375198841095 0.00010795617708936334 0.03925013169646263 -0.032259389758110046 -0.07090664654970169 0.023356812074780464 0.9966875314712524
1542145527.61063 -0.15394623577594757 -0.007514229044318199 0.05280761420726776 -0.029013337567448616 -0.06753259897232056 0.024483757093548775 0.9969946146011353
1542145527.635615 -0.15294449031352997 -0.01777183823287487 0.06761520355939865 -0.023628612980246544 -0.06446298956871033 0.021582966670393944 0.9974068403244019
1542145527.660613 -0.15291592478752136 -0.028522076085209846 0.08239542692899704 -0.016723111271858215 -0.06002824008464813 0.016553042456507683 0.9979193806648254
1542145527.685612 -0.1523514837026596 -0.04054480046033859 0.0988512858748436 -0.008718476630747318 -0.05811409652233124 0.014126947149634361 0.9981719851493835
1542145527.710586 -0.15068718791007996 -0.05204057693481445 0.1151096522808075 -0.0013104568934068084 -0.057409293949604034 0.018362436443567276 0.9981810450553894
1542145527.735529 -0.14691433310508728 -0.06187794730067253 0.13151362538337708 0.00019511878781486303 -0.057839687913656235 0.022019507363438606 0.9980829954147339
1542145527.760456 -0.14539049565792084 -0.06945943832397461 0.1477499008178711 -0.004514455795288086 -0.0531349815428257 0.020670082420110703 0.9983632564544678
1542145527.785376 -0.14280712604522705 -0.07801090180873871 0.16547007858753204 -0.0072091324254870415 -0.05052531883120537 0.026572534814476967 0.9983432292938232
1542145527.81029 -0.14089538156986237 -0.08709797263145447 0.17973875999450684 -0.008293403312563896 -0.05151238292455673 0.03861944004893303 0.9978908896446228
1542145527.835202 -0.13968589901924133 -0.09566127508878708 0.19631290435791016 -0.0091691380366683 -0.05467402935028076 0.045210592448711395 0.9974381327629089
1542145527.860133 -0.14110365509986877 -0.10251004248857498 0.2153024673461914 -0.009195182472467422 -0.05141940340399742 0.038641322404146194 0.9978869557380676
1542145527.88512 -0.13880863785743713 -0.11034899950027466 0.23258841037750244 -0.008005339652299881 -0.050672776997089386 0.03028174303472042 0.9982240200042725
1542145527.910189 -0.13740161061286926 -0.11725844442844391 0.24730734527111053 -0.004748301114886999 -0.051864877343177795 0.02902515046298504 0.9982209801673889
1542145527.935346 -0.1378030627965927 -0.12278012186288834 0.26467591524124146 -0.004552857484668493 -0.05602189898490906 0.030216475948691368 0.9979618191719055
1542145527.960588 -0.14011016488075256 -0.12576419115066528 0.2810925245285034 -0.007245395798236132 -0.05950766056776047 0.026048336178064346 0.9978616237640381
1542145527.985907 -0.13968880474567413 -0.1287723183631897 0.2957330346107483 -0.008846523240208626 -0.06249067187309265 0.015088357031345367 0.9978923201560974
1542145528.011295 -0.1412842571735382 -0.13153496384620667 0.30742084980010986 -0.006930014584213495 -0.06639325618743896 0.0076066879555583 0.9977404475212097
1542145528.036747 -0.14193734526634216 -0.132790669798851 0.3221973478794098 -0.005026238039135933 -0.07494588196277618 0.0014276221627369523 0.9971739649772644
1542145528.062253 -0.14647018909454346 -0.13330692052841187 0.3326317071914673 -0.0021308257710188627 -0.08036026358604431 -0.0026204376481473446 0.9967602491378784
1542145528.087825 -0.14861251413822174 -0.13352105021476746 0.33563321828842163 -0.0012909268261864781 -0.08568321913480759 -0.007682398427277803 0.996291995048523
1542145528.113493 -0.1517326831817627 -0.13085977733135223 0.34242257475852966 0.0001743910543154925 -0.09487681835889816 -0.0072405654937028885 0.9954627156257629
1542145528.13926 -0.15646828711032867 -0.12846465408802032 0.3442356586456299 0.0011326777748763561 -0.1040460541844368 -0.004237902816385031 0.9945628643035889
1542145528.165111 -0.16013355553150177 -0.12477563321590424 0.34381186962127686 0.0016124382382258773 -0.11618050187826157 4.473147419048473e-05 0.9932268261909485
1542145528.191023 -0.16628144681453705 -0.1203165203332901 0.3407958745956421 0.004040123429149389 -0.12752936780452728 0.001373996026813984 0.9918256402015686
1542145528.216968 -0.17150282859802246 -0.11528712511062622 0.33274558186531067 0.006706991698592901 -0.14122463762760162 0.003970918711274862 0.9899469017982483
1542145528.242924 -0.17726688086986542 -0.10924489796161652 0.3254835307598114 0.008680284023284912 -0.15508107841014862 0.005946127697825432 0.9878457188606262
1542145528.26888 -0.1830676943063736 -0.10305333882570267 0.31497353315353394 0.011935535818338394 -0.16654589772224426 0.005366537719964981 0.9859468936920166
1542145528.294842 -0.18643231689929962 -0.096192866563797 0.2992027997970581 0.014305539429187775 -0.17789091169834137 0.005404317285865545 0.9839314222335815
1542145528.320809 -0.19052085280418396 -0.08714032173156738 0.28721073269844055 0.014978419058024883 -0.19066956639289856 0.006734475027769804 0.9815168976783752
1542145528.346777 -0.1939670443534851 -0.0772506520152092 0.269443154335022 0.013051786459982395 -0.2027539759874344 0.0036027710884809494 0.9791361093521118
1542145528.372732 -0.19730383157730103 -0.06752664595842361 0.2519070506095886 0.010168027132749557 -0.21470506489276886 -0.0009762849076651037 0.9766255617141724
1542145528.398654 -0.20120401680469513 -0.05715547502040863 0.23177829384803772 0.009135471656918526 -0.2245478481054306 -0.005490162409842014 0.9744048118591309
1542145528.424519 -0.20349833369255066 -0.04647098109126091 0.21117007732391357 0.005017625167965889 -0.23310188949108124 -0.006270972546190023 0.9724192023277283
1542145528.450318 -0.20565494894981384 -0.03479466214776039 0.19089804589748383 -0.0033463542349636555 -0.23754896223545074 -0.0036543149035423994 0.9713630080223083
1542145528.476058 -0.2072182446718216 -0.022215586155653 0.17014680802822113 -0.016010383144021034 -0.2389228790998459 0.0032160922419279814 0.9709011912345886
1542145528.501743 -0.20838287472724915 -0.01001070998609066 0.14992155134677887 -0.029911916702985764 -0.23831211030483246 0.012771572917699814 0.9706438779830933
1542145528.527377 -0.21105927228927612 0.001716699916869402 0.13042213022708893 -0.043023861944675446 -0.23679950833320618 0.023435212671756744 0.9703224897384644
1542145528.552967 -0.21558566391468048 0.011515213176608086 0.1115940660238266 -0.054947640746831894 -0.23506589233875275 0.03282175585627556 0.96986985206604
1542145528.578524 -0.22359904646873474 0.01938653737306595 0.09277011454105377 -0.06472712755203247 -0.23542039096355438 0.04181387647986412 0.9688339829444885
1542145528.604065 -0.23495349287986755 0.024868253618478775 0.07767514884471893 -0.07101323455572128 -0.2399071753025055 0.04769683629274368 0.9670194983482361
1542145528.629649 -0.24915461242198944 0.028257369995117188 0.06385257840156555 -0.07383010536432266 -0.24740689992904663 0.05193658173084259 0.9646976590156555
1542145528.655341 -0.26588234305381775 0.028893066570162773 0.05076015740633011 -0.07353262603282928 -0.2565993070602417 0.05673066899180412 0.962045431137085
1542145528.68118 -0.28454482555389404 0.027369488030672073 0.03814452886581421 -0.07137284427881241 -0.2676623463630676 0.06494630873203278 0.9586682319641113
1542145528.707154 -0.3052867650985718 0.024954862892627716 0.028518803417682648 -0.06920361518859863 -0.27934908866882324 0.07540184259414673 0.954719603061676
1542145528.733225 -0.32538771629333496 0.020903822034597397 0.021657653152942657 -0.06687839329242706 -0.2888906002044678 0.08211208134889603 0.9514868259429932
1542145528.759365 -0.34689104557037354 0.014861837029457092 0.017194952815771103 -0.06433707475662231 -0.2944364845752716 0.0887398049235344 0.9493646025657654
1542145528.785586 -0.3677848279476166 0.006971132010221481 0.015355158597230911 -0.060721505433321 -0.30064600706100464 0.10342641919851303 0.9461648464202881
1542145528.811918 -0.38877058029174805 -0.004234420135617256 0.016442585736513138 -0.05425586923956871 -0.3073863387107849 0.11626824736595154 0.9428953528404236
1542145528.83837 -0.40857940912246704 -0.018763136118650436 0.01939166709780693 -0.04220554977655411 -0.31263530254364014 0.12053831666707993 0.94124835729599
1542145528.864912 -0.4266318678855896 -0.03410943225026131 0.0254114530980587 -0.026037301868200302 -0.3167218267917633 0.12074482440948486 0.9404414296150208
1542145528.891488 -0.4409790635108948 -0.0503736212849617 0.033877208828926086 -0.012028097175061703 -0.31636232137680054 0.12017825245857239 0.9409184455871582
1542145528.917988 -0.4523355960845947 -0.06426485627889633 0.046830616891384125 -0.003093525068834424 -0.3089560866355896 0.1262637823820114 0.942652702331543
1542145528.944267 -0.46022143959999084 -0.0769503116607666 0.06193237379193306 -0.0008340112399309874 -0.2972117066383362 0.1340581327676773 0.9453533291816711
1542145528.970247 -0.46599358320236206 -0.08734665811061859 0.07656516134738922 -0.00118825095705688 -0.28077349066734314 0.14376308023929596 0.9489452838897705
1542145528.995944 -0.4686460494995117 -0.09726357460021973 0.09240669012069702 -0.002617012243717909 -0.2607056498527527 0.1519685685634613 0.9533789157867432
1542145529.021432 -0.46866562962532043 -0.1076287031173706 0.11224131286144257 -0.0027745687402784824 -0.23808161914348602 0.15894141793251038 0.9581477642059326
1542145529.04678 -0.4646936058998108 -0.11649875342845917 0.13190646469593048 -0.0013784716138616204 -0.21761757135391235 0.1678314507007599 0.9614953994750977
1542145529.072022 -0.4609808921813965 -0.12348214536905289 0.1478276252746582 -0.00101695756893605 -0.19575949013233185 0.17735625803470612 0.9644802212715149
1542145529.097161 -0.4529283940792084 -0.12940827012062073 0.16006207466125488 -0.00638541579246521 -0.17557992041110992 0.18995289504528046 0.9659445881843567
1542145529.122175 -0.4454929828643799 -0.13142313063144684 0.17481911182403564 -0.014208217151463032 -0.1550152450799942 0.20042046904563904 0.9672642946243286
1542145529.14704 -0.4378790259361267 -0.1333935409784317 0.18540488183498383 -0.023731136694550514 -0.13304577767848969 0.2179712951183319 0.9665527939796448
1542145529.171743 -0.4277370572090149 -0.13327714800834656 0.19599679112434387 -0.031138839200139046 -0.11598529666662216 0.23721575736999512 0.9640054106712341
1542145529.196307 -0.4200003743171692 -0.13493391871452332 0.20521153509616852 -0.03717533499002457 -0.09631012380123138 0.24209758639335632 0.9647440910339355
1542145529.220766 -0.4099887013435364 -0.1363556832075119 0.2124917358160019 -0.03894655033946037 -0.07830294966697693 0.2448641061782837 0.9656052589416504
1542145529.24516 -0.39753013849258423 -0.13880157470703125 0.21454663574695587 -0.03668724745512009 -0.06455406546592712 0.24770855903625488 0.9659852385520935
1542145529.269515 -0.38865718245506287 -0.14054982364177704 0.21855197846889496 -0.03438554331660271 -0.05252838134765625 0.24584819376468658 0.9672730565071106
1542145529.293854 -0.3801535964012146 -0.14161156117916107 0.21909403800964355 -0.03288451209664345 -0.04295460507273674 0.2422841489315033 0.9686959981918335
1542145529.318192 -0.37370312213897705 -0.14214015007019043 0.2173445075750351 -0.031810421496629715 -0.03525736182928085 0.24040941894054413 0.9695093631744385
1542145529.34254 -0.3699878752231598 -0.1446630358695984 0.20604005455970764 -0.029142212122678757 -0.027136335149407387 0.2407875657081604 0.9697606563568115
1542145529.366908 -0.36662235856056213 -0.14431700110435486 0.20036429166793823 -0.026782820001244545 -0.023964444175362587 0.24197857081890106 0.9696158170700073
1542145529.391296 -0.36465537548065186 -0.1433834433555603 0.19071638584136963 -0.02403232268989086 -0.02443544939160347 0.2443917691707611 0.9690707325935364
1542145529.415704 -0.3651654124259949 -0.1420334130525589 0.1766607016324997 -0.023015756160020828 -0.02672540955245495 0.24351075291633606 0.9692567586898804
1542145529.440132 -0.36695533990859985 -0.14098213613033295 0.16116733849048615 -0.022125303745269775 -0.031213166192173958 0.2449473738670349 0.9687812328338623
1542145529.464572 -0.3708307147026062 -0.13845878839492798 0.1438848376274109 -0.019556283950805664 -0.03695549815893173 0.2456245720386505 0.9684629440307617
1542145529.489019 -0.37658658623695374 -0.13464808464050293 0.12521007657051086 -0.01815067045390606 -0.04460674151778221 0.2440112680196762 0.9685758948326111
1542145529.513471 -0.3852725923061371 -0.1299257129430771 0.09748005867004395 -0.017907913774251938 -0.05421501770615578 0.24052514135837555 0.9689621925354004
1542145529.537916 -0.39447611570358276 -0.12411397695541382 0.07883252203464508 -0.018186209723353386 -0.07103805243968964 0.23854267597198486 0.9683595895767212
1542145529.562345 -0.4029795825481415 -0.11730970442295074 0.058548327535390854 -0.02102537825703621 -0.09095284342765808 0.241045743227005 0.9660137295722961
1542145529.586751 -0.4090574383735657 -0.10986272990703583 0.039174821227788925 -0.027417844161391258 -0.10940024256706238 0.240342915058136 0.9641136527061462
1542145529.611125 -0.4130544662475586 -0.10231577605009079 0.020316632464528084 -0.0354897566139698 -0.12407668679952621 0.2406824380159378 0.9619861841201782
1542145529.635464 -0.41342443227767944 -0.09550429880619049 0.00619481410831213 -0.040885694324970245 -0.1337992250919342 0.24756288528442383 0.9587172865867615
1542145529.659792 -0.4098877012729645 -0.09087590873241425 -0.009396989829838276 -0.043386153876781464 -0.1369861513376236 0.2520754337310791 0.9569798707962036
1542145529.684144 -0.4053438901901245 -0.08743610978126526 -0.024208027869462967 -0.04242328181862831 -0.1357612907886505 0.25701847672462463 0.9558821320533752
1542145529.708552 -0.39842161536216736 -0.08512362837791443 -0.036139100790023804 -0.03971661627292633 -0.13383883237838745 0.26310449838638306 0.9546129107475281
1542145529.733043 -0.3920719623565674 -0.08310288190841675 -0.047486625611782074 -0.03670523315668106 -0.13060767948627472 0.26321941614151 0.9551491737365723
1542145529.757626 -0.3852981925010681 -0.07761925458908081 -0.05092119053006172 -0.03326709195971489 -0.12583597004413605 0.26049157977104187 0.9566623568534851
1542145529.782296 -0.37570202350616455 -0.07433930784463882 -0.054284583777189255 -0.030931472778320312 -0.11960593611001968 0.25886550545692444 0.9579803943634033
1542145529.80705 -0.3631833791732788 -0.0690741315484047 -0.051505278795957565 -0.030783770605921745 -0.11246753484010696 0.2577804923057556 0.9591416120529175
1542145529.831878 -0.361946702003479 -0.06858119368553162 -0.04772140458226204 -0.03282974287867546 -0.10200522840023041 0.25518742203712463 0.9609352946281433
1542145529.856761 -0.3414614200592041 -0.061011068522930145 -0.037091124802827835 -0.0363524965941906 -0.09260407090187073 0.2479844093322754 0.9636424779891968
1542145529.881677 -0.33606910705566406 -0.06388647854328156 -0.03762214258313179 -0.04320079833269119 -0.0711863785982132 0.241080179810524 0.9669263362884521
1542145529.90661 -0.31191685795783997 -0.055270444601774216 -0.02765280194580555 -0.04364263638854027 -0.05005611479282379 0.24036282300949097 0.9684087038040161
1542145529.931528 -0.28723758459091187 -0.049807555973529816 -0.0069869812577962875 -0.04452923312783241 -0.023613058030605316 0.24844999611377716 0.9673325419425964
1542145529.956404 -0.2622258961200714 -0.04286504536867142 0.006533469073474407 -0.04848996922373772 -0.0035360397305339575 0.24396365880966187 0.9685648679733276
1542145529.981229 -0.23684145510196686 -0.03794170916080475 0.0212889164686203 -0.05655638873577118 0.018539749085903168 0.22355864942073822 0.9728716611862183
1542145530.006026 -0.21013905107975006 -0.03541798144578934 0.0346825048327446 -0.054203350096940994 0.042299043387174606 0.2146114856004715 0.9742765426635742
1542145530.030839 -0.1840175837278366 -0.03376884013414383 0.046703506261110306 -0.04277072101831436 0.06966010481119156 0.21351222693920135 0.9735146164894104
1542145530.055709 -0.15991537272930145 -0.03139084577560425 0.058349426835775375 -0.032960064709186554 0.09337437152862549 0.21629488468170166 0.9712936878204346
1542145530.080681 -0.1375521421432495 -0.027454467490315437 0.06846023350954056 -0.0379786416888237 0.10676218569278717 0.21315616369247437 0.9704245924949646
1542145530.105783 -0.11850295960903168 -0.021862665191292763 0.08251453936100006 -0.05005507543683052 0.11390034854412079 0.20889711380004883 0.9699913859367371
1542145530.131019 -0.10167384147644043 -0.017589591443538666 0.09351498633623123 -0.06064866483211517 0.11569632589817047 0.20881253480911255 0.9691922068595886
1542145530.156372 -0.08836767822504044 -0.01475384458899498 0.10588429123163223 -0.07481542229652405 0.11243489384651184 0.21016079187393188 0.9682941436767578
1542145530.181836 -0.07610804587602615 -0.012592677026987076 0.11578686535358429 -0.08662749081850052 0.11049845814704895 0.20587030053138733 0.9684540629386902
1542145530.207435 -0.06555847823619843 -0.012073744088411331 0.12361213564872742 -0.09211814403533936 0.10945991426706314 0.20483693480491638 0.9682843685150146
1542145530.233213 -0.05636392533779144 -0.01151801086962223 0.13066503405570984 -0.09325186163187027 0.11033536493778229 0.20340925455093384 0.9683774709701538
1542145530.259217 -0.04927465319633484 -0.012017332017421722 0.13613277673721313 -0.09419484436511993 0.1140664592385292 0.19698596000671387 0.969181478023529
1542145530.285487 -0.044091518968343735 -0.013710824772715569 0.13859087228775024 -0.09490317851305008 0.11824682354927063 0.1883239597082138 0.9703325629234314
1542145530.31205 -0.04115338996052742 -0.015681961551308632 0.14148131012916565 -0.09303643554449081 0.12148191779851913 0.18466241657733917 0.9708172678947449
1542145530.338884 -0.04070764034986496 -0.017558908089995384 0.1436045914888382 -0.0918189287185669 0.12380068749189377 0.1831590086221695 0.9709250330924988
1542145530.3659 -0.04430055245757103 -0.019619591534137726 0.14452721178531647 -0.08756150305271149 0.12172255665063858 0.18881164491176605 0.9704982042312622
1542145530.392976 -0.0500233992934227 -0.022568777203559875 0.1463717371225357 -0.0792054533958435 0.11229279637336731 0.1902594268321991 0.9720689654350281
1542145530.420001 -0.05997900292277336 -0.02593996748328209 0.14606523513793945 -0.06555675715208054 0.09606654196977615 0.18912652134895325 0.975040853023529
1542145530.4469 -0.07332790642976761 -0.02908359095454216 0.14580278098583221 -0.055294301360845566 0.07737275213003159 0.1808074563741684 0.978909969329834
1542145530.473583 -0.0888776108622551 -0.032892949879169464 0.14386992156505585 -0.046063389629125595 0.058578647673130035 0.17241789400577545 0.9822010397911072
1542145530.499894 -0.10787694156169891 -0.03698428347706795 0.1394166201353073 -0.03553787246346474 0.03899623081088066 0.1706065833568573 0.9839257001876831
1542145530.525727 -0.12833310663700104 -0.04019768536090851 0.1332434117794037 -0.026632195338606834 0.02025778405368328 0.1693766862154007 0.9849832653999329
1542145530.551102 -0.1497710943222046 -0.04340182617306709 0.12733645737171173 -0.02103833109140396 0.0035281137097626925 0.16522134840488434 0.9860258102416992
1542145530.576137 -0.1720404028892517 -0.0453357994556427 0.12339676916599274 -0.01935550570487976 -0.015324627980589867 0.16207443177700043 0.9864697456359863
1542145530.600987 -0.19356049597263336 -0.04682014882564545 0.11753755807876587 -0.021972335875034332 -0.03247490152716637 0.15884065628051758 0.9865253567695618
1542145530.625798 -0.21503716707229614 -0.049871861934661865 0.1107301190495491 -0.021495271474123 -0.04493158683180809 0.16028107702732086 0.9858139753341675
1542145530.650667 -0.23687809705734253 -0.05514039844274521 0.10400824248790741 -0.0179371926933527 -0.05752444267272949 0.16223573684692383 0.9849105477333069
1542145530.675606 -0.25731977820396423 -0.06206831336021423 0.09948280453681946 -0.013044130057096481 -0.07031361013650894 0.1539427787065506 0.9854884743690491
1542145530.700562 -0.2768102288246155 -0.07058919966220856 0.09691024571657181 -0.005214605014771223 -0.08370029181241989 0.14518119394779205 0.9858445525169373
1542145530.725463 -0.29347628355026245 -0.07996346056461334 0.09951221197843552 0.003630730789154768 -0.09593778848648071 0.13377954065799713 0.9863497614860535
1542145530.750271 -0.3043707013130188 -0.09045607596635818 0.10085821151733398 0.01321683544665575 -0.10046778619289398 0.1196567714214325 0.9876304268836975
1542145530.77501 -0.3116614520549774 -0.09917893260717392 0.10744116455316544 0.023700090125203133 -0.09708376973867416 0.11924189329147339 0.9878231287002563
1542145530.799718 -0.31334733963012695 -0.10735426843166351 0.11514817923307419 0.03348424658179283 -0.08891035616397858 0.12881426513195038 0.9871072173118591
1542145530.824425 -0.3108723759651184 -0.11368975043296814 0.11911246925592422 0.04016957804560661 -0.07421328127384186 0.13660840690135956 0.9870243072509766
1542145530.849146 -0.30561864376068115 -0.11695700138807297 0.13301172852516174 0.040676653385162354 -0.05430322885513306 0.14225555956363678 0.9875019192695618
1542145530.873891 -0.2976110875606537 -0.120529904961586 0.1413862407207489 0.03444945067167282 -0.03481752797961235 0.15185989439487457 0.9871877431869507
1542145530.898656 -0.28681859374046326 -0.12113528698682785 0.15593430399894714 0.02699258178472519 -0.015435248613357544 0.15815114974975586 0.9869253039360046
1542145530.923421 -0.27437224984169006 -0.12194506824016571 0.16877438127994537 0.02063116990029812 0.004419652745127678 0.16866184771060944 0.9854481220245361
1542145530.948167 -0.26097357273101807 -0.12139135599136353 0.18289069831371307 0.017619041725993156 0.024709094315767288 0.18325302004814148 0.982597291469574
1542145530.972895 -0.24608857929706573 -0.11902878433465958 0.19721372425556183 0.01921924017369747 0.04251303896307945 0.20076389610767365 0.9785280227661133
1542145530.997625 -0.2315356284379959 -0.11781296133995056 0.20907866954803467 0.016270361840724945 0.05906162038445473 0.20739084482192993 0.9763380885124207
1542145531.022394 -0.21533848345279694 -0.11701643466949463 0.2191314399242401 0.008949211798608303 0.078481525182724 0.19657686352729797 0.9773014783859253
1542145531.047251 -0.1998685896396637 -0.11747270822525024 0.22829250991344452 0.011260667815804482 0.09801647812128067 0.18865782022476196 0.9770743250846863
1542145531.072255 -0.1864895224571228 -0.11808354407548904 0.23561552166938782 0.019826900213956833 0.11366632580757141 0.1859513223171234 0.9757607579231262
1542145531.097418 -0.173552006483078 -0.11971845477819443 0.24290648102760315 0.02989310212433338 0.1274936944246292 0.17316368222236633 0.9761486053466797
1542145531.122689 -0.16364321112632751 -0.12186369299888611 0.25073790550231934 0.03892799839377403 0.13794755935668945 0.15579542517662048 0.9773345589637756
1542145531.147986 -0.15669651329517365 -0.12327521294355392 0.25705546140670776 0.04819406196475029 0.1441572904586792 0.14585982263088226 0.9775586724281311
1542145531.173251 -0.15012717247009277 -0.12289802730083466 0.2573631703853607 0.05338326096534729 0.14297707378864288 0.13997237384319305 0.9783228635787964
1542145531.198475 -0.15044592320919037 -0.12298276275396347 0.2640528082847595 0.05091071501374245 0.13965454697608948 0.13076356053352356 0.9802069664001465
1542145531.223685 -0.14518795907497406 -0.12153217196464539 0.2600097358226776 0.046548835933208466 0.1285085678100586 0.13256224989891052 0.9817057251930237
1542145531.248919 -0.14885880053043365 -0.12057528644800186 0.25670188665390015 0.04280923679471016 0.11709733307361603 0.13899952173233032 0.9824127554893494
1542145531.274204 -0.15257447957992554 -0.118801049888134 0.2516343295574188 0.041195567697286606 0.1048777848482132 0.14678220450878143 0.9827301502227783
1542145531.299551 -0.16094547510147095 -0.11777331680059433 0.24284374713897705 0.040860772132873535 0.09635616093873978 0.14844323694705963 0.9833669662475586
1542145531.324952 -0.16906817257404327 -0.11581198871135712 0.23287855088710785 0.0428025908768177 0.08815343677997589 0.146371528506279 0.9843639135360718
1542145531.35038 -0.1811692863702774 -0.11297613382339478 0.22250232100486755 0.042212605476379395 0.07725359499454498 0.14710678160190582 0.9851952195167542
1542145531.375801 -0.19459301233291626 -0.10877597332000732 0.20715513825416565 0.03747594729065895 0.06286204606294632 0.1483059674501419 0.9862298369407654
1542145531.401179 -0.2101839929819107 -0.10375048965215683 0.18970249593257904 0.031098172068595886 0.04254073277115822 0.1533873975276947 0.986760139465332
1542145531.426489 -0.22964422404766083 -0.09915146231651306 0.1720346361398697 0.025694265961647034 0.01847323216497898 0.1537467986345291 0.9876034259796143
1542145531.451731 -0.24986934661865234 -0.09522999823093414 0.15406276285648346 0.020529620349407196 -0.007639968302100897 0.14586058259010315 0.9890626668930054
1542145531.476912 -0.26974281668663025 -0.09204842895269394 0.13413982093334198 0.02097909525036812 -0.031811535358428955 0.1384604126214981 0.98963463306427
1542145531.502015 -0.28878235816955566 -0.08932297676801682 0.11366156488656998 0.027926934882998466 -0.051275696605443954 0.13825520873069763 0.9886741042137146
1542145531.527024 -0.3058861196041107 -0.08650357276201248 0.0932263657450676 0.0346185602247715 -0.06519824266433716 0.13940709829330444 0.9874798655509949
1542145531.551923 -0.32127201557159424 -0.08400505036115646 0.07328017801046371 0.03636917844414711 -0.07556720077991486 0.14055758714675903 0.9865143299102783
1542145531.576707 -0.33587536215782166 -0.08019004762172699 0.055615201592445374 0.035123053938150406 -0.08452757447957993 0.14633993804454803 0.9849904179573059
1542145531.601395 -0.3491722643375397 -0.07647056877613068 0.03713615983724594 0.03091931901872158 -0.09423492103815079 0.15392015874385834 0.98309326171875
1542145531.626016 -0.36071306467056274 -0.07329035550355911 0.020510230213403702 0.02634178102016449 -0.10315524786710739 0.1602720469236374 0.9813144207000732
1542145531.650603 -0.3715672791004181 -0.0709705576300621 0.007182594854384661 0.021801916882395744 -0.11197611689567566 0.16285867989063263 0.980032205581665
1542145531.675179 -0.3815059959888458 -0.0697731226682663 -0.005570742301642895 0.019578997045755386 -0.12226969003677368 0.16472607851028442 0.9785357117652893
1542145531.699759 -0.3906952738761902 -0.06983384490013123 -0.014713965356349945 0.020833637565374374 -0.13298162817955017 0.16662341356277466 0.9767899513244629
1542145531.724333 -0.39836186170578003 -0.07153944671154022 -0.021751809865236282 0.024380723014473915 -0.14103557169437408 0.16527429223060608 0.9758068323135376
1542145531.748899 -0.40535497665405273 -0.0733567476272583 -0.027255725115537643 0.028107577934861183 -0.1459628790616989 0.16319599747657776 0.975331723690033
1542145531.77347 -0.40882402658462524 -0.07513229548931122 -0.02985767275094986 0.03145785629749298 -0.1500156670808792 0.16183367371559143 0.974841296672821
1542145531.798077 -0.4091786742210388 -0.07820601761341095 -0.02983715757727623 0.03429914638400078 -0.15164196491241455 0.15947337448596954 0.9748829007148743
1542145531.822752 -0.4060060381889343 -0.08102709800004959 -0.02513849548995495 0.03684104233980179 -0.1486857831478119 0.1575491577386856 0.9755580425262451
1542145531.847506 -0.40054115653038025 -0.08323819190263748 -0.01873527094721794 0.03788463771343231 -0.14047224819660187 0.15942685306072235 0.9764299392700195
1542145531.872332 -0.39140790700912476 -0.08552197366952896 -0.010080371983349323 0.03770216181874275 -0.13030193746089935 0.16435657441616058 0.9770296216011047
1542145531.897211 -0.3799651861190796 -0.08706091344356537 -0.0009616976603865623 0.03579384461045265 -0.11846892535686493 0.16904491186141968 0.9778076410293579
1542145531.922118 -0.3656942844390869 -0.08904062211513519 0.01137277390807867 0.033339567482471466 -0.10701053589582443 0.17431402206420898 0.978290319442749
1542145531.947015 -0.35003888607025146 -0.09080439805984497 0.025861358270049095 0.03006257861852646 -0.09823325276374817 0.17912131547927856 0.9784488081932068
1542145531.971868 -0.3332262635231018 -0.09144666790962219 0.04117291420698166 0.024971330538392067 -0.09189677238464355 0.18364053964614868 0.9783698916435242
1542145531.996658 -0.3148804008960724 -0.09166919440031052 0.05691142380237579 0.015443358570337296 -0.08566802740097046 0.19041825830936432 0.9778360724449158
1542145532.021397 -0.2967945337295532 -0.09094561636447906 0.07377566397190094 0.0037746618036180735 -0.08384975045919418 0.1991806924343109 0.9763616323471069
1542145532.046099 -0.2788251042366028 -0.09002230316400528 0.0903891921043396 -0.009068763814866543 -0.09019092470407486 0.20429107546806335 0.974704384803772
1542145532.070787 -0.2628384232521057 -0.09030530601739883 0.10661729425191879 -0.023583317175507545 -0.09938833117485046 0.20230014622211456 0.9739817976951599
1542145532.095479 -0.24525031447410583 -0.09147854894399643 0.12170739471912384 -0.03586282581090927 -0.10882391780614853 0.19802916049957275 0.9734761118888855
1542145532.120187 -0.22707661986351013 -0.09541824460029602 0.1339193731546402 -0.03996153920888901 -0.11513463407754898 0.1975141316652298 0.9726948738098145
1542145532.144927 -0.21004927158355713 -0.10014747083187103 0.1488552987575531 -0.039561156183481216 -0.11996541917324066 0.19356036186218262 0.9729222059249878
1542145532.169731 -0.19347231090068817 -0.10512328892946243 0.16027921438217163 -0.04211171343922615 -0.12815678119659424 0.18246527016162872 0.9739142656326294
1542145532.19463 -0.17818814516067505 -0.11018992215394974 0.17017795145511627 -0.04978497698903084 -0.13880810141563416 0.1656494140625 0.9750970005989075
1542145532.219646 -0.16332928836345673 -0.11496303975582123 0.179627925157547 -0.05852201208472252 -0.14643076062202454 0.1488480418920517 0.9762057065963745
1542145532.244774 -0.14762790501117706 -0.12141405791044235 0.18625102937221527 -0.06221803277730942 -0.15072761476039886 0.1413106620311737 0.9764432907104492
1542145532.270006 -0.13495101034641266 -0.1288050413131714 0.188866525888443 -0.058655995875597 -0.14996062219142914 0.13725562393665314 0.9773597717285156
1542145532.29534 -0.12292211502790451 -0.13556909561157227 0.19097277522087097 -0.0488869734108448 -0.14905816316604614 0.13018645346164703 0.9790011644363403
1542145532.320766 -0.11327299475669861 -0.14286074042320251 0.1912408322095871 -0.03869474679231644 -0.1493503600358963 0.11782360821962357 0.9809764623641968
1542145532.346239 -0.10774170607328415 -0.14831852912902832 0.19165128469467163 -0.025230856612324715 -0.15231573581695557 0.10514567047357559 0.9823989868164062
1542145532.371711 -0.10394084453582764 -0.15457624197006226 0.1888359785079956 -0.006739041302353144 -0.15543656051158905 0.0941166877746582 0.9833291172981262
1542145532.397163 -0.1027127206325531 -0.158418208360672 0.18411104381084442 0.010022209025919437 -0.1573685258626938 0.08544036746025085 0.9837859272956848
1542145532.4226 -0.10316173732280731 -0.15928229689598083 0.17971719801425934 0.021444253623485565 -0.1573736071586609 0.07979554682970047 0.9840764403343201
1542145532.448039 -0.10179326683282852 -0.15837456285953522 0.17052657902240753 0.02884203940629959 -0.15431886911392212 0.07593980431556702 0.9846761226654053
1542145532.473507 -0.10584770888090134 -0.15561267733573914 0.1622447967529297 0.03859741613268852 -0.14812947809696198 0.07736817002296448 0.9851812720298767
1542145532.499024 -0.1112634688615799 -0.15202906727790833 0.15107418596744537 0.05371479317545891 -0.14070193469524384 0.08769785612821579 0.9846963286399841
1542145532.524584 -0.1166163980960846 -0.14738517999649048 0.1382988840341568 0.0647142082452774 -0.1310335099697113 0.09604862332344055 0.9845897555351257
1542145532.550169 -0.124882273375988 -0.13895082473754883 0.12757818400859833 0.06759866327047348 -0.11766204982995987 0.09619981795549393 0.986068844795227
1542145532.57576 -0.13413211703300476 -0.13411374390125275 0.11762218922376633 0.06866498291492462 -0.10704927146434784 0.09945281594991684 0.9868813753128052
1542145532.601326 -0.14479999244213104 -0.12604989111423492 0.10743528604507446 0.06863325834274292 -0.10108224302530289 0.10732761025428772 0.9866877198219299
1542145532.626831 -0.15909944474697113 -0.11828779429197311 0.0954027771949768 0.06726112216711044 -0.09783182293176651 0.11362241953611374 0.9864050149917603
1542145532.652247 -0.17439565062522888 -0.11136886477470398 0.08650267869234085 0.06534551829099655 -0.09786403179168701 0.11481291055679321 0.9863927960395813
1542145532.677579 -0.19178006052970886 -0.10252382606267929 0.08032354712486267 0.06226164102554321 -0.09915967285633087 0.11511538922786713 0.9864276051521301
1542145532.702849 -0.21194307506084442 -0.09585173428058624 0.07252619415521622 0.05435098335146904 -0.09997770935297012 0.11312644928693771 0.9870424866676331
1542145532.728091 -0.2303350269794464 -0.08928295224905014 0.06738011538982391 0.04542139172554016 -0.10207628458738327 0.11482485383749008 0.9870828986167908
1542145532.753326 -0.2493809312582016 -0.08290620148181915 0.06429423391819 0.03655984252691269 -0.10362154245376587 0.12061730027198792 0.9865989089012146
1542145532.778535 -0.26885172724723816 -0.07689476758241653 0.06059999763965607 0.02889222651720047 -0.10695907473564148 0.12501582503318787 0.9859493374824524
1542145532.803697 -0.28874099254608154 -0.0717492401599884 0.059452950954437256 0.02072269283235073 -0.1132885292172432 0.12990432977676392 0.9848152995109558
1542145532.828804 -0.307407021522522 -0.06657855212688446 0.05990884453058243 0.010404027067124844 -0.12253911048173904 0.13715286552906036 0.9828861355781555
1542145532.853851 -0.3252716362476349 -0.06247041001915932 0.06164567917585373 -0.001378385117277503 -0.13103805482387543 0.14115303754806519 0.9812762141227722
1542145532.878816 -0.3415686786174774 -0.059102874249219894 0.06489879637956619 -0.011014062911272049 -0.13772544264793396 0.14521679282188416 0.9797053337097168
1542145532.903672 -0.3560173511505127 -0.057761065661907196 0.06830518692731857 -0.016927102580666542 -0.1400672197341919 0.15347005426883698 0.9780294895172119
1542145532.928388 -0.3687574863433838 -0.05833916738629341 0.07307255268096924 -0.018543515354394913 -0.13834673166275024 0.15740729868412018 0.9776191711425781
1542145532.952959 -0.3787349760532379 -0.059857938438653946 0.07898151129484177 -0.017002496868371964 -0.13899235427379608 0.15588662028312683 0.9777993559837341
1542145532.97739 -0.3877263069152832 -0.06375445425510406 0.0870203971862793 -0.01447149645537138 -0.13789264857769012 0.15309923887252808 0.9784359335899353
1542145533.001705 -0.3937320113182068 -0.06856487691402435 0.09627024829387665 -0.0097557557746768 -0.13577847182750702 0.15155233442783356 0.9790306091308594
1542145533.025939 -0.3954591155052185 -0.0736464411020279 0.10642216354608536 -0.00382402166724205 -0.1318863332271576 0.15150612592697144 0.979610800743103
1542145533.050123 -0.3932199478149414 -0.07819052040576935 0.11498475074768066 0.001379636931233108 -0.12419542670249939 0.15208396315574646 0.9805325865745544
1542145533.074284 -0.38726258277893066 -0.0810810998082161 0.1230442076921463 0.005133928265422583 -0.11178768426179886 0.1547081172466278 0.9816020727157593
1542145533.098442 -0.37774837017059326 -0.08483417332172394 0.13162139058113098 0.00958319939672947 -0.09728939086198807 0.16059112548828125 0.9821677207946777
1542145533.122605 -0.36575549840927124 -0.0871659442782402 0.13737750053405762 0.013498934917151928 -0.08088553696870804 0.17072537541389465 0.9819002747535706
1542145533.146766 -0.350983589887619 -0.08888225257396698 0.1436683088541031 0.01705862209200859 -0.06514811515808105 0.18092186748981476 0.9811890721321106
1542145533.170924 -0.33506911993026733 -0.09027715027332306 0.14954166114330292 0.01992839016020298 -0.05042964592576027 0.189788356423378 0.9803265333175659
1542145533.195093 -0.31662699580192566 -0.09118986874818802 0.15608860552310944 0.020777884870767593 -0.03746597468852997 0.19552533328533173 0.9797624945640564
1542145533.219284 -0.2970736026763916 -0.09168381989002228 0.16037872433662415 0.02348516322672367 -0.022222187370061874 0.20109981298446655 0.9790369868278503
1542145533.243503 -0.2760471999645233 -0.09254816919565201 0.16373589634895325 0.030082378536462784 -0.004430453293025494 0.2024909108877182 0.978812038898468
1542145533.267757 -0.2548831105232239 -0.09442921727895737 0.1665908396244049 0.03730945289134979 0.0195368193089962 0.195746049284935 0.9797499179840088
1542145533.292064 -0.233054518699646 -0.09600881487131119 0.1691487729549408 0.046686802059412 0.0446823313832283 0.19304734468460083 0.9790590405464172
1542145533.31646 -0.21262553334236145 -0.0965142473578453 0.17180770635604858 0.05594826117157936 0.06742601841688156 0.19232423603534698 0.9774124026298523
1542145533.340984 -0.19350466132164001 -0.09663134813308716 0.17378583550453186 0.057724110782146454 0.08645182847976685 0.18628253042697906 0.976981520652771
1542145533.36564 -0.17450278997421265 -0.0970209613442421 0.17001281678676605 0.0548330694437027 0.10235102474689484 0.17798399925231934 0.9771588444709778
1542145533.390385 -0.15921269357204437 -0.09427192807197571 0.18145187199115753 0.05244005471467972 0.11717722564935684 0.17088042199611664 0.9768927693367004
1542145533.415154 -0.1439341902732849 -0.09311673045158386 0.1797388195991516 0.048636116087436676 0.13077376782894135 0.16339164972305298 0.9766452312469482
1542145533.43989 -0.1299879103899002 -0.09214769303798676 0.17961879074573517 0.044526003301143646 0.1417456865310669 0.1559593677520752 0.9765256643295288
1542145533.464551 -0.11873626708984375 -0.089617058634758 0.19299562275409698 0.04329333454370499 0.15445031225681305 0.14794999361038208 0.975900411605835
1542145533.489123 -0.10730764269828796 -0.0883457288146019 0.19212570786476135 0.0436321385204792 0.16800303757190704 0.14128094911575317 0.9746337532997131
1542145533.513602 -0.0972243919968605 -0.08669471740722656 0.19093886017799377 0.04367610439658165 0.18266764283180237 0.13367363810539246 0.9730654358863831
1542145533.537979 -0.08607904613018036 -0.08522983640432358 0.1906188726425171 0.04424874484539032 0.19523361325263977 0.12681524455547333 0.9715161919593811
1542145533.562258 -0.07740337401628494 -0.08248018473386765 0.1889164298772812 0.04529876261949539 0.204732745885849 0.12176993489265442 0.9701570272445679
1542145533.58645 -0.06913325935602188 -0.08073272556066513 0.18560391664505005 0.04126722365617752 0.21035312116146088 0.11949712038040161 0.9694168567657471
1542145533.610555 -0.06157952919602394 -0.07716116309165955 0.18253959715366364 0.034562692046165466 0.21432842314243317 0.1147494837641716 0.9693819880485535
1542145533.63456 -0.0587121844291687 -0.07267556339502335 0.1806185394525528 0.026279553771018982 0.21741288900375366 0.10393660515546799 0.9701743125915527
1542145533.65846 -0.055638499557971954 -0.0673048198223114 0.1788901686668396 0.016089564189314842 0.21574929356575012 0.09413325041532516 0.9717676043510437
1542145533.682277 -0.05683983862400055 -0.06386119872331619 0.17466388642787933 0.005668650381267071 0.21007607877254486 0.09054262191057205 0.9734669923782349
1542145533.706051 -0.061677731573581696 -0.06058882921934128 0.16934512555599213 -0.0025232250336557627 0.20040467381477356 0.09152309596538544 0.9754256010055542
1542145533.72981 -0.07097809761762619 -0.050972022116184235 0.16508132219314575 -0.011281226761639118 0.18831653892993927 0.08909352868795395 0.9779938459396362
1542145533.753579 -0.07839107513427734 -0.04686269909143448 0.16091541945934296 -0.021655866876244545 0.1723075956106186 0.08678475767374039 0.9809737801551819
1542145533.777391 -0.09355084598064423 -0.040707800537347794 0.1567007452249527 -0.02924884483218193 0.15521559119224548 0.08664719015359879 0.9836386442184448
1542145533.801286 -0.10870461910963058 -0.03910091519355774 0.14736215770244598 -0.03545837476849556 0.13609610497951508 0.08854534476995468 0.9860934615135193
1542145533.825295 -0.12006489932537079 -0.036352209746837616 0.14630837738513947 -0.03860705345869064 0.11694227904081345 0.09212876856327057 0.9881024360656738
1542145533.849431 -0.13831911981105804 -0.038998570293188095 0.13544277846813202 -0.0380743108689785 0.09853720664978027 0.09934498369693756 0.9894298315048218
1542145533.873702 -0.15125156939029694 -0.043590694665908813 0.13131225109100342 -0.034382399171590805 0.0804712250828743 0.10659833252429962 0.9904438853263855
1542145533.89811 -0.16908761858940125 -0.050361014902591705 0.12379557639360428 -0.027229733765125275 0.06187459081411362 0.11405418813228607 0.9911718964576721
1542145533.922654 -0.18744014203548431 -0.058655451983213425 0.11862979829311371 -0.018849825486540794 0.041887398809194565 0.12039972841739655 0.991662323474884
1542145533.947315 -0.20605628192424774 -0.06809808313846588 0.11408848315477371 -0.011574232950806618 0.019942106679081917 0.1264287382364273 0.9917077422142029
1542145533.972061 -0.2244684398174286 -0.07887353748083115 0.10942335426807404 -0.005769453011453152 -0.002144095255061984 0.1315034031867981 0.991296648979187
1542145533.996836 -0.24094773828983307 -0.09099648147821426 0.1044045239686966 -7.91597631177865e-05 -0.02370339259505272 0.1375667005777359 0.9902089238166809
1542145534.021594 -0.2558627128601074 -0.10258037596940994 0.10074632614850998 0.002378621604293585 -0.03872207924723625 0.1420200616121292 0.9891032576560974
1542145534.046296 -0.2677554786205292 -0.11496952921152115 0.09664732962846756 0.004517709370702505 -0.04774990677833557 0.15222184360027313 0.9871819019317627
1542145534.070925 -0.2787829637527466 -0.12722128629684448 0.0932670384645462 0.007503409404307604 -0.05169979855418205 0.16279210150241852 0.9852764010429382
1542145534.095488 -0.28651246428489685 -0.13819186389446259 0.0922563225030899 0.008419988676905632 -0.054144974797964096 0.17327287793159485 0.9833483695983887
1542145534.120005 -0.29351961612701416 -0.14812080562114716 0.08618606626987457 0.007093622349202633 -0.05816009268164635 0.18557702004909515 0.9808814525604248
1542145534.144506 -0.2988244593143463 -0.15650197863578796 0.08738444745540619 0.0021042958833277225 -0.06195296347141266 0.19700805842876434 0.9784402251243591
1542145534.169016 -0.3025009036064148 -0.16388998925685883 0.08688891679048538 -0.0031864261254668236 -0.06395615637302399 0.20837578177452087 0.975950300693512
1542145534.193556 -0.3042230010032654 -0.16977544128894806 0.08751096576452255 -0.00553160673007369 -0.06639660894870758 0.2208976000547409 0.9730185866355896
1542145534.218149 -0.3036358058452606 -0.17634868621826172 0.08673205971717834 -0.00479517225176096 -0.0701596736907959 0.23195552825927734 0.9701810479164124
1542145534.242808 -0.3014226257801056 -0.18370354175567627 0.08713480830192566 -0.0009551937691867352 -0.07209230214357376 0.23635707795619965 0.9689876437187195
1542145534.267538 -0.2996375262737274 -0.19015054404735565 0.08628372102975845 0.005909285508096218 -0.06958357989788055 0.23579061031341553 0.9692915081977844
1542145534.292336 -0.2952938377857208 -0.19503620266914368 0.09106748551130295 0.014840858988463879 -0.06277253478765488 0.22903594374656677 0.9712785482406616
1542145534.317187 -0.28323426842689514 -0.19620557129383087 0.09728669375181198 0.022568583488464355 -0.05164605379104614 0.22105658054351807 0.9736310243606567
1542145534.342073 -0.2710285782814026 -0.19608044624328613 0.1034998670220375 0.025452256202697754 -0.03520408272743225 0.2175772339105606 0.975075900554657
1542145534.366969 -0.2551925778388977 -0.19424296915531158 0.10776891559362411 0.0249977745115757 -0.015867266803979874 0.2179630845785141 0.9755077958106995
1542145534.391837 -0.23434744775295258 -0.18938760459423065 0.11813799291849136 0.023056110367178917 0.0048867990262806416 0.215172678232193 0.9762915968894958
1542145534.416637 -0.2136564552783966 -0.1841973066329956 0.125418022274971 0.021548936143517494 0.026361975818872452 0.20754311978816986 0.9776331782341003
1542145534.441341 -0.1917622983455658 -0.17746877670288086 0.13617339730262756 0.018021048977971077 0.04679075628519058 0.19592726230621338 0.9793357253074646
1542145534.465942 -0.16926990449428558 -0.1700444370508194 0.14680328965187073 0.012190327979624271 0.06839028000831604 0.18159587681293488 0.9809165000915527
1542145534.490444 -0.14575383067131042 -0.16078682243824005 0.15136276185512543 0.006808797363191843 0.08691870421171188 0.17355503141880035 0.9809574484825134
1542145534.514872 -0.12363843619823456 -0.15190239250659943 0.1584579050540924 0.0011748078977689147 0.10076645016670227 0.1721300631761551 0.9799062013626099
1542145534.539265 -0.10343201458454132 -0.14365579187870026 0.16502228379249573 -0.011032132431864738 0.10797557234764099 0.16626165807247162 0.9800902009010315
1542145534.563661 -0.08371073752641678 -0.1344173550605774 0.1711350381374359 -0.027560537680983543 0.11006151884794235 0.15254107117652893 0.9817627668380737
1542145534.588095 -0.06644273549318314 -0.12538087368011475 0.17794036865234375 -0.03877444192767143 0.1106170266866684 0.14193226397037506 0.9829118847846985
1542145534.612591 -0.051950786262750626 -0.1178896352648735 0.18253615498542786 -0.044965583831071854 0.11082340776920319 0.13043799996376038 0.9842166304588318
1542145534.637168 -0.03761015087366104 -0.10946086049079895 0.18685032427310944 -0.05051090940833092 0.11104097962379456 0.11463122814893723 0.9858896136283875
1542145534.66184 -0.0272491667419672 -0.1043376550078392 0.18884550034999847 -0.054612115025520325 0.110954649746418 0.09473854303359985 0.987791121006012
1542145534.686621 -0.018894527107477188 -0.09911856055259705 0.18853053450584412 -0.056678932160139084 0.109175905585289 0.07243706285953522 0.9897581338882446
1542145534.711504 -0.013417348265647888 -0.09524361044168472 0.1899934560060501 -0.054906945675611496 0.1083386167883873 0.05206052586436272 0.9912304282188416
1542145534.736461 -0.008811920881271362 -0.09048257023096085 0.18912912905216217 -0.050109099596738815 0.10641898959875107 0.03522895276546478 0.9924328923225403
1542145534.761449 -0.009817596524953842 -0.0868121013045311 0.1874995231628418 -0.046298861503601074 0.10049940645694733 0.025328461080789566 0.9935365319252014
1542145534.786425 -0.015051871538162231 -0.08401485532522202 0.18724967539310455 -0.041105471551418304 0.09276510775089264 0.02098149061203003 0.9946178793907166
1542145534.81137 -0.014820260927081108 -0.07958205789327621 0.18165452778339386 -0.03234771266579628 0.08438633382320404 0.019826296716928482 0.995710551738739
1542145534.836287 -0.02056480385363102 -0.0758485347032547 0.17924454808235168 -0.027210015803575516 0.08088678866624832 0.01734873093664646 0.9962007999420166
1542145534.861184 -0.02801893837749958 -0.07164929062128067 0.17660270631313324 -0.021773135289549828 0.07842757552862167 0.017303677275776863 0.9965318441390991
1542145534.886064 -0.03638442978262901 -0.06842329353094101 0.17469295859336853 -0.012840275652706623 0.07292104512453079 0.02287718839943409 0.9969925880432129
1542145534.910912 -0.0532105453312397 -0.07013311237096786 0.16536249220371246 -0.004147450905293226 0.06652316451072693 0.027539536356925964 0.9973961710929871
1542145534.935717 -0.06746150553226471 -0.0692061111330986 0.1606028825044632 0.002148680854588747 0.05860176309943199 0.024932732805609703 0.9979677796363831
1542145534.960472 -0.0861395001411438 -0.06944944709539413 0.15486477315425873 0.009031570516526699 0.05021855607628822 0.017829682677984238 0.9985383152961731
1542145534.985174 -0.10520102083683014 -0.06978298723697662 0.14932866394519806 0.017966685816645622 0.039580635726451874 0.014833131805062294 0.9989447593688965
1542145535.009822 -0.12765565514564514 -0.07139455527067184 0.14068950712680817 0.026315443217754364 0.024790309369564056 0.01854342594742775 0.9991742372512817
1542145535.034424 -0.15211890637874603 -0.07202783972024918 0.13262593746185303 0.02858562208712101 0.005469419062137604 0.02156268246471882 0.9993438124656677
1542145535.059 -0.1793776899576187 -0.07302477955818176 0.12135425955057144 0.025282440707087517 -0.017499927431344986 0.02453301101922989 0.9992260336875916
1542145535.083573 -0.20707374811172485 -0.07263834029436111 0.10860435664653778 0.019173068925738335 -0.04239847511053085 0.027435600757598877 0.9985400438308716
1542145535.108158 -0.23763877153396606 -0.07155612111091614 0.0964246541261673 0.010444553568959236 -0.06868767738342285 0.03211013600230217 0.9970666766166687
1542145535.13277 -0.2700965404510498 -0.07093438506126404 0.0837869793176651 0.0004442468925844878 -0.09633979946374893 0.03698839992284775 0.9946609139442444
1542145535.157413 -0.30302369594573975 -0.07081454992294312 0.07328122109174728 -0.005881422199308872 -0.12445340305566788 0.0407099723815918 0.9913725256919861
1542145535.182079 -0.33567965030670166 -0.07277066260576248 0.06745780259370804 -0.006664238404482603 -0.15184460580348969 0.044998977333307266 0.9873570203781128
1542145535.206741 -0.3673742711544037 -0.07694564014673233 0.06810081005096436 -0.004950159694999456 -0.1744184046983719 0.04689205065369606 0.9835420250892639
1542145535.231377 -0.3983185589313507 -0.08092591911554337 0.0680767372250557 -0.00492131570354104 -0.1931135207414627 0.05022045224905014 0.9798780083656311
1542145535.255994 -0.42650285363197327 -0.0844515711069107 0.06673294305801392 -0.007145779673010111 -0.2139182984828949 0.057817623019218445 0.9751128554344177
1542145535.280609 -0.4534386694431305 -0.08832824230194092 0.06806357204914093 -0.010940330103039742 -0.23482537269592285 0.0639820471405983 0.9698678851127625
1542145535.30524 -0.47758403420448303 -0.09194470942020416 0.07015779614448547 -0.014070610515773296 -0.25343987345695496 0.06532593071460724 0.9650403261184692
1542145535.329891 -0.5000442862510681 -0.09623850882053375 0.07357396930456161 -0.01771685853600502 -0.26975956559181213 0.0669110044836998 0.9604367613792419
1542145535.354573 -0.5190476179122925 -0.10157950222492218 0.07586348056793213 -0.023203814402222633 -0.28212210536003113 0.06683364510536194 0.9567664265632629
1542145535.3793 -0.5332622528076172 -0.10723026841878891 0.08182644098997116 -0.026674693450331688 -0.28632688522338867 0.06751076877117157 0.9553782939910889
1542145535.404104 -0.540539562702179 -0.11413958668708801 0.0893617793917656 -0.026278691366314888 -0.28202858567237854 0.0723956748843193 0.9563097357749939
1542145535.429032 -0.54371577501297 -0.12152799963951111 0.09923475235700607 -0.02553923986852169 -0.2672734558582306 0.08192956447601318 0.9597917795181274
1542145535.454124 -0.5383719205856323 -0.12702295184135437 0.1074867695569992 -0.022660253569483757 -0.25168439745903015 0.09149617701768875 0.9632081985473633
1542145535.479374 -0.5349752902984619 -0.13412682712078094 0.11722571402788162 -0.01955249160528183 -0.23688603937625885 0.10072223842144012 0.9661044478416443
1542145535.50472 -0.5295851826667786 -0.14044882357120514 0.12669692933559418 -0.0188425462692976 -0.2252233475446701 0.10750385373830795 0.9681747555732727
1542145535.530077 -0.5232193470001221 -0.14515185356140137 0.13546089828014374 -0.0220384132117033 -0.2150251418352127 0.1097576767206192 0.9701710343360901
