1542145521577086.0 -0.0 -0.0 -0.0 -0.0 -0.0 1.0 -0.0
1542145521601548.0 -0.0 -0.0 -0.0 -0.0 -0.0 1.0 -0.0
1542145521626014.0 0.0341945 -0.00035114028 0.0029257108 0.004070276 -0.0039586457 0.99998236 0.0017843471
1542145521650480.0 0.0341945 -0.00035114028 0.0029257108 0.004070276 -0.0039586457 0.99998236 0.0017843471
1542145521674949.0 0.05555953 0.006280081 0.005095792 0.0037363817 -0.005568447 0.9999699 -0.0039072474
1542145521699426.0 0.05555953 0.006280081 0.005095792 0.0037363817 -0.005568447 0.9999699 -0.0039072474
1542145521723922.0 0.05555953 0.006280081 0.005095792 0.0037363817 -0.005568447 0.9999699 -0.0039072474
1542145521748450.0 0.05555953 0.006280081 0.005095792 0.0037363817 -0.005568447 0.9999699 -0.0039072474
1542145521773014.0 0.05555953 0.006280081 0.005095792 0.0037363817 -0.005568447 0.9999699 -0.0039072474
1542145521797607.0 0.07095566 0.015248799 0.008947536 -0.014189198 -0.021592965 0.9996661 -0.00046035374
1542145521822217.0 0.07095566 0.015248799 0.008947536 -0.014189198 -0.021592965 0.9996661 -0.00046035374
1542145521846830.0 0.061549176 0.012178408 0.008866096 -0.02640132 -0.03085556 0.999166 0.004265796
1542145521871432.0 0.061549176 0.012178408 0.008866096 -0.02640132 -0.03085556 0.999166 0.004265796
1542145521896007.0 0.04446046 0.0038743399 0.007355062 -0.03705306 -0.031467512 0.9987293 0.013293927
1542145521920548.0 0.04446046 0.0038743399 0.007355062 -0.03705306 -0.031467512 0.9987293 0.013293927
1542145521945061.0 0.02564154 -0.0046964902 0.0028503076 -0.045050986 -0.031122185 0.9983163 0.019144356
1542145521969553.0 0.02564154 -0.0046964902 0.0028503076 -0.045050986 -0.031122185 0.9983163 0.019144356
1542145521994032.0 -0.0069240453 -0.015094484 -0.0002845282 -0.05175251 -0.02565468 0.99806964 0.022814183
1542145522018513.0 -0.024386477 -0.021953229 -0.004389065 -0.05639186 -0.020868335 0.9978958 0.024259606
1542145522043014.0 -0.0494075 -0.029356532 -0.007086102 -0.060434923 -0.014904947 0.9976864 0.027340041
1542145522067543.0 -0.07711097 -0.036213633 -0.008981865 -0.06775337 -0.009244197 0.997171 0.03121045
1542145522092102.0 -0.108540244 -0.043559402 -0.011687227 -0.07559509 -0.0064769145 0.99652535 0.03436124
1542145522116689.0 -0.14286673 -0.050176177 -0.014536474 -0.08199503 -0.005176088 0.9959096 0.03760515
1542145522141309.0 -0.17893739 -0.055300515 -0.012566668 -0.08651133 0.0007447121 0.99537385 0.041787967
1542145522165958.0 -0.21689378 -0.05958311 -0.01315017 -0.09251616 0.012499545 0.99457014 0.045986455
1542145522190631.0 -0.25342607 -0.061209735 -0.0085109435 -0.09786492 0.02040756 0.99373144 0.05003891
1542145522215333.0 -0.2936473 -0.061478592 -0.0038749843 -0.10080004 0.027166508 0.9931532 0.05242326
1542145522240086.0 -0.33801144 -0.06406627 -0.0001776733 -0.10196269 0.033521794 0.99282134 0.052780397
1542145522264928.0 -0.38289818 -0.064866744 0.0012575882 -0.10704569 0.043833 0.9918645 0.053148594
1542145522289894.0 -0.42495844 -0.06776032 0.0023242608 -0.11437219 0.052103784 0.99064475 0.05317232
1542145522314985.0 -0.4675526 -0.07270884 0.00022606086 -0.12166261 0.055730257 0.98961467 0.052490532
1542145522340167.0 -0.50692004 -0.07655218 -0.0030324361 -0.1333015 0.060670897 0.98771226 0.054537494
1542145522365390.0 -0.5476417 -0.084452406 -0.0066156182 -0.1426333 0.06405423 0.9862109 0.054230742
1542145522390628.0 -0.5833273 -0.08976907 -0.009002627 -0.15332998 0.069217905 0.9841767 0.055633195
1542145522415890.0 -0.6166274 -0.09470532 -0.013653303 -0.16148147 0.07659116 0.98235637 0.05507734
1542145522441205.0 -0.64485604 -0.096414514 -0.014450288 -0.16769817 0.08369269 0.9807584 0.054642353
1542145522466579.0 -0.65937746 -0.09527381 -0.013600559 -0.17532115 0.090933666 0.9788152 0.053985562
1542145522491997.0 -0.666166 -0.09487906 -0.015370858 -0.18214345 0.09855664 0.97692937 0.05214807
1542145522517461.0 -0.6638718 -0.0917764 -0.017044121 -0.18557966 0.098088175 0.97639334 0.050941683
1542145522542982.0 -0.6503922 -0.08752899 -0.013316631 -0.18791577 0.09483009 0.9762741 0.050833467
1542145522568551.0 -0.62393814 -0.07999129 -0.012689504 -0.18690278 0.091381714 0.97683614 0.050080415
1542145522594151.0 -0.5900371 -0.07077182 -0.008586377 -0.18095277 0.08938975 0.9781637 0.049612056
1542145522619766.0 -0.54808855 -0.06207029 -0.004914482 -0.1722835 0.08729165 0.9799265 0.04942362
1542145522645370.0 -0.50132406 -0.053871125 -0.0012728674 -0.16120218 0.08254596 0.9822644 0.048547085
1542145522670926.0 -0.450655 -0.044947334 0.0044689793 -0.14872889 0.07178114 0.9850916 0.048184913
1542145522696423.0 -0.4012652 -0.038740896 0.009522077 -0.13544649 0.055051494 0.9880664 0.04846103
1542145522721852.0 -0.35397646 -0.032841213 0.014999685 -0.12354442 0.038407687 0.9903943 0.04879328
1542145522747191.0 -0.3088163 -0.028983444 0.020006416 -0.11282718 0.023415895 0.99218464 0.047868885
1542145522772455.0 -0.2659345 -0.025743425 0.023778304 -0.10168932 0.008086098 0.9936891 0.046647068
1542145522797710.0 -0.22606355 -0.023977144 0.026612915 -0.091859385 -0.004979148 0.99471754 0.045542467
1542145522823004.0 -0.18923496 -0.02341384 0.03139065 -0.08434399 -0.014185541 0.99524677 0.046570588
1542145522848311.0 -0.15541142 -0.024029696 0.036189873 -0.07511942 -0.024387138 0.99571717 0.048060432
1542145522873568.0 -0.12385908 -0.024554636 0.04156106 -0.06234235 -0.035411928 0.9962638 0.04814473
1542145522898752.0 -0.093856566 -0.025163185 0.045613244 -0.04637223 -0.04561937 0.9968453 0.04547568
1542145522923859.0 -0.065970235 -0.025899943 0.04789435 -0.029537303 -0.04790912 0.9974987 0.042763017
1542145522948867.0 -0.042153798 -0.027060863 0.0510937 -0.01330611 -0.043262 0.9981147 0.04145433
1542145522973774.0 -0.020867912 -0.027302548 0.052461162 0.0033005765 -0.039760284 0.99835694 0.041131213
1542145522998571.0 -0.0047644014 -0.02854104 0.05302024 0.019238234 -0.038496967 0.99824554 0.04066568
1542145523023222.0 0.008855282 -0.029628467 0.052503493 0.029924326 -0.034912717 0.99804246 0.042389978
1542145523047688.0 0.016931303 -0.031662874 0.05143472 0.037906997 -0.03031666 0.9977443 0.046371605
1542145523071940.0 0.022328962 -0.03343813 0.050618008 0.04155369 -0.027373796 0.9975131 0.049915273
1542145523095993.0 0.02518616 -0.03311736 0.05027824 0.04222557 -0.028391168 0.99735206 0.05195997
1542145523119890.0 0.023686007 -0.033573527 0.049406905 0.036904994 -0.03247192 0.9975403 0.049970116
1542145523143678.0 0.01943265 -0.031393193 0.053288564 0.027243108 -0.03587842 0.9976762 0.051116478
1542145523167399.0 0.012298007 -0.029605161 0.0567757 0.014722828 -0.039933097 0.99767923 0.05314886
1542145523191090.0 0.0026650082 -0.02780501 0.05884033 0.00020656367 -0.045520816 0.9974781 0.054453865
1542145523214786.0 -0.008662603 -0.026804376 0.06055536 -0.017687732 -0.051560514 0.9970566 0.053915422
1542145523238501.0 -0.023255168 -0.026414935 0.06045063 -0.037062414 -0.05817383 0.99625784 0.052081622
1542145523262248.0 -0.038919054 -0.026518125 0.0595101 -0.05728242 -0.06252511 0.9951254 0.05034723
1542145523286050.0 -0.056772787 -0.02704425 0.058037486 -0.07538857 -0.06501355 0.9937815 0.049881715
1542145523309954.0 -0.07583164 -0.028007342 0.058132138 -0.09309795 -0.0619147 0.99236363 0.052094396
1542145523334012.0 -0.09647331 -0.032676905 0.051083453 -0.112615414 -0.053210936 0.99075305 0.053803355
1542145523358259.0 -0.11626193 -0.035432212 0.050312303 -0.13139606 -0.046998538 0.9885052 0.058170058
1542145523382707.0 -0.13438231 -0.040562373 0.04126762 -0.14820102 -0.04134821 0.98621595 0.060868055
1542145523407347.0 -0.15111661 -0.04296758 0.040343173 -0.16163206 -0.03440743 0.9840876 0.06529101
1542145523432174.0 -0.16635999 -0.04530059 0.03477885 -0.1713423 -0.027395967 0.9825399 0.067132555
1542145523457185.0 -0.18133056 -0.048096906 0.026618922 -0.17810929 -0.020662677 0.9815811 0.06594456
1542145523482364.0 -0.1935969 -0.048245884 0.02439709 -0.18471782 -0.011760989 0.9806136 0.0643272
1542145523507680.0 -0.20314096 -0.048611574 0.021597097 -0.19249427 -0.0021831372 0.97944164 0.06029376
1542145523533110.0 -0.2127733 -0.047501653 0.018980352 -0.20073345 0.0050688884 0.9779742 0.05698237
1542145523558630.0 -0.22316004 -0.04804688 0.013994077 -0.21147111 0.008146691 0.97586584 0.05384774
1542145523584211.0 -0.23306133 -0.049526658 0.010560205 -0.2254494 0.007588959 0.9727146 0.054233264
1542145523609827.0 -0.24323934 -0.051580332 0.005844864 -0.23824404 0.00082870066 0.9694233 0.058801115
1542145523635464.0 -0.24987155 -0.054593004 0.0033342727 -0.2482687 -0.005714834 0.9664502 0.06560544
1542145523661101.0 -0.25203672 -0.058482796 0.0013049953 -0.25510055 -0.009815597 0.96420103 0.07172041
1542145523686725.0 -0.2516118 -0.06407211 -0.001214033 -0.25539368 -0.011468902 0.96391267 0.074263066
1542145523712321.0 -0.24970695 -0.064629346 0.0029294025 -0.24801628 -0.0130810095 0.96569794 0.07579118
1542145523737889.0 -0.24122168 -0.06692351 0.006427748 -0.23893893 -0.011467656 0.9683481 0.07126582
1542145523763443.0 -0.232039 -0.06650768 0.011246433 -0.22667265 -0.0053107007 0.9718037 0.06472143
1542145523788999.0 -0.22079593 -0.06724441 0.015947971 -0.21373163 0.0052253036 0.97512877 0.058440916
1542145523814575.0 -0.20977618 -0.06768994 0.020412445 -0.19819447 0.015007704 0.9783727 0.057277296
1542145523840197.0 -0.19785029 -0.069948934 0.022377279 -0.17930284 0.021665873 0.98181903 0.0584175
1542145523865875.0 -0.18636934 -0.07111627 0.024921224 -0.1630941 0.025871228 0.9844402 0.06007134
1542145523891594.0 -0.17582536 -0.071769975 0.026222246 -0.14947048 0.027947009 0.98655707 0.05985522
1542145523917328.0 -0.16236287 -0.07219484 0.027190693 -0.13753434 0.028035102 0.9884632 0.05691116
1542145523943036.0 -0.14924571 -0.0709709 0.029384846 -0.12386292 0.025533607 0.99049443 0.05410128
1542145523968686.0 -0.13646272 -0.070216745 0.029358368 -0.10916459 0.027160117 0.9923566 0.05073372
1542145523994246.0 -0.12314736 -0.06783667 0.030755445 -0.09671498 0.032079294 0.9936077 0.048589434
1542145524019688.0 -0.110206924 -0.06596903 0.029881189 -0.08486403 0.035393454 0.9947324 0.045310196
1542145524044998.0 -0.09985097 -0.062284216 0.03167814 -0.07407092 0.034477387 0.9957077 0.043485943
1542145524070182.0 -0.091743365 -0.059392862 0.03407949 -0.06556821 0.030312736 0.9965021 0.042019427
1542145524095259.0 -0.08466929 -0.0570375 0.033905398 -0.061959054 0.028664121 0.9968725 0.039808072
1542145524120262.0 -0.08218937 -0.054021947 0.033838417 -0.05882631 0.02520072 0.9972699 0.036838252
1542145524145217.0 -0.07826425 -0.05190891 0.033104263 -0.058888704 0.016890911 0.9975765 0.03298616
1542145524170147.0 -0.07792492 -0.04974862 0.03396828 -0.05779774 0.010758691 0.9978063 0.03043352
1542145524195078.0 -0.078948006 -0.04713707 0.031418484 -0.055353012 0.007161151 0.99799776 0.029754791
1542145524220027.0 -0.07945153 -0.046492327 0.032281954 -0.05497502 0.0087927515 0.99801666 0.029381605
1542145524245005.0 -0.081783615 -0.0444043 0.030058963 -0.054234024 0.010881999 0.998026 0.029738897
1542145524270014.0 -0.085220315 -0.042522196 0.029968044 -0.052352026 0.01133629 0.998102 0.030384062
1542145524295046.0 -0.08527242 -0.0425762 0.031393584 -0.052709863 0.013830809 0.9980109 0.03169764
1542145524320088.0 -0.08419382 -0.044199467 0.028962119 -0.05296495 0.017036233 0.9979547 0.031478673
1542145524345138.0 -0.08555665 -0.044062503 0.024965947 -0.052723803 0.021913914 0.99783003 0.03279257
1542145524370180.0 -0.085522644 -0.04434374 0.02320242 -0.05422751 0.023945946 0.9976569 0.034159087
1542145524395211.0 -0.08677646 -0.04654567 0.020596823 -0.056685165 0.025958186 0.9974757 0.033990797
1542145524420231.0 -0.08898749 -0.046748046 0.017589526 -0.058429826 0.027331846 0.99736196 0.03328816
1542145524445233.0 -0.09155642 -0.045402687 0.018961618 -0.058911555 0.026929166 0.99737066 0.03249746
1542145524470211.0 -0.093681864 -0.045320645 0.01621857 -0.059471823 0.027612578 0.9973878 0.030304188
1542145524495163.0 -0.09713553 -0.045345716 0.014569237 -0.060967915 0.031546112 0.9972292 0.02866478
1542145524520095.0 -0.09939727 -0.045934103 0.01258753 -0.06435925 0.03542298 0.9969188 0.027497433
1542145524545003.0 -0.10234449 -0.04757035 0.008746506 -0.06865715 0.034780085 0.9966678 0.027018363
1542145524569892.0 -0.10833374 -0.05027165 0.005654405 -0.074456826 0.03296497 0.9962889 0.027892815
1542145524594765.0 -0.11452436 -0.05068589 0.0048483913 -0.08170538 0.02880523 0.9958042 0.029470718
1542145524619625.0 -0.12140322 -0.05301649 0.0018783705 -0.08913559 0.023827216 0.99527866 0.03012657
1542145524644477.0 -0.13071679 -0.055052266 0.0016332372 -0.09699637 0.019125123 0.9945741 0.032377254
1542145524669329.0 -0.1361763 -0.05635586 0.0004391509 -0.10808723 0.01525066 0.9933799 0.03579083
1542145524694180.0 -0.14414799 -0.05674521 0.0006271107 -0.11886252 0.010081499 0.9920929 0.039009277
1542145524719036.0 -0.15111442 -0.060052987 -0.00017634768 -0.13121195 0.0038094763 0.9905339 0.040144883
1542145524743911.0 -0.15950426 -0.060843073 0.0033628822 -0.14518589 -0.0019750593 0.9885698 0.040582906
1542145524768826.0 -0.1661089 -0.063132964 0.00319596 -0.16116033 -0.005379956 0.98608464 0.040440243
1542145524793800.0 -0.16980596 -0.06661324 0.0043513444 -0.17710721 -0.008787957 0.9832652 0.041777484
1542145524818862.0 -0.17269221 -0.07211108 0.0057461527 -0.1876462 -0.0133559005 0.9811302 0.0446554
1542145524844030.0 -0.16939583 -0.07910488 0.005890541 -0.19289526 -0.015302185 0.97989124 0.048686963
1542145524869308.0 -0.16598801 -0.08273565 0.011001149 -0.19326037 -0.012193974 0.9795193 0.05516985
1542145524894692.0 -0.16109483 -0.08820389 0.015055319 -0.18938693 -0.007901046 0.98007286 0.05939153
1542145524920163.0 -0.15473945 -0.091266625 0.018918898 -0.18326361 -0.0021166252 0.98098725 0.06382759
1542145524945697.0 -0.14511354 -0.093283206 0.021731222 -0.17773423 0.0040153107 0.9817906 0.06694592
1542145524971275.0 -0.13663742 -0.09363854 0.025150474 -0.17190379 0.007353328 0.9827301 0.068093725
1542145524996881.0 -0.1285772 -0.09303387 0.027990753 -0.1680554 0.008594937 0.9834503 0.06714983
1542145525022511.0 -0.1223196 -0.08989092 0.032910876 -0.16567457 0.009139692 0.98405856 0.06400905
1542145525048152.0 -0.118833475 -0.0849302 0.037232175 -0.16270413 0.0060921586 0.984873 0.059291027
1542145525073789.0 -0.116268694 -0.07828577 0.041123483 -0.16157243 0.0032562432 0.9854055 0.053477068
1542145525099412.0 -0.11369473 -0.07232765 0.043203596 -0.16278845 0.0027136079 0.98560745 0.045503333
1542145525125014.0 -0.11231084 -0.06297814 0.0488877 -0.16632588 -0.00014697367 0.9852998 0.03898714
1542145525150590.0 -0.11316678 -0.054878697 0.052366797 -0.169699 -0.005501893 0.98499805 0.030834973
1542145525176143.0 -0.114922374 -0.049903832 0.04752123 -0.17354846 -0.012433901 0.98454815 0.01977917
1542145525201670.0 -0.11832703 -0.04267712 0.049144678 -0.17756288 -0.023612477 0.98374444 0.012682964
1542145525227170.0 -0.122507215 -0.037244465 0.050451342 -0.18148348 -0.031647068 0.9828547 0.0076694116
1542145525252648.0 -0.12689602 -0.032630287 0.052504107 -0.18537754 -0.035755757 0.98200107 0.00554782
1542145525278118.0 -0.13011271 -0.031222375 0.05090523 -0.18806829 -0.03629801 0.9814744 0.0045595043
1542145525303588.0 -0.13189389 -0.033061944 0.05546707 -0.18866101 -0.03668093 0.98133236 0.0069535794
1542145525329065.0 -0.13348164 -0.03793845 0.05827379 -0.18749495 -0.033384744 0.98163486 0.011141848
1542145525354549.0 -0.13281466 -0.0448595 0.059452057 -0.18847859 -0.029731117 0.9814435 0.018988697
1542145525380029.0 -0.132723 -0.05319564 0.059634138 -0.18924406 -0.025954828 0.98115784 0.029022772
1542145525405496.0 -0.13432223 -0.063513465 0.06073807 -0.18923254 -0.021800883 0.98085254 0.040547114
1542145525430953.0 -0.13746832 -0.07789528 0.056928474 -0.18919104 -0.01822033 0.9803545 0.052724034
1542145525456405.0 -0.13980947 -0.09244998 0.056620847 -0.18824026 -0.01696327 0.9796857 0.067035966
1542145525481864.0 -0.14000076 -0.10642728 0.052895658 -0.18570907 -0.017038431 0.9793059 0.07862428
1542145525507351.0 -0.13780181 -0.12261618 0.04835247 -0.18239562 -0.014001319 0.97932476 0.086364485
1542145525532890.0 -0.13539726 -0.13308215 0.046443347 -0.17587647 -0.007870603 0.97996044 0.09318322
1542145525558489.0 -0.12539439 -0.14312913 0.04249007 -0.16697836 -0.002211257 0.9812154 0.09659024
1542145525584164.0 -0.12067362 -0.14829817 0.041564904 -0.15421122 0.0047584553 0.9829973 0.09956179
1542145525609895.0 -0.11171676 -0.15264001 0.039469182 -0.14196296 0.013039645 0.98480403 0.099184565
1542145525635630.0 -0.10456946 -0.15422633 0.03791292 -0.12965725 0.021704132 0.986761 0.094977215
1542145525661292.0 -0.094461836 -0.14730833 0.04410758 -0.120008096 0.02741154 0.9882614 0.0904774
1542145525686801.0 -0.08453797 -0.1411786 0.046222426 -0.11167731 0.028248938 0.98996955 0.081795596
1542145525712120.0 -0.077687 -0.13399504 0.048874445 -0.10240608 0.023653438 0.99195594 0.070547484
1542145525737264.0 -0.06994603 -0.11956093 0.056198347 -0.090839975 0.013031854 0.9939204 0.06083333
1542145525762267.0 -0.06225546 -0.105204955 0.06133503 -0.078387715 -0.00036632805 0.9957145 0.049070727
1542145525787155.0 -0.05285201 -0.0904148 0.06452612 -0.068572365 -0.0051268497 0.99699384 0.035704907
1542145525811940.0 -0.04777271 -0.07452856 0.067072675 -0.06143009 -0.001663069 0.9978467 0.022923773
1542145525836630.0 -0.046387155 -0.056571785 0.071238324 -0.056895792 0.0026073 0.99832606 0.010057139
1542145525861246.0 -0.047766753 -0.04027905 0.07427084 -0.054291476 -0.002550913 0.9985094 -0.0050036446
1542145525885818.0 -0.053474113 -0.024611067 0.07531815 -0.056851596 -0.006054437 0.9982366 -0.015967267
1542145525910383.0 -0.06401489 -0.012398973 0.07411604 -0.06310901 -0.00790042 0.9977265 -0.02228625
1542145525934986.0 -0.078462556 -0.0016042105 0.07629611 -0.07284925 -0.00953582 0.99693596 -0.026848778
1542145525959665.0 -0.097468026 0.0075715045 0.07775201 -0.0843971 -0.0068922085 0.9959035 -0.031715985
1542145525984441.0 -0.12009546 0.016284127 0.07873489 -0.09781285 -0.00107529 0.9945651 -0.035662033
1542145526009327.0 -0.14539808 0.023327995 0.08036906 -0.112671435 0.0035348309 0.9928703 -0.038746983
1542145526034325.0 -0.17197603 0.027969511 0.08170758 -0.12825105 0.008767197 0.9908988 -0.039930396
1542145526059439.0 -0.19837755 0.02942735 0.08271925 -0.14345677 0.012595269 0.9888258 -0.0385356
1542145526084674.0 -0.22352087 0.028051505 0.08393835 -0.15798254 0.013999601 0.98670924 -0.03536316
1542145526110014.0 -0.24623784 0.024557788 0.08548955 -0.17114377 0.017206544 0.9845985 -0.03129794
1542145526135423.0 -0.2669087 0.01920264 0.086954385 -0.18000787 0.017212393 0.9831289 -0.027542688
1542145526160848.0 -0.2846727 0.011507297 0.08785329 -0.18665242 0.017173674 0.9819809 -0.024073562
1542145526186233.0 -0.29746374 0.0020260345 0.089977436 -0.19472 0.021953871 0.98044777 -0.018010274
1542145526211551.0 -0.30708164 -0.010409532 0.0902587 -0.20041135 0.026138674 0.97932094 -0.009088213
1542145526236773.0 -0.31231114 -0.0233171 0.09106055 -0.20408605 0.026303515 0.97859585 0.002685642
1542145526261873.0 -0.31469378 -0.036139376 0.09183597 -0.20628662 0.022457086 0.978149 0.012890895
1542145526286840.0 -0.31216767 -0.046681907 0.09199725 -0.20788138 0.018208029 0.9777822 0.019897295
1542145526311710.0 -0.30551204 -0.054157462 0.093190394 -0.20853029 0.018490864 0.9775135 0.02531137
1542145526336540.0 -0.29739133 -0.059627485 0.09288167 -0.20439316 0.017954646 0.97833455 0.027616857
1542145526361379.0 -0.28476104 -0.06439264 0.09252897 -0.19783145 0.012344265 0.9797447 0.028474124
1542145526386265.0 -0.26948494 -0.06749072 0.092515826 -0.19022754 0.003116717 0.9813263 0.028328437
1542145526411226.0 -0.25280088 -0.068248585 0.09201108 -0.18250573 -0.0035306162 0.982796 0.028130682
1542145526436274.0 -0.23424529 -0.06767063 0.0917093 -0.17316352 -0.0089746 0.98447496 0.02725767
1542145526461419.0 -0.21209621 -0.06558579 0.09133879 -0.16249473 -0.013755813 0.98630804 0.02455269
1542145526486665.0 -0.18840423 -0.06185329 0.091915034 -0.14975804 -0.01913337 0.9883319 0.020161178
1542145526511997.0 -0.1632106 -0.057652075 0.09263639 -0.1345663 -0.022727305 0.990527 0.0152223315
1542145526537376.0 -0.13667126 -0.053310763 0.09372873 -0.116686165 -0.024778316 0.99279606 0.011240914
1542145526562736.0 -0.10889825 -0.048571814 0.095128715 -0.0972627 -0.026423704 0.99487144 0.008525403
1542145526588031.0 -0.08284612 -0.04452033 0.09688917 -0.07754225 -0.027564732 0.9965853 0.0067145657
1542145526613235.0 -0.059150126 -0.040291138 0.09645448 -0.060176585 -0.026936483 0.9978141 0.0044982973
1542145526638354.0 -0.038449325 -0.03543895 0.094734356 -0.046222776 -0.025302697 0.9986096 0.0014791143
1542145526663384.0 -0.021228556 -0.030803533 0.09259404 -0.03550699 -0.023531843 0.9990897 -0.0023276971
1542145526688324.0 -0.008742078 -0.026168223 0.091035604 -0.027151242 -0.02210929 0.99936914 -0.005955216
1542145526713185.0 0.00060201995 -0.02285241 0.08796047 -0.022906104 -0.023314545 0.9994222 -0.009329991
1542145526737991.0 0.004549871 -0.019594453 0.08490084 -0.020945605 -0.02543433 0.99938005 -0.012407971
1542145526762770.0 0.0013343489 -0.015490323 0.08589883 -0.023039315 -0.025706412 0.99930733 -0.01390374
1542145526787549.0 -0.006962871 -0.010928845 0.08821214 -0.028097318 -0.0240021 0.99921733 -0.01411508
1542145526812353.0 -0.021204267 -0.0063950876 0.091033 -0.033428073 -0.021921776 0.9991164 -0.012981217
1542145526837195.0 -0.032678567 -0.0041235085 0.087801285 -0.0425966 -0.01950536 0.99880815 -0.013692272
1542145526862081.0 -0.04951424 -0.0016442194 0.08719752 -0.051717732 -0.018083423 0.9983972 -0.01419356
1542145526887016.0 -0.06950979 -0.0012581486 0.08542032 -0.063292965 -0.01444481 0.99778914 -0.014219386
1542145526912006.0 -0.092192724 -0.0013439616 0.08482233 -0.0761957 -0.010616547 0.9969593 -0.012393186
1542145526937049.0 -0.117271684 -0.0021420047 0.08457232 -0.08912858 -0.009480187 0.9959288 -0.009591091
1542145526962123.0 -0.14345948 -0.004746207 0.08341201 -0.10226784 -0.01191697 0.994665 -0.006392358
1542145526987198.0 -0.16938862 -0.007677666 0.08242688 -0.114761166 -0.012511178 0.99331355 -0.0012546752
1542145527012255.0 -0.19386403 -0.01020569 0.08077077 -0.12624294 -0.008580213 0.99195415 0.0040122624
1542145527037284.0 -0.21577659 -0.01350571 0.07814452 -0.13551171 -0.00030732006 0.9907327 0.009233391
1542145527062279.0 -0.23279426 -0.016336344 0.075899266 -0.14468321 0.009547616 0.9893382 0.013623371
1542145527087234.0 -0.24774022 -0.017747782 0.07378468 -0.1496118 0.019589797 0.9884324 0.015295734
1542145527112162.0 -0.25785288 -0.01696281 0.07115773 -0.15237501 0.031741004 0.9876961 0.015192893
1542145527137097.0 -0.26361966 -0.015692066 0.06710657 -0.15235029 0.043197982 0.9872948 0.013129219
1542145527162061.0 -0.26600453 -0.014028812 0.061894517 -0.15069003 0.04905585 0.98730564 0.010660774
1542145527187064.0 -0.2636438 -0.010361727 0.059529193 -0.14861637 0.052492168 0.98744714 0.010288835
1542145527212085.0 -0.25996944 -0.00827973 0.05460607 -0.14568673 0.056873817 0.9876694 0.0070705106
1542145527237094.0 -0.252329 -0.0061988197 0.049411923 -0.1409988 0.05872799 0.9882595 0.0036756913
1542145527262070.0 -0.24535121 -0.0033196625 0.044396203 -0.13252588 0.056576967 0.98955894 0.003029822
1542145527287005.0 -0.23895639 -0.0018990806 0.03653388 -0.12598751 0.053857125 0.99055827 0.0045818524
1542145527311897.0 -0.23141035 0.00020301517 0.029334435 -0.12290025 0.049343124 0.991169 0.0067024683
1542145527336757.0 -0.21961258 0.0030464877 0.020711277 -0.12576921 0.037916463 0.99131507 0.0062410766
1542145527361591.0 -0.21326378 0.004768887 0.015445175 -0.12320338 0.024529252 0.9920729 0.0032741544
1542145527386412.0 -0.20596626 0.007562326 0.010724725 -0.12115928 0.014462488 0.9925276 -0.0004595362
1542145527411230.0 -0.19843578 0.0115792295 0.0073603583 -0.11684636 0.007601565 0.9931071 -0.0052496498
1542145527436059.0 -0.18922396 0.013300862 0.0052041207 -0.1110099 0.0034119713 0.9937364 -0.012380386
1542145527460912.0 -0.18051955 0.013595907 0.00464705 -0.10154904 0.0042370385 0.99466866 -0.01744057
1542145527485803.0 -0.17230135 0.013338886 0.0057765204 -0.09116365 0.01054863 0.99558955 -0.019476749
1542145527510737.0 -0.16576095 0.01087697 0.009938274 -0.08291891 0.020293746 0.99611443 -0.02165129
1542145527535705.0 -0.16003491 0.00900282 0.0175432 -0.07870234 0.023892526 0.99629265 -0.02522138
1542145527560685.0 -0.15683153 0.00535468 0.027102174 -0.07454749 0.023675976 0.9964762 -0.030289253
1542145527585658.0 -0.15413375 0.00010795618 0.03925013 -0.07090665 0.023356812 0.99668753 -0.03225939
1542145527610630.0 -0.15394624 -0.007514229 0.052807614 -0.0675326 0.024483757 0.9969946 -0.029013338
1542145527635615.0 -0.15294449 -0.017771838 0.0676152 -0.06446299 0.021582967 0.99740684 -0.023628613
1542145527660613.0 -0.15291592 -0.028522076 0.08239543 -0.06002824 0.016553042 0.9979194 -0.016723111
1542145527685612.0 -0.15235148 -0.0405448 0.098851286 -0.058114097 0.014126947 0.998172 -0.008718477
1542145527710586.0 -0.15068719 -0.052040577 0.11510965 -0.057409294 0.018362436 0.99818105 -0.0013104569
1542145527735529.0 -0.14691433 -0.061877947 0.13151363 -0.057839688 0.022019507 0.998083 0.00019511879
1542145527760456.0 -0.1453905 -0.06945944 0.1477499 -0.05313498 0.020670082 0.99836326 -0.004514456
1542145527785376.0 -0.14280713 -0.0780109 0.16547008 -0.05052532 0.026572535 0.9983432 -0.0072091324
1542145527810290.0 -0.14089538 -0.08709797 0.17973876 -0.051512383 0.03861944 0.9978909 -0.008293403
1542145527835202.0 -0.1396859 -0.095661275 0.1963129 -0.05467403 0.045210592 0.99743813 -0.009169138
1542145527860133.0 -0.14110366 -0.10251004 0.21530247 -0.051419403 0.038641322 0.99788696 -0.0091951825
1542145527885120.0 -0.13880864 -0.110349 0.23258841 -0.050672777 0.030281743 0.998224 -0.00800534
1542145527910189.0 -0.13740161 -0.117258444 0.24730735 -0.051864877 0.02902515 0.998221 -0.004748301
1542145527935346.0 -0.13780306 -0.12278012 0.26467592 -0.0560219 0.030216476 0.9979618 -0.0045528575
1542145527960588.0 -0.14011016 -0.12576419 0.28109252 -0.05950766 0.026048336 0.9978616 -0.007245396
1542145527985907.0 -0.1396888 -0.12877232 0.29573303 -0.062490672 0.015088357 0.9978923 -0.008846523
1542145528011295.0 -0.14128426 -0.13153496 0.30742085 -0.066393256 0.007606688 0.99774045 -0.0069300146
1542145528036747.0 -0.14193735 -0.13279067 0.32219735 -0.07494588 0.0014276222 0.99717396 -0.005026238
1542145528062253.0 -0.14647019 -0.13330692 0.3326317 -0.08036026 -0.0026204376 0.99676025 -0.0021308258
1542145528087825.0 -0.14861251 -0.13352105 0.33563322 -0.08568322 -0.0076823984 0.996292 -0.0012909268
1542145528113493.0 -0.15173268 -0.13085978 0.34242257 -0.09487682 -0.0072405655 0.9954627 0.00017439105
1542145528139260.0 -0.15646829 -0.12846465 0.34423566 -0.104046054 -0.004237903 0.99456286 0.0011326778
1542145528165111.0 -0.16013356 -0.12477563 0.34381187 -0.1161805 4.4731474e-05 0.9932268 0.0016124382
1542145528191023.0 -0.16628145 -0.12031652 0.34079587 -0.12752937 0.001373996 0.99182564 0.0040401234
1542145528216968.0 -0.17150283 -0.115287125 0.33274558 -0.14122464 0.0039709187 0.9899469 0.0067069917
1542145528242924.0 -0.17726688 -0.1092449 0.32548353 -0.15508108 0.0059461277 0.9878457 0.008680284
1542145528268880.0 -0.1830677 -0.10305334 0.31497353 -0.1665459 0.0053665377 0.9859469 0.011935536
1542145528294842.0 -0.18643232 -0.09619287 0.2992028 -0.17789091 0.0054043173 0.9839314 0.014305539
1542145528320809.0 -0.19052085 -0.08714032 0.28721073 -0.19066957 0.006734475 0.9815169 0.014978419
1542145528346777.0 -0.19396704 -0.07725065 0.26944315 -0.20275398 0.003602771 0.9791361 0.013051786
1542145528372732.0 -0.19730383 -0.067526646 0.25190705 -0.21470506 -0.0009762849 0.97662556 0.010168027
1542145528398654.0 -0.20120402 -0.057155475 0.2317783 -0.22454785 -0.0054901624 0.9744048 0.009135472
1542145528424519.0 -0.20349833 -0.04647098 0.21117008 -0.23310189 -0.0062709725 0.9724192 0.005017625
1542145528450318.0 -0.20565495 -0.034794662 0.19089805 -0.23754896 -0.003654315 0.971363 -0.0033463542
1542145528476058.0 -0.20721824 -0.022215586 0.17014681 -0.23892288 0.0032160922 0.9709012 -0.016010383
1542145528501743.0 -0.20838287 -0.01001071 0.14992155 -0.23831211 0.012771573 0.9706439 -0.029911917
1542145528527377.0 -0.21105927 0.0017166999 0.13042213 -0.23679951 0.023435213 0.9703225 -0.043023862
1542145528552967.0 -0.21558566 0.011515213 0.111594066 -0.23506589 0.032821756 0.96986985 -0.05494764
1542145528578524.0 -0.22359905 0.019386537 0.092770115 -0.23542039 0.041813876 0.968834 -0.06472713
1542145528604065.0 -0.2349535 0.024868254 0.07767515 -0.23990718 0.047696836 0.9670195 -0.071013235
1542145528629649.0 -0.24915461 0.02825737 0.06385258 -0.2474069 0.05193658 0.96469766 -0.073830105
1542145528655341.0 -0.26588234 0.028893067 0.050760157 -0.2565993 0.05673067 0.96204543 -0.073532626
1542145528681180.0 -0.28454483 0.027369488 0.03814453 -0.26766235 0.06494631 0.95866823 -0.071372844
1542145528707154.0 -0.30528677 0.024954863 0.028518803 -0.2793491 0.07540184 0.9547196 -0.069203615
1542145528733225.0 -0.32538772 0.020903822 0.021657653 -0.2888906 0.08211208 0.9514868 -0.06687839
1542145528759365.0 -0.34689105 0.014861837 0.017194953 -0.29443648 0.088739805 0.9493646 -0.064337075
1542145528785586.0 -0.36778483 0.006971132 0.015355159 -0.300646 0.10342642 0.94616485 -0.060721505
1542145528811918.0 -0.38877058 -0.00423442 0.016442586 -0.30738634 0.11626825 0.94289535 -0.05425587
1542145528838370.0 -0.4085794 -0.018763136 0.019391667 -0.3126353 0.12053832 0.94124836 -0.04220555
1542145528864912.0 -0.42663187 -0.034109432 0.025411453 -0.31672183 0.120744824 0.9404414 -0.026037302
1542145528891488.0 -0.44097906 -0.05037362 0.03387721 -0.31636232 0.12017825 0.94091845 -0.012028097
1542145528917988.0 -0.4523356 -0.06426486 0.046830617 -0.3089561 0.12626378 0.9426527 -0.003093525
1542145528944267.0 -0.46022144 -0.07695031 0.061932374 -0.2972117 0.13405813 0.9453533 -0.00083401124
1542145528970247.0 -0.46599358 -0.08734666 0.07656516 -0.2807735 0.14376308 0.9489453 -0.001188251
1542145528995944.0 -0.46864605 -0.097263575 0.09240669 -0.26070565 0.15196857 0.9533789 -0.0026170122
1542145529021432.0 -0.46866563 -0.1076287 0.11224131 -0.23808162 0.15894142 0.95814776 -0.0027745687
1542145529046780.0 -0.4646936 -0.11649875 0.13190646 -0.21761757 0.16783145 0.9614954 -0.0013784716
1542145529072022.0 -0.4609809 -0.123482145 0.14782763 -0.19575949 0.17735626 0.9644802 -0.0010169576
1542145529097161.0 -0.4529284 -0.12940827 0.16006207 -0.17557992 0.1899529 0.9659446 -0.006385416
1542145529122175.0 -0.44549298 -0.13142313 0.17481911 -0.15501525 0.20042047 0.9672643 -0.014208217
1542145529147040.0 -0.43787903 -0.13339354 0.18540488 -0.13304578 0.2179713 0.9665528 -0.023731137
1542145529171743.0 -0.42773706 -0.13327715 0.19599679 -0.1159853 0.23721576 0.9640054 -0.03113884
1542145529196307.0 -0.42000037 -0.13493392 0.20521154 -0.096310124 0.24209759 0.9647441 -0.037175335
1542145529220766.0 -0.4099887 -0.13635568 0.21249174 -0.07830295 0.2448641 0.96560526 -0.03894655
1542145529245160.0 -0.39753014 -0.13880157 0.21454664 -0.064554065 0.24770856 0.96598524 -0.036687247
1542145529269515.0 -0.38865718 -0.14054982 0.21855198 -0.05252838 0.2458482 0.96727306 -0.034385543
1542145529293854.0 -0.3801536 -0.14161156 0.21909404 -0.042954605 0.24228415 0.968696 -0.032884512
1542145529318192.0 -0.37370312 -0.14214015 0.21734451 -0.03525736 0.24040942 0.96950936 -0.03181042
1542145529342540.0 -0.36998788 -0.14466304 0.20604005 -0.027136335 0.24078757 0.96976066 -0.029142212
1542145529366908.0 -0.36662236 -0.144317 0.20036429 -0.023964444 0.24197857 0.9696158 -0.02678282
1542145529391296.0 -0.36465538 -0.14338344 0.19071639 -0.02443545 0.24439177 0.96907073 -0.024032323
1542145529415704.0 -0.3651654 -0.14203341 0.1766607 -0.02672541 0.24351075 0.96925676 -0.023015756
1542145529440132.0 -0.36695534 -0.14098214 0.16116734 -0.031213166 0.24494737 0.96878123 -0.022125304
1542145529464572.0 -0.3708307 -0.13845879 0.14388484 -0.0369555 0.24562457 0.96846294 -0.019556284
1542145529489019.0 -0.3765866 -0.13464808 0.12521008 -0.04460674 0.24401127 0.9685759 -0.01815067
1542145529513471.0 -0.3852726 -0.12992571 0.09748006 -0.054215018 0.24052514 0.9689622 -0.017907914
1542145529537916.0 -0.39447612 -0.12411398 0.07883252 -0.07103805 0.23854268 0.9683596 -0.01818621
1542145529562345.0 -0.40297958 -0.117309704 0.058548328 -0.09095284 0.24104574 0.9660137 -0.021025378
1542145529586751.0 -0.40905744 -0.10986273 0.03917482 -0.10940024 0.24034292 0.96411365 -0.027417844
1542145529611125.0 -0.41305447 -0.102315776 0.020316632 -0.12407669 0.24068244 0.9619862 -0.035489757
1542145529635464.0 -0.41342443 -0.0955043 0.006194814 -0.13379923 0.24756289 0.9587173 -0.040885694
1542145529659792.0 -0.4098877 -0.09087591 -0.00939699 -0.13698615 0.25207543 0.9569799 -0.043386154
1542145529684144.0 -0.4053439 -0.08743611 -0.024208028 -0.13576129 0.25701848 0.95588213 -0.04242328
1542145529708552.0 -0.39842162 -0.08512363 -0.0361391 -0.13383883 0.2631045 0.9546129 -0.039716616
1542145529733043.0 -0.39207196 -0.08310288 -0.047486626 -0.13060768 0.26321942 0.9551492 -0.036705233
1542145529757626.0 -0.3852982 -0.077619255 -0.05092119 -0.12583597 0.26049158 0.95666236 -0.033267092
1542145529782296.0 -0.37570202 -0.07433931 -0.054284584 -0.119605936 0.2588655 0.9579804 -0.030931473
1542145529807050.0 -0.36318338 -0.06907413 -0.05150528 -0.112467535 0.2577805 0.9591416 -0.03078377
1542145529831878.0 -0.3619467 -0.06858119 -0.047721405 -0.10200523 0.25518742 0.9609353 -0.032829743
1542145529856761.0 -0.34146142 -0.06101107 -0.037091125 -0.09260407 0.24798441 0.9636425 -0.036352497
1542145529881677.0 -0.3360691 -0.06388648 -0.037622143 -0.07118638 0.24108018 0.96692634 -0.0432008
1542145529906610.0 -0.31191686 -0.055270445 -0.027652802 -0.050056115 0.24036282 0.9684087 -0.043642636
1542145529931528.0 -0.28723758 -0.049807556 -0.0069869813 -0.023613058 0.24845 0.96733254 -0.044529233
1542145529956404.0 -0.2622259 -0.042865045 0.006533469 -0.0035360397 0.24396366 0.96856487 -0.04848997
1542145529981229.0 -0.23684146 -0.03794171 0.021288916 0.01853975 0.22355865 0.97287166 -0.05655639
1542145530006026.0 -0.21013905 -0.03541798 0.034682505 0.042299043 0.21461149 0.97427654 -0.05420335
1542145530030839.0 -0.18401758 -0.03376884 0.046703506 0.069660105 0.21351223 0.9735146 -0.04277072
1542145530055709.0 -0.15991537 -0.031390846 0.058349427 0.09337437 0.21629488 0.9712937 -0.032960065
1542145530080681.0 -0.13755214 -0.027454467 0.06846023 0.106762186 0.21315616 0.9704246 -0.03797864
1542145530105783.0 -0.11850296 -0.021862665 0.08251454 0.11390035 0.20889711 0.9699914 -0.050055075
1542145530131019.0 -0.10167384 -0.017589591 0.09351499 0.115696326 0.20881253 0.9691922 -0.060648665
1542145530156372.0 -0.08836768 -0.014753845 0.10588429 0.112434894 0.21016079 0.96829414 -0.07481542
1542145530181836.0 -0.076108046 -0.012592677 0.115786865 0.11049846 0.2058703 0.96845406 -0.08662749
1542145530207435.0 -0.06555848 -0.012073744 0.123612136 0.109459914 0.20483693 0.96828437 -0.092118144
1542145530233213.0 -0.056363925 -0.011518011 0.13066503 0.110335365 0.20340925 0.9683775 -0.09325186
1542145530259217.0 -0.049274653 -0.012017332 0.13613278 0.11406646 0.19698596 0.9691815 -0.094194844
1542145530285487.0 -0.04409152 -0.013710825 0.13859087 0.11824682 0.18832396 0.97033256 -0.09490318
1542145530312050.0 -0.04115339 -0.015681962 0.14148131 0.12148192 0.18466242 0.97081727 -0.093036436
1542145530338884.0 -0.04070764 -0.017558908 0.14360459 0.12380069 0.18315901 0.97092503 -0.09181893
1542145530365900.0 -0.044300552 -0.019619592 0.14452721 0.12172256 0.18881164 0.9704982 -0.0875615
1542145530392976.0 -0.0500234 -0.022568777 0.14637174 0.1122928 0.19025943 0.97206897 -0.07920545
1542145530420001.0 -0.059979003 -0.025939967 0.14606524 0.09606654 0.18912652 0.97504085 -0.06555676
1542145530446900.0 -0.07332791 -0.029083591 0.14580278 0.07737275 0.18080746 0.97890997 -0.0552943
1542145530473583.0 -0.08887761 -0.03289295 0.14386992 0.058578648 0.1724179 0.98220104 -0.04606339
1542145530499894.0 -0.10787694 -0.036984283 0.13941662 0.03899623 0.17060658 0.9839257 -0.035537872
1542145530525727.0 -0.1283331 -0.040197685 0.13324341 0.020257784 0.16937669 0.98498327 -0.026632195
1542145530551102.0 -0.1497711 -0.043401826 0.12733646 0.0035281137 0.16522135 0.9860258 -0.021038331
1542145530576137.0 -0.1720404 -0.0453358 0.12339677 -0.015324628 0.16207443 0.98646975 -0.019355506
1542145530600987.0 -0.1935605 -0.04682015 0.11753756 -0.0324749 0.15884066 0.98652536 -0.021972336
1542145530625798.0 -0.21503717 -0.049871862 0.11073012 -0.044931587 0.16028108 0.985814 -0.021495271
1542145530650667.0 -0.2368781 -0.0551404 0.10400824 -0.057524443 0.16223574 0.98491055 -0.017937193
1542145530675606.0 -0.25731978 -0.062068313 0.099482805 -0.07031361 0.15394278 0.9854885 -0.01304413
1542145530700562.0 -0.27681023 -0.0705892 0.096910246 -0.08370029 0.1451812 0.98584455 -0.005214605
1542145530725463.0 -0.29347628 -0.07996346 0.09951221 -0.09593779 0.13377954 0.98634976 0.0036307308
1542145530750271.0 -0.3043707 -0.090456076 0.10085821 -0.100467786 0.11965677 0.9876304 0.013216835
1542145530775010.0 -0.31166145 -0.09917893 0.107441165 -0.09708377 0.11924189 0.9878231 0.02370009
1542145530799718.0 -0.31334734 -0.10735427 0.11514818 -0.088910356 0.12881427 0.9871072 0.033484247
1542145530824425.0 -0.31087238 -0.11368975 0.11911247 -0.07421328 0.1366084 0.9870243 0.040169578
1542145530849146.0 -0.30561864 -0.116957 0.13301173 -0.05430323 0.14225556 0.9875019 0.040676653
1542145530873891.0 -0.2976111 -0.120529905 0.14138624 -0.034817528 0.1518599 0.98718774 0.03444945
1542145530898656.0 -0.2868186 -0.12113529 0.1559343 -0.015435249 0.15815115 0.9869253 0.026992582
1542145530923421.0 -0.27437225 -0.12194507 0.16877438 0.0044196527 0.16866185 0.9854481 0.02063117
1542145530948167.0 -0.26097357 -0.121391356 0.1828907 0.024709094 0.18325302 0.9825973 0.017619042
1542145530972895.0 -0.24608858 -0.119028784 0.19721372 0.04251304 0.2007639 0.978528 0.01921924
1542145530997625.0 -0.23153563 -0.11781296 0.20907867 0.05906162 0.20739084 0.9763381 0.016270362
1542145531022394.0 -0.21533848 -0.117016435 0.21913144 0.078481525 0.19657686 0.9773015 0.008949212
1542145531047251.0 -0.19986859 -0.11747271 0.22829251 0.09801648 0.18865782 0.9770743 0.011260668
1542145531072255.0 -0.18648952 -0.118083544 0.23561552 0.113666326 0.18595132 0.97576076 0.0198269
1542145531097418.0 -0.173552 -0.119718455 0.24290648 0.1274937 0.17316368 0.9761486 0.029893102
1542145531122689.0 -0.16364321 -0.12186369 0.2507379 0.13794756 0.15579543 0.97733456 0.038928
1542145531147986.0 -0.15669651 -0.12327521 0.25705546 0.14415729 0.14585982 0.9775587 0.048194062
1542145531173251.0 -0.15012717 -0.12289803 0.25736317 0.14297707 0.13997237 0.97832286 0.05338326
1542145531198475.0 -0.15044592 -0.12298276 0.2640528 0.13965455 0.13076356 0.98020697 0.050910715
1542145531223685.0 -0.14518796 -0.12153217 0.26000974 0.12850857 0.13256225 0.9817057 0.046548836
1542145531248919.0 -0.1488588 -0.12057529 0.2567019 0.11709733 0.13899952 0.98241276 0.042809237
1542145531274204.0 -0.15257448 -0.11880105 0.25163433 0.104877785 0.1467822 0.98273015 0.041195568
1542145531299551.0 -0.16094548 -0.11777332 0.24284375 0.09635616 0.14844324 0.98336697 0.040860772
1542145531324952.0 -0.16906817 -0.11581199 0.23287855 0.08815344 0.14637153 0.9843639 0.04280259
1542145531350380.0 -0.18116929 -0.112976134 0.22250232 0.077253595 0.14710678 0.9851952 0.042212605
1542145531375801.0 -0.19459301 -0.10877597 0.20715514 0.062862046 0.14830597 0.98622984 0.037475947
1542145531401179.0 -0.210184 -0.10375049 0.1897025 0.042540733 0.1533874 0.98676014 0.031098172
1542145531426489.0 -0.22964422 -0.09915146 0.17203464 0.018473232 0.1537468 0.9876034 0.025694266
1542145531451731.0 -0.24986935 -0.09523 0.15406276 -0.0076399683 0.14586058 0.98906267 0.02052962
1542145531476912.0 -0.26974282 -0.09204843 0.13413982 -0.031811535 0.13846041 0.98963463 0.020979095
1542145531502015.0 -0.28878236 -0.08932298 0.113661565 -0.051275697 0.13825521 0.9886741 0.027926935
1542145531527024.0 -0.30588612 -0.08650357 0.093226366 -0.06519824 0.1394071 0.98747987 0.03461856
1542145531551923.0 -0.32127202 -0.08400505 0.07328018 -0.0755672 0.14055759 0.98651433 0.03636918
1542145531576707.0 -0.33587536 -0.08019005 0.0556152 -0.084527574 0.14633994 0.9849904 0.035123054
1542145531601395.0 -0.34917226 -0.07647057 0.03713616 -0.09423492 0.15392016 0.98309326 0.030919319
1542145531626016.0 -0.36071306 -0.073290356 0.02051023 -0.10315525 0.16027205 0.9813144 0.026341781
1542145531650603.0 -0.37156728 -0.07097056 0.007182595 -0.11197612 0.16285868 0.9800322 0.021801917
1542145531675179.0 -0.381506 -0.06977312 -0.0055707423 -0.12226969 0.16472608 0.9785357 0.019578997
1542145531699759.0 -0.39069527 -0.069833845 -0.014713965 -0.13298163 0.16662341 0.97678995 0.020833638
1542145531724333.0 -0.39836186 -0.07153945 -0.02175181 -0.14103557 0.16527429 0.97580683 0.024380723
1542145531748899.0 -0.40535498 -0.07335675 -0.027255725 -0.14596288 0.163196 0.9753317 0.028107578
1542145531773470.0 -0.40882403 -0.075132295 -0.029857673 -0.15001567 0.16183367 0.9748413 0.031457856
1542145531798077.0 -0.40917867 -0.07820602 -0.029837158 -0.15164196 0.15947337 0.9748829 0.034299146
1542145531822752.0 -0.40600604 -0.0810271 -0.025138495 -0.14868578 0.15754916 0.97555804 0.036841042
1542145531847506.0 -0.40054116 -0.08323819 -0.018735271 -0.14047225 0.15942685 0.97642994 0.037884638
1542145531872332.0 -0.3914079 -0.08552197 -0.010080372 -0.13030194 0.16435657 0.9770296 0.03770216
1542145531897211.0 -0.3799652 -0.08706091 -0.00096169766 -0.118468925 0.16904491 0.97780764 0.035793845
1542145531922118.0 -0.36569428 -0.08904062 0.011372774 -0.107010536 0.17431402 0.9782903 0.033339567
1542145531947015.0 -0.3500389 -0.0908044 0.025861358 -0.09823325 0.17912132 0.9784488 0.030062579
1542145531971868.0 -0.33322626 -0.09144667 0.041172914 -0.09189677 0.18364054 0.9783699 0.02497133
1542145531996658.0 -0.3148804 -0.091669194 0.056911424 -0.08566803 0.19041826 0.9778361 0.015443359
1542145532021397.0 -0.29679453 -0.09094562 0.073775664 -0.08384975 0.19918069 0.97636163 0.0037746618
1542145532046099.0 -0.2788251 -0.0900223 0.09038919 -0.090190925 0.20429108 0.9747044 -0.009068764
1542145532070787.0 -0.26283842 -0.090305306 0.106617294 -0.09938833 0.20230015 0.9739818 -0.023583317
1542145532095479.0 -0.24525031 -0.09147855 0.121707395 -0.10882392 0.19802916 0.9734761 -0.035862826
1542145532120187.0 -0.22707662 -0.095418245 0.13391937 -0.115134634 0.19751413 0.9726949 -0.03996154
1542145532144927.0 -0.21004927 -0.10014747 0.1488553 -0.11996542 0.19356036 0.9729222 -0.039561156
1542145532169731.0 -0.19347231 -0.10512329 0.16027921 -0.12815678 0.18246527 0.97391427 -0.042111713
1542145532194630.0 -0.17818815 -0.11018992 0.17017795 -0.1388081 0.16564941 0.975097 -0.049784977
1542145532219646.0 -0.16332929 -0.11496304 0.17962793 -0.14643076 0.14884804 0.9762057 -0.058522012
1542145532244774.0 -0.1476279 -0.12141406 0.18625103 -0.15072761 0.14131066 0.9764433 -0.062218033
1542145532270006.0 -0.13495101 -0.12880504 0.18886653 -0.14996062 0.13725562 0.9773598 -0.058655996
1542145532295340.0 -0.122922115 -0.1355691 0.19097278 -0.14905816 0.13018645 0.97900116 -0.048886973
1542145532320766.0 -0.113272995 -0.14286074 0.19124083 -0.14935036 0.11782361 0.98097646 -0.038694747
1542145532346239.0 -0.107741706 -0.14831853 0.19165128 -0.15231574 0.10514567 0.982399 -0.025230857
1542145532371711.0 -0.103940845 -0.15457624 0.18883598 -0.15543656 0.09411669 0.9833291 -0.0067390413
1542145532397163.0 -0.10271272 -0.15841821 0.18411104 -0.15736853 0.08544037 0.9837859 0.010022209
1542145532422600.0 -0.10316174 -0.1592823 0.1797172 -0.1573736 0.07979555 0.98407644 0.021444254
1542145532448039.0 -0.10179327 -0.15837456 0.17052658 -0.15431887 0.075939804 0.9846761 0.02884204
1542145532473507.0 -0.10584771 -0.15561268 0.1622448 -0.14812948 0.07736817 0.9851813 0.038597416
1542145532499024.0 -0.11126347 -0.15202907 0.15107419 -0.14070193 0.087697856 0.9846963 0.053714793
1542145532524584.0 -0.1166164 -0.14738518 0.13829888 -0.13103351 0.09604862 0.98458976 0.06471421
1542145532550169.0 -0.12488227 -0.13895082 0.12757818 -0.11766205 0.09619982 0.98606884 0.06759866
1542145532575760.0 -0.13413212 -0.13411374 0.11762219 -0.10704927 0.099452816 0.9868814 0.06866498
1542145532601326.0 -0.14479999 -0.12604989 0.107435286 -0.10108224 0.10732761 0.9866877 0.06863326
1542145532626831.0 -0.15909944 -0.118287794 0.09540278 -0.09783182 0.11362242 0.986405 0.06726112
1542145532652247.0 -0.17439565 -0.111368865 0.08650268 -0.09786403 0.11481291 0.9863928 0.06534552
1542145532677579.0 -0.19178006 -0.102523826 0.08032355 -0.09915967 0.11511539 0.9864276 0.06226164
1542145532702849.0 -0.21194308 -0.095851734 0.072526194 -0.09997771 0.11312645 0.9870425 0.054350983
1542145532728091.0 -0.23033503 -0.08928295 0.067380115 -0.102076285 0.114824854 0.9870829 0.04542139
1542145532753326.0 -0.24938093 -0.0829062 0.064294234 -0.10362154 0.1206173 0.9865989 0.036559843
1542145532778535.0 -0.26885173 -0.07689477 0.060599998 -0.106959075 0.12501583 0.98594934 0.028892227
1542145532803697.0 -0.288741 -0.07174924 0.05945295 -0.11328853 0.12990433 0.9848153 0.020722693
1542145532828804.0 -0.30740702 -0.06657855 0.059908845 -0.12253911 0.13715287 0.98288614 0.010404027
1542145532853851.0 -0.32527164 -0.06247041 0.06164568 -0.13103805 0.14115304 0.9812762 -0.0013783851
1542145532878816.0 -0.34156868 -0.059102874 0.0648988 -0.13772544 0.1452168 0.97970533 -0.011014063
1542145532903672.0 -0.35601735 -0.057761066 0.06830519 -0.14006722 0.15347005 0.9780295 -0.016927103
1542145532928388.0 -0.3687575 -0.058339167 0.07307255 -0.13834673 0.1574073 0.9776192 -0.018543515
1542145532952959.0 -0.37873498 -0.05985794 0.07898151 -0.13899235 0.15588662 0.97779936 -0.017002497
1542145532977390.0 -0.3877263 -0.063754454 0.0870204 -0.13789265 0.15309924 0.97843593 -0.014471496
1542145533001705.0 -0.393732 -0.06856488 0.09627025 -0.13577847 0.15155233 0.9790306 -0.009755756
1542145533025939.0 -0.39545912 -0.07364644 0.10642216 -0.13188633 0.15150613 0.9796108 -0.0038240217
1542145533050123.0 -0.39321995 -0.07819052 0.11498475 -0.12419543 0.15208396 0.9805326 0.0013796369
1542145533074284.0 -0.38726258 -0.0810811 0.12304421 -0.111787684 0.15470812 0.9816021 0.0051339283
1542145533098442.0 -0.37774837 -0.08483417 0.13162139 -0.09728939 0.16059113 0.9821677 0.009583199
1542145533122605.0 -0.3657555 -0.087165944 0.1373775 -0.08088554 0.17072538 0.9819003 0.013498935
1542145533146766.0 -0.3509836 -0.08888225 0.14366831 -0.065148115 0.18092187 0.9811891 0.017058622
1542145533170924.0 -0.33506912 -0.09027715 0.14954166 -0.050429646 0.18978836 0.98032653 0.01992839
1542145533195093.0 -0.316627 -0.09118987 0.1560886 -0.037465975 0.19552533 0.9797625 0.020777885
1542145533219284.0 -0.2970736 -0.09168382 0.16037872 -0.022222187 0.20109981 0.979037 0.023485163
1542145533243503.0 -0.2760472 -0.09254817 0.1637359 -0.0044304533 0.20249091 0.97881204 0.030082379
1542145533267757.0 -0.2548831 -0.09442922 0.16659084 0.01953682 0.19574605 0.9797499 0.037309453
1542145533292064.0 -0.23305452 -0.096008815 0.16914877 0.04468233 0.19304734 0.97905904 0.046686802
1542145533316460.0 -0.21262553 -0.09651425 0.1718077 0.06742602 0.19232424 0.9774124 0.05594826
1542145533340984.0 -0.19350466 -0.09663135 0.17378584 0.08645183 0.18628253 0.9769815 0.05772411
1542145533365640.0 -0.17450279 -0.09702096 0.17001282 0.102351025 0.177984 0.97715884 0.05483307
1542145533390385.0 -0.1592127 -0.09427193 0.18145187 0.117177226 0.17088042 0.97689277 0.052440055
1542145533415154.0 -0.14393419 -0.09311673 0.17973882 0.13077377 0.16339165 0.97664523 0.048636116
1542145533439890.0 -0.12998791 -0.09214769 0.17961879 0.14174569 0.15595937 0.97652566 0.044526003
1542145533464551.0 -0.11873627 -0.08961706 0.19299562 0.15445031 0.14795 0.9759004 0.043293335
1542145533489123.0 -0.10730764 -0.08834573 0.19212571 0.16800304 0.14128095 0.97463375 0.04363214
1542145533513602.0 -0.09722439 -0.08669472 0.19093886 0.18266764 0.13367364 0.97306544 0.043676104
1542145533537979.0 -0.086079046 -0.08522984 0.19061887 0.19523361 0.12681524 0.9715162 0.044248745
1542145533562258.0 -0.077403374 -0.082480185 0.18891643 0.20473275 0.121769935 0.970157 0.045298763
1542145533586450.0 -0.06913326 -0.080732726 0.18560392 0.21035312 0.11949712 0.96941686 0.041267224
1542145533610555.0 -0.06157953 -0.07716116 0.1825396 0.21432842 0.114749484 0.969382 0.034562692
1542145533634560.0 -0.058712184 -0.07267556 0.18061854 0.21741289 0.103936605 0.9701743 0.026279554
1542145533658460.0 -0.0556385 -0.06730482 0.17889017 0.2157493 0.09413325 0.9717676 0.016089564
1542145533682277.0 -0.05683984 -0.0638612 0.17466389 0.21007608 0.09054262 0.973467 0.0056686504
1542145533706051.0 -0.06167773 -0.06058883 0.16934513 0.20040467 0.091523096 0.9754256 -0.002523225
1542145533729810.0 -0.0709781 -0.050972022 0.16508132 0.18831654 0.08909353 0.97799385 -0.011281227
1542145533753579.0 -0.078391075 -0.0468627 0.16091542 0.1723076 0.08678476 0.9809738 -0.021655867
1542145533777391.0 -0.093550846 -0.0407078 0.15670075 0.15521559 0.08664719 0.98363864 -0.029248845
1542145533801286.0 -0.10870462 -0.039100915 0.14736216 0.1360961 0.088545345 0.98609346 -0.035458375
1542145533825295.0 -0.1200649 -0.03635221 0.14630838 0.11694228 0.09212877 0.98810244 -0.038607053
1542145533849431.0 -0.13831912 -0.03899857 0.13544278 0.09853721 0.09934498 0.98942983 -0.03807431
1542145533873702.0 -0.15125157 -0.043590695 0.13131225 0.080471225 0.10659833 0.9904439 -0.0343824
1542145533898110.0 -0.16908762 -0.050361015 0.12379558 0.06187459 0.11405419 0.9911719 -0.027229734
1542145533922654.0 -0.18744014 -0.058655452 0.1186298 0.0418874 0.12039973 0.9916623 -0.018849825
1542145533947315.0 -0.20605628 -0.06809808 0.11408848 0.019942107 0.12642874 0.99170774 -0.011574233
1542145533972061.0 -0.22446844 -0.07887354 0.109423354 -0.0021440953 0.1315034 0.99129665 -0.005769453
1542145533996836.0 -0.24094774 -0.09099648 0.104404524 -0.023703393 0.1375667 0.9902089 -7.915976e-05
1542145534021594.0 -0.2558627 -0.102580376 0.100746326 -0.03872208 0.14202006 0.98910326 0.0023786216
1542145534046296.0 -0.26775548 -0.11496953 0.09664733 -0.047749907 0.15222184 0.9871819 0.0045177094
1542145534070925.0 -0.27878296 -0.12722129 0.09326704 -0.0516998 0.1627921 0.9852764 0.0075034094
1542145534095488.0 -0.28651246 -0.13819186 0.09225632 -0.054144975 0.17327288 0.98334837 0.008419989
1542145534120005.0 -0.29351962 -0.1481208 0.086186066 -0.058160093 0.18557702 0.98088145 0.0070936223
1542145534144506.0 -0.29882446 -0.15650198 0.08738445 -0.061952963 0.19700806 0.9784402 0.0021042959
1542145534169016.0 -0.3025009 -0.16388999 0.08688892 -0.06395616 0.20837578 0.9759503 -0.0031864261
1542145534193556.0 -0.304223 -0.16977544 0.087510966 -0.06639661 0.2208976 0.9730186 -0.0055316067
1542145534218149.0 -0.3036358 -0.17634869 0.08673206 -0.07015967 0.23195553 0.97018105 -0.0047951723
1542145534242808.0 -0.30142263 -0.18370354 0.08713481 -0.0720923 0.23635708 0.96898764 -0.00095519377
1542145534267538.0 -0.29963753 -0.19015054 0.08628372 -0.06958358 0.23579061 0.9692915 0.0059092855
1542145534292336.0 -0.29529384 -0.1950362 0.091067486 -0.062772535 0.22903594 0.97127855 0.014840859
1542145534317187.0 -0.28323427 -0.19620557 0.097286694 -0.051646054 0.22105658 0.973631 0.022568583
1542145534342073.0 -0.27102858 -0.19608045 0.10349987 -0.035204083 0.21757723 0.9750759 0.025452256
1542145534366969.0 -0.25519258 -0.19424297 0.107768916 -0.015867267 0.21796308 0.9755078 0.024997775
1542145534391837.0 -0.23434745 -0.1893876 0.11813799 0.004886799 0.21517268 0.9762916 0.02305611
1542145534416637.0 -0.21365646 -0.1841973 0.12541802 0.026361976 0.20754312 0.9776332 0.021548936
1542145534441341.0 -0.1917623 -0.17746878 0.1361734 0.046790756 0.19592726 0.9793357 0.018021049
1542145534465942.0 -0.1692699 -0.17004444 0.14680329 0.06839028 0.18159588 0.9809165 0.012190328
1542145534490444.0 -0.14575383 -0.16078682 0.15136276 0.086918704 0.17355503 0.98095745 0.0068087974
1542145534514872.0 -0.123638436 -0.15190239 0.1584579 0.10076645 0.17213006 0.9799062 0.0011748079
1542145534539265.0 -0.103432015 -0.14365579 0.16502228 0.10797557 0.16626166 0.9800902 -0.011032132
1542145534563661.0 -0.08371074 -0.13441736 0.17113504 0.11006152 0.15254107 0.98176277 -0.027560538
1542145534588095.0 -0.066442735 -0.12538087 0.17794037 0.11061703 0.14193226 0.9829119 -0.038774442
1542145534612591.0 -0.051950786 -0.117889635 0.18253615 0.11082341 0.130438 0.98421663 -0.044965584
1542145534637168.0 -0.03761015 -0.10946086 0.18685032 0.11104098 0.11463123 0.9858896 -0.05051091
1542145534661840.0 -0.027249167 -0.104337655 0.1888455 0.11095465 0.09473854 0.9877911 -0.054612115
1542145534686621.0 -0.018894527 -0.09911856 0.18853053 0.109175906 0.07243706 0.98975813 -0.056678932
1542145534711504.0 -0.013417348 -0.09524361 0.18999346 0.10833862 0.052060526 0.9912304 -0.054906946
1542145534736461.0 -0.008811921 -0.09048257 0.18912913 0.10641899 0.035228953 0.9924329 -0.0501091
1542145534761449.0 -0.0098175965 -0.0868121 0.18749952 0.10049941 0.025328461 0.99353653 -0.04629886
1542145534786425.0 -0.015051872 -0.084014855 0.18724968 0.09276511 0.02098149 0.9946179 -0.04110547
1542145534811370.0 -0.014820261 -0.07958206 0.18165453 0.084386334 0.019826297 0.99571055 -0.032347713
1542145534836287.0 -0.020564804 -0.075848535 0.17924455 0.08088679 0.017348731 0.9962008 -0.027210016
1542145534861184.0 -0.028018938 -0.07164929 0.1766027 0.078427576 0.017303677 0.99653184 -0.021773135
1542145534886064.0 -0.03638443 -0.06842329 0.17469296 0.072921045 0.022877188 0.9969926 -0.012840276
1542145534910912.0 -0.053210545 -0.07013311 0.16536249 0.066523165 0.027539536 0.9973962 -0.004147451
1542145534935717.0 -0.067461506 -0.06920611 0.16060288 0.058601763 0.024932733 0.9979678 0.0021486809
1542145534960472.0 -0.0861395 -0.06944945 0.15486477 0.050218556 0.017829683 0.9985383 0.0090315705
1542145534985174.0 -0.10520102 -0.06978299 0.14932866 0.039580636 0.014833132 0.99894476 0.017966686
1542145535009822.0 -0.12765566 -0.071394555 0.1406895 0.02479031 0.018543426 0.99917424 0.026315443
1542145535034424.0 -0.1521189 -0.07202784 0.13262594 0.005469419 0.021562682 0.9993438 0.028585622
1542145535059000.0 -0.17937769 -0.07302478 0.12135426 -0.017499927 0.024533011 0.99922603 0.02528244
1542145535083573.0 -0.20707375 -0.07263834 0.10860436 -0.042398475 0.0274356 0.99854004 0.019173069
1542145535108158.0 -0.23763877 -0.07155612 0.096424654 -0.06868768 0.032110136 0.9970667 0.010444554
1542145535132770.0 -0.27009654 -0.070934385 0.08378698 -0.0963398 0.0369884 0.9946609 0.0004442469
1542145535157413.0 -0.3030237 -0.07081455 0.07328122 -0.1244534 0.040709972 0.9913725 -0.005881422
1542145535182079.0 -0.33567965 -0.07277066 0.0674578 -0.1518446 0.044998977 0.987357 -0.0066642384
1542145535206741.0 -0.36737427 -0.07694564 0.06810081 -0.1744184 0.04689205 0.983542 -0.0049501597
1542145535231377.0 -0.39831856 -0.08092592 0.06807674 -0.19311352 0.050220452 0.979878 -0.0049213157
1542145535255994.0 -0.42650285 -0.08445157 0.06673294 -0.2139183 0.057817623 0.97511286 -0.0071457797
1542145535280609.0 -0.45343867 -0.08832824 0.06806357 -0.23482537 0.06398205 0.9698679 -0.01094033
1542145535305240.0 -0.47758403 -0.09194471 0.070157796 -0.25343987 0.06532593 0.9650403 -0.0140706105
1542145535329891.0 -0.5000443 -0.09623851 0.07357397 -0.26975957 0.066911004 0.96043676 -0.017716859
1542145535354573.0 -0.5190476 -0.1015795 0.07586348 -0.2821221 0.066833645 0.9567664 -0.023203814
1542145535379300.0 -0.53326225 -0.10723027 0.08182644 -0.2863269 0.06751077 0.9553783 -0.026674693
1542145535404104.0 -0.54053956 -0.11413959 0.08936178 -0.2820286 0.072395675 0.95630974 -0.026278691
1542145535429032.0 -0.5437158 -0.121528 0.09923475 -0.26727346 0.081929564 0.9597918 -0.02553924
1542145535454124.0 -0.5383719 -0.12702295 0.10748677 -0.2516844 0.09149618 0.9632082 -0.022660254
1542145535479374.0 -0.5349753 -0.13412683 0.117225714 -0.23688604 0.10072224 0.96610445 -0.019552492
1542145535504720.0 -0.5295852 -0.14044882 0.12669693 -0.22522335 0.107503854 0.96817476 -0.018842546
1542145535530077.0 -0.52321935 -0.14515185 0.1354609 -0.21502514 0.10975768 0.97017103 -0.022038413
