# timestamp[secs] tx ty tz qx qy qz qw
0.04292615384615384 -0.0 -0.0 -0.0 -0.0 -0.0 -0.0 1.0
0.06855915384615384 -0.0208185575902462 -5.19216300745029e-05 -0.04806949943304062 0.0037911441177129745 -0.0011959811672568321 -0.002413275884464383 0.9999892115592957
0.09410215384615385 -0.0208185575902462 -5.19216300745029e-05 -0.04806949943304062 0.0037911441177129745 -0.0011959811672568321 -0.002413275884464383 0.9999892115592957
0.11953015384615384 -0.07895404100418091 0.024335714057087898 -0.14489522576332092 0.0022383478935807943 1.601153599040117e-05 -0.021838437765836716 0.9997590184211731
0.14482715384615386 -0.07895404100418091 0.024335714057087898 -0.14489522576332092 0.0022383478935807943 1.601153599040117e-05 -0.021838437765836716 0.9997590184211731
0.17000615384615383 -0.14025728404521942 0.06279019266366959 -0.2379830777645111 0.004957027267664671 -0.0009100137394852936 -0.028871702030301094 0.9995704889297485
0.19510315384615384 -0.18318116664886475 0.10286065191030502 -0.2791602909564972 0.0007333473186008632 -0.00015361697296611965 -0.03269556164741516 0.9994651079177856
0.22014815384615385 -0.23974846303462982 0.14819280803203583 -0.31935232877731323 -0.004376036114990711 -0.0003062559408135712 -0.038132812827825546 0.9992630481719971
0.24516115384615383 -0.29643571376800537 0.19122660160064697 -0.35549411177635193 -0.009025955572724342 7.413930143229663e-05 -0.047476086765527725 0.9988316297531128
0.27016715384615386 -0.34898439049720764 0.23236557841300964 -0.39116546511650085 -0.012375205755233765 0.0011130424682050943 -0.05582038313150406 0.9983635544776917
0.29519715384615386 -0.39251765608787537 0.2747015357017517 -0.42052868008613586 -0.013505665585398674 0.001896571135148406 -0.05733009800314903 0.9982621073722839
0.3202651538461539 -0.42958205938339233 0.3232986330986023 -0.4566419720649719 -0.014660174027085304 0.002975138835608959 -0.05519336834549904 0.9983636736869812
0.3453371538461539 -0.45934680104255676 0.3762997090816498 -0.48690736293792725 -0.01606743410229683 0.004087356384843588 -0.05426058918237686 0.9983891248703003
0.37032815384615386 -0.49110084772109985 0.4323278069496155 -0.5225511193275452 -0.017681468278169632 0.005071226507425308 -0.0524517223238945 0.9984540939331055
0.3951601538461539 -0.5152530074119568 0.4859120547771454 -0.5559932589530945 -0.018312690779566765 0.005549226421862841 -0.04972141608595848 0.9985798001289368
0.41979915384615385 -0.5356059670448303 0.5353587865829468 -0.5882867574691772 -0.017569037154316902 0.006085735745728016 -0.04637467488646507 0.9987511038780212
0.4442801538461539 -0.556679368019104 0.584132194519043 -0.6214433908462524 -0.016746992245316505 0.006405717693269253 -0.042324673384428024 0.998943030834198
0.4686961538461539 -0.577272355556488 0.6348370313644409 -0.6540144681930542 -0.01644250564277172 0.0066596525721251965 -0.03802431374788284 0.9991194009780884
0.49311415384615387 -0.6027944087982178 0.6832206845283508 -0.6887885332107544 -0.01663551665842533 0.007202190347015858 -0.03457499295473099 0.9992377161979675
0.5175721538461538 -0.6311038136482239 0.7255692481994629 -0.7258257269859314 -0.01637338101863861 0.0077962977811694145 -0.03244577348232269 0.9993089437484741
0.5421141538461539 -0.6588711142539978 0.7639798521995544 -0.7667116522789001 -0.01593894511461258 0.008885666728019714 -0.029481422156095505 0.9993987679481506
0.5668081538461539 -0.6892203092575073 0.8002232313156128 -0.8038201928138733 -0.015711409971117973 0.009846164844930172 -0.02659996971487999 0.9994742274284363
0.5917091538461539 -0.7240560054779053 0.8331801891326904 -0.845154345035553 -0.015719449147582054 0.01095142774283886 -0.02607831172645092 0.9994763731956482
0.6168461538461538 -0.7549120783805847 0.8586967587471008 -0.8870848417282104 -0.016326259821653366 0.012072212994098663 -0.025441307574510574 0.9994701147079468
0.6422371538461539 -0.7865440845489502 0.882684051990509 -0.9309031367301941 -0.016186073422431946 0.014255893416702747 -0.023208443075418472 0.9994979500770569
0.6679201538461539 -0.8145934343338013 0.9034019708633423 -0.9752238988876343 -0.01603512279689312 0.016638537868857384 -0.021725250408053398 0.9994969367980957
0.6939451538461539 -0.8419414758682251 0.9230359792709351 -1.0187292098999023 -0.016931163147091866 0.019715525209903717 -0.021797336637973785 0.9994245767593384
0.7203231538461539 -0.8695629835128784 0.9418365955352783 -1.0597957372665405 -0.017237015068531036 0.022445183247327805 -0.021251963451504707 0.9993736147880554
0.7470311538461539 -0.9043223857879639 0.9503345489501953 -1.1085617542266846 -0.017284339293837547 0.024165421724319458 -0.020517589524388313 0.999347984790802
0.7740341538461539 -0.9380704164505005 0.9550327062606812 -1.1571074724197388 -0.018913595005869865 0.026489747688174248 -0.02639617584645748 0.9991215467453003
0.8013041538461538 -0.9697635769844055 0.9633247256278992 -1.201762080192566 -0.02067956142127514 0.028884494677186012 -0.03280593454837799 0.998830258846283
0.8288001538461539 -1.0092074871063232 0.9676510095596313 -1.249670147895813 -0.022267404943704605 0.029302610084414482 -0.03752710670232773 0.9986177086830139
0.8564571538461538 -1.052486777305603 0.9739012718200684 -1.3031208515167236 -0.025135060772299767 0.030378131195902824 -0.044552646577358246 0.9982287287712097
0.8842211538461539 -1.0875173807144165 0.9787988662719727 -1.3524169921875 -0.029126912355422974 0.03243379294872284 -0.05063934251666069 0.9977651834487915
0.9120651538461538 -1.1207618713378906 0.9867709875106812 -1.3986237049102783 -0.029771003872156143 0.03249519318342209 -0.05108177289366722 0.9977216720581055
0.9399891538461539 -1.1630300283432007 0.9959220886230469 -1.4515451192855835 -0.03023223578929901 0.03202806040644646 -0.05223125219345093 0.9976633191108704
0.9679931538461539 -1.2055333852767944 1.0044130086898804 -1.5061793327331543 -0.032293304800987244 0.033485472202301025 -0.05556211993098259 0.9973708987236023
0.9960771538461539 -1.252909541130066 1.0148067474365234 -1.5628161430358887 -0.0339285284280777 0.03460637852549553 -0.05784088373184204 0.9971488118171692
1.0242301538461538 -1.2981799840927124 1.0290706157684326 -1.6123895645141602 -0.03345685079693794 0.03468678891658783 -0.0581698939204216 0.9971427917480469
1.052449153846154 -1.3509809970855713 1.047163724899292 -1.6629934310913086 -0.03297019377350807 0.035245850682258606 -0.05817768722772598 0.9971389770507812
1.080732153846154 -1.4133514165878296 1.0670660734176636 -1.7231824398040771 -0.034091874957084656 0.03514592722058296 -0.06040182709693909 0.9969725012779236
1.109079153846154 -1.4837082624435425 1.0886417627334595 -1.7674816846847534 -0.036764390766620636 0.037271495908498764 -0.06609266251325607 0.9964392185211182
1.137495153846154 -1.5660840272903442 1.1122850179672241 -1.8164961338043213 -0.03857377916574478 0.03842793405056 -0.06984487175941467 0.9960708618164062
1.165997153846154 -1.641173243522644 1.1415132284164429 -1.8603259325027466 -0.04069729894399643 0.03931999206542969 -0.07387147843837738 0.9956609606742859
1.194624153846154 -1.7321075201034546 1.1735941171646118 -1.9100266695022583 -0.043963443487882614 0.04166208580136299 -0.07821610569953918 0.9950948357582092
1.223423153846154 -1.811959147453308 1.20488703250885 -1.9543172121047974 -0.04544120281934738 0.043198730796575546 -0.07880382239818573 0.994916558265686
1.252443153846154 -1.9165290594100952 1.2329007387161255 -2.008324146270752 -0.04720309004187584 0.04403192549943924 -0.07775602489709854 0.9948804378509521
1.281719153846154 -2.0280566215515137 1.2609387636184692 -2.068153142929077 -0.04991541802883148 0.04538261890411377 -0.08030468225479126 0.9944848418235779
1.311261153846154 -2.151191234588623 1.2851639986038208 -2.119509220123291 -0.053702980279922485 0.04722225293517113 -0.08465071022510529 0.9938412308692932
1.341055153846154 -2.2731382846832275 1.299719214439392 -2.16009521484375 -0.056419309228658676 0.04777642711997032 -0.088603176176548 0.993319571018219
1.371086153846154 -2.3930060863494873 1.3091951608657837 -2.201857328414917 -0.05783510208129883 0.048213835805654526 -0.09213549643754959 0.9928956031799316
1.401334153846154 -2.499922275543213 1.3207123279571533 -2.2384300231933594 -0.05905343219637871 0.04821638762950897 -0.09711027145385742 0.9923495054244995
1.431781153846154 -2.5936949253082275 1.324023723602295 -2.2595956325531006 -0.06117025390267372 0.04894974082708359 -0.10175472497940063 0.9917198419570923
1.462417153846154 -2.6662726402282715 1.3285853862762451 -2.2778074741363525 -0.0616861991584301 0.05007373169064522 -0.10282714664936066 0.9915211200714111
1.493223153846154 -2.7665531635284424 1.3372751474380493 -2.334531545639038 -0.06452234834432602 0.052905142307281494 -0.10051223635673523 0.991430938243866
1.524171153846154 -2.856403112411499 1.3501845598220825 -2.386510133743286 -0.06835255026817322 0.05629515275359154 -0.09759765863418579 0.9912787079811096
1.555234153846154 -2.8527045249938965 1.3525456190109253 -2.348783016204834 -0.06862053275108337 0.059458933770656586 -0.0943388044834137 0.9913910627365112
1.586383153846154 -2.921928644180298 1.373001217842102 -2.401916742324829 -0.07118513435125351 0.06228211522102356 -0.09218518435955048 0.9912394285202026
1.617597153846154 -2.9866247177124023 1.377129077911377 -2.4433093070983887 -0.0728350505232811 0.06532412767410278 -0.0888623297214508 0.9912271499633789
1.648867153846154 -2.9905195236206055 1.376846194267273 -2.4247355461120605 -0.07323731482028961 0.06741681694984436 -0.08693701773881912 0.9912281632423401
1.680177153846154 -3.0542948246002197 1.3956596851348877 -2.4727888107299805 -0.0756322517991066 0.06903757899999619 -0.08770184963941574 0.9908692836761475
1.711506153846154 -3.116373062133789 1.4121670722961426 -2.515580654144287 -0.07857906818389893 0.07194533199071884 -0.08831451088190079 0.9903786778450012
1.742844153846154 -3.1612510681152344 1.4265422821044922 -2.564809560775757 -0.08000797033309937 0.07372390478849411 -0.08639836311340332 0.9903024435043335
1.774196153846154 -3.209559917449951 1.4440186023712158 -2.604891538619995 -0.08077333867549896 0.0752372071146965 -0.08208601921796799 0.9904932975769043
1.805565153846154 -3.1826815605163574 1.4585437774658203 -2.604973793029785 -0.08218680322170258 0.07743729650974274 -0.08043763041496277 0.9903426766395569
1.836941153846154 -3.2072200775146484 1.4748088121414185 -2.6496472358703613 -0.08185121417045593 0.0793595165014267 -0.07284709811210632 0.9908056259155273
1.868317153846154 -3.261399745941162 1.4899193048477173 -2.696763038635254 -0.08312417566776276 0.083216093480587 -0.0653616413474083 0.9909053444862366
1.899682153846154 -3.289905309677124 1.5019078254699707 -2.7232978343963623 -0.08323290944099426 0.08625457435846329 -0.054897479712963104 0.9912713170051575
1.931026153846154 -3.324822425842285 1.5217411518096924 -2.758664131164551 -0.08297934383153915 0.08780145645141602 -0.038925472646951675 0.9919124245643616
1.962335153846154 -3.3526556491851807 1.5512391328811646 -2.8015732765197754 -0.08313515782356262 0.08932747691869736 -0.021191637963056564 0.9923004508018494
1.993598153846154 -3.3675451278686523 1.564307689666748 -2.822761058807373 -0.08439533412456512 0.0917692556977272 -0.007907843217253685 0.9921659827232361
2.024815153846154 -3.4154751300811768 1.561347246170044 -2.8514370918273926 -0.08477266877889633 0.0938941016793251 0.0021366786677390337 0.9919642210006714
2.055991153846154 -3.4549238681793213 1.5405561923980713 -2.8677282333374023 -0.08309515565633774 0.09547611325979233 0.008878740482032299 0.9919176697731018
2.087137153846154 -3.486659049987793 1.5107344388961792 -2.8787827491760254 -0.08250742405653 0.09745175391435623 0.010671270079910755 0.9917569756507874
2.118265153846154 -3.5220861434936523 1.4937121868133545 -2.90138578414917 -0.08217963576316833 0.09892504662275314 0.012236088514328003 0.9916202425956726
2.149388153846154 -3.557356357574463 1.484874963760376 -2.9333271980285645 -0.08059115707874298 0.09976443648338318 0.014714114367961884 0.991632878780365
2.180502153846154 -3.593026876449585 1.514093279838562 -2.9798505306243896 -0.07743679732084274 0.09879457950592041 0.021253885701298714 0.9918625950813293
2.211589153846154 -3.627587080001831 1.528536081314087 -3.0146539211273193 -0.0801553949713707 0.0990358367562294 0.020903801545500755 0.9916300177574158
2.242634153846154 -3.6475155353546143 1.5607367753982544 -3.077963352203369 -0.08220524340867996 0.09852011501789093 0.021940618753433228 0.9914911985397339
2.273621153846154 -3.6617462635040283 1.5920666456222534 -3.1190178394317627 -0.08287309855222702 0.09865467995405197 0.025433000177145004 0.9913387894630432
2.304553153846154 -3.6642346382141113 1.630277395248413 -3.1420345306396484 -0.08331818133592606 0.09963777661323547 0.026976967230439186 0.9911623001098633
2.335451153846154 -3.6292805671691895 1.6658692359924316 -3.182399034500122 -0.0845770537853241 0.09907810389995575 0.024015622213482857 0.9911879897117615
2.366333153846154 -3.5683188438415527 1.681845784187317 -3.177431106567383 -0.08307282626628876 0.09951917827129364 0.02456025220453739 0.9912576079368591
2.397220153846154 -3.4698538780212402 1.6954220533370972 -3.179163694381714 -0.08202339708805084 0.10096044838428497 0.025515399873256683 0.99117511510849
2.4281321538461538 -3.3666014671325684 1.710828423500061 -3.1664280891418457 -0.08067166805267334 0.10263706743717194 0.027524644508957863 0.9910601377487183
2.459071153846154 -3.2645885944366455 1.7154418230056763 -3.1344783306121826 -0.07800787687301636 0.1044415831565857 0.03172055259346962 0.9909594058990479
2.490003153846154 -3.1526875495910645 1.716888189315796 -3.109800338745117 -0.07615059614181519 0.10667237639427185 0.03212737292051315 0.9908531308174133
2.520909153846154 -3.044518232345581 1.7057758569717407 -3.0730514526367188 -0.07340981066226959 0.10886885225772858 0.03137468174099922 0.990845263004303
2.551779153846154 -2.9471206665039062 1.679714322090149 -3.018183708190918 -0.07005289196968079 0.11033284664154053 0.03204485401511192 0.9909048676490784
2.582602153846154 -2.8552279472351074 1.6676034927368164 -2.9817469120025635 -0.06683270633220673 0.1109560951590538 0.032297033816576004 0.9910494685173035
2.613350153846154 -2.7710118293762207 1.6547240018844604 -2.952345371246338 -0.06479080766439438 0.11255878955125809 0.030659085139632225 0.9910564422607422
2.643997153846154 -2.695955514907837 1.6396336555480957 -2.905334949493408 -0.06342756003141403 0.11440166085958481 0.030278945341706276 0.9909452199935913
2.674544153846154 -2.6338295936584473 1.6447428464889526 -2.887113571166992 -0.06202918663620949 0.11417172104120255 0.03264918550848961 0.9909850358963013
2.704982153846154 -2.5788395404815674 1.637729287147522 -2.8540804386138916 -0.06103508174419403 0.11513358354568481 0.03317834436893463 0.9909178614616394
2.735300153846154 -2.5033233165740967 1.608481526374817 -2.785961627960205 -0.06042798236012459 0.11912155896425247 0.03249495476484299 0.9905062913894653
2.765518153846154 -2.4490668773651123 1.5959981679916382 -2.770042657852173 -0.059024590998888016 0.12079282850027084 0.03359188884496689 0.9903518557548523
2.795650153846154 -2.405494213104248 1.5873825550079346 -2.7454047203063965 -0.05882253125309944 0.12186334282159805 0.03514480963349342 0.9901788830757141
2.825688153846154 -2.3718326091766357 1.5761620998382568 -2.71787166595459 -0.05983993038535118 0.12249662727117538 0.03678259253501892 0.9899802207946777
2.855616153846154 -2.325363874435425 1.5600439310073853 -2.6901891231536865 -0.0585712194442749 0.12313033640384674 0.03793422877788544 0.9899340271949768
2.885434153846154 -2.2909655570983887 1.5371416807174683 -2.656109094619751 -0.057320307940244675 0.12308362871408463 0.03889834135770798 0.9899756908416748
2.915179153846154 -2.2661490440368652 1.4995057582855225 -2.5934722423553467 -0.056266725063323975 0.12214881181716919 0.04237178713083267 0.9900093078613281
2.944882153846154 -2.2512447834014893 1.4602299928665161 -2.533229351043701 -0.05545366555452347 0.12110956758260727 0.04283419996500015 0.9901629686355591
2.974543153846154 -2.280639171600342 1.4481725692749023 -2.50911545753479 -0.055898040533065796 0.12166894972324371 0.03586960211396217 0.9903461933135986
3.004166153846154 -2.2237648963928223 1.4087251424789429 -2.449324131011963 -0.05435292050242424 0.11843273788690567 0.03126319870352745 0.9909803867340088
3.033774153846154 -2.139962911605835 1.3988068103790283 -2.42996883392334 -0.05353577807545662 0.11061420291662216 0.024452868849039078 0.9921192526817322
3.0633751538461538 -2.065547466278076 1.3587013483047485 -2.3721628189086914 -0.05137869715690613 0.10727860778570175 0.020856762304902077 0.9926815032958984
3.092946153846154 -2.0165696144104004 1.3212473392486572 -2.340636968612671 -0.049372050911188126 0.10472366213798523 0.016103558242321014 0.9931445121765137
3.122456153846154 -2.0524327754974365 1.323510766029358 -2.3653244972229004 -0.04608986899256706 0.10342150926589966 0.010906710289418697 0.9935093522071838
3.151846153846154 -2.0301783084869385 1.299676775932312 -2.3550381660461426 -0.04483891278505325 0.09982406347990036 0.006269548553973436 0.9939745664596558
3.181004153846154 -2.0260002613067627 1.2926790714263916 -2.3606116771698 -0.04521536827087402 0.09671713411808014 0.0007613987545482814 0.9942840933799744
3.209829153846154 -2.052025318145752 1.2976781129837036 -2.3860738277435303 -0.045052651315927505 0.09371033310890198 -0.0004164586425758898 0.994579553604126
3.238295153846154 -2.08012318611145 1.2881489992141724 -2.4181251525878906 -0.04619508981704712 0.09075183421373367 -0.00012082490138709545 0.9948015809059143
3.266480153846154 -2.041417121887207 1.300592303276062 -2.3996167182922363 -0.04286840930581093 0.08604834228754044 0.0025408370420336723 0.9953650832176208
3.294511153846154 -2.031912088394165 1.3016464710235596 -2.3845460414886475 -0.04296238720417023 0.08352740854024887 0.002535375766456127 0.9955757856369019
3.322504153846154 -2.1089258193969727 1.3149216175079346 -2.3684303760528564 -0.04231460019946098 0.0856596976518631 0.0008365621324628592 0.9954251646995544
3.350546153846154 -2.332554817199707 1.4670559167861938 -2.6027963161468506 -0.04823971912264824 0.08159174770116806 -0.013517939485609531 0.9954059720039368
3.378717153846154 -2.3946735858917236 1.4739465713500977 -2.6313374042510986 -0.04980044439435005 0.08041490614414215 -0.018080491572618484 0.9953524470329285
3.407081153846154 -2.472522258758545 1.4835789203643799 -2.6387269496917725 -0.04877561703324318 0.07910685241222382 -0.02081930637359619 0.9954544901847839
3.435677153846154 -2.495924949645996 1.541083574295044 -2.705617666244507 -0.04804683104157448 0.0733267292380333 -0.02858603000640869 0.9957396984100342
3.464528153846154 -2.5331101417541504 1.5421117544174194 -2.7216925621032715 -0.04654429852962494 0.07199743390083313 -0.029123665764927864 0.9958924651145935
3.493654153846154 -2.6048967838287354 1.5399575233459473 -2.7545156478881836 -0.045495424419641495 0.071335069835186 -0.029578519985079765 0.9959751963615417
3.523055153846154 -2.7185492515563965 1.5431920289993286 -2.808979034423828 -0.04527720808982849 0.0716441199183464 -0.030640890821814537 0.9959308505058289
3.552681153846154 -2.7664334774017334 1.5791882276535034 -2.8662474155426025 -0.04622718691825867 0.07176967710256577 -0.03738502040505409 0.9956478476524353
3.582455153846154 -2.829996109008789 1.584425449371338 -2.9201741218566895 -0.04599153622984886 0.07222989946603775 -0.03700219467282295 0.9956398010253906
3.612307153846154 -2.900867462158203 1.5858567953109741 -2.9824471473693848 -0.04742364212870598 0.07424050569534302 -0.032702621072530746 0.9955751895904541
3.642167153846154 -2.9340243339538574 1.6070035696029663 -3.0239272117614746 -0.04783560708165169 0.07605933398008347 -0.023916518315672874 0.9956680536270142
3.671962153846154 -2.9276282787323 1.5962543487548828 -3.05206298828125 -0.050267916172742844 0.07748489081859589 -0.01733550615608692 0.9955745339393616
3.701643153846154 -3.0987696647644043 1.6583410501480103 -3.202227830886841 -0.04852299019694328 0.08108606934547424 -0.007746143266558647 0.9954951405525208
3.731205153846154 -3.173151969909668 1.6733478307724 -3.2737905979156494 -0.05106161907315254 0.08408726751804352 -0.0041292691603302956 0.9951407313346863
3.760650153846154 -3.326742649078369 1.6989991664886475 -3.3901522159576416 -0.053095944225788116 0.08638361096382141 0.001505863037891686 0.9948449730873108
3.789961153846154 -3.4288008213043213 1.729330062866211 -3.465782642364502 -0.05419795960187912 0.08790617436170578 0.006229611579328775 0.9946337938308716
3.819143153846154 -3.5122666358947754 1.744390606880188 -3.5334415435791016 -0.055344559252262115 0.08649465441703796 0.006730427499860525 0.9946911334991455
3.848214153846154 -3.6711909770965576 1.7635704278945923 -3.616259813308716 -0.05612211674451828 0.0856894925236702 0.005392007529735565 0.9947254061698914
3.877204153846154 -3.8560473918914795 1.7691290378570557 -3.6777381896972656 -0.06101632118225098 0.08515429496765137 -0.0029581603594124317 0.9944933652877808
3.906152153846154 -4.0535712242126465 1.7903770208358765 -3.748981237411499 -0.06435871124267578 0.08374282717704773 -0.011627204716205597 0.9943389892578125
3.935099153846154 -4.245055198669434 1.815428376197815 -3.8016207218170166 -0.06723667681217194 0.08361425250768661 -0.018282126635313034 0.9940592050552368
3.964111153846154 -4.42789363861084 1.8521182537078857 -3.868983507156372 -0.0703442245721817 0.08344406634569168 -0.02456621453166008 0.9937229752540588
3.993253153846154 -4.613411903381348 1.893674612045288 -3.9278221130371094 -0.07245253026485443 0.08336769044399261 -0.02913743630051613 0.9934543371200562
4.022565153846154 -4.810833930969238 1.9420284032821655 -3.984320640563965 -0.07596801966428757 0.08278978615999222 -0.03621027618646622 0.9930073618888855
4.052063153846154 -5.024893760681152 1.987546443939209 -4.047175407409668 -0.07989893108606339 0.08218549191951752 -0.0435473658144474 0.9924542307853699
4.081739153846154 -5.214412689208984 2.0163216590881348 -4.103302478790283 -0.08260490745306015 0.08261586725711823 -0.04909804090857506 0.9919377565383911
4.111579153846154 -5.387739658355713 2.0326380729675293 -4.144871711730957 -0.08444049954414368 0.08445046097040176 -0.05246691033244133 0.9914560914039612
4.141564153846154 -5.539820194244385 2.0449798107147217 -4.184113502502441 -0.08573950827121735 0.08636180311441422 -0.05326329544186592 0.9911374449729919
4.171669153846154 -5.682533264160156 2.0520706176757812 -4.225200176239014 -0.08744656294584274 0.08825746923685074 -0.05430971831083298 0.9907644987106323
4.201858153846154 -5.807342529296875 2.054734945297241 -4.257145881652832 -0.08966775983572006 0.09080329537391663 -0.05612175911664963 0.9902347326278687
4.232097153846154 -5.923874855041504 2.044529676437378 -4.274632930755615 -0.09153251349925995 0.09566321223974228 -0.05377607420086861 0.9897366762161255
4.262357153846154 -6.014049053192139 2.05143404006958 -4.302337169647217 -0.09336503595113754 0.09923192858695984 -0.049556609243154526 0.9894343018531799
4.292615153846154 -6.109041690826416 2.054359197616577 -4.331058979034424 -0.09574443846940994 0.10306750982999802 -0.046812523156404495 0.9889482855796814
4.322846153846154 -6.184882640838623 2.061025857925415 -4.346968650817871 -0.09723369032144547 0.10640130937099457 -0.045138657093048096 0.9885276556015015
4.353028153846154 -6.2360100746154785 2.0486180782318115 -4.360112190246582 -0.09995066374540329 0.1094241663813591 -0.04243677109479904 0.9880462288856506
4.383140153846154 -6.309309005737305 2.046661615371704 -4.385268688201904 -0.1010797917842865 0.11317261308431625 -0.03677337244153023 0.9877361059188843
4.413168153846154 -6.380517482757568 2.0494823455810547 -4.415322303771973 -0.1026463583111763 0.11626983433961868 -0.031545598059892654 0.9873955845832825
4.443107153846154 -6.473878860473633 2.0434510707855225 -4.4343695640563965 -0.10335737466812134 0.1190493032336235 -0.02632857672870159 0.9871430993080139
4.472951153846154 -6.500680923461914 2.0274064540863037 -4.4630208015441895 -0.10598810762166977 0.11970668286085129 -0.026788581162691116 0.9867721199989319
4.502696153846154 -6.573853015899658 2.028963565826416 -4.488490581512451 -0.10705345124006271 0.12140675634145737 -0.025281637907028198 0.9864891171455383
4.532347153846154 -6.631106376647949 2.025387763977051 -4.518590927124023 -0.10773399472236633 0.1226060763001442 -0.022483401000499725 0.9863344430923462
4.561907153846154 -6.656698703765869 2.0385282039642334 -4.534979343414307 -0.10769367218017578 0.12328547984361649 -0.018893668428063393 0.9863294959068298
4.591386153846154 -6.657074928283691 2.059920072555542 -4.539466381072998 -0.10651575028896332 0.12319914251565933 -0.015225785784423351 0.9865316152572632
4.620796153846154 -6.631180286407471 2.0606191158294678 -4.536971092224121 -0.10383658856153488 0.12361079454421997 -0.011705762706696987 0.9868137836456299
4.650146153846154 -6.551604747772217 2.0697274208068848 -4.541192531585693 -0.1007222905755043 0.12363430857658386 -0.008349158801138401 0.9871676564216614
4.679452153846154 -6.448029518127441 2.10198712348938 -4.5326032638549805 -0.09708596765995026 0.1231967955827713 -0.0019098557531833649 0.9876199960708618
4.708732153846154 -6.345008373260498 2.1268346309661865 -4.522161483764648 -0.09355892986059189 0.12308216094970703 0.006574677769094706 0.9879546761512756
4.737990153846154 -6.217371463775635 2.153442621231079 -4.508842468261719 -0.09095697849988937 0.1233820915222168 0.011553937569260597 0.9881144762039185
4.767246153846154 -6.065274715423584 2.1593363285064697 -4.4698615074157715 -0.08802037686109543 0.12321092933416367 0.01516014989465475 0.9883530139923096
4.796535153846154 -5.922849655151367 2.165104627609253 -4.444832801818848 -0.08548987656831741 0.12378139793872833 0.01713532581925392 0.9884715676307678
4.825889153846154 -5.712159156799316 2.175438165664673 -4.366008758544922 -0.082927405834198 0.12318688631057739 0.016217965632677078 0.988779604434967
4.855332153846154 -5.571494102478027 2.1872870922088623 -4.329104423522949 -0.08184202760457993 0.12395019084215164 0.01596677303314209 0.9887787103652954
4.884863153846154 -5.457078456878662 2.1842620372772217 -4.289793968200684 -0.08112610876560211 0.12578104436397552 0.019524382427334785 0.9885426163673401
4.914460153846154 -5.3068623542785645 2.184020519256592 -4.261624813079834 -0.07843710482120514 0.12717877328395844 0.02252861112356186 0.9885169863700867
4.944110153846154 -5.121374607086182 2.173912525177002 -4.189050197601318 -0.07722539454698563 0.1278172880411148 0.020572248846292496 0.9885725975036621
4.973793153846154 -4.970473766326904 2.163429021835327 -4.145030975341797 -0.07640299946069717 0.12800990045070648 0.019658997654914856 0.9886301755905151
5.003489153846154 -4.811227798461914 2.138275146484375 -4.095913887023926 -0.0734967440366745 0.12911731004714966 0.019345467910170555 0.9887126684188843
5.033177153846154 -4.65490198135376 2.1093838214874268 -4.053462982177734 -0.07037711888551712 0.1297648847103119 0.018017888069152832 0.988879919052124
5.062845153846154 -4.519838809967041 2.0826618671417236 -4.020407199859619 -0.06969035416841507 0.13085635006427765 0.014173444360494614 0.9888473749160767
5.092458153846154 -4.363398551940918 2.066187620162964 -3.9809412956237793 -0.06858878582715988 0.13073545694351196 0.01123966183513403 0.9889780282974243
5.1219561538461535 -4.235672950744629 2.048436403274536 -3.93668532371521 -0.0673673003911972 0.13169796764850616 0.01071988046169281 0.9889400601387024
5.1512681538461536 -4.107452869415283 2.0294206142425537 -3.9088480472564697 -0.0670153871178627 0.1337348073720932 0.010053266771137714 0.9886975884437561
5.180360153846154 -3.9801018238067627 2.011570453643799 -3.8827483654022217 -0.06597630679607391 0.1357640027999878 0.011049366556107998 0.988480269908905
5.209208153846154 -3.8846678733825684 1.9983292818069458 -3.868802785873413 -0.06516049802303314 0.1371307671070099 0.013892858289182186 0.9883098602294922
5.237789153846154 -3.827728509902954 1.9891340732574463 -3.862067937850952 -0.06515461951494217 0.1373673379421234 0.016221974045038223 0.9882418513298035
5.266074153846154 -3.782214403152466 1.9791313409805298 -3.8506720066070557 -0.06556103378534317 0.13614162802696228 0.0161654744297266 0.9883855581283569
5.294050153846154 -3.7946479320526123 1.9532231092453003 -3.8457717895507812 -0.0655190646648407 0.13609057664871216 0.01554211787879467 0.9884053468704224
5.321747153846154 -3.8367466926574707 1.9516725540161133 -3.8522815704345703 -0.06562352180480957 0.13360629975795746 0.014047166332602501 0.9887596368789673
5.349214153846154 -3.8917386531829834 1.934436321258545 -3.832017183303833 -0.06538350135087967 0.13068173825740814 0.011450991034507751 0.9891998171806335
5.376502153846154 -3.9691221714019775 1.9234819412231445 -3.8431315422058105 -0.06536983698606491 0.1274423450231552 0.008453547023236752 0.9896533489227295
5.403668153846154 -4.040725231170654 1.9212781190872192 -3.8633525371551514 -0.06483011692762375 0.12264019250869751 0.004951292648911476 0.9903191328048706
5.430777153846154 -3.926206588745117 1.8922219276428223 -3.8957560062408447 -0.06416361778974533 0.10669144988059998 -0.006655069999396801 0.9921974539756775
5.457891153846154 -4.042362213134766 1.87711763381958 -3.920443058013916 -0.06496237963438034 0.10336630046367645 -0.010410279035568237 0.992465078830719
5.485064153846154 -4.140013217926025 1.8412035703659058 -3.8641915321350098 -0.06486887484788895 0.10094650834798813 -0.013378966599702835 0.9926846623420715
5.512333153846154 -4.268876552581787 1.8199657201766968 -3.8935041427612305 -0.06564393639564514 0.09830620139837265 -0.016477376222610474 0.9928520917892456
5.539730153846154 -4.37879753112793 1.8139979839324951 -3.927769660949707 -0.06525883823633194 0.0946442112326622 -0.01931552030146122 0.9931821227073669
5.567273153846154 -4.501648902893066 1.7946921586990356 -3.96761417388916 -0.06590636074542999 0.09285753220319748 -0.02158309519290924 0.9932613372802734
5.594972153846154 -4.639278888702393 1.7849873304367065 -4.014059066772461 -0.06621800363063812 0.09069894254207611 -0.024355029687285423 0.9933759570121765
5.622818153846154 -4.770475387573242 1.776687502861023 -4.063931941986084 -0.06713829934597015 0.08874347805976868 -0.026172252371907234 0.9934446215629578
5.650789153846154 -4.8886823654174805 1.7810983657836914 -4.1121296882629395 -0.06835433840751648 0.0868462473154068 -0.029149582609534264 0.9934463500976562
5.678853153846154 -5.0237531661987305 1.7837674617767334 -4.164005756378174 -0.0691375806927681 0.08676453679800034 -0.028698740527033806 0.9934124946594238
5.706982153846154 -5.139620780944824 1.7818825244903564 -4.217366695404053 -0.06979276239871979 0.08655362576246262 -0.02852042019367218 0.9933902025222778
5.735171153846154 -5.233524799346924 1.7809933423995972 -4.240931034088135 -0.07048173993825912 0.08666379004716873 -0.02781655080616474 0.9933518767356873
5.763425153846154 -5.327793121337891 1.7723045349121094 -4.2792229652404785 -0.07074190676212311 0.08677248656749725 -0.02687760256230831 0.9933497905731201
5.791732153846154 -5.463244438171387 1.7714265584945679 -4.3594160079956055 -0.06981851905584335 0.085870161652565 -0.02347106859087944 0.9935798048973083
5.820088153846154 -5.563777923583984 1.7614315748214722 -4.401736259460449 -0.06973394006490707 0.08642552047967911 -0.020922208204865456 0.9935945272445679
5.848487153846154 -5.665933609008789 1.7523640394210815 -4.448869228363037 -0.06867527961730957 0.0859324261546135 -0.01874631457030773 0.993754506111145
5.876915153846154 -5.758139133453369 1.742387294769287 -4.508172512054443 -0.06863996386528015 0.0840439647436142 -0.018992578610777855 0.9939137697219849
5.905346153846154 -5.867467880249023 1.7313369512557983 -4.604585647583008 -0.06994152814149857 0.081511490046978 -0.01994316093623638 0.9940152764320374
5.933748153846154 -5.961343765258789 1.7314270734786987 -4.664955139160156 -0.06916999816894531 0.08089064061641693 -0.020206144079566002 0.9941146969795227
5.962065153846154 -6.055234432220459 1.7206815481185913 -4.728024482727051 -0.06853984296321869 0.08005222678184509 -0.018818814307451248 0.9942534565925598
5.990236153846154 -6.139052867889404 1.7208541631698608 -4.796327590942383 -0.06782539188861847 0.07928591221570969 -0.017506778240203857 0.9943878054618835
6.018228153846154 -6.184272766113281 1.7256243228912354 -4.851360321044922 -0.06704460829496384 0.0776020884513855 -0.01832711324095726 0.9945587515830994
6.046024153846154 -6.242218494415283 1.7326241731643677 -4.910486221313477 -0.06532616913318634 0.07614900916814804 -0.018538039177656174 0.994781494140625
6.073624153846154 -6.322926044464111 1.7523280382156372 -5.003926753997803 -0.062361203134059906 0.07509902864694595 -0.015984516590833664 0.9950958490371704
6.101045153846154 -6.3989739418029785 1.7629344463348389 -5.08653450012207 -0.06061093509197235 0.07446605712175369 -0.011744570918381214 0.9953106641769409
6.128312153846154 -6.475460052490234 1.7836408615112305 -5.176385879516602 -0.05946030095219612 0.07230602949857712 -0.008126592263579369 0.9955754280090332
6.155444153846154 -6.574542045593262 1.7923016548156738 -5.2587056159973145 -0.05896700546145439 0.0701705738902092 -0.0063262456096708775 0.9957705736160278
6.182449153846154 -6.724149703979492 1.8038947582244873 -5.3697285652160645 -0.05818817391991615 0.06762111186981201 -0.006109972950071096 0.9959940910339355
6.209338153846154 -6.8257598876953125 1.8100569248199463 -5.42905330657959 -0.05674184858798981 0.06599248945713043 -0.008865761570632458 0.9961660504341125
6.236118153846154 -6.9537787437438965 1.808287501335144 -5.530198097229004 -0.055806759744882584 0.06357540935277939 -0.009843972511589527 0.9963669180870056
6.262803153846154 -7.082586765289307 1.8049695491790771 -5.635603427886963 -0.05525125190615654 0.06126265600323677 -0.01069724652916193 0.9965338706970215
6.289387153846154 -7.222701072692871 1.8063530921936035 -5.736894607543945 -0.054884545505046844 0.0597882904112339 -0.011155919171869755 0.9966387152671814
6.315868153846154 -7.32835578918457 1.8280600309371948 -5.83691930770874 -0.05359100177884102 0.0588998943567276 -0.01031587179750204 0.996770977973938
6.342241153846154 -7.445228099822998 1.817549705505371 -5.922089099884033 -0.05245243012905121 0.059329550713300705 -0.008065320551395416 0.9968268871307373
6.368520153846154 -7.561012268066406 1.827898621559143 -6.02439022064209 -0.051840800791978836 0.05928053334355354 -0.0064595234580338 0.9968734383583069
6.394726153846154 -7.670651912689209 1.8559255599975586 -6.126907825469971 -0.05251595005393028 0.05854027345776558 -0.0070592560805380344 0.9968777894973755
6.420872153846154 -7.787152290344238 1.8685609102249146 -6.230684280395508 -0.05376692861318588 0.058826085180044174 -0.007403973024338484 0.9967917799949646
6.446968153846154 -7.9250922203063965 1.9074760675430298 -6.3812642097473145 -0.05335744842886925 0.05863803252577782 -0.005529969930648804 0.9968370199203491
6.473035153846154 -8.032094955444336 1.936707854270935 -6.369615077972412 -0.051791440695524216 0.060940906405448914 -0.005463114939630032 0.9967818260192871
6.499104153846154 -8.150103569030762 1.973528265953064 -6.499876022338867 -0.05370599403977394 0.060885533690452576 -0.006297061685472727 0.9966790080070496
6.525193153846154 -8.289507865905762 2.0347743034362793 -6.594566822052002 -0.05507880076766014 0.06165611743927002 -0.007293284870684147 0.9965499639511108
6.551308153846154 -8.402084350585938 2.1086888313293457 -6.717461585998535 -0.056513216346502304 0.0616886168718338 -0.008458355441689491 0.9964584112167358
6.577461153846154 -8.513097763061523 2.1871871948242188 -6.817354679107666 -0.05736294761300087 0.061863768845796585 -0.007405201438814402 0.9964073300361633
6.603673153846154 -8.604665756225586 2.2462568283081055 -6.926045894622803 -0.060236606746912 0.06359478086233139 -0.007975823245942593 0.9961243271827698
6.629969153846154 -8.71906566619873 2.331425905227661 -7.058701992034912 -0.06216895207762718 0.06428772211074829 -0.007581145968288183 0.9959642291069031
6.656361153846154 -8.860142707824707 2.411792278289795 -7.158599376678467 -0.06376615911722183 0.06622727960348129 -0.00923474133014679 0.9957221746444702
6.682868153846154 -8.97139835357666 2.4719598293304443 -7.262939453125 -0.06571619212627411 0.06655027717351913 -0.012347396463155746 0.9955400228500366
6.709508153846154 -9.128952026367188 2.5370242595672607 -7.388492107391357 -0.06759218871593475 0.06784891337156296 -0.016378551721572876 0.9952686429023743
6.736298153846154 -9.250459671020508 2.608302593231201 -7.416041851043701 -0.06868632137775421 0.06950781494379044 -0.020928509533405304 0.9949939250946045
6.763248153846154 -9.461945533752441 2.7050676345825195 -7.521492004394531 -0.0715312659740448 0.07070129364728928 -0.026816178113222122 0.9945680499076843
6.790342153846154 -9.687165260314941 2.806513547897339 -7.617967128753662 -0.07414401322603226 0.07189255207777023 -0.032548919320106506 0.9941201210021973
6.817565153846154 -9.848227500915527 2.9094295501708984 -7.636667251586914 -0.07749713957309723 0.07124877721071243 -0.04044900834560394 0.9936205148696899
6.844921153846154 -10.107534408569336 3.0603840351104736 -7.754395484924316 -0.08136377483606339 0.07286475598812103 -0.04624607414007187 0.99294114112854
6.872427153846154 -10.284772872924805 3.1855099201202393 -7.85008430480957 -0.08410382270812988 0.07410047203302383 -0.04661542549729347 0.9926040172576904
6.900108153846154 -10.441893577575684 3.2436578273773193 -7.967275619506836 -0.08530473709106445 0.07590581476688385 -0.042707789689302444 0.9925409555435181
6.927999153846154 -10.51473331451416 3.2138326168060303 -7.918809413909912 -0.08549151569604874 0.07661288231611252 -0.04097975790500641 0.9925433397293091
6.956122153846154 -10.75688362121582 3.204707145690918 -7.933521270751953 -0.0863775983452797 0.07771119475364685 -0.04469979554414749 0.9922206997871399
6.984461153846154 -11.007535934448242 3.167140245437622 -7.932398319244385 -0.08762983977794647 0.07667011022567749 -0.05074715241789818 0.9919009208679199
7.012966153846154 -11.146770477294922 3.127901792526245 -7.957120418548584 -0.08913873136043549 0.07329361885786057 -0.05799417942762375 0.9916244745254517
7.041559153846154 -11.334747314453125 3.094025135040283 -7.919110298156738 -0.08970069140195847 0.07172998785972595 -0.06423678994178772 0.9913033246994019
7.070165153846154 -11.477296829223633 3.0514626502990723 -7.8608784675598145 -0.09001240134239197 0.0694935992360115 -0.07103004306554794 0.9909707903862
7.098720153846154 -11.558056831359863 3.013150453567505 -7.816766738891602 -0.08988063037395477 0.06753276288509369 -0.07868359982967377 0.990540087223053
7.127192153846154 -11.599924087524414 2.956965446472168 -7.742503643035889 -0.08952260762453079 0.06603682041168213 -0.08547840267419815 0.9901102781295776
7.155578153846154 -11.55756664276123 2.912177562713623 -7.7255940437316895 -0.08825436979532242 0.062343597412109375 -0.09006965160369873 0.9900565147399902
7.183887153846154 -11.52466869354248 2.893472194671631 -7.663583278656006 -0.08880886435508728 0.06028228998184204 -0.09619732201099396 0.9895580410957336
7.212125153846154 -11.435094833374023 2.8559188842773438 -7.589225769042969 -0.08838073909282684 0.057944443076848984 -0.10130027681589127 0.9892268180847168
7.240308153846154 -11.34901237487793 2.821558952331543 -7.51767110824585 -0.0881618931889534 0.056488826870918274 -0.10540872067213058 0.9889011979103088
7.268471153846154 -11.260117530822754 2.86507248878479 -7.430788993835449 -0.08764198422431946 0.05509388446807861 -0.10928408801555634 0.9886053800582886
7.296647153846154 -11.181315422058105 2.8530349731445312 -7.3576979637146 -0.09012819081544876 0.05471531301736832 -0.11351661384105682 0.9879257082939148
7.324852153846154 -11.02210807800293 2.868117570877075 -7.310465335845947 -0.09111751616001129 0.053795404732227325 -0.1161772757768631 0.9875760674476624
7.353102153846154 -10.832612991333008 2.891040802001953 -7.185050964355469 -0.0896444246172905 0.05266246572136879 -0.1154017522931099 0.9878628849983215
7.381429153846154 -10.646550178527832 2.9218251705169678 -7.100325107574463 -0.0899805799126625 0.052814796566963196 -0.11427924036979675 0.9879546761512756
7.409857153846154 -10.476374626159668 2.954563617706299 -6.982473850250244 -0.09056667238473892 0.05494809150695801 -0.11278357356786728 0.9879566431045532
7.438391153846154 -10.278116226196289 2.9915642738342285 -6.891151428222656 -0.0903928130865097 0.055537108331918716 -0.10977253317832947 0.9882786870002747
7.467022153846154 -10.113231658935547 3.0130767822265625 -6.834693908691406 -0.09083051979541779 0.056617945432662964 -0.10682565718889236 0.98850017786026
7.495742153846154 -9.943595886230469 3.029343605041504 -6.747328758239746 -0.09043146669864655 0.05753188952803612 -0.10229193419218063 0.9889633655548096
7.524544153846154 -9.77715015411377 3.0532076358795166 -6.645102500915527 -0.08999127149581909 0.05870845168828964 -0.0969076082110405 0.9894765615463257
7.553411153846154 -9.614303588867188 3.0849578380584717 -6.577451705932617 -0.089182049036026 0.05861150100827217 -0.0925079733133316 0.9899765253067017
7.582322153846154 -9.46072006225586 3.1141085624694824 -6.49790620803833 -0.08855689316987991 0.05802328512072563 -0.09036719799041748 0.9902650117874146
7.611265153846154 -9.368829727172852 3.1453211307525635 -6.456160545349121 -0.0895555317401886 0.05841481313109398 -0.08988569676876068 0.9901960492134094
7.640232153846154 -9.24374771118164 3.1391420364379883 -6.338090419769287 -0.08932782709598541 0.058264587074518204 -0.0884343832731247 0.9903560876846313
7.669219153846154 -9.114593505859375 3.148153066635132 -6.270953178405762 -0.08871069550514221 0.05781128630042076 -0.08567390590906143 0.9906806945800781
7.698232153846154 -8.97757339477539 3.155596971511841 -6.202969074249268 -0.08795800805091858 0.057589296251535416 -0.08296661823987961 0.9909911155700684
7.727282153846154 -8.838051795959473 3.1494140625 -6.133509635925293 -0.08671773225069046 0.057588398456573486 -0.08055608719587326 0.9912993311882019
7.756370153846154 -8.647287368774414 3.1129207611083984 -6.02366304397583 -0.08540169894695282 0.05722803249955177 -0.0782460942864418 0.9916194677352905
7.785476153846154 -8.490055084228516 3.1058077812194824 -5.958250522613525 -0.08401744067668915 0.05680900812149048 -0.07619677484035492 0.9919213056564331
7.814589153846154 -8.34664249420166 3.097346782684326 -5.945868492126465 -0.08481670916080475 0.05602410435676575 -0.07595410943031311 0.9919165372848511
7.843708153846154 -8.197601318359375 3.1023690700531006 -5.901793479919434 -0.08322838693857193 0.05489574000239372 -0.0758432075381279 0.9921226501464844
7.872827153846154 -8.046606063842773 3.0898847579956055 -5.861684799194336 -0.0831667110323906 0.054945413023233414 -0.07784085720777512 0.9919703602790833
7.901950153846154 -7.899680137634277 3.085536241531372 -5.809177875518799 -0.08092958480119705 0.05344434082508087 -0.07675614953041077 0.9923219084739685
7.931076153846154 -7.786820888519287 3.0817697048187256 -5.790403366088867 -0.07955323159694672 0.05093013495206833 -0.07471336424350739 0.9927211999893188
7.960199153846154 -7.659411907196045 3.096092462539673 -5.760603904724121 -0.07791418582201004 0.047551229596138 -0.07652502506971359 0.9928807616233826
7.989317153846154 -7.568737983703613 3.107604742050171 -5.744007587432861 -0.07616196572780609 0.043467722833156586 -0.07977627217769623 0.9929479956626892
8.018424153846153 -7.499363422393799 3.1102302074432373 -5.739644527435303 -0.0756806880235672 0.039248138666152954 -0.08563528954982758 0.9926724433898926
8.047519153846155 -7.428093910217285 3.117288827896118 -5.741355895996094 -0.07605455070734024 0.035435084253549576 -0.09219691157341003 0.9921994805335999
8.076605153846154 -7.363313674926758 3.1315324306488037 -5.7287492752075195 -0.07556990534067154 0.032181210815906525 -0.09698987752199173 0.9918904304504395
8.105681153846154 -7.271034240722656 3.160776376724243 -5.72185754776001 -0.07324947416782379 0.02762717194855213 -0.1000080555677414 0.9919020533561707
8.134749153846155 -7.184990882873535 3.188933849334717 -5.728824138641357 -0.07293261587619781 0.024015290662646294 -0.1042259931564331 0.9915851950645447
8.163806153846155 -7.084761142730713 3.2189388275146484 -5.74248743057251 -0.07308310270309448 0.020152810961008072 -0.10925266891717911 0.9911189079284668
8.192865153846155 -6.988781452178955 3.2363405227661133 -5.713926792144775 -0.07156988978385925 0.016546988859772682 -0.11406945437192917 0.9907533526420593
8.221951153846154 -6.859055995941162 3.2379274368286133 -5.7639594078063965 -0.071988545358181 0.013559170067310333 -0.11868847906589508 0.9902256727218628
8.251083153846155 -6.728891372680664 3.2291648387908936 -5.765178680419922 -0.07054967433214188 0.010325555689632893 -0.12304011732339859 0.9898370504379272
8.280269153846154 -6.604524612426758 3.2241830825805664 -5.763441562652588 -0.06942838430404663 0.0064936005510389805 -0.126964271068573 0.9894532561302185
8.309501153846155 -6.471352577209473 3.207242250442505 -5.751448154449463 -0.06971679627895355 0.003527013584971428 -0.13162358105182648 0.9888389110565186
8.338748153846154 -6.31978178024292 3.183192253112793 -5.750921726226807 -0.06838357448577881 0.0009312907350249588 -0.1366645246744156 0.9882538914680481
8.367993153846154 -6.1632561683654785 3.1529035568237305 -5.752345085144043 -0.06650593876838684 -0.0014383743982762098 -0.14053063094615936 0.9878391027450562
8.397234153846155 -6.005638122558594 3.146320343017578 -5.775918960571289 -0.06570208072662354 -0.004394649527966976 -0.14399193227291107 0.987385630607605
8.426471153846155 -5.849112510681152 3.1526219844818115 -5.7878522872924805 -0.06557084619998932 -0.007562192622572184 -0.1482483297586441 0.9867450594902039
8.455685153846154 -5.662999153137207 3.155705690383911 -5.816510200500488 -0.06518589705228806 -0.010111323557794094 -0.15219660103321075 0.9861464500427246
8.484863153846154 -5.483159065246582 3.1553943157196045 -5.836425304412842 -0.06469649076461792 -0.012224167585372925 -0.15630324184894562 0.9855121970176697
8.514023153846153 -5.273481845855713 3.1828484535217285 -5.89215087890625 -0.06384997069835663 -0.014392846263945103 -0.15930762887001038 0.9850569367408752
8.543201153846153 -5.090567111968994 3.204052686691284 -5.9235920906066895 -0.0643930584192276 -0.015040176920592785 -0.16010437905788422 0.9848827123641968
8.572416153846154 -4.874246120452881 3.230259895324707 -6.011370658874512 -0.06516014784574509 -0.015236957930028439 -0.16064909100532532 0.9847404956817627
8.601690153846153 -4.697082042694092 3.24855899810791 -6.049244403839111 -0.06450290977954865 -0.015144629403948784 -0.15905560553073883 0.9850438237190247
8.631051153846155 -4.481260299682617 3.277127265930176 -6.1379241943359375 -0.06423710286617279 -0.01629537157714367 -0.15942519903182983 0.9849831461906433
8.660521153846155 -4.345865249633789 3.2904765605926514 -6.166811466217041 -0.06435214728116989 -0.016352636739611626 -0.16006892919540405 0.9848702549934387
8.690113153846154 -4.16278600692749 3.3242149353027344 -6.231503009796143 -0.06413211673498154 -0.01757427118718624 -0.16200481355190277 0.984546959400177
8.719825153846154 -4.01893424987793 3.333981513977051 -6.26841926574707 -0.0640982985496521 -0.01768127828836441 -0.162781223654747 0.9844191670417786
8.749661153846153 -3.8993263244628906 3.346858501434326 -6.334181308746338 -0.06497189402580261 -0.01780754141509533 -0.16395826637744904 0.9841642379760742
8.779631153846154 -3.7612853050231934 3.367677688598633 -6.388888835906982 -0.06590285897254944 -0.018966475501656532 -0.16557727754116058 0.9838096499443054
8.809735153846153 -3.655592918395996 3.3996129035949707 -6.4025726318359375 -0.06506936997175217 -0.01966436207294464 -0.16529910266399384 0.9838981628417969
8.839961153846154 -3.555596351623535 3.3959133625030518 -6.4355010986328125 -0.06586518883705139 -0.020890632644295692 -0.1674981266260147 0.9834479093551636
8.870308153846153 -3.558025360107422 3.3508377075195312 -6.3732829093933105 -0.06285044550895691 -0.02230488695204258 -0.16718631982803345 0.9836671948432922
8.900771153846154 -3.5495829582214355 3.304410696029663 -6.31317138671875 -0.060912761837244034 -0.025407560169696808 -0.1709240972995758 0.9830712676048279
8.931323153846154 -3.6030352115631104 3.2419309616088867 -6.257259368896484 -0.060146164149045944 -0.027941254898905754 -0.17680729925632477 0.9820085763931274
8.961905153846153 -3.6857008934020996 3.1666104793548584 -6.182782173156738 -0.05871913582086563 -0.030425429344177246 -0.1818717122077942 0.9810958504676819
