61859.09756097561 -0.0 -0.0 -0.0 -0.0 -0.0 1.0 -0.0
92199.09756097561 0.020896941 -0.0032867223 -0.0025178976 -0.0018864359 -0.036939718 0.9993148 -0.001368532
122166.09756097561 0.03472435 -0.0056156088 -0.0041578505 -0.0050874623 -0.057768654 0.99831 -0.0037400771
151733.0975609756 0.054056715 -0.004233368 -0.004594393 -0.005470579 -0.08744696 0.99615043 -0.0027200629
181048.0975609756 0.081130646 -0.007004097 -0.0049200775 -0.0035721282 -0.13783085 0.99043816 -0.0047191046
210107.0975609756 0.10190902 -0.008416289 -0.004912707 -0.0018625852 -0.17225881 0.98502886 -0.006452004
238629.0975609756 0.11215894 -0.0037326538 -0.0031779932 -0.0021355299 -0.16873758 0.98565125 -0.0038392409
266341.0975609756 0.11215894 -0.0037326538 -0.0031779932 -0.0021355299 -0.16873758 0.98565125 -0.0038392409
293223.0975609756 0.13793305 -0.011698114 -0.0019477201 -0.001822592 -0.15371154 0.98809683 -0.0058467207
319562.0975609756 0.15653971 -0.027232205 -0.0021797295 0.00012708108 -0.14481847 0.9894232 -0.008327175
345747.0975609756 0.16613902 -0.04135612 -0.0017843887 -1.1499159e-05 -0.12464411 0.99216783 -0.008177718
371949.0975609756 0.1712195 -0.05607677 -0.00042417878 -0.0004960125 -0.09237258 0.995703 -0.0065376027
398044.0975609756 0.17866363 -0.071218096 0.00056195114 -0.00017572744 -0.059146162 0.99823385 -0.0055678943
423811.0975609756 0.18714178 -0.08974289 0.00076374615 -0.00014412806 -0.040880624 0.9991485 -0.005576885
449115.0975609756 0.19201542 -0.10984049 0.0019023736 0.00012634363 -0.033337545 0.99943733 -0.00370301
473925.0975609756 0.19631727 -0.1257434 0.0025090843 -0.0004415564 -0.029760383 0.9995548 -0.002109803
498259.0975609756 0.19797932 -0.14037153 0.00429834 0.0011592675 -0.025178656 0.999682 -0.00077323575
522158.0975609756 0.19810368 -0.15449613 0.005067142 -4.072864e-05 -0.018399581 0.99983007 0.0011956271
545689.0975609756 0.19348797 -0.16742979 0.00685162 0.00030478247 -0.013164963 0.9999058 0.0038741024
568924.0975609756 0.18657872 -0.17857313 0.007831329 -0.001502729 -0.007973583 0.9999419 0.007096754
591931.0975609756 0.17678638 -0.1867949 0.008866881 -0.0043548755 -0.0026335313 0.99995375 0.008165004
614773.0975609756 0.16434515 -0.19039817 0.009168202 -0.005700294 -0.00014374846 0.99994594 0.008700241
637507.0975609756 0.15363304 -0.19184215 0.008345144 -0.008372901 0.0008175421 0.9999239 0.009025886
660180.0975609756 0.14532135 -0.19130929 0.0086853085 -0.010813784 0.0020307174 0.99990433 0.008383878
682827.0975609756 0.13619778 -0.18727034 0.007793158 -0.013708823 0.006104939 0.9998616 0.0071838256
705486.0975609756 0.12391336 -0.17816123 0.007939972 -0.014011555 0.0127661675 0.9997995 0.0064578685
728200.0975609756 0.11140554 -0.16492306 0.008232469 -0.01474001 0.022205293 0.9996277 0.0058508464
750993.0975609756 0.097136624 -0.14657879 0.008743348 -0.014968771 0.034754816 0.9992619 0.0066091395
773895.0975609756 0.080677085 -0.1246615 0.008743546 -0.016064892 0.051461354 0.99851435 0.007919607
796954.0975609756 0.059555143 -0.09893497 0.00907691 -0.016077032 0.070253745 0.99735427 0.009518286
820232.0975609756 0.03148362 -0.068502784 0.009860181 -0.013656937 0.084574446 0.9962614 0.011135393
843812.0975609756 0.0006734898 -0.03700717 0.012271301 -0.010402261 0.09655998 0.99515545 0.015285589
867789.0975609756 -0.03520191 -0.010701119 0.018332329 -0.0046235546 0.11427784 0.9931789 0.022693153
892289.0975609756 -0.06979782 0.007644447 0.023659231 -0.0019517252 0.13968289 0.98974174 0.029936781
917465.0975609756 -0.1016041 0.02549394 0.031005599 0.0018874168 0.1522117 0.9876421 0.037298907
943420.0975609756 -0.13278882 0.041165195 0.04052952 0.009629315 0.15375504 0.98714954 0.04245521
970224.0975609756 -0.16106597 0.048604146 0.048873544 0.015210502 0.16351973 0.98531824 0.046668332
997913.0975609756 -0.18375403 0.04870502 0.0558121 0.01903732 0.17725244 0.98264515 0.051260754
1026490.0975609756 -0.1999107 0.040841375 0.061175954 0.02112378 0.19938831 0.9780436 0.056823228
1055883.0975609757 -0.20953068 0.029638575 0.06451717 0.021684133 0.22721839 0.9716085 0.062278967
1085964.0975609757 -0.21662788 0.023510497 0.06980312 0.02464425 0.24632737 0.96658283 0.066582285
1116574.0975609757 -0.22273773 0.014496254 0.07282648 0.026661629 0.26234725 0.96219885 0.06809182
1147527.0975609757 -0.2295712 0.0028869286 0.076189265 0.02965645 0.27101207 0.9594974 0.0709773
1178658.0975609757 -0.23977125 -0.008474306 0.078591555 0.03294547 0.27039802 0.9597268 0.068731554
1209821.0975609757 -0.25310147 -0.018090805 0.080935515 0.03505662 0.27314126 0.9590672 0.065992065
1240876.0975609757 -0.2671043 -0.025092809 0.08307842 0.036503237 0.28112695 0.95694894 0.062321145
1271707.0975609757 -0.2763791 -0.027878372 0.08521884 0.037005145 0.2861604 0.9555999 0.059764106
1302258.0975609757 -0.28297174 -0.03247488 0.08669377 0.038888212 0.28501043 0.9559489 0.058468524
1332571.0975609757 -0.28821003 -0.042224586 0.08618877 0.039392907 0.2804702 0.9574255 0.05586756
1362752.0975609757 -0.29177588 -0.049642317 0.08520738 0.039739467 0.270134 0.9604394 0.054814927
1392868.0975609757 -0.28880936 -0.0528265 0.08304047 0.040552925 0.26144224 0.962845 0.054156523
1422897.0975609757 -0.27350712 -0.049068507 0.08042343 0.040211525 0.2556535 0.9643472 0.055307005
1452780.0975609757 -0.25045577 -0.0371435 0.07761377 0.04026204 0.25448686 0.9644256 0.059149537
1482494.0975609757 -0.22066425 -0.024294842 0.072732635 0.03970181 0.26372853 0.9617345 0.06275272
1512059.0975609757 -0.18302247 -0.01205696 0.064871855 0.037485898 0.27389118 0.9588611 0.06452845
1541548.0975609757 -0.13230562 0.0007476611 0.053611495 0.03475049 0.26755476 0.9610552 0.05983102
1571061.0975609757 -0.08324556 0.008519976 0.04159667 0.03221848 0.2574576 0.96434706 0.052080642
1600605.0975609757 -0.0426652 0.013397854 0.031122917 0.030044395 0.24495453 0.96801573 0.04516846
1630111.0975609757 -0.01827018 0.021517696 0.02593504 0.02973898 0.23469253 0.9705966 0.044466432
1745682.0975609757 -0.0077612256 0.049528256 0.021598699 0.022140007 0.18719608 0.9809546 0.04685677
1773951.0975609757 0.0017947541 0.059102103 0.019351864 0.019704474 0.1850121 0.981457 0.04609141
1802234.0975609757 0.008718788 0.07112289 0.022241004 0.016962847 0.17952198 0.98227996 0.051090278
1830627.0975609757 0.01653079 0.08293881 0.021720804 0.013806997 0.17677191 0.9828126 0.051385667
1859162.0975609757 0.028173208 0.094776005 0.025152005 0.013138466 0.17728199 0.98248273 0.055912465
1887841.0975609757 0.040315397 0.10655016 0.02577493 0.009871606 0.17383833 0.98299664 0.058313522
1916654.0975609757 0.047926813 0.118675426 0.02800752 0.0075078723 0.17448059 0.98277754 0.06040333
1945566.0975609757 0.055676308 0.13395254 0.030247737 0.0033397856 0.18675245 0.98045266 0.06184687
1974533.0975609757 0.06392524 0.15202956 0.033365868 -0.0004049597 0.20258415 0.9772065 0.06345768
2003524.0975609757 0.0730594 0.17058441 0.03624486 -0.0034036275 0.21557073 0.97432876 0.064816386
2032505.0975609757 0.08483312 0.18915665 0.039034236 -0.0052971006 0.22957955 0.9709923 0.06662665
2061466.0975609757 0.09239319 0.20448543 0.04109825 -0.007442165 0.23847088 0.96869427 0.06861333
2090481.0975609757 0.09825727 0.2171578 0.042709403 -0.0069289003 0.2385953 0.9685751 0.06990408
2119712.0975609757 0.114344075 0.22977793 0.044718336 -0.004510175 0.24432908 0.9670276 0.07169837
2149352.0975609757 0.12969184 0.24228132 0.046834335 -0.00075218506 0.25404742 0.96437746 0.073725305
2179504.0975609757 0.14504394 0.25513786 0.047991388 -0.00019168748 0.2709049 0.9598281 0.07307927
2210159.0975609757 0.15550366 0.26664877 0.048544638 -0.0015120076 0.28907007 0.9546652 0.07106788
2241274.0975609757 0.16446991 0.27794385 0.049311943 -0.0029314759 0.30663657 0.9493224 0.06893875
2272764.0975609757 0.1688872 0.2867283 0.051728737 -0.006848537 0.3166637 0.9459466 0.06973041
2304511.0975609757 0.168645 0.2891816 0.054045964 -0.009646983 0.3216864 0.9442065 0.069992766
2336454.0975609757 0.16202416 0.28326735 0.054248266 -0.008303601 0.32626808 0.9428474 0.06722373
2368609.0975609757 0.14963952 0.2724075 0.054672264 -0.004393723 0.319018 0.9451455 0.07005931
2433501.0975609757 0.12855923 0.24367532 0.055116836 0.003958116 0.30161187 0.9506631 0.07248736
2466086.0975609757 0.10820663 0.22540455 0.054604087 0.006559186 0.2924423 0.9534404 0.07338899
2498729.0975609757 0.09137929 0.20820002 0.053675413 0.011045102 0.28567034 0.95547634 0.07304429
2531411.0975609757 0.077452615 0.19241756 0.053020313 0.015773974 0.28028464 0.9570555 0.07236425
2564041.0975609757 0.054998647 0.1752783 0.052921906 0.019704068 0.27667895 0.95820785 0.06998782
2596508.0975609757 0.030967738 0.15855552 0.052965265 0.023007436 0.27873856 0.9577818 0.06655471
2628681.0975609757 0.0105718905 0.14276819 0.053595286 0.025889307 0.27802402 0.9580216 0.06501615
2660428.0975609757 -0.010455371 0.124164484 0.05346587 0.028670795 0.27395305 0.95929617 0.06227907
2691715.0975609757 -0.030955598 0.10473773 0.053250182 0.031824622 0.26479822 0.9620062 0.058423214
2722620.0975609757 -0.047069468 0.08722734 0.05337017 0.035197254 0.2544599 0.96489537 0.05466571
2753239.0975609757 -0.057761863 0.071612984 0.053976223 0.03986923 0.24977562 0.96614957 0.050771076
2814029.0975609757 -0.079503015 0.045504894 0.055344805 0.04439299 0.24377333 0.9678607 0.043007474
2844471.0975609757 -0.079741076 0.03722603 0.05738051 0.049529977 0.24743477 0.9667653 0.041083347
2875069.0975609757 -0.07939613 0.03217603 0.058735948 0.05215794 0.25296602 0.9652168 0.040549688
2905905.0975609757 -0.08273312 0.02629228 0.058694206 0.052837003 0.25793412 0.963964 0.03810212
2937022.0975609757 -0.08475439 0.022481602 0.059750028 0.053779185 0.2593139 0.9635568 0.037714843
2968383.0975609757 -0.08404262 0.019162372 0.06016444 0.05554688 0.26082614 0.9630924 0.036569536
2999935.0975609757 -0.08293259 0.017201284 0.059620544 0.056353465 0.26141685 0.9628792 0.036731984
3031628.0975609757 -0.083046764 0.015793553 0.05882541 0.055534028 0.2583201 0.96379024 0.035988785
3063417.0975609757 -0.07985344 0.018796008 0.05834428 0.054122478 0.25479132 0.964648 0.040079128
3095257.0975609757 -0.075989924 0.020062424 0.057818953 0.053065017 0.2523035 0.96530163 0.0414714
3127113.0975609757 -0.07260125 0.021951655 0.056991577 0.052302264 0.25082946 0.96567875 0.042586647
3158893.0975609757 -0.06819581 0.025304047 0.055779926 0.051704675 0.25043 0.9657423 0.04419697
3190468.0975609757 -0.062727526 0.028558867 0.053731147 0.049966604 0.25283104 0.9652639 0.04295939
3221733.0975609757 -0.06033505 0.03293931 0.052634273 0.047705844 0.2522219 0.9655105 0.04356456
3252625.0975609757 -0.05679163 0.041332897 0.05193562 0.045215167 0.24999386 0.9660418 0.047138013
3283215.0975609757 -0.05058117 0.050002165 0.05083273 0.04442739 0.24824229 0.9664624 0.048501927
3313640.0975609757 -0.044708066 0.060297318 0.049821183 0.042479042 0.24692366 0.96679384 0.050338525
3343959.0975609757 -0.039829507 0.07222889 0.049419563 0.039710473 0.24683464 0.96679735 0.052903373
3374149.0975609757 -0.034296125 0.08486168 0.049596585 0.037361145 0.2454068 0.96710366 0.05558933
3404181.0975609757 -0.027209453 0.09872971 0.04966053 0.034404755 0.24262626 0.9676986 0.059231367
3434058.0975609757 -0.020543229 0.11302142 0.05000749 0.03217944 0.23965365 0.9683315 0.062166072
3463815.0975609757 -0.014067888 0.12662731 0.050532017 0.02975609 0.23825672 0.96861076 0.06435442
3493490.0975609757 -0.0072778882 0.1398306 0.050920766 0.027458152 0.23595448 0.9690748 0.066825666
3523124.0975609757 -0.00080348784 0.15184076 0.05096619 0.024769174 0.2325626 0.969825 0.068852164
3552776.0975609757 0.0040600277 0.16245085 0.05117888 0.022246832 0.23125945 0.9700616 0.0707435
3582510.0975609757 0.008410127 0.17291111 0.051377635 0.019749548 0.23134759 0.9700014 0.072011545
3612379.0975609757 0.012017802 0.18241017 0.051235918 0.016196452 0.23278493 0.9696224 0.073358096
3642399.0975609757 0.011024925 0.18933922 0.051256772 0.014391451 0.23428835 0.9692249 0.074196
3672570.0975609757 0.0061669806 0.19487263 0.050249297 0.010054152 0.23342466 0.9694523 0.074659884
3702908.0975609757 -0.0030305767 0.19711994 0.049194828 0.004716433 0.22412032 0.9716167 0.075558
3733416.0975609757 -0.014743853 0.19858368 0.04647067 0.00025223487 0.21335997 0.9740114 0.07602171
3764056.0975609757 -0.026603367 0.20137015 0.04380574 -0.0032615361 0.20434478 0.9758877 0.07665319
3794721.0975609757 -0.040910147 0.20127639 0.04009858 -0.0073396857 0.18325987 0.9799593 0.077728294
3825265.0975609757 -0.040566765 0.20718698 0.039447207 -0.008076747 0.15513898 0.9844913 0.08150898
3855604.0975609757 -0.029283758 0.21674362 0.03796299 -0.009349892 0.14189973 0.9864556 0.08174579
3885731.0975609757 -0.022121606 0.22879355 0.038914338 -0.008669943 0.11845113 0.98959 0.08127659
3915662.0975609757 -0.009338568 0.24220964 0.038672708 -0.0056868996 0.08711921 0.9931461 0.0777096
3945423.0975609757 0.020482054 0.26116285 0.041598152 -0.0027675827 0.0631862 0.99510866 0.07588591
3975102.0975609757 0.05685944 0.28116187 0.046956327 0.00035951607 0.03065522 0.99634206 0.07976631
4004807.0975609757 0.08998367 0.29816604 0.050079625 0.0024826513 0.0039897095 0.9967213 0.08077571
4034579.0975609757 0.12079748 0.3130511 0.05386496 0.005227522 -0.019799685 0.99638367 0.08246391
4064428.0975609757 0.14995505 0.32557705 0.056946304 0.00812687 -0.03965305 0.9956265 0.08419926
4094416.0975609757 0.17666827 0.33511207 0.058503177 0.010959028 -0.046933006 0.99526215 0.08444302
4124603.0975609757 0.19292934 0.34187984 0.060424373 0.012310322 -0.044821203 0.99526536 0.085361384
4155001.0975609757 0.20632112 0.34558287 0.06126144 0.0119236475 -0.03937407 0.99548185 0.08557714
4185555.0975609757 0.21618353 0.34320506 0.0605409 0.0144834705 -0.022939738 0.9960239 0.08485575
4216225.097560976 0.22048564 0.33907798 0.061072916 0.016233003 0.0038092441 0.9962342 0.08508576
4246994.097560976 0.21705946 0.33672237 0.06189768 0.013872675 0.026662596 0.9959914 0.08424878
4277789.097560976 0.2058981 0.32940838 0.06358843 0.010947557 0.04239225 0.9954267 0.08490425
4308530.097560976 0.18895277 0.31593868 0.061861843 0.011027271 0.05839523 0.99470705 0.08382323
4339236.097560976 0.17184463 0.30097926 0.060033515 0.013127325 0.071620375 0.99399483 0.08168577
4369966.097560976 0.15247367 0.28233302 0.05859479 0.015666028 0.0873766 0.9928657 0.07960948
4400747.097560976 0.1297613 0.26149645 0.057328925 0.018499393 0.10697529 0.990964 0.07876804
4431616.097560976 0.107845575 0.23732084 0.054922815 0.021418799 0.12425603 0.98912054 0.075777486
4462623.097560976 0.08145657 0.2069717 0.05232076 0.02358973 0.13984591 0.9872394 0.072422214
4493776.097560976 0.051161725 0.1795734 0.05273626 0.02730044 0.15197329 0.98549193 0.070460096
4524986.097560976 0.024179343 0.15321907 0.05412306 0.031447537 0.1660425 0.98319227 0.06909313
4556041.097560976 -0.006950187 0.12602016 0.057416163 0.035192028 0.18803988 0.9789084 0.07169973
4586729.097560976 -0.03671157 0.10384997 0.06293349 0.035427686 0.20938316 0.974187 0.07657223
4616965.097560976 -0.059957854 0.08631377 0.06630166 0.035747766 0.22606778 0.97044665 0.076478
4646786.097560976 -0.078665316 0.071404025 0.069242716 0.037544068 0.24501681 0.96591794 0.07456437
4676384.097560976 -0.09450423 0.05954831 0.0725079 0.038124874 0.28090817 0.95611876 0.073986344
4706038.097560976 -0.11393746 0.050470643 0.076307066 0.03654351 0.3250133 0.9421709 0.07310929
4735932.097560976 -0.13167305 0.038586207 0.080176845 0.03937869 0.36596718 0.9270243 0.07171711
4766134.097560976 -0.1294646 0.031035427 0.08154945 0.04366421 0.37526494 0.9230774 0.072095685
4796663.097560976 -0.12489292 0.01544385 0.08110275 0.051650684 0.37540177 0.92276525 0.07007155
4827572.097560976 -0.12902242 -0.0065973178 0.079712704 0.05486952 0.3806888 0.9207446 0.06553463
4858878.097560976 -0.12359555 -0.029222054 0.0770183 0.057954464 0.3717752 0.9245004 0.061019793
4890473.097560976 -0.10823479 -0.049393054 0.07484097 0.06717274 0.35588044 0.9300679 0.061730757
4922175.097560976 -0.09588878 -0.069236554 0.0716355 0.073253766 0.34344012 0.93425065 0.06211799
4953758.097560976 -0.07781999 -0.08551277 0.06874371 0.08445464 0.33441666 0.9363488 0.06545215
4984929.097560976 -0.05351937 -0.096470945 0.065285325 0.09961351 0.32129425 0.93916404 0.06941275
