# timestamp[secs] tx ty tz qx qy qz qw
0.061859097560975615 -0.0 -0.0 -0.0 -0.0 -0.0 -0.0 1.0
0.0921990975609756 0.020896941423416138 -0.0032867223490029573 -0.0025178976356983185 -0.001368531957268715 -0.0018864359008148313 -0.03693971782922745 0.9993147850036621
0.12216609756097561 0.03472435101866722 -0.005615608766674995 -0.00415785051882267 -0.0037400771398097277 -0.00508746225386858 -0.05776865407824516 0.9983100295066833
0.1517330975609756 0.054056715220212936 -0.004233368206769228 -0.004594393074512482 -0.002720062853768468 -0.005470579024404287 -0.08744695782661438 0.9961504340171814
0.18104809756097562 0.08113064616918564 -0.007004097104072571 -0.004920077510178089 -0.004719104617834091 -0.0035721282474696636 -0.13783085346221924 0.9904381632804871
0.21010709756097562 0.10190901905298233 -0.00841628946363926 -0.004912707023322582 -0.006452003959566355 -0.0018625851953402162 -0.17225880920886993 0.985028862953186
0.2386290975609756 0.11215893924236298 -0.0037326538003981113 -0.003177993232384324 -0.003839240875095129 -0.0021355298813432455 -0.16873757541179657 0.9856512546539307
0.26634109756097557 0.11215893924236298 -0.0037326538003981113 -0.003177993232384324 -0.003839240875095129 -0.0021355298813432455 -0.16873757541179657 0.9856512546539307
0.2932230975609756 0.13793304562568665 -0.01169811375439167 -0.001947720069438219 -0.005846720654517412 -0.0018225919920951128 -0.15371154248714447 0.9880968332290649
0.3195620975609756 0.1565397083759308 -0.027232205495238304 -0.0021797295194119215 -0.008327174931764603 0.00012708107533399016 -0.1448184698820114 0.9894232153892517
0.3457470975609756 0.16613902151584625 -0.04135612025856972 -0.0017843886744230986 -0.00817771814763546 -1.1499158972583245e-05 -0.12464410811662674 0.9921678304672241
0.3719490975609756 0.17121949791908264 -0.0560767687857151 -0.0004241787828505039 -0.006537602748721838 -0.0004960125079378486 -0.0923725813627243 0.9957029819488525
0.3980440975609756 0.17866362631320953 -0.0712180957198143 0.00056195113575086 -0.005567894317209721 -0.0001757274440024048 -0.05914616212248802 0.9982338547706604
0.42381109756097557 0.1871417760848999 -0.08974289149045944 0.0007637461530975997 -0.005576884839683771 -0.0001441280619474128 -0.04088062420487404 0.9991484880447388
0.44911509756097556 0.19201542437076569 -0.10984048992395401 0.001902373624034226 -0.0037030100356787443 0.0001263436279259622 -0.0333375446498394 0.9994373321533203
0.47392509756097556 0.19631727039813995 -0.12574340403079987 0.0025090842973440886 -0.0021098030265420675 -0.00044155638897791505 -0.02976038306951523 0.9995548129081726
0.4982590975609756 0.19797931611537933 -0.14037153124809265 0.004298340063542128 -0.0007732357480563223 0.0011592675000429153 -0.025178655982017517 0.9996820092201233
0.5221580975609755 0.19810368120670319 -0.15449613332748413 0.005067142192274332 0.0011956271482631564 -4.0728638850850984e-05 -0.01839958131313324 0.9998300671577454
0.5456890975609756 0.1934879720211029 -0.16742978990077972 0.00685162004083395 0.0038741023745387793 0.0003047824720852077 -0.013164962641894817 0.9999058246612549
0.5689240975609756 0.18657872080802917 -0.1785731315612793 0.007831328548491001 0.0070967539213597775 -0.001502729021012783 -0.007973583415150642 0.999941885471344
0.5919310975609756 0.1767863780260086 -0.18679490685462952 0.008866881020367146 0.00816500373184681 -0.004354875534772873 -0.0026335313450545073 0.9999537467956543
0.6147730975609755 0.1643451452255249 -0.190398171544075 0.009168202057480812 0.008700241334736347 -0.005700293928384781 -0.0001437484606867656 0.9999459385871887
0.6375070975609756 0.15363304316997528 -0.19184215366840363 0.008345143869519234 0.009025885723531246 -0.008372901007533073 0.0008175420807674527 0.9999238848686218
0.6601800975609756 0.14532135426998138 -0.19130928814411163 0.008685308508574963 0.008383877575397491 -0.01081378385424614 0.0020307174418121576 0.9999043345451355
0.6828270975609756 0.1361977756023407 -0.18727034330368042 0.0077931578271090984 0.007183825597167015 -0.01370882336050272 0.0061049391515553 0.9998615980148315
0.7054860975609756 0.12391336262226105 -0.17816123366355896 0.00793997198343277 0.006457868497818708 -0.014011555351316929 0.012766167521476746 0.9997994899749756
0.7282000975609756 0.11140553653240204 -0.1649230569601059 0.008232468739151955 0.005850846413522959 -0.014740009792149067 0.02220529317855835 0.9996277093887329
0.7509930975609755 0.09713662415742874 -0.14657878875732422 0.008743347600102425 0.006609139498323202 -0.014968770556151867 0.03475481644272804 0.9992619156837463
0.7738950975609756 0.0806770846247673 -0.12466149777173996 0.008743545971810818 0.007919606752693653 -0.01606489159166813 0.0514613538980484 0.9985143542289734
0.7969540975609756 0.05955514311790466 -0.09893497079610825 0.009076910093426704 0.00951828621327877 -0.016077032312750816 0.07025374472141266 0.99735426902771
0.8202320975609756 0.031483620405197144 -0.06850278377532959 0.009860181249678135 0.01113539282232523 -0.013656936585903168 0.08457444608211517 0.9962614178657532
0.8438120975609756 0.0006734898197464645 -0.0370071716606617 0.01227130088955164 0.015285588800907135 -0.010402261279523373 0.09655997902154922 0.9951554536819458
0.8677890975609756 -0.03520191088318825 -0.010701118968427181 0.018332328647375107 0.022693153470754623 -0.0046235546469688416 0.11427783966064453 0.9931789040565491
0.8922890975609756 -0.0697978213429451 0.007644447032362223 0.023659231141209602 0.029936781153082848 -0.001951725222170353 0.13968288898468018 0.9897417426109314
0.9174650975609756 -0.10160409659147263 0.025493940338492393 0.031005598604679108 0.03729890659451485 0.001887416816316545 0.15221169590950012 0.9876421093940735
0.9434200975609756 -0.13278882205486298 0.041165195405483246 0.0405295193195343 0.04245521128177643 0.00962931476533413 0.1537550389766693 0.9871495366096497
0.9702240975609756 -0.1610659658908844 0.048604145646095276 0.04887354373931885 0.04666833207011223 0.015210501849651337 0.1635197252035141 0.9853182435035706
0.9979130975609756 -0.18375402688980103 0.04870501905679703 0.05581210181117058 0.051260754466056824 0.019037319347262383 0.17725244164466858 0.9826451539993286
1.0264900975609756 -0.1999107003211975 0.040841374546289444 0.06117595359683037 0.05682322755455971 0.02112377993762493 0.1993883103132248 0.9780436158180237
1.0558830975609756 -0.20953068137168884 0.02963857538998127 0.06451717019081116 0.06227896735072136 0.021684132516384125 0.2272183895111084 0.9716085195541382
1.0859640975609757 -0.21662788093090057 0.02351049706339836 0.06980311870574951 0.06658228486776352 0.02464425005018711 0.24632737040519714 0.9665828347206116
1.1165740975609757 -0.22273772954940796 0.014496253803372383 0.07282648235559464 0.06809181720018387 0.026661628857254982 0.2623472511768341 0.9621988534927368
1.1475270975609757 -0.22957119345664978 0.002886928617954254 0.07618926465511322 0.07097730040550232 0.02965644933283329 0.2710120677947998 0.9594973921775818
1.1786580975609757 -0.23977124691009521 -0.00847430620342493 0.07859155535697937 0.06873155385255814 0.03294546902179718 0.27039802074432373 0.9597268104553223
1.2098210975609758 -0.2531014680862427 -0.018090805038809776 0.0809355154633522 0.06599206477403641 0.035056620836257935 0.2731412649154663 0.9590672254562378
1.2408760975609756 -0.26710429787635803 -0.02509280852973461 0.08307842165231705 0.062321145087480545 0.03650323674082756 0.2811269462108612 0.9569489359855652
1.2717070975609757 -0.2763791084289551 -0.027878371998667717 0.08521883934736252 0.05976410582661629 0.037005145102739334 0.286160409450531 0.9555999040603638
1.3022580975609757 -0.28297173976898193 -0.032474879175424576 0.08669377118349075 0.0584685243666172 0.03888821229338646 0.285010427236557 0.9559488892555237
1.3325710975609757 -0.28821003437042236 -0.04222458600997925 0.08618877083063126 0.05586756020784378 0.03939290717244148 0.28047019243240356 0.9574254751205444
1.3627520975609757 -0.2917758822441101 -0.04964231699705124 0.08520738035440445 0.05481492727994919 0.039739467203617096 0.27013400197029114 0.9604393839836121
1.3928680975609757 -0.2888093590736389 -0.05282650142908096 0.08304046839475632 0.05415652319788933 0.04055292531847954 0.26144224405288696 0.9628450274467468
1.4228970975609756 -0.27350711822509766 -0.04906850680708885 0.08042342960834503 0.05530700460076332 0.040211524814367294 0.2556535005569458 0.9643471837043762
1.4527800975609757 -0.250455766916275 -0.03714349865913391 0.07761377096176147 0.05914953723549843 0.04026203975081444 0.2544868588447571 0.9644256234169006
1.4824940975609757 -0.22066424787044525 -0.024294842034578323 0.07273263484239578 0.06275272369384766 0.039701808243989944 0.263728529214859 0.9617344737052917
1.5120590975609758 -0.18302246928215027 -0.012056959792971611 0.06487185508012772 0.0645284503698349 0.03748589754104614 0.2738911807537079 0.9588611125946045
1.5415480975609757 -0.13230562210083008 0.0007476611062884331 0.05361149460077286 0.05983101949095726 0.03475049138069153 0.26755475997924805 0.9610552191734314
1.5710610975609758 -0.08324556052684784 0.008519976399838924 0.041596669703722 0.05208064243197441 0.03221847862005234 0.2574576139450073 0.9643470644950867
1.6006050975609758 -0.04266519844532013 0.013397853821516037 0.03112291730940342 0.04516845941543579 0.030044395476579666 0.24495452642440796 0.968015730381012
1.6301110975609756 -0.018270179629325867 0.021517695859074593 0.025935040786862373 0.04446643218398094 0.029738979414105415 0.2346925288438797 0.9705966114997864
1.7456820975609757 -0.0077612255699932575 0.04952825605869293 0.02159869857132435 0.04685676842927933 0.022140007466077805 0.18719607591629028 0.9809545874595642
1.7739510975609758 0.0017947540618479252 0.05910210311412811 0.019351864233613014 0.046091411262750626 0.01970447413623333 0.1850121021270752 0.981456995010376
1.8022340975609756 0.00871878769248724 0.07112289220094681 0.022241003811359406 0.05109027773141861 0.016962846741080284 0.17952197790145874 0.9822799563407898
1.8306270975609757 0.01653078943490982 0.08293881267309189 0.021720804274082184 0.05138566717505455 0.013806996867060661 0.17677190899848938 0.9828125834465027
1.8591620975609757 0.028173208236694336 0.09477600455284119 0.02515200525522232 0.05591246485710144 0.013138465583324432 0.17728199064731598 0.9824827313423157
1.8878410975609756 0.04031539708375931 0.10655015707015991 0.02577492967247963 0.0583135224878788 0.009871605783700943 0.17383833229541779 0.9829966425895691
1.9166540975609756 0.04792681336402893 0.11867542564868927 0.028007520362734795 0.06040332838892937 0.007507872302085161 0.1744805872440338 0.9827775359153748
1.9455660975609756 0.055676307529211044 0.1339525431394577 0.03024773672223091 0.06184687092900276 0.0033397856168448925 0.18675245344638824 0.9804526567459106
1.9745330975609756 0.06392523646354675 0.15202955901622772 0.03336586803197861 0.0634576827287674 -0.0004049596900586039 0.2025841474533081 0.9772065281867981
2.003524097560976 0.07305940240621567 0.17058441042900085 0.03624486178159714 0.06481638550758362 -0.00340362754650414 0.21557073295116425 0.9743287563323975
2.0325050975609757 0.08483312278985977 0.1891566514968872 0.03903423622250557 0.0666266530752182 -0.0052971006371080875 0.22957955300807953 0.9709923267364502
2.0614660975609755 0.0923931896686554 0.2044854313135147 0.04109824821352959 0.06861332803964615 -0.007442165166139603 0.2384708821773529 0.968694269657135
2.0904810975609758 0.09825727343559265 0.21715779602527618 0.04270940274000168 0.06990408152341843 -0.006928900256752968 0.23859530687332153 0.968575119972229
2.1197120975609756 0.11434407532215118 0.22977793216705322 0.044718336313962936 0.07169836759567261 -0.004510174971073866 0.2443290799856186 0.9670276045799255
2.1493520975609757 0.12969183921813965 0.24228131771087646 0.04683433473110199 0.07372530549764633 -0.0007521850639022887 0.2540474236011505 0.9643774628639221
2.179504097560976 0.14504393935203552 0.2551378607749939 0.04799138754606247 0.07307927310466766 -0.00019168747530784458 0.27090489864349365 0.9598280787467957
2.2101590975609757 0.15550366044044495 0.2666487693786621 0.048544637858867645 0.07106787711381912 -0.0015120075549930334 0.2890700697898865 0.9546651840209961
2.2412740975609755 0.164469912648201 0.27794384956359863 0.04931194335222244 0.06893874704837799 -0.0029314758721739054 0.3066365718841553 0.9493224024772644
2.2727640975609757 0.168887197971344 0.28672829270362854 0.051728736609220505 0.06973040848970413 -0.0068485368974506855 0.3166637122631073 0.9459465742111206
2.3045110975609755 0.1686449944972992 0.28918159008026123 0.054045964032411575 0.06999276578426361 -0.00964698288589716 0.32168638706207275 0.9442064762115479
2.3364540975609756 0.16202415525913239 0.2832673490047455 0.05424826592206955 0.06722372770309448 -0.008303601294755936 0.3262680768966675 0.9428473711013794
2.3686090975609755 0.14963951706886292 0.27240750193595886 0.05467226356267929 0.07005930691957474 -0.004393722862005234 0.31901800632476807 0.9451454877853394
2.433501097560976 0.12855923175811768 0.2436753213405609 0.05511683598160744 0.07248736172914505 0.003958115819841623 0.30161187052726746 0.9506630897521973
2.4660860975609755 0.10820662975311279 0.2254045456647873 0.05460408702492714 0.07338898628950119 0.006559186149388552 0.29244229197502136 0.9534404277801514
2.4987290975609757 0.09137929230928421 0.20820002257823944 0.05367541313171387 0.0730442926287651 0.011045102030038834 0.28567034006118774 0.9554763436317444
2.5314110975609756 0.07745261490345001 0.19241756200790405 0.05302031338214874 0.07236424833536148 0.015773974359035492 0.2802846431732178 0.9570555090904236
2.5640410975609758 0.054998647421598434 0.17527830600738525 0.05292190611362457 0.06998781859874725 0.019704068079590797 0.2766789495944977 0.9582078456878662
2.596508097560976 0.03096773847937584 0.1585555225610733 0.05296526476740837 0.0665547102689743 0.023007435724139214 0.2787385582923889 0.9577817916870117
2.6286810975609756 0.010571890510618687 0.14276818931102753 0.05359528586268425 0.06501615047454834 0.025889307260513306 0.27802401781082153 0.9580215811729431
2.6604280975609758 -0.010455370880663395 0.12416448444128036 0.05346586927771568 0.062279071658849716 0.028670795261859894 0.27395305037498474 0.9592961668968201
2.6917150975609756 -0.030955597758293152 0.10473772883415222 0.053250182420015335 0.05842321366071701 0.03182462230324745 0.26479822397232056 0.9620062112808228
2.722620097560976 -0.04706946760416031 0.08722733706235886 0.053370170295238495 0.054665710777044296 0.03519725427031517 0.2544598877429962 0.9648953676223755
2.7532390975609755 -0.05776186287403107 0.07161298394203186 0.05397622287273407 0.0507710762321949 0.03986923024058342 0.24977561831474304 0.9661495685577393
2.814029097560976 -0.07950301468372345 0.045504894107580185 0.055344805121421814 0.04300747439265251 0.044392991811037064 0.24377332627773285 0.9678606986999512
2.8444710975609757 -0.07974107563495636 0.037226028740406036 0.05738050863146782 0.04108334705233574 0.04952997714281082 0.24743476510047913 0.966765284538269
2.8750690975609756 -0.07939612865447998 0.032176028937101364 0.05873594805598259 0.040549688041210175 0.0521579384803772 0.2529660165309906 0.9652168154716492
2.9059050975609755 -0.08273311704397202 0.026292279362678528 0.058694206178188324 0.03810212016105652 0.05283700302243233 0.2579341232776642 0.9639639854431152
2.9370220975609755 -0.08475439250469208 0.022481601685285568 0.0597500279545784 0.037714842706918716 0.05377918481826782 0.2593139111995697 0.9635568261146545
2.9683830975609755 -0.08404262363910675 0.0191623717546463 0.0601644404232502 0.03656953573226929 0.05554687976837158 0.26082614064216614 0.9630923867225647
2.9999350975609755 -0.08293259143829346 0.01720128394663334 0.05962054431438446 0.036731984466314316 0.05635346472263336 0.26141685247421265 0.9628791809082031
3.0316280975609757 -0.08304676413536072 0.01579355262219906 0.05882541090250015 0.035988785326480865 0.05553402751684189 0.2583200931549072 0.963790237903595
3.0634170975609756 -0.07985343784093857 0.018796008080244064 0.0583442784845829 0.04007912799715996 0.054122477769851685 0.2547913193702698 0.9646480083465576
3.095257097560976 -0.07598992437124252 0.02006242424249649 0.057818952947854996 0.04147139936685562 0.053065016865730286 0.25230351090431213 0.9653016328811646
3.1271130975609758 -0.07260125130414963 0.02195165492594242 0.0569915771484375 0.04258664697408676 0.05230226367712021 0.25082945823669434 0.9656787514686584
3.1588930975609757 -0.06819581240415573 0.025304047390818596 0.05577992647886276 0.044196970760822296 0.05170467495918274 0.25042998790740967 0.965742290019989
3.190468097560976 -0.06272752583026886 0.028558867052197456 0.053731147199869156 0.042959388345479965 0.04996660351753235 0.25283104181289673 0.9652639031410217
3.2217330975609757 -0.06033505126833916 0.03293931111693382 0.05263427272439003 0.0435645617544651 0.047705844044685364 0.2522219121456146 0.9655104875564575
3.252625097560976 -0.056791629642248154 0.041332896798849106 0.05193562060594559 0.04713801294565201 0.045215167105197906 0.24999386072158813 0.9660418033599854
3.2832150975609755 -0.05058116838335991 0.050002165138721466 0.050832729786634445 0.04850192740559578 0.04442739114165306 0.24824228882789612 0.9664623737335205
3.3136400975609757 -0.04470806568861008 0.060297317802906036 0.04982118308544159 0.05033852532505989 0.04247904196381569 0.24692365527153015 0.9667938351631165
3.3439590975609756 -0.03982950747013092 0.07222889363765717 0.04941956326365471 0.052903372794389725 0.03971047326922417 0.2468346357345581 0.9667973518371582
3.374149097560976 -0.034296125173568726 0.08486168086528778 0.04959658533334732 0.055589329451322556 0.03736114501953125 0.24540680646896362 0.9671036601066589
3.4041810975609756 -0.027209453284740448 0.098729707300663 0.04966052994132042 0.05923136696219444 0.034404754638671875 0.24262626469135284 0.9676985740661621
3.4340580975609756 -0.020543228834867477 0.11302141845226288 0.05000748857855797 0.06216607242822647 0.032179441303014755 0.23965364694595337 0.968331515789032
3.4638150975609756 -0.014067888259887695 0.12662731111049652 0.050532016903162 0.06435441970825195 0.02975608967244625 0.23825672268867493 0.9686107635498047
3.4934900975609757 -0.007277888245880604 0.1398306041955948 0.0509207658469677 0.06682566553354263 0.027458151802420616 0.23595447838306427 0.9690747857093811
3.523124097560976 -0.000803487841039896 0.15184076130390167 0.05096618831157684 0.06885216385126114 0.024769173935055733 0.2325626015663147 0.969825029373169
3.552776097560976 0.004060027655214071 0.1624508500099182 0.05117888003587723 0.07074350118637085 0.02224683202803135 0.23125945031642914 0.9700616002082825
3.582510097560976 0.008410126902163029 0.17291110754013062 0.051377635449171066 0.0720115453004837 0.01974954828619957 0.23134759068489075 0.9700013995170593
3.6123790975609755 0.012017802335321903 0.18241016566753387 0.05123591795563698 0.07335809618234634 0.01619645208120346 0.2327849268913269 0.9696223735809326
3.642399097560976 0.01102492492645979 0.18933922052383423 0.05125677213072777 0.07419600337743759 0.014391451142728329 0.23428834974765778 0.9692248702049255
3.6725700975609756 0.006166980601847172 0.1948726326227188 0.05024929717183113 0.07465988397598267 0.010054152458906174 0.23342466354370117 0.9694523215293884
3.7029080975609756 -0.00303057674318552 0.19711993634700775 0.0491948276758194 0.07555799931287766 0.004716433119028807 0.22412031888961792 0.9716166853904724
3.733416097560976 -0.014743853360414505 0.1985836774110794 0.04647066816687584 0.076021708548069 0.00025223486591130495 0.21335996687412262 0.9740114212036133
3.764056097560976 -0.026603367179632187 0.20137014985084534 0.043805740773677826 0.07665318995714188 -0.0032615361269563437 0.20434477925300598 0.9758877158164978
3.7947210975609758 -0.04091014713048935 0.20127639174461365 0.040098581463098526 0.07772829383611679 -0.0073396856896579266 0.18325987458229065 0.9799593091011047
3.8252650975609757 -0.040566764771938324 0.2071869820356369 0.03944720700383186 0.08150897920131683 -0.008076746948063374 0.1551389843225479 0.9844912886619568
3.8556040975609758 -0.029283758252859116 0.2167436182498932 0.03796299174427986 0.08174578845500946 -0.009349891915917397 0.1418997347354889 0.9864556193351746
3.8857310975609756 -0.022121606394648552 0.22879354655742645 0.03891433775424957 0.08127658814191818 -0.008669942617416382 0.11845113337039948 0.9895899891853333
3.9156620975609755 -0.009338567964732647 0.24220964312553406 0.038672707974910736 0.07770960032939911 -0.005686899647116661 0.0871192067861557 0.9931461215019226
3.9454230975609756 0.020482053980231285 0.2611628472805023 0.04159815236926079 0.07588590681552887 -0.002767582656815648 0.06318619847297668 0.9951086640357971
3.975102097560976 0.056859441101551056 0.2811618745326996 0.04695632681250572 0.07976631075143814 0.0003595160669647157 0.03065522015094757 0.9963420629501343
4.004807097560976 0.08998367190361023 0.29816603660583496 0.050079625099897385 0.08077570796012878 0.0024826512672007084 0.0039897095412015915 0.9967213273048401
4.034579097560976 0.12079747766256332 0.31305110454559326 0.05386495962738991 0.08246391266584396 0.0052275219932198524 -0.01979968510568142 0.9963836669921875
4.064428097560976 0.14995504915714264 0.325577050447464 0.05694630369544029 0.08419925719499588 0.008126869797706604 -0.039653051644563675 0.9956265091896057
4.094416097560976 0.17666827142238617 0.335112065076828 0.058503177016973495 0.08444301784038544 0.010959028266370296 -0.04693300649523735 0.9952621459960938
4.124603097560976 0.19292934238910675 0.34187984466552734 0.06042437255382538 0.08536138385534286 0.012310322374105453 -0.044821202754974365 0.9952653646469116
4.155001097560976 0.206321120262146 0.34558287262916565 0.06126144155859947 0.08557713776826859 0.011923647485673428 -0.03937406837940216 0.9954818487167358
4.185555097560976 0.21618352830410004 0.343205064535141 0.06054089963436127 0.08485575020313263 0.014483470469713211 -0.022939737886190414 0.9960238933563232
4.216225097560976 0.2204856425523758 0.33907797932624817 0.06107291579246521 0.08508575707674026 0.01623300276696682 0.0038092441391199827 0.9962341785430908
4.246994097560976 0.21705946326255798 0.33672237396240234 0.061897680163383484 0.08424878120422363 0.01387267466634512 0.026662595570087433 0.9959914088249207
4.277789097560976 0.20589810609817505 0.3294083774089813 0.06358843296766281 0.0849042534828186 0.010947557166218758 0.04239225015044212 0.9954267144203186
4.3085300975609755 0.18895277380943298 0.31593868136405945 0.06186184287071228 0.08382322639226913 0.011027270928025246 0.058395229279994965 0.9947070479393005
4.339236097560976 0.17184463143348694 0.30097925662994385 0.060033515095710754 0.08168576657772064 0.013127325102686882 0.07162037491798401 0.9939948320388794
4.369966097560976 0.15247367322444916 0.28233301639556885 0.05859478935599327 0.07960948348045349 0.01566602848470211 0.08737660199403763 0.9928656816482544
4.400747097560975 0.12976129353046417 0.2614964544773102 0.05732892453670502 0.0787680372595787 0.01849939301609993 0.10697528719902039 0.9909639954566956
4.431616097560975 0.10784557461738586 0.23732084035873413 0.054922815412282944 0.07577748596668243 0.021418798714876175 0.12425602972507477 0.9891205430030823
4.462623097560976 0.08145657181739807 0.20697170495986938 0.05232075974345207 0.07242221385240555 0.023589730262756348 0.13984590768814087 0.987239420413971
4.493776097560976 0.05116172507405281 0.1795734018087387 0.05273625999689102 0.07046009600162506 0.027300439774990082 0.15197329223155975 0.985491931438446
4.5249860975609755 0.02417934313416481 0.153219074010849 0.054123058915138245 0.06909313052892685 0.03144753724336624 0.1660425066947937 0.9831922650337219
4.556041097560976 -0.0069501870311796665 0.1260201632976532 0.0574161633849144 0.07169973105192184 0.03519202768802643 0.1880398839712143 0.9789084196090698
4.586729097560975 -0.036711569875478745 0.10384996980428696 0.06293348968029022 0.0765722319483757 0.03542768582701683 0.20938315987586975 0.9741870164871216
4.616965097560976 -0.05995785444974899 0.08631376922130585 0.06630165874958038 0.07647799700498581 0.03574776649475098 0.22606778144836426 0.9704466462135315
4.646786097560976 -0.07866531610488892 0.07140402495861053 0.06924271583557129 0.0745643675327301 0.037544067949056625 0.24501681327819824 0.9659179449081421
4.676384097560976 -0.0945042297244072 0.059548310935497284 0.07250790297985077 0.07398634403944016 0.038124874234199524 0.28090816736221313 0.9561187624931335
4.706038097560976 -0.11393745988607407 0.05047064274549484 0.07630706578493118 0.07310929149389267 0.03654351085424423 0.32501330971717834 0.9421709179878235
4.735932097560975 -0.13167305290699005 0.03858620673418045 0.08017684519290924 0.07171711325645447 0.03937869146466255 0.36596718430519104 0.9270243048667908
4.766134097560975 -0.12946459650993347 0.031035427004098892 0.08154945075511932 0.07209568470716476 0.04366420954465866 0.3752649426460266 0.923077404499054
4.796663097560976 -0.12489292025566101 0.015443850308656693 0.08110275119543076 0.07007154822349548 0.05165068432688713 0.3754017651081085 0.9227652549743652
4.827572097560975 -0.12902241945266724 -0.0065973177552223206 0.07971270382404327 0.06553462892770767 0.05486952140927315 0.38068878650665283 0.9207445979118347
4.858878097560976 -0.12359555065631866 -0.02922205440700054 0.07701829820871353 0.06101979315280914 0.057954464107751846 0.37177520990371704 0.9245004057884216
4.890473097560975 -0.10823479294776917 -0.049393054097890854 0.0748409703373909 0.06173075735569 0.06717274338006973 0.3558804392814636 0.9300678968429565
4.9221750975609755 -0.09588877856731415 -0.06923655420541763 0.07163549959659576 0.06211799010634422 0.07325376570224762 0.34344011545181274 0.9342506527900696
4.953758097560976 -0.07781998813152313 -0.08551277220249176 0.06874371320009232 0.06545215100049973 0.08445464074611664 0.3344166576862335 0.9363487958908081
4.9849290975609755 -0.053519368171691895 -0.09647094458341599 0.065285325050354 0.06941275298595428 0.09961351007223129 0.32129424810409546 0.9391640424728394
