# timestamp[secs] tx ty tz qx qy qz qw
0.033592 0.0 -0.0 -0.0 0.0 0.0 0.0 1.0
0.038563 0.000239 -0.001381 0.001073 -0.001995 -0.000718 0.002685 0.999994
0.043544 0.000239 -0.001381 0.001073 -0.001995 -0.000718 0.002685 0.999994
0.048535 0.000498 -0.002735 0.002122 -0.003731 -0.001493 0.005508 0.999977
0.053534 0.000751 -0.004067 0.003166 -0.005347 -0.002115 0.008365 0.999948
0.058542 0.001263 -0.006766 0.005275 -0.009049 -0.003619 0.01391 0.999856
0.063557 0.002076 -0.010739 0.008386 -0.013946 -0.00585 0.02263 0.99963
0.068575 0.002652 -0.013281 0.010438 -0.016854 -0.006969 0.028585 0.999425
0.073591 0.00325 -0.015758 0.01245 -0.019552 -0.008042 0.034545 0.99918
0.078606 0.004246 -0.019344 0.01535 -0.022705 -0.009883 0.043881 0.99873
0.083608 0.004903 -0.021684 0.017268 -0.024752 -0.010858 0.049983 0.998384
0.088607 0.005244 -0.022869 0.018237 -0.025913 -0.011495 0.053065 0.998189
0.093603 0.00596 -0.025145 0.020072 -0.027262 -0.012643 0.059264 0.99779
0.098598 0.006324 -0.02623 0.020949 -0.027832 -0.013162 0.062014 0.9976
0.103604 0.007019 -0.028428 0.02274 -0.029254 -0.014057 0.067401 0.997198
0.108612 0.008085 -0.031663 0.025355 -0.030785 -0.015626 0.075324 0.996561
0.11362 0.008771 -0.033765 0.027016 -0.031794 -0.016529 0.079711 0.996174
0.118624 0.009401 -0.035808 0.028658 -0.032581 -0.016995 0.083516 0.995829
0.123632 0.010318 -0.038821 0.030957 -0.033185 -0.017819 0.088465 0.995367
0.128634 0.010867 -0.040818 0.032476 -0.03403 -0.017972 0.091529 0.995059
0.133634 0.011387 -0.042814 0.03394 -0.034846 -0.017981 0.094684 0.994735
0.138629 0.011894 -0.044821 0.035355 -0.035895 -0.017786 0.098323 0.994348
0.143624 0.012124 -0.04584 0.03601 -0.03684 -0.017531 0.100722 0.994078
0.148617 0.012629 -0.047858 0.037328 -0.038378 -0.017333 0.105282 0.99355
0.153613 0.013123 -0.049884 0.038598 -0.040033 -0.017032 0.110606 0.992912
0.158605 0.013625 -0.051925 0.039808 -0.042064 -0.016904 0.116771 0.992124
0.163597 0.014102 -0.053976 0.040978 -0.0445 -0.01656 0.123702 0.991183
0.168595 0.014595 -0.05602 0.04208 -0.047132 -0.016452 0.13141 0.99007
0.173592 0.01485 -0.057049 0.042647 -0.048364 -0.016332 0.13512 0.989513
0.178593 0.015369 -0.059104 0.043634 -0.051139 -0.016413 0.143816 0.988146
0.183595 0.015858 -0.061136 0.044561 -0.053949 -0.016407 0.152618 0.986675
0.188591 0.016358 -0.063154 0.045404 -0.056628 -0.016641 0.161637 0.985084
0.193593 0.016593 -0.064165 0.045737 -0.057951 -0.016775 0.165814 0.98431
0.198599 0.017486 -0.068153 0.0473 -0.06375 -0.017033 0.182889 0.980917
0.203624 0.01788 -0.070156 0.047896 -0.066586 -0.016983 0.189948 0.979386
0.208643 0.018234 -0.072186 0.048406 -0.069219 -0.01653 0.196079 0.978002
0.213656 0.018551 -0.07422 0.048838 -0.071649 -0.01602 0.201273 0.97678
0.218664 0.018974 -0.0773 0.049246 -0.074899 -0.015263 0.205964 0.97557
0.223668 0.019191 -0.079345 0.049494 -0.077184 -0.014352 0.208044 0.974964
0.228668 0.019364 -0.081378 0.049667 -0.079166 -0.013289 0.20905 0.974605
0.233663 0.019549 -0.083423 0.049726 -0.080626 -0.012405 0.209343 0.974434
0.23865 0.019593 -0.084406 0.049714 -0.081382 -0.011954 0.208544 0.974548
0.243631 0.01974 -0.086432 0.049695 -0.082825 -0.011044 0.207557 0.974648
0.24861 0.019903 -0.088455 0.049608 -0.084324 -0.010405 0.205989 0.974859
0.253593 0.020041 -0.090469 0.049497 -0.085954 -0.0095 0.203863 0.975173
0.258581 0.020106 -0.091464 0.049456 -0.086688 -0.009127 0.202911 0.97531
0.263574 0.020282 -0.09348 0.049266 -0.088212 -0.008425 0.20051 0.975676
0.268573 0.020523 -0.095508 0.049026 -0.089806 -0.008043 0.198308 0.975984
0.273578 0.02082 -0.097554 0.048782 -0.09189 -0.007821 0.196142 0.976229
0.278585 0.021388 -0.100687 0.048352 -0.095257 -0.007627 0.193033 0.976528
0.283593 0.021913 -0.102799 0.048073 -0.09832 -0.007981 0.191601 0.976503
0.288605 0.02253 -0.104922 0.047822 -0.101757 -0.008524 0.190591 0.976344
0.293623 0.023287 -0.107073 0.047569 -0.105467 -0.009671 0.190182 0.976019
0.298639 0.024145 -0.10924 0.047341 -0.109888 -0.011007 0.189724 0.975607
0.30366 0.025117 -0.111436 0.047116 -0.114695 -0.012567 0.189087 0.975158
0.308669 0.032788 -0.073928 0.065213 0.622181 -0.440665 0.401574 0.507389
0.313681 0.030528 -0.074405 0.071353 0.681734 -0.468621 0.398424 0.396095
0.318686 0.021583 -0.084661 0.086576 0.79133 -0.500633 0.349729 0.029189
0.323683 0.014891 -0.104894 0.090201 0.784245 -0.454165 0.249015 -0.341594
0.328671 0.015206 -0.124526 0.079899 -0.660874 0.336287 -0.112757 0.661394
0.333651 0.016833 -0.128149 0.076115 -0.620163 0.301124 -0.080069 0.719939
0.338627 0.025103 -0.133902 0.05927 -0.410173 0.143234 0.052659 0.899149
0.343596 0.036072 -0.127698 0.045334 -0.150125 -0.032382 0.175936 0.972348
0.348567 0.037733 -0.129482 0.045057 -0.153472 -0.035389 0.172291 0.972373
0.353541 0.039427 -0.13122 0.04478 -0.156611 -0.038261 0.168008 0.972513
0.358523 0.040235 -0.132096 0.044666 -0.158385 -0.0396 0.165936 0.972528
0.363516 0.042051 -0.133778 0.044339 -0.161048 -0.042871 0.161164 0.972755
0.368519 0.043979 -0.135439 0.043958 -0.163509 -0.046548 0.156107 0.973
0.373528 0.045965 -0.137105 0.043586 -0.166145 -0.050074 0.150559 0.973253
0.378543 0.049026 -0.139585 0.043022 -0.170075 -0.055539 0.141833 0.973588
0.383551 0.051161 -0.141246 0.042637 -0.17294 -0.059119 0.135392 0.973789
0.388565 0.053365 -0.142921 0.042257 -0.175874 -0.062564 0.128947 0.973923
0.393589 0.055629 -0.144579 0.041882 -0.178756 -0.065793 0.122597 0.974006
0.398612 0.057985 -0.146233 0.041505 -0.18181 -0.069078 0.116409 0.973972
0.40363 0.060422 -0.147875 0.041143 -0.184947 -0.072231 0.110611 0.973829
0.40864 0.064345 -0.150211 0.040568 -0.189392 -0.077354 0.103245 0.97339
0.413647 0.067043 -0.151709 0.040182 -0.192101 -0.080825 0.099014 0.973016
0.418649 0.069869 -0.15315 0.039779 -0.194481 -0.084533 0.095505 0.972579
0.423644 0.072782 -0.154511 0.039377 -0.196562 -0.088311 0.092668 0.972099
0.428638 0.07432 -0.155095 0.039189 -0.197395 -0.090269 0.091783 0.971835
0.433634 0.077351 -0.156348 0.038799 -0.199343 -0.094322 0.089664 0.97125
0.438633 0.080468 -0.157522 0.0384 -0.200827 -0.098469 0.088279 0.970659
0.443629 0.083648 -0.158623 0.037994 -0.202043 -0.10266 0.08727 0.970064
0.448616 0.086878 -0.15966 0.037593 -0.203063 -0.10674 0.086696 0.969462
0.4536 0.090164 -0.160647 0.037182 -0.203851 -0.110856 0.08657 0.968845
0.458585 0.093493 -0.161596 0.03677 -0.204557 -0.114947 0.08663 0.968214
0.463575 0.095138 -0.16207 0.036574 -0.20492 -0.116961 0.086587 0.9679
0.468571 0.098501 -0.162976 0.036166 -0.205657 -0.120856 0.086801 0.967246
0.473571 0.101893 -0.163859 0.03575 -0.206117 -0.124668 0.087309 0.966618
0.478575 0.105317 -0.164718 0.035334 -0.206486 -0.128418 0.087786 0.966005
0.483578 0.107038 -0.165132 0.035152 -0.206808 -0.130134 0.087814 0.965704
0.48858 0.115659 -0.1672 0.034238 -0.208411 -0.138912 0.088182 0.964102
0.493581 0.119169 -0.167995 0.033917 -0.209138 -0.142525 0.087934 0.963439
0.498582 0.12268 -0.168758 0.033631 -0.209894 -0.14606 0.087507 0.962784
0.503582 0.126206 -0.169459 0.03337 -0.21041 -0.149592 0.087025 0.962173
0.508578 0.126206 -0.169459 0.03337 -0.21041 -0.149592 0.087025 0.962173
0.513574 0.129763 -0.170129 0.033129 -0.210975 -0.153251 0.086328 0.961536
0.518574 0.133298 -0.170739 0.032925 -0.211404 -0.156711 0.085648 0.960945
0.523578 0.136823 -0.171286 0.032736 -0.211471 -0.160216 0.085119 0.960399
0.528588 0.142096 -0.172042 0.032485 -0.211551 -0.16543 0.084047 0.959591
0.533597 0.145549 -0.172419 0.032334 -0.211045 -0.168751 0.083567 0.959166
0.538606 0.14897 -0.172733 0.032185 -0.210295 -0.172055 0.083196 0.958776
0.54362 0.15234 -0.172988 0.032042 -0.209361 -0.175364 0.082971 0.9584
0.548632 0.15566 -0.173177 0.031897 -0.208259 -0.178789 0.082886 0.958015
0.553642 0.158928 -0.173294 0.031736 -0.206866 -0.182235 0.082916 0.957665
0.558654 0.163664 -0.173356 0.031454 -0.205008 -0.187312 0.082238 0.957143
0.563659 0.166739 -0.173339 0.031243 -0.203637 -0.190571 0.081646 0.956843
0.56866 0.169721 -0.173265 0.031008 -0.202124 -0.193758 0.081005 0.956578
0.573657 0.172579 -0.173115 0.030751 -0.200279 -0.196609 0.080382 0.956437
0.578651 0.173869 -0.172974 0.030577 -0.199076 -0.197798 0.079983 0.956477
0.583643 0.176547 -0.172725 0.030255 -0.19683 -0.200441 0.079401 0.95644
0.588627 0.179077 -0.172414 0.029902 -0.194335 -0.202688 0.07877 0.956528
0.593614 0.18144 -0.172053 0.029517 -0.191691 -0.204311 0.07801 0.956779
0.598601 0.183662 -0.171625 0.029087 -0.188801 -0.205717 0.077247 0.957114
0.603589 0.185729 -0.171122 0.028604 -0.185318 -0.207005 0.077166 0.957524
0.608578 0.187651 -0.170579 0.028084 -0.181783 -0.208176 0.077069 0.957955
0.613575 0.188652 -0.170311 0.027844 -0.179964 -0.208679 0.077008 0.958194
0.618573 0.190352 -0.169703 0.02726 -0.176344 -0.209769 0.077096 0.958622
0.623574 0.191909 -0.169044 0.026642 -0.17262 -0.210586 0.077478 0.95909
0.628578 0.193326 -0.168372 0.025988 -0.169132 -0.211404 0.077786 0.959506
0.63358 0.19525 -0.167307 0.024954 -0.163757 -0.212538 0.078467 0.960132
0.638585 0.196623 -0.16613 0.023836 -0.158889 -0.213519 0.079432 0.960653
0.643588 0.197392 -0.165319 0.023076 -0.155789 -0.214053 0.079974 0.960997
0.648596 0.19798 -0.164465 0.022284 -0.152739 -0.214358 0.080579 0.961368
0.653595 0.198386 -0.163572 0.021466 -0.149756 -0.214379 0.081028 0.961795
0.658585 0.198386 -0.1631 0.021022 -0.148432 -0.21426 0.081037 0.962026
0.663579 0.198497 -0.162176 0.020162 -0.145654 -0.214029 0.081152 0.962492
0.66858 0.198396 -0.16121 0.019264 -0.142736 -0.213464 0.081171 0.963053
0.673575 0.198106 -0.160221 0.018334 -0.139994 -0.212801 0.080968 0.963619
0.678573 0.198028 -0.159726 0.017883 -0.138589 -0.212523 0.080953 0.963885
0.683572 0.197442 -0.158699 0.016895 -0.13582 -0.211624 0.080516 0.964513
0.688571 0.196611 -0.15763 0.015878 -0.132939 -0.210192 0.079861 0.965282
0.693573 0.194751 -0.155951 0.014275 -0.128512 -0.206934 0.078267 0.966715
0.698578 0.192726 -0.154257 0.012625 -0.124018 -0.203646 0.076497 0.968141
0.703575 0.189907 -0.152459 0.010804 -0.119701 -0.199661 0.073787 0.969723
0.708572 0.191743 -0.153652 0.012008 -0.122575 -0.202301 0.075541 0.968681
0.713568 0.189054 -0.151869 0.010228 -0.11823 -0.198317 0.073016 0.970237
0.718568 0.186876 -0.150617 0.008965 -0.115232 -0.195226 0.071037 0.971371
0.723577 0.182024 -0.148074 0.006214 -0.110088 -0.19018 0.06628 0.973303
0.728579 0.179232 -0.146743 0.004769 -0.107341 -0.186768 0.06355 0.974452
0.733579 0.176247 -0.145364 0.003248 -0.104538 -0.183341 0.060717 0.975588
0.738573 0.173053 -0.143942 0.001664 -0.10178 -0.179673 0.057607 0.97675
0.743573 0.171204 -0.143183 0.000803 -0.100351 -0.177298 0.055672 0.977444
0.748567 0.167685 -0.141685 -0.000875 -0.097538 -0.173185 0.052118 0.978661
0.753562 0.163995 -0.140134 -0.002627 -0.094666 -0.169037 0.048437 0.979857
0.758559 0.160123 -0.138535 -0.004453 -0.09183 -0.164718 0.044396 0.981053
0.763551 0.158127 -0.137716 -0.005292 -0.089855 -0.161248 0.042573 0.981892
0.768547 0.153937 -0.136022 -0.007205 -0.086981 -0.156458 0.038068 0.98311
0.773549 0.149579 -0.134247 -0.00918 -0.084184 -0.151663 0.033243 0.98428
0.778557 0.13465 -0.145002 0.001384 -0.419811 -0.002795 -0.073968 0.904588
0.783565 0.118076 -0.137097 0.021578 -0.752567 0.177984 -0.197982 0.602303
0.788569 0.11477 -0.114889 0.030238 0.895451 -0.294874 0.264946 -0.202536
0.793577 0.119752 -0.093405 0.020784 0.863605 -0.347636 0.276269 0.238771
0.798587 0.125471 -0.087141 -0.001287 0.663253 -0.328063 0.226797 0.633271
0.803598 0.120695 -0.100253 -0.023706 0.28779 -0.225387 0.109269 0.924358
0.80861 0.109273 -0.116564 -0.027273 -0.058249 -0.108536 -0.010057 0.992334
0.81361 0.103645 -0.113777 -0.029775 -0.054045 -0.102186 -0.01513 0.993181
0.818593 0.097917 -0.110832 -0.032294 -0.04966 -0.095456 -0.019976 0.993993
0.82358 0.094988 -0.109202 -0.03358 -0.04727 -0.091915 -0.022159 0.994397
0.828564 0.089172 -0.10604 -0.036102 -0.042718 -0.084835 -0.026779 0.995119
0.833548 0.08334 -0.102737 -0.038639 -0.037831 -0.077644 -0.031087 0.995778
0.838537 0.077509 -0.099297 -0.041171 -0.032972 -0.070372 -0.035436 0.996346
0.84353 0.071714 -0.09573 -0.043696 -0.027922 -0.063107 -0.039668 0.996827
0.848527 0.068785 -0.09398 -0.044957 -0.025371 -0.059379 -0.041674 0.997042
0.853522 0.063045 -0.090214 -0.047439 -0.020361 -0.051975 -0.046029 0.997379
0.858523 0.057422 -0.086343 -0.049916 -0.015388 -0.044868 -0.050601 0.997592
0.86353 0.051902 -0.082358 -0.052355 -0.010388 -0.037792 -0.055576 0.997685
0.868539 0.043806 -0.07627 -0.056002 -0.002625 -0.027539 -0.063077 0.997625
0.87355 0.038668 -0.072049 -0.05839 0.002426 -0.021335 -0.068815 0.997398
0.878561 0.033719 -0.067755 -0.060773 0.007928 -0.015505 -0.07444 0.997073
0.883568 0.028941 -0.06337 -0.063126 0.013347 -0.009946 -0.08047 0.996618
0.888579 0.024356 -0.058925 -0.065471 0.018651 -0.004972 -0.08662 0.996054
0.893592 0.019927 -0.054395 -0.067775 0.024102 -5.2e-05 -0.092749 0.995398
0.898602 0.013712 -0.047472 -0.071207 0.031844 0.006724 -0.101308 0.994323
0.903606 0.009683 -0.042782 -0.073457 0.037088 0.011229 -0.106414 0.993567
0.908607 0.005826 -0.038046 -0.075699 0.042483 0.015673 -0.110801 0.992811
0.913601 0.002088 -0.033235 -0.077887 0.047484 0.020137 -0.114694 0.992061
0.918593 0.00037 -0.030779 -0.078956 0.049975 0.02239 -0.115686 0.991775
0.923581 -0.003148 -0.025903 -0.081112 0.054938 0.026785 -0.118336 0.991091
0.928578 -0.006507 -0.020985 -0.083239 0.059918 0.031093 -0.120427 0.990424
0.933575 -0.009711 -0.016038 -0.085338 0.064767 0.035384 -0.122096 0.989771
0.938573 -0.012766 -0.011052 -0.087393 0.069603 0.039623 -0.123372 0.989123
0.943572 -0.015643 -0.006048 -0.089421 0.074451 0.043696 -0.124363 0.988474
0.948569 -0.018332 -0.001056 -0.091424 0.079129 0.047546 -0.125372 0.987806
0.953561 -0.020834 0.003919 -0.093407 0.083755 0.051214 -0.126289 0.987124
0.958553 -0.023147 0.008875 -0.095364 0.088373 0.054715 -0.127338 0.986398
0.963547 -0.025255 0.013798 -0.097307 0.092734 0.057922 -0.128909 0.98561
0.968541 -0.027183 0.0187 -0.099216 0.097144 0.061072 -0.130792 0.984747
0.973539 -0.028912 0.023538 -0.101124 0.101478 0.063906 -0.132612 0.983886
0.978538 -0.030443 0.028299 -0.103036 0.105563 0.066339 -0.134625 0.983022
0.983536 -0.031257 0.030699 -0.103996 0.107737 0.067595 -0.135475 0.982583
0.988536 -0.032515 0.035361 -0.105902 0.111633 0.06968 -0.13763 0.981703
0.993537 -0.033977 0.042176 -0.10877 0.116799 0.072191 -0.14128 0.980401
0.998537 -0.034828 0.04664 -0.110688 0.12005 0.073659 -0.143797 0.979533
1.003537 -0.035076 0.048757 -0.111661 0.121426 0.074096 -0.145077 0.979142
1.00854 -0.036364 0.057426 -0.115547 0.127545 0.076204 -0.149998 0.977459
1.013537 -0.036434 0.059412 -0.116544 0.128549 0.076234 -0.15166 0.977068
1.018529 -0.036663 0.063448 -0.118538 0.130838 0.076397 -0.154569 0.976296
1.023521 -0.036773 0.067389 -0.12052 0.132895 0.076521 -0.15777 0.975496
1.028518 -0.036867 0.069403 -0.121509 0.13397 0.07664 -0.159321 0.975087
1.033514 -0.03677 0.073156 -0.123516 0.135593 0.076332 -0.163021 0.974275
1.038514 -0.036544 0.076738 -0.125555 0.136925 0.075736 -0.166698 0.973513
1.043515 -0.036225 0.080222 -0.127578 0.137839 0.075064 -0.170852 0.972715
1.04852 -0.035626 0.085292 -0.130617 0.138894 0.073908 -0.177372 0.971486
1.053524 -0.034813 0.089949 -0.133624 0.139213 0.073006 -0.183908 0.970292
1.05853 -0.034257 0.092988 -0.135605 0.139342 0.072593 -0.188279 0.969466
1.063532 -0.033655 0.095918 -0.137576 0.139385 0.072276 -0.192384 0.968678
1.068527 -0.033033 0.098741 -0.139529 0.139292 0.072196 -0.19619 0.967933
1.073524 -0.033033 0.098741 -0.139529 0.139292 0.072196 -0.19619 0.967933
1.078521 -0.032395 0.101515 -0.141449 0.139314 0.072173 -0.199718 0.96721
1.083525 -0.031738 0.104235 -0.143328 0.139312 0.072366 -0.203068 0.966498
1.088527 -0.031044 0.106877 -0.145184 0.139263 0.072575 -0.206047 0.965859
1.093531 -0.029973 0.110751 -0.147923 0.139341 0.073198 -0.210133 0.96492
1.098537 -0.028713 0.114391 -0.150494 0.139336 0.073782 -0.213546 0.964126
1.10354 -0.027808 0.116763 -0.152169 0.139093 0.073869 -0.215832 0.963646
1.108541 -0.02683 0.119103 -0.153762 0.138986 0.074044 -0.2183 0.963092
1.11354 -0.025744 0.12138 -0.15531 0.139044 0.073919 -0.220664 0.962554
1.118537 -0.025744 0.12138 -0.15531 0.139044 0.073919 -0.220664 0.962554
1.123535 -0.024553 0.123559 -0.156829 0.139307 0.073248 -0.222574 0.962127
1.128532 -0.023282 0.125687 -0.158268 0.139662 0.072556 -0.224499 0.961681
1.133535 -0.02192 0.1278 -0.159626 0.140101 0.071474 -0.22644 0.961243
1.138539 -0.019786 0.130913 -0.161558 0.140728 0.069829 -0.229288 0.960597
1.143544 -0.018248 0.13295 -0.162733 0.141741 0.068483 -0.230727 0.9602
1.148549 -0.015847 0.135974 -0.164306 0.143466 0.066506 -0.232351 0.959691
1.153553 -0.014236 0.137973 -0.165301 0.144679 0.065212 -0.233232 0.959384
1.158553 -0.01261 0.139975 -0.166208 0.145997 0.064263 -0.234089 0.95904
1.16355 -0.010967 0.141983 -0.167055 0.147586 0.063344 -0.234758 0.958694
1.16854 -0.010132 0.142954 -0.167444 0.14866 0.062847 -0.23474 0.958565
1.173532 -0.008488 0.144905 -0.168238 0.150445 0.061973 -0.234953 0.958292
1.178524 -0.006827 0.146839 -0.169006 0.152548 0.061019 -0.234988 0.958012
1.18352 -0.005177 0.148759 -0.169725 0.154841 0.0602 -0.234913 0.957714
1.188511 -0.004351 0.149724 -0.170093 0.155932 0.059796 -0.234858 0.957576
1.193507 -0.002706 0.151622 -0.170768 0.158284 0.058856 -0.234901 0.957237
1.198507 -0.001089 0.153488 -0.171383 0.160839 0.058291 -0.234857 0.956857
1.203511 0.000489 0.155347 -0.171958 0.163453 0.057909 -0.234999 0.956402
1.208519 0.002825 0.158116 -0.172793 0.167503 0.057431 -0.235416 0.955627
1.213526 0.004314 0.159946 -0.173279 0.170412 0.057575 -0.236019 0.954956
1.218535 0.005761 0.161739 -0.173749 0.173382 0.057762 -0.236619 0.954261
1.223544 0.007166 0.163521 -0.174198 0.176527 0.058274 -0.237476 0.95344
1.228553 0.008478 0.165271 -0.174588 0.179786 0.059423 -0.238329 0.952547
1.233558 0.009749 0.167002 -0.174985 0.182701 0.060442 -0.239716 0.951579
1.238563 0.011472 0.169457 -0.175529 0.187139 0.062639 -0.241353 0.95016
1.243567 0.012592 0.171031 -0.175905 0.189923 0.063911 -0.242247 0.949295
1.248566 0.01366 0.172559 -0.176254 0.192565 0.065283 -0.243204 0.948424
1.253561 0.014666 0.174052 -0.176574 0.194887 0.06673 -0.244399 0.947542
1.258555 0.015132 0.174736 -0.176723 0.195904 0.067323 -0.244781 0.947191
1.263548 0.016076 0.176135 -0.17701 0.197835 0.068706 -0.245851 0.946413
1.268542 0.017029 0.177462 -0.177299 0.199613 0.069731 -0.246649 0.945757
1.273538 0.017955 0.178734 -0.177555 0.201464 0.070672 -0.247077 0.945183
1.278533 0.018856 0.179944 -0.177775 0.203197 0.071535 -0.247342 0.944677
1.283529 0.019761 0.181108 -0.177955 0.204699 0.072168 -0.247706 0.94421
1.288525 0.020207 0.181715 -0.178052 0.205457 0.072598 -0.24799 0.943937
1.293523 0.021084 0.182811 -0.178148 0.206774 0.07319 -0.248309 0.94352
1.298521 0.021977 0.183842 -0.178191 0.208311 0.073675 -0.24823 0.943165
1.303523 0.022883 0.184816 -0.178161 0.209655 0.073967 -0.248205 0.942851
1.308529 0.024252 0.186201 -0.178053 0.211767 0.073955 -0.247638 0.942529
1.313539 0.025181 0.187034 -0.177876 0.213465 0.073685 -0.246914 0.942357
1.318547 0.026165 0.187847 -0.177658 0.21511 0.072791 -0.2466 0.942135
1.323556 0.027167 0.188586 -0.17737 0.21677 0.071614 -0.245828 0.942046
1.328567 0.028178 0.189275 -0.177022 0.218753 0.070176 -0.244878 0.941943
1.333574 0.02919 0.189906 -0.176625 0.220733 0.068405 -0.243742 0.941906
1.33858 0.030191 0.190474 -0.17617 0.222878 0.066383 -0.242371 0.9419
1.343585 0.031654 0.191168 -0.175373 0.226326 0.06302 -0.240135 0.941881
1.348589 0.032601 0.191564 -0.174804 0.228479 0.060603 -0.238699 0.941885
1.353585 0.03349 0.191853 -0.174183 0.230678 0.058416 -0.236938 0.941932
1.358582 0.034329 0.192058 -0.17354 0.232752 0.056049 -0.235321 0.941971
1.363578 0.034682 0.192037 -0.173189 0.233477 0.054905 -0.234523 0.942058
1.368573 0.035118 0.192145 -0.172873 0.234576 0.053636 -0.233553 0.942099
1.37357 0.035829 0.192124 -0.172168 0.236117 0.051532 -0.232086 0.942194
1.378572 0.036469 0.191984 -0.171461 0.237394 0.049436 -0.230808 0.942299
1.383576 0.037207 0.191397 -0.17036 0.238017 0.046717 -0.229221 0.942668
1.388578 0.037866 0.190701 -0.169271 0.238696 0.044146 -0.227437 0.943052
1.393577 0.038162 0.189966 -0.168546 0.238178 0.042492 -0.226348 0.943521
1.398575 0.03837 0.189071 -0.167833 0.237381 0.040815 -0.225105 0.944093
1.403576 0.03838 0.188451 -0.167503 0.236398 0.039848 -0.224447 0.944538
1.408571 0.038441 0.187313 -0.166808 0.234742 0.038261 -0.223304 0.945287
1.413567 0.038511 0.186804 -0.166461 0.23411 0.037387 -0.222791 0.9456
1.418561 0.038419 0.185421 -0.165773 0.231581 0.035932 -0.221705 0.946534
1.423558 0.038223 0.183872 -0.165106 0.228598 0.034503 -0.220576 0.947575
1.428562 0.037911 0.182171 -0.164426 0.225117 0.033359 -0.219549 0.948687
1.433569 0.037325 0.179433 -0.163401 0.219151 0.031631 -0.218271 0.950437
1.438576 0.036747 0.177354 -0.162695 0.214204 0.031072 -0.217848 0.951679
1.443583 0.035629 0.17388 -0.161582 0.206113 0.030906 -0.217438 0.953563
1.448583 0.034812 0.171465 -0.160809 0.200455 0.030913 -0.217397 0.954778
1.45358 0.03391 0.168894 -0.160003 0.194701 0.03114 -0.217046 0.95604
1.458577 0.032363 0.164718 -0.158654 0.184963 0.031598 -0.217202 0.957921
1.463574 0.032363 0.164718 -0.158654 0.184963 0.031598 -0.217202 0.957921
1.468577 0.031293 0.16183 -0.157723 0.17833 0.03192 -0.217351 0.959134
1.473577 0.030157 0.158804 -0.156732 0.171272 0.032333 -0.217652 0.960338
1.478578 0.028383 0.154155 -0.15516 0.160439 0.033149 -0.218551 0.961975
1.483571 0.027738 0.152447 -0.154538 0.156296 0.033315 -0.219197 0.962504
1.488564 0.026465 0.149096 -0.153321 0.148391 0.0337 -0.219964 0.963567
1.493556 0.025173 0.145647 -0.152034 0.140153 0.033896 -0.220897 0.964579
1.498548 0.024531 0.14395 -0.151419 0.135952 0.033957 -0.22145 0.965051
1.503545 0.02319 0.140387 -0.149986 0.127133 0.034156 -0.222814 0.965932
1.508549 0.021845 0.136731 -0.148481 0.118337 0.034085 -0.223779 0.966829
1.513555 0.020481 0.133016 -0.146863 0.108965 0.03375 -0.224743 0.967718
1.518558 0.017725 0.125327 -0.143343 0.089309 0.032524 -0.225442 0.969609
1.52356 0.016346 0.121355 -0.141448 0.079066 0.031487 -0.224891 0.97066
1.528562 0.016957 0.130492 -0.134358 0.403161 0.004167 -0.034546 0.914467
1.533562 0.012467 0.133801 -0.12069 0.669505 -0.027528 0.158736 0.725126
1.538558 0.007584 0.131257 -0.111173 0.79669 -0.04795 0.274811 0.536157
1.543554 0.000165 0.120408 -0.101102 0.884642 -0.07252 0.396768 0.233932
1.548549 -0.00547 0.105338 -0.097527 0.873526 -0.088264 0.469041 -0.095722
1.553543 -0.007027 0.09629 -0.099442 0.815689 -0.091487 0.485985 -0.300166
1.558538 -0.00574 0.084167 -0.107815 -0.623444 0.08447 -0.45795 0.628064
1.563537 -0.000385 0.08147 -0.117775 -0.341955 0.059981 -0.361156 0.865468
1.568542 0.005585 0.087935 -0.12243 -0.010938 0.021241 -0.211853 0.97701
1.573547 0.003795 0.081646 -0.118246 -0.026581 0.018496 -0.207994 0.977594
1.578565 0.002673 0.077584 -0.115334 -0.036508 0.016566 -0.205888 0.977754
1.58358 0.001554 0.073674 -0.112333 -0.046233 0.014664 -0.204025 0.977763
1.588591 -7.2e-05 0.068083 -0.107765 -0.058807 0.012211 -0.200097 0.977933
1.5936 -0.001149 0.064501 -0.104707 -0.066965 0.010617 -0.197612 0.977933
1.598604 -0.002225 0.061061 -0.101645 -0.074574 0.009248 -0.194833 0.977954
1.603599 -0.003335 0.05782 -0.098564 -0.081945 0.008175 -0.192243 0.977886
1.608589 -0.003891 0.056384 -0.097077 -0.085119 0.007644 -0.190756 0.97791
1.613579 -0.004994 0.053394 -0.09409 -0.091721 0.006832 -0.188169 0.977821
1.618565 -0.006118 0.050583 -0.091154 -0.097687 0.006274 -0.185433 0.977769
1.623553 -0.007225 0.047978 -0.088314 -0.102889 0.005751 -0.182648 0.977763
1.628544 -0.00832 0.045618 -0.085565 -0.107752 0.005062 -0.180295 0.97768
1.633539 -0.009413 0.043521 -0.082901 -0.111796 0.004465 -0.177941 0.97766
1.638534 -0.009964 0.042362 -0.081535 -0.114097 0.00416 -0.176611 0.977636
1.643531 -0.011085 0.040664 -0.079001 -0.117121 0.004024 -0.174701 0.977623
1.648529 -0.012137 0.039182 -0.076637 -0.118965 0.003571 -0.172337 0.977821
1.653535 -0.013186 0.037959 -0.074391 -0.11962 0.00356 -0.169896 0.978169
1.658544 -0.014722 0.036464 -0.071154 -0.119355 0.003177 -0.165709 0.97892
1.663548 -0.015747 0.035821 -0.069164 -0.117784 0.003449 -0.162653 0.979622
1.668552 -0.016773 0.03533 -0.067254 -0.115505 0.003953 -0.159218 0.980455
1.673557 -0.01782 0.034921 -0.065425 -0.112758 0.004907 -0.155847 0.981312
1.67857 -0.018832 0.03455 -0.063677 -0.109835 0.005521 -0.152085 0.98223
1.68358 -0.019892 0.0342 -0.061939 -0.107161 0.006529 -0.148695 0.983038
1.688586 -0.020974 0.033828 -0.060216 -0.104975 0.007534 -0.145653 0.983722
1.693591 -0.022646 0.033071 -0.057703 -0.10299 0.008955 -0.142004 0.984453
1.698594 -0.023763 0.032484 -0.056064 -0.102039 0.009583 -0.139685 0.984878
1.703592 -0.024906 0.031781 -0.054451 -0.101587 0.010325 -0.137883 0.985171
1.708589 -0.026064 0.030977 -0.052869 -0.101643 0.010804 -0.136325 0.985377
1.713582 -0.026679 0.030451 -0.052111 -0.10197 0.011116 -0.135873 0.985402
1.718575 -0.027896 0.02948 -0.050561 -0.102473 0.0118 -0.134807 0.985488
1.723573 -0.029141 0.028403 -0.049037 -0.103264 0.012538 -0.134059 0.985499
1.728568 -0.030405 0.027194 -0.04756 -0.104326 0.013227 -0.133651 0.985433
1.733558 -0.031714 0.025903 -0.046093 -0.105404 0.014172 -0.133466 0.98533
1.738551 -0.032351 0.025286 -0.045358 -0.105982 0.014509 -0.133308 0.985285
1.743549 -0.033718 0.023874 -0.043921 -0.10723 0.015753 -0.133534 0.9851
1.748547 -0.035087 0.022383 -0.042528 -0.108556 0.016723 -0.133623 0.984927
1.753549 -0.036462 0.020802 -0.041179 -0.110019 0.017608 -0.133876 0.984715
1.758554 -0.038545 0.018356 -0.039189 -0.112424 0.018785 -0.134591 0.984324
1.76356 -0.039987 0.016636 -0.0379 -0.113886 0.019642 -0.134831 0.984106
1.768564 -0.041456 0.014889 -0.036623 -0.115272 0.020589 -0.134807 0.983929
1.773566 -0.042916 0.01307 -0.035408 -0.116785 0.021221 -0.134728 0.983748
1.778567 -0.044391 0.011207 -0.034217 -0.118206 0.021934 -0.134486 0.983595
1.783566 -0.045901 0.009305 -0.033037 -0.119457 0.022948 -0.134243 0.983454
1.788568 -0.047438 0.007383 -0.031863 -0.120499 0.024112 -0.133831 0.983356
1.793572 -0.04901 0.005444 -0.030703 -0.121531 0.02549 -0.133538 0.983234
1.798577 -0.050578 0.003495 -0.029582 -0.122442 0.026883 -0.133349 0.983109
1.80358 -0.052151 0.001525 -0.028488 -0.12315 0.028226 -0.133093 0.983018
1.808583 -0.054597 -0.001426 -0.026822 -0.123895 0.030749 -0.132804 0.982887
1.813585 -0.056226 -0.003441 -0.025711 -0.124398 0.032356 -0.132562 0.982805
1.818585 -0.057871 -0.005486 -0.02459 -0.125042 0.033922 -0.132405 0.982692
1.823584 -0.059546 -0.007576 -0.023437 -0.125731 0.035767 -0.132416 0.982537
1.828582 -0.060371 -0.008701 -0.022851 -0.126464 0.036522 -0.132682 0.982379
1.83358 -0.062023 -0.010904 -0.021685 -0.127438 0.038187 -0.132786 0.982176
1.838577 -0.063663 -0.013166 -0.02051 -0.128802 0.039583 -0.133219 0.981884
1.843573 -0.065314 -0.015475 -0.019297 -0.13035 0.041023 -0.133728 0.981551
1.848565 -0.066959 -0.017842 -0.018059 -0.132198 0.042445 -0.134326 0.981162
1.853556 -0.06778 -0.01902 -0.017444 -0.133048 0.04314 -0.134573 0.980983
1.858551 -0.06942 -0.021446 -0.016167 -0.135349 0.044448 -0.135455 0.980488
1.863551 -0.071068 -0.023892 -0.01486 -0.137799 0.045852 -0.136464 0.979942
1.868554 -0.07268 -0.02636 -0.013572 -0.140319 0.046855 -0.137236 0.979429
1.873557 -0.073483 -0.027581 -0.012917 -0.141534 0.047358 -0.137444 0.979201
1.878572 -0.076729 -0.032503 -0.010285 -0.146259 0.049672 -0.138437 0.978252
1.883588 -0.078352 -0.034906 -0.008962 -0.14855 0.050909 -0.138886 0.977779
1.888601 -0.079951 -0.037312 -0.007666 -0.150493 0.051974 -0.139012 0.977408
1.89361 -0.0824 -0.040838 -0.005705 -0.152669 0.054054 -0.139179 0.976934
1.898615 -0.084035 -0.04319 -0.004411 -0.15405 0.055387 -0.139379 0.976614
1.903613 -0.085696 -0.045513 -0.003103 -0.155154 0.057035 -0.139782 0.976286
1.908608 -0.087393 -0.047839 -0.001774 -0.156327 0.058791 -0.140482 0.975895
1.9136 -0.08829 -0.048979 -0.001085 -0.157002 0.059857 -0.141227 0.975614
1.91859 -0.090053 -0.051266 0.000272 -0.158317 0.061792 -0.142578 0.975084
1.923576 -0.091845 -0.053576 0.001635 -0.159395 0.063858 -0.14392 0.974578
1.92857 -0.093706 -0.055851 0.00304 -0.160708 0.066226 -0.145881 0.973913
1.933565 -0.095596 -0.058135 0.004452 -0.162314 0.06847 -0.148214 0.973139
1.938559 -0.097526 -0.060416 0.005869 -0.163935 0.070746 -0.150908 0.97229
1.943556 -0.099504 -0.06269 0.007312 -0.165652 0.07313 -0.153751 0.971376
1.948555 -0.100484 -0.063828 0.008037 -0.166607 0.0743 -0.155234 0.970888
1.953551 -0.102536 -0.06607 0.009496 -0.168517 0.076836 -0.15854 0.969826
1.958551 -0.104616 -0.068314 0.010965 -0.170612 0.079254 -0.162026 0.968689
1.963554 -0.106752 -0.070507 0.012466 -0.172759 0.082016 -0.16569 0.967458
1.968557 -0.109994 -0.073747 0.014733 -0.176634 0.085894 -0.171587 0.965391
1.973562 -0.112213 -0.075827 0.016272 -0.179066 0.088738 -0.175401 0.964
1.978566 -0.114451 -0.07785 0.017833 -0.181581 0.091629 -0.179051 0.962587
1.983573 -0.116711 -0.079787 0.019409 -0.184271 0.094574 -0.182776 0.961089
1.988578 -0.118988 -0.081644 0.021012 -0.187086 0.097588 -0.186454 0.959537
1.993582 -0.122445 -0.084243 0.023465 -0.191417 0.102242 -0.191451 0.957211
1.998586 -0.124757 -0.08592 0.025122 -0.194346 0.105326 -0.194648 0.95564
2.003584 -0.12707 -0.087551 0.026777 -0.197214 0.108301 -0.197462 0.954142
2.008581 -0.129399 -0.089098 0.028475 -0.200425 0.111374 -0.200415 0.952502
2.013579 -0.130572 -0.089809 0.029351 -0.202262 0.11288 -0.20179 0.951645
2.018577 -0.132902 -0.091258 0.031082 -0.205855 0.115884 -0.204753 0.949879
2.023574 -0.135216 -0.092659 0.032809 -0.209273 0.1187 -0.20747 0.948194
2.028571 -0.137528 -0.093978 0.034546 -0.212823 0.121511 -0.210155 0.946455
2.033566 -0.139826 -0.09521 0.036286 -0.216453 0.124265 -0.212846 0.944671
2.03856 -0.142104 -0.096361 0.038022 -0.220054 0.127 -0.215461 0.942881
2.043554 -0.144352 -0.097399 0.039729 -0.223632 0.129437 -0.217977 0.941127
2.048544 -0.146567 -0.098319 0.041405 -0.227039 0.131816 -0.220478 0.939397
2.053535 -0.148743 -0.099131 0.043029 -0.229994 0.134189 -0.222639 0.937832
2.058529 -0.149842 -0.099587 0.043863 -0.231628 0.13535 -0.223864 0.936971
2.063528 -0.151968 -0.100202 0.045413 -0.234125 0.13757 -0.225768 0.935569
2.068526 -0.154069 -0.100683 0.046925 -0.236451 0.139894 -0.227491 0.934221
2.073523 -0.156124 -0.101085 0.048379 -0.23843 0.141987 -0.228874 0.933063
2.07853 -0.157106 -0.101221 0.049042 -0.239126 0.142903 -0.229138 0.932681
2.083539 -0.161105 -0.101843 0.051799 -0.242379 0.146886 -0.230986 0.930764
2.088548 -0.163031 -0.102097 0.05312 -0.243911 0.148715 -0.231228 0.930013
2.09356 -0.164926 -0.102376 0.054441 -0.246021 0.150312 -0.231395 0.929159
2.098568 -0.167715 -0.1029 0.056511 -0.25073 0.152621 -0.2316 0.927471
2.103573 -0.169536 -0.103323 0.057895 -0.254281 0.153878 -0.231571 0.926303
2.108572 -0.171344 -0.10379 0.059311 -0.258227 0.155317 -0.231561 0.924973
2.113569 -0.173128 -0.10432 0.060749 -0.262743 0.156619 -0.231621 0.923465
2.118566 -0.173989 -0.104649 0.06147 -0.265376 0.157092 -0.231641 0.922627
2.123562 -0.175733 -0.105247 0.062912 -0.270314 0.158235 -0.231714 0.920978
2.128553 -0.177459 -0.105867 0.064358 -0.275625 0.159363 -0.23196 0.919146
2.133547 -0.179163 -0.106529 0.065788 -0.28098 0.160439 -0.23216 0.917285
2.138538 -0.180848 -0.107224 0.067204 -0.286294 0.161637 -0.232401 0.915368
2.143529 -0.182511 -0.107945 0.068587 -0.291645 0.162616 -0.232691 0.91343
2.148523 -0.184171 -0.108669 0.069963 -0.296981 0.163769 -0.233255 0.911358
2.153511 -0.185808 -0.109421 0.071313 -0.302467 0.16477 -0.233922 0.9092
2.158504 -0.18663 -0.109777 0.071997 -0.305161 0.165298 -0.234184 0.908136
2.1635 -0.188268 -0.110509 0.073345 -0.310707 0.166629 -0.235388 0.905698
2.1685 -0.189904 -0.111254 0.074687 -0.31635 0.167979 -0.236839 0.903113
2.173505 -0.191535 -0.112008 0.076018 -0.321923 0.169538 -0.238608 0.900382
2.17851 -0.193953 -0.113165 0.077978 -0.33041 0.171604 -0.241495 0.896137
2.183516 -0.195552 -0.113921 0.079247 -0.336018 0.173123 -0.24397 0.893084
2.188525 -0.19714 -0.114663 0.080473 -0.341367 0.174701 -0.2466 0.89002
2.193536 -0.198703 -0.115457 0.081634 -0.346104 0.176216 -0.248925 0.887241
2.198547 -0.200239 -0.116215 0.082732 -0.350718 0.177801 -0.251422 0.884404
2.203551 -0.201751 -0.116956 0.083741 -0.354974 0.179208 -0.253842 0.881727
2.208555 -0.203229 -0.117696 0.084667 -0.359066 0.180278 -0.25616 0.879178
2.213558 -0.204701 -0.118377 0.08555 -0.362724 0.181761 -0.258583 0.876658
2.218561 -0.206146 -0.119083 0.086371 -0.366346 0.183093 -0.260895 0.874186
2.223566 -0.207577 -0.11975 0.087165 -0.370013 0.1848 -0.263252 0.871572
2.228566 -0.208982 -0.120357 0.087895 -0.373958 0.18618 -0.265963 0.868767
2.233567 -0.210357 -0.120966 0.088563 -0.377592 0.187449 -0.268578 0.866114
2.238569 -0.212319 -0.121883 0.089419 -0.382776 0.18938 -0.271979 0.862349
2.243568 -0.213598 -0.12242 0.089953 -0.386055 0.191067 -0.274504 0.859711
2.248567 -0.214808 -0.123006 0.090375 -0.389084 0.192227 -0.276407 0.857474
2.25357 -0.215966 -0.123506 0.090711 -0.391841 0.193585 -0.278462 0.855245
2.258567 -0.216467 -0.123723 0.09075 -0.392806 0.194068 -0.279208 0.85445
2.263561 -0.217515 -0.124173 0.090899 -0.395082 0.194921 -0.280999 0.852617
2.268553 -0.218497 -0.124577 0.090953 -0.396988 0.19592 -0.282574 0.85098
2.273542 -0.219408 -0.124958 0.090899 -0.398448 0.196861 -0.283779 0.849679
2.278533 -0.220246 -0.125263 0.09074 -0.399743 0.197795 -0.285198 0.848378
2.283523 -0.221012 -0.125535 0.090484 -0.400671 0.198634 -0.286385 0.847343
2.288517 -0.221411 -0.125713 0.090363 -0.401183 0.198865 -0.286767 0.846918
2.293514 -0.222081 -0.125893 0.089974 -0.401842 0.199696 -0.288094 0.845959
2.298512 -0.222674 -0.126079 0.0895 -0.402261 0.200314 -0.289041 0.84529
2.303515 -0.223196 -0.126227 0.088951 -0.402617 0.200988 -0.290108 0.844595
2.308519 -0.223892 -0.126386 0.088066 -0.402834 0.202199 -0.291662 0.843666
2.313525 -0.22422 -0.126437 0.087355 -0.402998 0.202821 -0.29286 0.843024
2.318536 -0.224459 -0.126458 0.086562 -0.402742 0.203363 -0.293897 0.842655
2.323549 -0.224597 -0.126425 0.085673 -0.402317 0.203818 -0.295093 0.84233
2.328566 -0.224623 -0.126345 0.084687 -0.401787 0.204026 -0.296095 0.842181
2.333582 -0.224529 -0.126192 0.083599 -0.401011 0.20418 -0.296989 0.842199
2.338596 -0.224323 -0.125959 0.08242 -0.399736 0.204385 -0.297671 0.842514
2.343605 -0.223685 -0.12545 0.080313 -0.397272 0.203738 -0.298282 0.84362
2.348608 -0.223162 -0.125036 0.078807 -0.395298 0.203133 -0.298536 0.844602
2.353609 -0.222503 -0.124564 0.077187 -0.393179 0.202275 -0.298511 0.845805
2.358607 -0.221716 -0.124031 0.075477 -0.39072 0.201276 -0.298178 0.847299
2.363602 -0.22119 -0.123709 0.07454 -0.389254 0.200694 -0.297683 0.848285
2.368592 -0.220225 -0.123107 0.072733 -0.386483 0.199658 -0.296867 0.850081
2.37358 -0.219148 -0.122453 0.070864 -0.383814 0.198384 -0.295973 0.851898
2.378569 -0.217957 -0.121777 0.068946 -0.381208 0.196889 -0.294763 0.853832
2.383559 -0.216669 -0.121077 0.066987 -0.378558 0.19526 -0.293312 0.855883
2.38855 -0.215288 -0.120349 0.065049 -0.375998 0.193817 -0.291586 0.857927
2.393544 -0.21382 -0.119587 0.063107 -0.373618 0.192329 -0.289778 0.859912
2.398539 -0.213107 -0.119212 0.062136 -0.372295 0.191648 -0.288857 0.860947
2.403534 -0.211525 -0.118435 0.060187 -0.37018 0.189983 -0.286764 0.862925
2.408533 -0.209877 -0.117601 0.058224 -0.368102 0.188293 -0.284832 0.864822
2.413537 -0.208163 -0.116743 0.056241 -0.366042 0.186539 -0.282764 0.866753
2.418543 -0.205523 -0.115379 0.053272 -0.362884 0.184069 -0.279915 0.869529
2.423552 -0.203666 -0.114364 0.051232 -0.360645 0.182397 -0.278217 0.871356
2.428561 -0.201751 -0.113251 0.049147 -0.358128 0.180868 -0.276774 0.873171
2.433571 -0.199775 -0.112076 0.046998 -0.355286 0.179189 -0.275405 0.875109
2.438582 -0.197756 -0.110773 0.044808 -0.3522 0.177775 -0.274356 0.876972
2.443603 -0.195669 -0.109415 0.04254 -0.348691 0.176065 -0.273146 0.879094
2.448623 -0.193537 -0.107929 0.040232 -0.345081 0.174355 -0.272314 0.881116
2.453634 -0.190221 -0.105492 0.036614 -0.338548 0.171823 -0.271181 0.88449
2.458639 -0.187979 -0.103791 0.034196 -0.333994 0.170185 -0.270417 0.88677
2.463638 -0.185696 -0.102038 0.031752 -0.329228 0.1686 -0.269604 0.889098
2.46863 -0.183385 -0.100231 0.029282 -0.324575 0.166861 -0.268805 0.891377
2.473618 -0.182202 -0.09929 0.028056 -0.322309 0.165972 -0.268368 0.892496
2.478604 -0.179849 -0.097435 0.025612 -0.317604 0.164333 -0.267496 0.894745
2.483589 -0.177477 -0.095557 0.023188 -0.3131 0.162738 -0.266651 0.896873
2.488577 -0.175082 -0.093674 0.020777 -0.308867 0.161044 -0.265785 0.898902
2.493566 -0.172675 -0.09179 0.018414 -0.304909 0.159311 -0.264745 0.900867
2.498555 -0.170256 -0.0899 0.016092 -0.301388 0.157624 -0.263654 0.902666
2.503546 -0.167831 -0.088012 0.013791 -0.298084 0.15592 -0.262567 0.904375
2.508532 -0.165396 -0.086109 0.011519 -0.295058 0.154162 -0.261458 0.905988
2.513524 -0.16418 -0.085168 0.010385 -0.293387 0.153366 -0.260871 0.906834
2.518518 -0.161728 -0.083255 0.00815 -0.290528 0.151702 -0.259664 0.90838
2.523517 -0.159274 -0.081303 0.005923 -0.28799 0.149896 -0.258491 0.909821
2.528521 -0.156825 -0.079284 0.003724 -0.285524 0.148304 -0.257392 0.91117
2.533532 -0.153154 -0.076187 0.000409 -0.281449 0.146167 -0.255729 0.913249
2.538544 -0.150689 -0.074017 -0.001862 -0.278353 0.144525 -0.254637 0.914763
2.543556 -0.148233 -0.071752 -0.004144 -0.275024 0.143156 -0.253743 0.916233
2.548564 -0.145783 -0.069405 -0.006453 -0.271312 0.14185 -0.252841 0.917791
2.553568 -0.143343 -0.066961 -0.008776 -0.267509 0.140713 -0.252243 0.919245
2.55857 -0.140899 -0.06444 -0.011126 -0.263257 0.139668 -0.251867 0.920734
2.563569 -0.138456 -0.061852 -0.013521 -0.258822 0.13853 -0.251855 0.922166
2.568567 -0.13603 -0.059181 -0.015906 -0.254354 0.137555 -0.252155 0.923472
2.573573 -0.133614 -0.056456 -0.018279 -0.249782 0.136768 -0.252753 0.924673
2.578576 -0.131196 -0.053711 -0.020656 -0.245134 0.135886 -0.253377 0.925875
2.583579 -0.127567 -0.049562 -0.024203 -0.238225 0.134544 -0.254497 0.927566
2.58858 -0.125144 -0.046788 -0.026571 -0.233559 0.133633 -0.255207 0.928688
2.59358 -0.122721 -0.043997 -0.028921 -0.2291 0.132639 -0.255845 0.929765
2.59858 -0.120288 -0.04122 -0.031248 -0.224712 0.131774 -0.256304 0.930832
2.603577 -0.119059 -0.039826 -0.032398 -0.222764 0.131243 -0.256457 0.931333
2.608574 -0.116607 -0.03704 -0.034708 -0.218395 0.130319 -0.256671 0.932438
2.613572 -0.114137 -0.034243 -0.037006 -0.214247 0.129316 -0.256917 0.933472
2.618567 -0.111639 -0.031442 -0.039302 -0.210226 0.128114 -0.256979 0.934534
2.623561 -0.109122 -0.028615 -0.041583 -0.206377 0.126816 -0.256906 0.935589
2.628554 -0.106579 -0.025773 -0.04386 -0.202426 0.125594 -0.256822 0.936639
2.633547 -0.104005 -0.022908 -0.046115 -0.198622 0.124315 -0.2567 0.937657
2.638544 -0.101408 -0.020022 -0.04837 -0.194769 0.123128 -0.256635 0.938639
2.643541 -0.097424 -0.015636 -0.051779 -0.188981 0.12106 -0.256465 0.940136
2.648541 -0.09747 -0.015674 -0.051768 -0.188822 0.121144 -0.256316 0.940198
2.653541 -0.094787 -0.012732 -0.054041 -0.185105 0.119615 -0.256243 0.941152
2.65854 -0.092076 -0.009773 -0.056323 -0.181193 0.118036 -0.255974 0.942186
2.663544 -0.087983 -0.005304 -0.059728 -0.17517 0.116042 -0.255717 0.943641
2.668542 -0.085208 -0.00231 -0.062019 -0.171082 0.114398 -0.255239 0.944721
2.673554 -0.082418 0.000691 -0.064311 -0.166917 0.112788 -0.254672 0.945812
2.678564 -0.079591 0.003673 -0.066628 -0.162451 0.110993 -0.253677 0.947068
2.683572 -0.076775 0.006683 -0.068919 -0.157883 0.109425 -0.252678 0.94829
2.688579 -0.073946 0.009639 -0.071201 -0.152918 0.107866 -0.251005 0.949725
2.693585 -0.069737 0.014074 -0.074549 -0.145663 0.106026 -0.248521 0.951724
2.698586 -0.066929 0.016992 -0.076789 -0.140989 0.104418 -0.246668 0.953086
2.703584 -0.064142 0.019881 -0.078993 -0.136393 0.103049 -0.244833 0.954377
2.708581 -0.061377 0.022708 -0.081182 -0.132131 0.101538 -0.242843 0.955646
2.713578 -0.060028 0.024059 -0.082252 -0.130394 0.100665 -0.241966 0.956199
2.718575 -0.0573 0.026766 -0.08441 -0.126575 0.09887 -0.23986 0.957429
2.723569 -0.05461 0.029421 -0.086527 -0.123181 0.09704 -0.237934 0.958539
2.728563 -0.051953 0.031999 -0.08863 -0.12004 0.095237 -0.236131 0.959564
2.733559 -0.049331 0.034489 -0.090711 -0.117082 0.093358 -0.234279 0.960567
2.73856 -0.04674 0.036873 -0.09277 -0.114077 0.091647 -0.232284 0.961577
2.743559 -0.044205 0.039204 -0.094792 -0.11145 0.090092 -0.230631 0.96243
2.748557 -0.042914 0.040376 -0.095826 -0.110115 0.089094 -0.229657 0.96291
2.753553 -0.04042 0.042553 -0.09784 -0.107383 0.087487 -0.227897 0.963783
2.75855 -0.037983 0.044687 -0.099794 -0.10481 0.086129 -0.226172 0.964595
2.763554 -0.035582 0.046795 -0.101733 -0.102298 0.084769 -0.224618 0.965348
2.768559 -0.032015 0.049879 -0.104629 -0.098188 0.08277 -0.222056 0.96654
2.773573 -0.029684 0.05188 -0.106538 -0.095465 0.081202 -0.220283 0.967351
2.778582 -0.027393 0.053891 -0.108435 -0.092915 0.07947 -0.21886 0.968066
2.783588 -0.024053 0.056874 -0.111183 -0.089027 0.07722 -0.216751 0.969087
2.78859 -0.021884 0.058877 -0.112977 -0.086417 0.076005 -0.215705 0.969653
2.79359 -0.019742 0.060806 -0.114765 -0.083716 0.074914 -0.214695 0.970199
2.798588 -0.017682 0.06271 -0.116492 -0.08124 0.074217 -0.214125 0.970589
2.803585 -0.016705 0.063572 -0.117326 -0.080016 0.073944 -0.213856 0.970771
2.808578 -0.014721 0.065343 -0.118992 -0.077764 0.073224 -0.213217 0.971149
2.813569 -0.012801 0.067024 -0.120602 -0.075824 0.072617 -0.21283 0.971432
2.818556 -0.010941 0.068583 -0.122161 -0.074015 0.072172 -0.212271 0.971727
2.823548 -0.009142 0.070016 -0.123675 -0.072541 0.071832 -0.211935 0.971937
2.828544 -0.008224 0.070791 -0.124455 -0.071616 0.071669 -0.211814 0.972044
2.833545 -0.00573 0.072527 -0.126546 -0.071221 0.070726 -0.211503 0.97221
2.838542 -0.004108 0.073615 -0.127898 -0.071093 0.069957 -0.211245 0.972331
2.843544 -0.002528 0.074572 -0.129211 -0.071317 0.069072 -0.210946 0.972443
2.848545 -0.002528 0.074572 -0.129211 -0.071317 0.069072 -0.210946 0.972443
2.853545 -0.000255 0.075911 -0.131076 -0.07224 0.068257 -0.210883 0.972446
2.858539 0.001173 0.076663 -0.132258 -0.073041 0.067776 -0.210857 0.972425
2.863537 0.002552 0.077379 -0.133394 -0.07411 0.067171 -0.21111 0.972331
2.868547 0.004565 0.078389 -0.135057 -0.075639 0.066166 -0.211395 0.972221
2.87356 0.005835 0.079023 -0.1361 -0.076407 0.06571 -0.211782 0.972107
2.878573 0.007059 0.079638 -0.137112 -0.077071 0.065272 -0.212179 0.971998
2.883585 0.008225 0.080263 -0.138067 -0.077319 0.065169 -0.212746 0.971861
2.888596 0.009895 0.08115 -0.139417 -0.077405 0.064652 -0.213546 0.971713
2.893604 0.010977 0.081747 -0.140269 -0.077502 0.064337 -0.214283 0.971564
2.898607 0.012028 0.082322 -0.141076 -0.077185 0.064158 -0.214829 0.971481
2.903603 0.013024 0.082907 -0.141812 -0.076923 0.064186 -0.215584 0.971332
2.908594 0.013488 0.083191 -0.142137 -0.076781 0.064076 -0.215965 0.971266
2.913592 0.014446 0.08374 -0.142817 -0.076307 0.063944 -0.216487 0.971196
2.918584 0.015367 0.084278 -0.143457 -0.075822 0.063791 -0.217039 0.971121
2.923574 0.016254 0.084799 -0.144056 -0.075331 0.063521 -0.217438 0.971088
2.928562 0.01711 0.085314 -0.144603 -0.074959 0.063225 -0.217835 0.971047
2.93355 0.017942 0.085785 -0.145138 -0.074559 0.062723 -0.218038 0.971064
2.938538 0.018726 0.086227 -0.145615 -0.074366 0.062286 -0.218172 0.971077
2.943528 0.019469 0.08664 -0.146051 -0.074347 0.061804 -0.218336 0.971073
2.94852 0.019862 0.086862 -0.146288 -0.074204 0.061511 -0.218359 0.971097
2.95351 0.02054 0.087223 -0.14666 -0.073887 0.061254 -0.218237 0.971165
2.958503 0.021174 0.087542 -0.146999 -0.073635 0.060969 -0.218034 0.971247
2.963513 0.021765 0.087811 -0.147277 -0.07377 0.060669 -0.217937 0.971278
2.968528 0.022599 0.088142 -0.147643 -0.074045 0.060316 -0.217766 0.971317
2.973546 0.023073 0.088299 -0.147806 -0.074292 0.060214 -0.21779 0.971299
2.978567 0.023515 0.088422 -0.147939 -0.07431 0.060103 -0.21779 0.971305
2.983586 0.023922 0.088513 -0.148037 -0.074552 0.059921 -0.217901 0.971273
2.988595 0.024478 0.088589 -0.148101 -0.075433 0.059228 -0.218108 0.971201
2.993599 0.024821 0.08864 -0.148118 -0.075983 0.058873 -0.218279 0.971141
2.998599 0.025155 0.088676 -0.14812 -0.076335 0.058381 -0.218193 0.971162
3.003597 0.025471 0.088701 -0.148109 -0.076539 0.057846 -0.217972 0.971228
3.008592 0.025598 0.088709 -0.14807 -0.076486 0.057707 -0.217755 0.971289
3.013586 0.025872 0.088724 -0.148008 -0.076564 0.057255 -0.217452 0.971378
3.01858 0.026111 0.088745 -0.147928 -0.076776 0.056812 -0.217266 0.971429
3.023575 0.026319 0.088753 -0.147824 -0.076812 0.056441 -0.216957 0.971516
3.028571 0.026501 0.088745 -0.14771 -0.07658 0.056133 -0.216616 0.971629
3.033564 0.026653 0.088716 -0.147576 -0.076326 0.055824 -0.216226 0.971753
3.038558 0.02675 0.088704 -0.147517 -0.076193 0.055549 -0.215923 0.971847
3.04356 0.026851 0.088649 -0.147343 -0.076022 0.05528 -0.215672 0.971931
3.048563 0.026897 0.08838 -0.146859 -0.075773 0.055099 -0.214954 0.97212
3.053561 0.026927 0.088459 -0.146889 -0.075744 0.055179 -0.21517 0.97207
3.05856 0.026922 0.088206 -0.146621 -0.075726 0.054734 -0.214506 0.972243
3.063562 0.026936 0.087791 -0.146099 -0.075609 0.054101 -0.213513 0.972506
3.068567 0.026899 0.087487 -0.145759 -0.07601 0.053662 -0.212924 0.972629
3.073563 0.026832 0.087148 -0.145403 -0.076349 0.053244 -0.212417 0.972736
3.078558 0.026832 0.087148 -0.145403 -0.076349 0.053244 -0.212417 0.972736
3.083556 0.026741 0.086788 -0.145016 -0.076763 0.052862 -0.21201 0.972813
3.088556 0.026642 0.086381 -0.144614 -0.077235 0.052345 -0.211618 0.972889
3.093558 0.026427 0.085718 -0.143945 -0.078146 0.051652 -0.211323 0.972917
3.098559 0.026336 0.085462 -0.143687 -0.078493 0.051423 -0.211219 0.972924
3.103559 0.025993 0.084525 -0.142701 -0.079871 0.050759 -0.210956 0.972904
3.108557 0.025973 0.084466 -0.142676 -0.079826 0.050674 -0.2108 0.972946
3.113557 0.025642 0.083673 -0.141884 -0.080624 0.050306 -0.210591 0.972944
3.118552 0.025393 0.083082 -0.141311 -0.081175 0.05002 -0.210331 0.972969
3.123546 0.025277 0.082789 -0.141036 -0.081411 0.049866 -0.210158 0.972995
3.128542 0.024998 0.082145 -0.140442 -0.081913 0.049484 -0.209806 0.973048
3.133543 0.024702 0.081461 -0.139826 -0.082505 0.049036 -0.209434 0.973101
3.138548 0.024346 0.080785 -0.139168 -0.082973 0.048916 -0.209272 0.973102
3.143566 0.023748 0.079744 -0.13814 -0.083752 0.049004 -0.209167 0.973054
3.148582 0.023326 0.078979 -0.137435 -0.084355 0.048739 -0.209029 0.973045
3.153594 0.022572 0.07778 -0.136294 -0.085873 0.048444 -0.209246 0.97288
3.158599 0.022032 0.076959 -0.135528 -0.086833 0.048346 -0.209401 0.972766
3.163599 0.021431 0.076133 -0.134722 -0.087745 0.048495 -0.209634 0.972627
3.168593 0.020786 0.075285 -0.133887 -0.08882 0.048767 -0.209925 0.972453
3.173586 0.020422 0.074852 -0.133443 -0.089337 0.048925 -0.210004 0.97238
3.178576 0.019758 0.073945 -0.1326 -0.090463 0.048835 -0.210011 0.972279
3.183564 0.019041 0.073066 -0.131728 -0.091436 0.049007 -0.210121 0.972156
3.18855 0.018273 0.072202 -0.130817 -0.092397 0.04933 -0.210272 0.972016
3.19354 0.017466 0.071357 -0.129881 -0.093186 0.049836 -0.210452 0.971876
3.198534 0.016636 0.070519 -0.128939 -0.093757 0.050251 -0.210482 0.971793
3.203528 0.016225 0.070095 -0.128463 -0.094134 0.050511 -0.210522 0.971734
3.208524 0.015363 0.069267 -0.127489 -0.09488 0.050683 -0.210571 0.971642
3.213527 0.014471 0.068465 -0.126512 -0.095072 0.050963 -0.210568 0.97161
3.218529 0.01354 0.067682 -0.125504 -0.095418 0.051268 -0.210713 0.971528
3.223536 0.012097 0.06654 -0.123967 -0.095582 0.051727 -0.210881 0.971451
3.228543 0.011075 0.065781 -0.122927 -0.095515 0.052102 -0.211013 0.971409
3.23355 0.010036 0.064992 -0.121869 -0.095555 0.052209 -0.21102 0.971398
3.23856 0.008927 0.064197 -0.12077 -0.09561 0.052643 -0.211204 0.971329
3.243568 0.007785 0.063381 -0.119644 -0.095705 0.053125 -0.211363 0.971259
3.248574 0.006575 0.062542 -0.11845 -0.096126 0.053802 -0.211501 0.97115
3.253578 0.004654 0.061166 -0.116625 -0.097191 0.054659 -0.211573 0.970981
3.25858 0.003344 0.06022 -0.115396 -0.098006 0.055184 -0.211553 0.970873
3.263582 0.00197 0.059251 -0.114117 -0.099103 0.055846 -0.211667 0.970699
3.26858 0.000553 0.058242 -0.112832 -0.100203 0.056497 -0.211618 0.970559
3.273574 -0.000209 0.057716 -0.112166 -0.100983 0.056758 -0.211609 0.970465
3.278568 -0.00168 0.05666 -0.110858 -0.102174 0.057204 -0.211333 0.970374
3.283563 -0.003204 0.055586 -0.109523 -0.103402 0.057772 -0.211116 0.970258
3.28856 -0.004777 0.054508 -0.108178 -0.104787 0.058297 -0.211105 0.97008
3.293556 -0.006388 0.053413 -0.106816 -0.106055 0.058828 -0.21106 0.96992
3.298554 -0.00804 0.052296 -0.10545 -0.107324 0.05932 -0.211055 0.969752
3.303554 -0.008861 0.051748 -0.104758 -0.108023 0.059643 -0.211039 0.969658
3.308553 -0.010575 0.050604 -0.103372 -0.109161 0.06018 -0.210883 0.969531
3.31355 -0.012354 0.049488 -0.101948 -0.110341 0.060971 -0.211143 0.969292
3.318544 -0.014167 0.048352 -0.100512 -0.111409 0.061839 -0.211397 0.969059
3.323557 -0.016956 0.046668 -0.09833 -0.113105 0.063337 -0.212044 0.968624
3.328572 -0.018884 0.045534 -0.096855 -0.114033 0.064497 -0.212512 0.968336
3.333584 -0.020857 0.044406 -0.095352 -0.115063 0.06581 -0.21316 0.967984
3.338591 -0.023896 0.04267 -0.093055 -0.116332 0.067943 -0.213766 0.967551
3.343596 -0.025948 0.041518 -0.091516 -0.117217 0.069332 -0.214392 0.967207
3.348598 -0.028034 0.040346 -0.089956 -0.118128 0.070715 -0.214817 0.966902
3.353595 -0.030141 0.03916 -0.088395 -0.118967 0.072015 -0.21521 0.966615
3.358591 -0.031224 0.038549 -0.087603 -0.119288 0.072697 -0.215275 0.96651
3.363585 -0.033373 0.037334 -0.086027 -0.120075 0.073996 -0.21561 0.966239
3.36858 -0.03554 0.036108 -0.084433 -0.121055 0.075222 -0.215913 0.965955
3.373576 -0.037751 0.034877 -0.082819 -0.121948 0.076629 -0.216178 0.965673
3.378571 -0.039961 0.033618 -0.081219 -0.12297 0.077696 -0.216387 0.965411
3.383564 -0.041068 0.033003 -0.080411 -0.123424 0.078361 -0.216558 0.965261
3.388556 -0.043324 0.031737 -0.078761 -0.124561 0.079633 -0.216727 0.964973
3.393561 -0.04558 0.030444 -0.077122 -0.125769 0.080789 -0.216924 0.964676
3.398568 -0.047857 0.02914 -0.075469 -0.126811 0.082014 -0.216901 0.964441
3.403569 -0.051297 0.027187 -0.072965 -0.128873 0.083723 -0.217199 0.963954
3.408575 -0.054801 0.025203 -0.070403 -0.130749 0.0858 -0.217168 0.963525
3.413577 -0.057131 0.023857 -0.068702 -0.131995 0.08705 -0.21704 0.963272
3.418574 -0.059488 0.022523 -0.066977 -0.133244 0.088408 -0.216923 0.963003
3.423572 -0.061861 0.021182 -0.065248 -0.1345 0.089921 -0.216924 0.962688
3.428568 -0.06307 0.020533 -0.064364 -0.135242 0.090727 -0.217133 0.962461
3.433565 -0.065459 0.019194 -0.062637 -0.136325 0.092144 -0.217034 0.962196
3.438564 -0.067864 0.017858 -0.060895 -0.137494 0.093682 -0.217037 0.96188
3.443564 -0.070288 0.016536 -0.05913 -0.138719 0.095278 -0.21715 0.961522
3.448562 -0.072714 0.015219 -0.057371 -0.139904 0.09684 -0.217327 0.961154
3.453562 -0.075137 0.013898 -0.055611 -0.141156 0.098271 -0.217579 0.960769
3.458559 -0.076351 0.013241 -0.054731 -0.14175 0.099035 -0.217681 0.96058
3.463557 -0.07879 0.011925 -0.052951 -0.142833 0.100678 -0.217945 0.960189
3.468559 -0.081212 0.010609 -0.051179 -0.143997 0.101996 -0.218203 0.959817
3.47356 -0.083624 0.009282 -0.049402 -0.145021 0.103431 -0.218349 0.959476
3.478565 -0.087276 0.007357 -0.046673 -0.146979 0.105933 -0.219212 0.958708
3.483567 -0.08966 0.006049 -0.044883 -0.148168 0.107287 -0.219519 0.958304
3.488569 -0.092026 0.004736 -0.043078 -0.14933 0.108635 -0.219733 0.957923
3.493572 -0.094381 0.003441 -0.041267 -0.150357 0.110248 -0.219948 0.957529
3.498572 -0.096696 0.002143 -0.039468 -0.15165 0.111541 -0.22016 0.957126
3.503572 -0.098998 0.000868 -0.03768 -0.152875 0.112783 -0.220387 0.956733
3.508572 -0.101285 -0.000422 -0.03589 -0.153847 0.114176 -0.22035 0.956421
3.513577 -0.104616 -0.002375 -0.033254 -0.155216 0.115695 -0.219903 0.95612
3.518579 -0.106841 -0.003642 -0.031468 -0.156304 0.116979 -0.219917 0.955783
3.523579 -0.109038 -0.004909 -0.029716 -0.157285 0.118085 -0.219884 0.955494
3.528578 -0.111198 -0.006198 -0.027985 -0.158111 0.118967 -0.219595 0.955315
3.533577 -0.112261 -0.006842 -0.027124 -0.158419 0.119535 -0.219675 0.955174
3.538575 -0.113352 -0.007475 -0.026255 -0.158809 0.120059 -0.219624 0.955055
3.543576 -0.116528 -0.009393 -0.023659 -0.159527 0.121932 -0.219732 0.954674
3.548575 -0.118619 -0.010657 -0.021946 -0.160224 0.122902 -0.219996 0.954372
3.553577 -0.12069 -0.01192 -0.020234 -0.160757 0.123923 -0.220231 0.954096
3.558577 -0.123766 -0.013794 -0.017687 -0.161438 0.125496 -0.220753 0.953654
3.563574 -0.124762 -0.014379 -0.016832 -0.161689 0.126041 -0.221016 0.953479
3.568569 -0.126768 -0.015579 -0.015121 -0.162159 0.127287 -0.221563 0.953107
3.573563 -0.12875 -0.016764 -0.013412 -0.162744 0.128578 -0.222256 0.952672
3.57856 -0.130693 -0.017932 -0.011716 -0.163416 0.129668 -0.22287 0.952266
3.583556 -0.132611 -0.019072 -0.010036 -0.164047 0.1308 -0.223585 0.951835
3.588553 -0.133583 -0.019643 -0.009183 -0.16442 0.131367 -0.223937 0.951609
3.593553 -0.135454 -0.020741 -0.007514 -0.164894 0.132612 -0.224643 0.951189
3.598552 -0.1373 -0.021793 -0.005845 -0.165654 0.13387 -0.225492 0.950679
3.603553 -0.139103 -0.022818 -0.00419 -0.166331 0.135142 -0.226468 0.950149
3.608554 -0.139954 -0.023298 -0.003403 -0.166456 0.135626 -0.226956 0.949942
3.613557 -0.143426 -0.025291 -0.000209 -0.167369 0.137574 -0.228716 0.949079
3.618561 -0.145079 -0.026153 0.001357 -0.167292 0.138741 -0.229663 0.948693
3.623567 -0.146653 -0.027014 0.002877 -0.16734 0.139415 -0.230406 0.948406
3.628572 -0.148187 -0.027788 0.004402 -0.167436 0.140258 -0.231316 0.948043
3.633577 -0.149667 -0.028475 0.00591 -0.166979 0.141286 -0.232233 0.947747
3.638579 -0.151744 -0.029343 0.008113 -0.166453 0.142353 -0.23335 0.947405
3.643582 -0.153088 -0.029847 0.009585 -0.16595 0.143207 -0.234075 0.947186
3.648582 -0.154374 -0.030264 0.011057 -0.165268 0.144135 -0.234856 0.946971
3.653579 -0.155595 -0.030598 0.012499 -0.164513 0.144813 -0.235546 0.946828
3.658574 -0.15615 -0.030643 0.013221 -0.163936 0.145193 -0.235946 0.94677
3.663573 -0.157298 -0.030791 0.01467 -0.162792 0.146105 -0.236789 0.946617
3.668568 -0.158375 -0.030865 0.016095 -0.161384 0.146804 -0.237458 0.946582
3.673567 -0.159384 -0.03085 0.017506 -0.159967 0.147373 -0.238127 0.946566
3.678565 -0.160325 -0.030739 0.018902 -0.158079 0.147885 -0.238641 0.946674
3.683564 -0.161196 -0.030523 0.02031 -0.156033 0.148407 -0.239039 0.946831
3.688563 -0.161994 -0.03021 0.021702 -0.153702 0.148795 -0.239199 0.947111
3.693563 -0.162724 -0.029811 0.023057 -0.151052 0.148928 -0.239224 0.94751
3.698558 -0.163383 -0.029335 0.024411 -0.148251 0.148917 -0.239034 0.948002
3.703552 -0.163732 -0.029127 0.025088 -0.146867 0.149008 -0.239016 0.948208
3.708546 -0.164295 -0.028533 0.026436 -0.143599 0.148908 -0.238478 0.948859
3.71355 -0.16481 -0.027867 0.027788 -0.140173 0.148751 -0.237792 0.949568
3.718553 -0.16529 -0.027146 0.02914 -0.136453 0.148562 -0.237095 0.950314
3.723556 -0.165957 -0.026019 0.031181 -0.13083 0.14821 -0.235783 0.951485
3.72856 -0.166369 -0.025222 0.032562 -0.127062 0.147869 -0.235133 0.952209
3.733561 -0.167031 -0.023965 0.034735 -0.121773 0.147761 -0.23465 0.953036
3.738563 -0.167481 -0.023123 0.03621 -0.118249 0.147821 -0.234245 0.95357
3.743563 -0.16793 -0.022282 0.037688 -0.114773 0.147703 -0.233882 0.954102
3.748561 -0.168386 -0.021443 0.039191 -0.111447 0.147568 -0.23355 0.954598
3.753558 -0.168386 -0.021443 0.039191 -0.111447 0.147568 -0.23355 0.954598
3.758557 -0.168852 -0.020584 0.040727 -0.108128 0.147595 -0.233266 0.955045
3.763556 -0.169321 -0.019695 0.042266 -0.104638 0.14761 -0.233008 0.955494
3.768558 -0.169782 -0.018793 0.04381 -0.101094 0.147544 -0.232634 0.955977
3.773562 -0.170435 -0.017433 0.046144 -0.095617 0.14732 -0.231625 0.95682
3.778566 -0.170822 -0.016491 0.047685 -0.091453 0.146901 -0.230661 0.957524
3.783568 -0.171179 -0.015547 0.049237 -0.087214 0.146399 -0.229365 0.958307
3.78857 -0.171502 -0.014594 0.050766 -0.08253 0.145599 -0.227797 0.959218
3.793572 -0.171797 -0.013678 0.052283 -0.077738 0.144476 -0.225817 0.960255
3.798574 -0.17243 -0.012217 0.055344 -0.068642 0.141959 -0.219934 0.962686
3.803575 -0.172575 -0.011798 0.056112 -0.066253 0.141338 -0.218609 0.963247
3.808575 -0.172944 -0.011259 0.057643 -0.061975 0.140124 -0.215153 0.964486
3.813577 -0.173396 -0.010835 0.059213 -0.058528 0.139122 -0.211713 0.965607
3.818575 -0.173923 -0.010593 0.060778 -0.055577 0.138195 -0.208168 0.966685
3.823567 -0.174302 -0.010692 0.061586 -0.055052 0.138011 -0.206309 0.96714
3.828561 -0.174995 -0.010742 0.063207 -0.053316 0.137652 -0.202647 0.968062
3.833557 -0.175783 -0.010983 0.064827 -0.052294 0.137383 -0.199005 0.968911
3.838555 -0.176699 -0.01137 0.066473 -0.051948 0.137604 -0.195835 0.969544
3.843552 -0.177105 -0.011536 0.067281 -0.051606 0.137433 -0.193987 0.969958
3.848551 -0.178169 -0.012185 0.068946 -0.052004 0.13795 -0.190949 0.970466
3.853552 -0.179326 -0.012949 0.070628 -0.052942 0.13865 -0.188248 0.970843
3.858554 -0.180552 -0.013838 0.072284 -0.053745 0.139494 -0.185708 0.971167
3.86356 -0.183218 -0.015812 0.075595 -0.05524 0.141695 -0.181148 0.971626
3.868563 -0.18463 -0.0169 0.077251 -0.055715 0.143038 -0.178835 0.97183
3.873562 -0.186083 -0.018057 0.078904 -0.055975 0.144399 -0.176216 0.972092
3.878559 -0.186797 -0.01862 0.079733 -0.056134 0.145035 -0.175015 0.972206
3.883559 -0.189193 -0.020721 0.082194 -0.055029 0.14729 -0.168855 0.973019
3.88856 -0.189944 -0.021332 0.083008 -0.054931 0.147967 -0.167386 0.973175
3.89356 -0.191568 -0.022793 0.084654 -0.054319 0.149474 -0.163389 0.973659
3.89856 -0.191568 -0.022793 0.084654 -0.054319 0.149474 -0.163389 0.973659
3.903561 -0.194906 -0.025911 0.087982 -0.052929 0.152737 -0.154413 0.974693
3.908556 -0.195846 -0.026941 0.088811 -0.052825 0.153535 -0.151853 0.974975
3.913559 -0.197712 -0.02891 0.090481 -0.052713 0.155261 -0.146869 0.975472
3.918566 -0.200634 -0.032069 0.093018 -0.052757 0.15816 -0.139454 0.976092
3.923573 -0.203884 -0.035954 0.095575 -0.054885 0.161373 -0.132496 0.976418
3.928576 -0.206144 -0.038706 0.09729 -0.05687 0.163681 -0.128077 0.976509
3.933575 -0.20852 -0.041649 0.099028 -0.059504 0.166328 -0.123808 0.976456
3.938573 -0.21099 -0.044783 0.100787 -0.063003 0.169077 -0.119679 0.976279
3.943572 -0.212327 -0.046514 0.101681 -0.065237 0.170683 -0.117594 0.976106
3.94857 -0.214923 -0.049837 0.103476 -0.069277 0.173653 -0.113227 0.97582
3.953568 -0.217588 -0.053264 0.105307 -0.073823 0.176673 -0.108925 0.975434
3.958562 -0.220304 -0.056792 0.10716 -0.078537 0.179804 -0.104144 0.975016
3.963559 -0.223074 -0.060389 0.109032 -0.083354 0.182923 -0.099107 0.974561
3.968557 -0.224458 -0.062186 0.109964 -0.085804 0.184627 -0.096829 0.974256
3.973553 -0.22725 -0.065875 0.111838 -0.090604 0.187461 -0.091308 0.973813
3.978549 -0.230045 -0.069592 0.11374 -0.095398 0.190374 -0.085596 0.973309
3.983548 -0.232836 -0.073311 0.115631 -0.099924 0.193172 -0.079671 0.972806
3.988629 -0.237013 -0.078886 0.118493 -0.106631 0.197227 -0.070767 0.971969
3.993693 -0.239756 -0.082626 0.120338 -0.11058 0.199592 -0.064832 0.971459
3.998733 -0.243819 -0.088159 0.123113 -0.11666 0.203425 -0.05706 0.97044
4.00375 -0.246489 -0.091821 0.124961 -0.120593 0.206091 -0.052153 0.969672
4.008745 -0.249137 -0.095425 0.126842 -0.1246 0.20916 -0.047578 0.968743
4.013721 -0.25174 -0.098976 0.128689 -0.128539 0.211881 -0.04305 0.967849
4.018682 -0.252986 -0.100693 0.129618 -0.130545 0.213386 -0.040937 0.967341
4.023633 -0.255505 -0.104163 0.13147 -0.13454 0.216289 -0.036634 0.966321
4.028582 -0.257968 -0.107572 0.133314 -0.138471 0.219281 -0.032388 0.965242
4.033536 -0.260364 -0.110923 0.135148 -0.142304 0.22245 -0.028175 0.964091
4.038496 -0.262689 -0.114208 0.136962 -0.14615 0.225406 -0.023886 0.962944
4.043468 -0.264934 -0.117441 0.138742 -0.150045 0.228297 -0.019682 0.961759
4.04845 -0.266087 -0.11907 0.139659 -0.152042 0.229873 -0.017595 0.96111
4.053442 -0.268213 -0.122224 0.1414 -0.155993 0.23267 -0.013357 0.959871
4.058445 -0.270263 -0.12533 0.14312 -0.159852 0.23562 -0.009263 0.958564
4.06346 -0.272228 -0.128389 0.144807 -0.163733 0.238404 -0.005168 0.95725
4.068486 -0.275078 -0.132917 0.147319 -0.169741 0.242571 0.000733 0.955168
4.073512 -0.276828 -0.135881 0.148946 -0.174111 0.245018 0.004257 0.953747
4.078538 -0.2785 -0.138812 0.150557 -0.178663 0.24757 0.00753 0.952225
4.083563 -0.28011 -0.14168 0.152152 -0.183267 0.250061 0.01038 0.950671
4.088585 -0.28164 -0.144497 0.153717 -0.188022 0.252507 0.012721 0.949066
4.093605 -0.284343 -0.149762 0.156655 -0.197303 0.256962 0.015836 0.945934
4.098617 -0.285054 -0.151118 0.157419 -0.199738 0.258137 0.016735 0.945087
4.103618 -0.286305 -0.15361 0.158819 -0.204201 0.260155 0.017689 0.943562
4.108615 -0.287491 -0.155987 0.160166 -0.208298 0.262238 0.018413 0.942074
4.113607 -0.288594 -0.158251 0.161442 -0.212211 0.264219 0.01862 0.940642
4.118594 -0.289046 -0.159266 0.161988 -0.213928 0.264972 0.01849 0.940044
4.12358 -0.290015 -0.161372 0.16314 -0.21753 0.266711 0.018471 0.938725
4.128567 -0.290911 -0.163364 0.164215 -0.221 0.268187 0.0183 0.937497
4.133557 -0.291743 -0.165244 0.165229 -0.224319 0.269672 0.017919 0.936289
4.138549 -0.292489 -0.167042 0.166168 -0.227519 0.27106 0.017511 0.935123
4.143543 -0.293147 -0.168756 0.16702 -0.230708 0.272136 0.017027 0.934037
4.148538 -0.29373 -0.170375 0.167811 -0.233899 0.273237 0.016454 0.932932
4.153536 -0.294039 -0.171215 0.16822 -0.235502 0.273776 0.016155 0.932376
4.158535 -0.294501 -0.172728 0.168884 -0.238719 0.274493 0.015509 0.931357
4.163535 -0.294894 -0.174168 0.169491 -0.242097 0.275143 0.014837 0.930304
4.168536 -0.295266 -0.176165 0.17019 -0.247402 0.275356 0.013481 0.928865
4.17354 -0.295579 -0.178094 0.170852 -0.252767 0.275621 0.012011 0.927361
4.178543 -0.295652 -0.17927 0.17116 -0.256608 0.27533 0.01069 0.926408
4.183538 -0.295666 -0.180374 0.171396 -0.260613 0.274874 0.009053 0.925442
4.188535 -0.295606 -0.18085 0.171422 -0.262676 0.274397 0.008023 0.92501
4.19353 -0.295613 -0.181416 0.171532 -0.264598 0.274082 0.007327 0.924561
4.198529 -0.295511 -0.182368 0.17161 -0.26876 0.273312 0.00527 0.923602
4.203529 -0.295372 -0.183232 0.171607 -0.272883 0.272437 0.002839 0.922662
4.208533 -0.295199 -0.184 0.171548 -0.277034 0.271678 0.000202 0.921652
4.213541 -0.294898 -0.185027 0.171342 -0.283204 0.270251 -0.003929 0.920187
4.218549 -0.294674 -0.18551 0.171047 -0.287083 0.269234 -0.007075 0.919264
4.223558 -0.294431 -0.185854 0.170661 -0.290563 0.268458 -0.010374 0.918366
4.228564 -0.294186 -0.186046 0.170193 -0.293763 0.267874 -0.013841 0.917472
4.233571 -0.293944 -0.186083 0.169604 -0.296576 0.267363 -0.017479 0.916654
4.238573 -0.293701 -0.18595 0.168903 -0.298964 0.266995 -0.021161 0.915907
4.243575 -0.293328 -0.185342 0.167537 -0.301469 0.266899 -0.02704 0.914959
4.248576 -0.293045 -0.184813 0.166519 -0.302773 0.266942 -0.030878 0.914394
4.253575 -0.292691 -0.184169 0.165337 -0.303761 0.2666 -0.034439 0.914039
4.258575 -0.292285 -0.183389 0.163996 -0.304417 0.265974 -0.037858 0.913868
4.263575 -0.291982 -0.182876 0.163147 -0.304372 0.265273 -0.039264 0.914027
4.268572 -0.291452 -0.181898 0.16158 -0.304448 0.264366 -0.042527 0.914119
4.273566 -0.290821 -0.180807 0.159885 -0.304295 0.263212 -0.045483 0.91436
4.278559 -0.290088 -0.1796 0.158037 -0.303709 0.261734 -0.048013 0.91485
4.283553 -0.28925 -0.178287 0.156057 -0.302916 0.260016 -0.050329 0.915478
4.288549 -0.288303 -0.176871 0.153936 -0.301822 0.257888 -0.052394 0.916325
4.293547 -0.28785 -0.176212 0.152893 -0.301391 0.256646 -0.053413 0.916757
4.298547 -0.286782 -0.174618 0.150618 -0.2999 0.25451 -0.055407 0.917723
4.303546 -0.285623 -0.172932 0.14824 -0.298294 0.252218 -0.057379 0.918757
4.308548 -0.284389 -0.17116 0.145787 -0.29654 0.249959 -0.059168 0.919828
4.313553 -0.28244 -0.168419 0.141985 -0.293937 0.246324 -0.061473 0.921492
4.318557 -0.281039 -0.166489 0.139338 -0.292278 0.243952 -0.0631 0.92254
4.323559 -0.279569 -0.16451 0.136616 -0.29058 0.241435 -0.064497 0.923641
4.328559 -0.278043 -0.162479 0.133844 -0.289035 0.239022 -0.065987 0.924648
4.333561 -0.27645 -0.160412 0.130989 -0.287515 0.236384 -0.06741 0.925697
4.338564 -0.274801 -0.158282 0.128109 -0.286019 0.234021 -0.068767 0.92666
4.343566 -0.272145 -0.154983 0.123595 -0.283908 0.229989 -0.07108 0.928143
4.348567 -0.270316 -0.15274 0.120534 -0.282389 0.227213 -0.072624 0.92917
4.353566 -0.26842 -0.150435 0.117417 -0.280881 0.224452 -0.074303 0.930165
4.358565 -0.266451 -0.148079 0.114241 -0.279355 0.221607 -0.076096 0.931161
4.363562 -0.265393 -0.146846 0.11258 -0.278475 0.219983 -0.076889 0.931744
4.368561 -0.263321 -0.144413 0.109313 -0.276704 0.2169 -0.078537 0.932856
4.373557 -0.26119 -0.141917 0.106004 -0.274892 0.213747 -0.080315 0.933968
4.378555 -0.259015 -0.139346 0.102646 -0.273092 0.210287 -0.082385 0.9351
4.383551 -0.25678 -0.136715 0.099253 -0.271243 0.206874 -0.084561 0.936205
4.388547 -0.254484 -0.134031 0.095828 -0.269175 0.203529 -0.086866 0.937323
4.393546 -0.252109 -0.131326 0.092362 -0.267066 0.199986 -0.0892 0.938469
4.398548 -0.249676 -0.128586 0.08886 -0.264818 0.196367 -0.091523 0.939646
4.403545 -0.247182 -0.125805 0.085344 -0.262482 0.192813 -0.093891 0.940803
4.40854 -0.244625 -0.122995 0.081822 -0.260165 0.189343 -0.09638 0.941899
4.413539 -0.24338 -0.121585 0.080064 -0.259114 0.187482 -0.097783 0.942417
4.418538 -0.240728 -0.118737 0.076515 -0.256794 0.184022 -0.100264 0.943472
4.423538 -0.237969 -0.115911 0.072933 -0.2543 0.180647 -0.102365 0.944574
4.428539 -0.235156 -0.113061 0.069347 -0.251727 0.177148 -0.10435 0.945708
4.433541 -0.23086 -0.108752 0.063966 -0.247884 0.172092 -0.107196 0.947337
4.438546 -0.227886 -0.105813 0.06035 -0.245242 0.168509 -0.109006 0.948461
4.443553 -0.224846 -0.102838 0.056715 -0.242522 0.164761 -0.110843 0.949606
4.448559 -0.221741 -0.099816 0.053058 -0.239437 0.161097 -0.112654 0.950803
4.453564 -0.218567 -0.09675 0.049366 -0.235958 0.157147 -0.114457 0.952118
4.45857 -0.215338 -0.09363 0.045645 -0.23204 0.152848 -0.116136 0.953576
4.463573 -0.21204 -0.09048 0.041891 -0.227684 0.148501 -0.117754 0.955113
4.468578 -0.20702 -0.085657 0.036252 -0.220164 0.141735 -0.120156 0.957602
4.473579 -0.203665 -0.08242 0.032516 -0.215062 0.137428 -0.121879 0.95917
4.478582 -0.200301 -0.079161 0.028777 -0.209597 0.133323 -0.123549 0.960744
4.483581 -0.196929 -0.075896 0.025065 -0.204096 0.129257 -0.125153 0.962276
4.488577 -0.195256 -0.074272 0.023259 -0.201427 0.127541 -0.125843 0.962977
4.493574 -0.191891 -0.071021 0.019615 -0.195998 0.123905 -0.127269 0.964383
4.498572 -0.188524 -0.067797 0.01601 -0.190771 0.120518 -0.128854 0.965649
4.50357 -0.185165 -0.064576 0.012457 -0.185837 0.117304 -0.130529 0.966782
4.508568 -0.181795 -0.061368 0.008942 -0.180792 0.114149 -0.131937 0.967924
4.513565 -0.178408 -0.058196 0.005456 -0.175924 0.111028 -0.133337 0.968992
4.518559 -0.175004 -0.055039 0.002007 -0.17115 0.107928 -0.134763 0.969999
4.523556 -0.171566 -0.051909 -0.001406 -0.166565 0.104618 -0.136247 0.970952
4.528555 -0.168128 -0.048765 -0.004769 -0.162007 0.10154 -0.138002 0.971802
4.533554 -0.164665 -0.045617 -0.008124 -0.157411 0.098304 -0.139982 0.972606
4.53855 -0.162931 -0.044058 -0.009808 -0.155196 0.096641 -0.140889 0.972998
4.543549 -0.159443 -0.040882 -0.013125 -0.150442 0.093199 -0.143125 0.973754
4.548549 -0.155946 -0.037683 -0.016428 -0.145379 0.089716 -0.145651 0.974475
4.553549 -0.152446 -0.03448 -0.019684 -0.14055 0.086466 -0.148721 0.975014
4.558561 -0.147231 -0.02961 -0.024514 -0.133007 0.081863 -0.153804 0.97568
4.563573 -0.143792 -0.026306 -0.027693 -0.127618 0.078744 -0.157644 0.976044
4.568585 -0.138668 -0.021371 -0.032426 -0.118928 0.073989 -0.16346 0.976556
4.573595 -0.135278 -0.0181 -0.035528 -0.113038 0.071177 -0.167257 0.976822
4.578597 -0.13193 -0.014831 -0.03857 -0.107068 0.068745 -0.17109 0.977005
4.583593 -0.128624 -0.011585 -0.041563 -0.101141 0.066542 -0.174818 0.977129
4.588582 -0.127014 -0.010007 -0.043021 -0.098314 0.065592 -0.17649 0.977181
4.59357 -0.123771 -0.006797 -0.045959 -0.092661 0.063406 -0.180049 0.977229
4.598559 -0.120552 -0.003639 -0.04886 -0.08712 0.061293 -0.183342 0.977261
4.60355 -0.117396 -0.000504 -0.051694 -0.081799 0.059709 -0.186594 0.977204
4.608541 -0.11428 0.0026 -0.054488 -0.076712 0.058193 -0.189648 0.977119
4.613531 -0.112709 0.004157 -0.055887 -0.074107 0.057448 -0.191229 0.977056
4.618524 -0.109681 0.007222 -0.058611 -0.069355 0.056185 -0.194153 0.976902
4.623522 -0.106712 0.010249 -0.061291 -0.06488 0.055107 -0.196974 0.976706
4.628527 -0.103799 0.013245 -0.06393 -0.060576 0.054256 -0.199678 0.976481
4.633533 -0.099498 0.017689 -0.067831 -0.054142 0.053153 -0.20342 0.976147
4.638542 -0.09673 0.020595 -0.070371 -0.050336 0.052651 -0.20614 0.975808
4.64355 -0.094004 0.023391 -0.072883 -0.046263 0.052262 -0.208321 0.975567
4.648559 -0.091357 0.026187 -0.075335 -0.042845 0.052033 -0.211297 0.975095
4.653563 -0.08878 0.02893 -0.077745 -0.039863 0.05195 -0.214816 0.974457
4.658565 -0.086257 0.031609 -0.080122 -0.037153 0.051642 -0.218447 0.973773
4.663569 -0.083811 0.034238 -0.08246 -0.034648 0.051528 -0.222645 0.97292
4.668572 -0.080376 0.038141 -0.085851 -0.031975 0.051947 -0.230858 0.971073
4.673575 -0.078151 0.040717 -0.088071 -0.030177 0.052421 -0.236495 0.969748
4.678575 -0.076013 0.04332 -0.090245 -0.028819 0.053006 -0.243056 0.968134
4.683572 -0.073962 0.045891 -0.092371 -0.027286 0.053973 -0.24972 0.966427
4.688568 -0.073962 0.045891 -0.092371 -0.027286 0.053973 -0.24972 0.966427
4.693566 -0.071984 0.048474 -0.094438 -0.025731 0.055183 -0.256611 0.964595
4.698565 -0.07007 0.051086 -0.096457 -0.024013 0.056856 -0.264033 0.962537
4.703567 -0.068211 0.053719 -0.098407 -0.022295 0.058656 -0.271547 0.960377
4.708569 -0.067318 0.055056 -0.099313 -0.021219 0.05981 -0.275485 0.959208
4.713572 -0.063661 0.06034 -0.103026 -0.01708 0.064013 -0.29073 0.954509
4.718571 -0.061849 0.062983 -0.10471 -0.014801 0.066461 -0.298458 0.951991
4.72357 -0.059989 0.065568 -0.106315 -0.01233 0.068802 -0.305931 0.949484
4.72857 -0.058068 0.068076 -0.107824 -0.010267 0.070909 -0.313484 0.946887
4.733573 -0.05609 0.070482 -0.109211 -0.008529 0.073006 -0.320828 0.944281
4.738575 -0.054014 0.072734 -0.110509 -0.007017 0.074709 -0.32765 0.941815
4.743577 -0.051825 0.074808 -0.111707 -0.006001 0.075907 -0.333668 0.93961
4.748578 -0.049533 0.076715 -0.112814 -0.005669 0.076555 -0.33904 0.937635
4.753589 -0.045834 0.079059 -0.114172 -0.006388 0.077109 -0.344501 0.935592
4.758597 -0.043266 0.080448 -0.114999 -0.007235 0.077099 -0.347098 0.934626
4.763597 -0.040585 0.081648 -0.115726 -0.008277 0.076805 -0.348484 0.934126
4.768592 -0.037772 0.082668 -0.116376 -0.009746 0.075852 -0.348847 0.934054
4.773585 -0.036237 0.083031 -0.116591 -0.010743 0.075022 -0.348342 0.934299
4.778577 -0.033236 0.083867 -0.117093 -0.01251 0.073651 -0.348002 0.934513
4.783567 -0.031792 0.084315 -0.117361 -0.013429 0.073235 -0.34789 0.934574
4.788557 -0.028602 0.084958 -0.117744 -0.015056 0.071285 -0.346664 0.935155
4.79356 -0.025282 0.085544 -0.118059 -0.016485 0.068887 -0.345268 0.935827
4.798565 -0.021852 0.086097 -0.118289 -0.017517 0.066433 -0.344023 0.936444
4.80357 -0.016569 0.086908 -0.118547 -0.01894 0.06246 -0.342784 0.937144
4.808571 -0.010967 0.087728 -0.118579 -0.018482 0.058474 -0.342848 0.937387
4.813572 -0.007154 0.088258 -0.118566 -0.017744 0.055756 -0.342918 0.937541
4.818574 -0.003279 0.088804 -0.1185 -0.016409 0.052962 -0.343055 0.937677
4.823572 0.000655 0.089336 -0.118362 -0.014803 0.050331 -0.343306 0.937757
4.828568 0.002686 0.08955 -0.118233 -0.013713 0.048951 -0.343259 0.937864
4.833565 0.00672 0.089981 -0.118018 -0.011874 0.046126 -0.343154 0.938071
4.838561 0.010813 0.090317 -0.117745 -0.010043 0.043134 -0.342784 0.93837
4.84355 0.014973 0.090543 -0.117412 -0.008347 0.039906 -0.342097 0.93878
4.848541 0.01703 0.090711 -0.117266 -0.00725 0.038419 -0.341825 0.93895
4.853539 0.021291 0.090756 -0.116856 -0.005734 0.034781 -0.340419 0.939613
4.858539 0.025597 0.090633 -0.116387 -0.004573 0.030838 -0.338504 0.940448
4.863542 0.03444 0.089499 -0.115215 -0.005201 0.021365 -0.333216 0.942594
4.868543 0.03444 0.089499 -0.115215 -0.005201 0.021365 -0.333216 0.942594
4.873544 0.043324 0.088207 -0.113979 -0.00617 0.011632 -0.32754 0.944745
4.878542 0.045572 0.087809 -0.113652 -0.006665 0.009024 -0.325994 0.945305
4.883544 0.050086 0.08669 -0.112905 -0.00854 0.003414 -0.322439 0.946546
4.888541 0.052344 0.085996 -0.112489 -0.009602 0.000595 -0.320484 0.947205
4.893542 0.056841 0.084718 -0.111662 -0.011823 -0.004889 -0.317082 0.948312
4.898545 0.063608 0.082641 -0.11037 -0.015333 -0.013443 -0.311863 0.949908
4.903564 0.06812 0.081111 -0.109473 -0.016994 -0.019092 -0.308121 0.951004
4.908594 0.072577 0.079545 -0.108499 -0.018556 -0.024262 -0.30486 0.951907
4.913619 0.077042 0.077856 -0.107514 -0.020035 -0.029633 -0.301703 0.952731
4.918634 0.08365 0.07507 -0.105924 -0.022171 -0.037248 -0.297418 0.953763
4.923642 0.088014 0.073122 -0.104811 -0.023811 -0.042281 -0.294793 0.954328
4.928644 0.092362 0.071011 -0.103669 -0.025423 -0.047459 -0.291968 0.954911
4.933639 0.096646 0.068774 -0.102463 -0.027454 -0.052459 -0.289442 0.955363
4.938627 0.098728 0.067496 -0.101804 -0.028897 -0.054977 -0.288232 0.955544
4.943612 0.102914 0.065055 -0.100508 -0.031656 -0.059933 -0.285892 0.955862
4.948591 0.107038 0.062476 -0.099168 -0.034687 -0.064814 -0.283624 0.956114
4.953571 0.111076 0.059791 -0.097761 -0.038094 -0.069607 -0.281429 0.956296
4.958553 0.115039 0.056988 -0.096301 -0.04185 -0.074385 -0.279126 0.956454
4.963528 0.118938 0.054066 -0.094798 -0.046014 -0.079198 -0.276809 0.95655
4.96851 0.12092 0.052628 -0.09406 -0.048011 -0.081644 -0.275663 0.956577
4.973497 0.12468 0.049578 -0.092474 -0.052891 -0.086211 -0.273527 0.956532
4.9785 0.128366 0.046439 -0.09085 -0.057933 -0.09073 -0.271208 0.956482
4.983506 0.131994 0.043212 -0.089194 -0.063359 -0.095482 -0.268867 0.956336
4.988512 0.133722 0.04158 -0.088326 -0.066035 -0.097705 -0.267759 0.956242
4.99352 0.140748 0.035101 -0.084887 -0.076867 -0.106561 -0.263084 0.955784
4.99853 0.144128 0.031834 -0.083117 -0.082259 -0.111099 -0.260989 0.955393
5.00354 0.14743 0.028602 -0.081328 -0.087346 -0.115437 -0.259013 0.954965
5.008552 0.150674 0.025414 -0.079529 -0.091965 -0.119774 -0.257058 0.954525
5.013565 0.15382 0.02234 -0.077714 -0.09624 -0.123814 -0.25544 0.954022
5.018578 0.155386 0.020819 -0.076789 -0.098341 -0.125587 -0.254733 0.953765
5.023588 0.156952 0.019274 -0.075878 -0.100552 -0.127631 -0.253964 0.953468
5.028597 0.158503 0.017748 -0.07497 -0.102463 -0.129721 -0.253092 0.953215
