1541977096101143.0 -0.0 -0.0 -0.0 -0.0 -0.0 1.0 -0.0
1541977096134162.0 -0.0 -0.0 -0.0 -0.0 -0.0 1.0 -0.0
1541977096167138.0 0.03512682 0.0041668396 0.013165475 0.0024443835 -0.0017258034 0.99997425 -0.0065305056
1541977096200058.0 0.03512682 0.0041668396 0.013165475 0.0024443835 -0.0017258034 0.99997425 -0.0065305056
1541977096232911.0 0.06773545 0.007970277 0.030955832 0.003380308 -0.0012609265 0.99993134 -0.011155552
1541977096265712.0 0.06773545 0.007970277 0.030955832 0.003380308 -0.0012609265 0.99993134 -0.011155552
1541977096298473.0 0.06773545 0.007970277 0.030955832 0.003380308 -0.0012609265 0.99993134 -0.011155552
1541977096331200.0 0.06773545 0.007970277 0.030955832 0.003380308 -0.0012609265 0.99993134 -0.011155552
1541977096363905.0 0.13538857 0.007406048 0.08646347 -0.0013758676 -0.011966475 0.9998498 -0.012465769
1541977096396580.0 0.13538857 0.007406048 0.08646347 -0.0013758676 -0.011966475 0.9998498 -0.012465769
1541977096429223.0 0.17343947 -0.009932092 0.11234622 -0.0002109023 -0.026088266 0.9995677 -0.013562132
1541977096461821.0 0.17343947 -0.009932092 0.11234622 -0.0002109023 -0.026088266 0.9995677 -0.013562132
1541977096494322.0 0.2111171 -0.02062178 0.13377012 0.0027850973 -0.040833417 0.9990811 -0.012724774
1541977096526687.0 0.2111171 -0.02062178 0.13377012 0.0027850973 -0.040833417 0.9990811 -0.012724774
1541977096558913.0 0.2111171 -0.02062178 0.13377012 0.0027850973 -0.040833417 0.9990811 -0.012724774
1541977096591063.0 0.2111171 -0.02062178 0.13377012 0.0027850973 -0.040833417 0.9990811 -0.012724774
1541977096623207.0 0.25421706 -0.027163668 0.15665598 7.413105e-05 -0.032755367 0.99941933 -0.009387979
1541977096655371.0 0.25421706 -0.027163668 0.15665598 7.413105e-05 -0.032755367 0.99941933 -0.009387979
1541977096687555.0 0.25421706 -0.027163668 0.15665598 7.413105e-05 -0.032755367 0.99941933 -0.009387979
1541977096719752.0 0.25421706 -0.027163668 0.15665598 7.413105e-05 -0.032755367 0.99941933 -0.009387979
1541977096751954.0 0.25421706 -0.027163668 0.15665598 7.413105e-05 -0.032755367 0.99941933 -0.009387979
1541977096784162.0 0.25421706 -0.027163668 0.15665598 7.413105e-05 -0.032755367 0.99941933 -0.009387979
1541977096816372.0 0.25421706 -0.027163668 0.15665598 7.413105e-05 -0.032755367 0.99941933 -0.009387979
1541977096848595.0 0.24884063 -0.020798655 0.1374676 -3.09267e-05 -0.01704468 0.9997486 -0.014570914
1541977096880843.0 0.2498681 -0.020049904 0.1267927 0.0032221975 -0.009161654 0.9997991 -0.017539442
1541977096913104.0 0.24599643 -0.021477908 0.11819876 0.006914022 0.002149181 0.9998193 -0.017577682
1541977096945333.0 0.24205478 -0.02665923 0.110351406 0.011858252 0.0074238773 0.9997076 -0.019724423
1541977096977515.0 0.24003193 -0.028890189 0.09140072 0.017812604 0.010542779 0.9994916 -0.024255231
1541977097009668.0 0.2388554 -0.02801177 0.082951255 0.020238943 0.017144866 0.9993046 -0.02620754
1541977097041810.0 0.2375549 -0.025992675 0.07521192 0.022028467 0.022570146 0.9991557 -0.026331468
1541977097073949.0 0.23223671 -0.023918943 0.068163894 0.02575038 0.024435867 0.99898225 -0.02782598
1541977097106096.0 0.22101016 -0.020126909 0.060170706 0.029442625 0.026241504 0.9987989 -0.029075392
1541977097138265.0 0.20902358 -0.016442787 0.04970927 0.030294396 0.029757898 0.998656 -0.029715506
1541977097170460.0 0.18643394 -0.014958019 0.03809505 0.033284064 0.030652381 0.9984269 -0.03311269
1541977097202678.0 0.16460514 -0.011337121 0.027827581 0.034455106 0.028285129 0.99827033 -0.038330346
1541977097234917.0 0.14446282 -0.0048921397 0.02059846 0.035735864 0.02470621 0.99808425 -0.044049844
1541977097267169.0 0.12137989 0.0014079333 0.009400332 0.037195113 0.02285675 0.99788654 -0.048130624
1541977097299436.0 0.105963424 -0.0018489317 0.006603984 0.03839289 0.02224522 0.99765617 -0.052090675
1541977097331731.0 0.08499029 -0.0003820037 -0.003784702 0.040487878 0.021257997 0.9973994 -0.055706967
1541977097364083.0 0.066219874 0.009185365 -0.008880251 0.041076332 0.019765476 0.9972259 -0.058844198
1541977097396525.0 0.04749634 0.015298489 -0.015458585 0.039879967 0.0185544 0.9970888 -0.062285148
1541977097429041.0 0.021099726 0.01887353 -0.020739768 0.040753227 0.01759634 0.99684405 -0.065814584
1541977097461582.0 0.009694271 0.030945746 -0.021214452 0.039453577 0.017909689 0.9968709 -0.066115305
1541977097494132.0 -0.012868767 0.034848586 -0.022754986 0.039958566 0.021247165 0.9966801 -0.06768064
1541977097526706.0 -0.031041674 0.038078286 -0.027502315 0.03953992 0.024514498 0.9964673 -0.069918655
1541977097559314.0 -0.049234677 0.041875377 -0.02811442 0.0401534 0.02906907 0.99621075 -0.07146297
1541977097591964.0 -0.066340424 0.045490906 -0.03152983 0.04216186 0.031193368 0.99601185 -0.07217921
1541977097624659.0 -0.082042925 0.04422528 -0.03015952 0.043920375 0.033522326 0.99576336 -0.073502265
1541977097657407.0 -0.091897056 0.044914596 -0.032651946 0.04481975 0.033974312 0.99573505 -0.073135026
1541977097690233.0 -0.09847818 0.045487132 -0.029599749 0.0467692 0.03448245 0.99569094 -0.07227097
1541977097723148.0 -0.096003175 0.048885208 -0.032747954 0.049414784 0.039119575 0.99552804 -0.07036892
1541977097756149.0 -0.09824242 0.047164895 -0.029698169 0.054088984 0.051899735 0.9949344 -0.066980794
1541977097789223.0 -0.099849746 0.043428756 -0.023719167 0.055324603 0.064585276 0.9943105 -0.064145
1541977097822317.0 -0.0973101 0.039152797 -0.016855007 0.06446023 0.07609137 0.9929327 -0.06434168
1541977097855380.0 -0.079924375 0.041946005 -0.020486102 0.07433569 0.08969079 0.99129325 -0.061380196
1541977097888397.0 -0.07680226 0.03614299 -0.011852349 0.078656815 0.10493921 0.989906 -0.053730704
1541977097921328.0 -0.07134786 0.03199022 -0.0058354307 0.08219823 0.117796265 0.98847425 -0.047814384
1541977097954135.0 -0.064348996 0.028487846 -0.0018912073 0.08742563 0.1253936 0.987316 -0.042899642
1541977097986834.0 -0.05561271 0.024056282 0.005557251 0.091026254 0.12806259 0.98686224 -0.037644442
1541977098019452.0 -0.049514882 0.021191508 0.011644078 0.094810784 0.13008167 0.9864381 -0.032087844
1541977098051989.0 -0.039965592 0.020248052 0.01762128 0.09933363 0.13218722 0.9858509 -0.027521124
1541977098084451.0 -0.0038474519 0.013601515 0.012866285 0.094201684 0.13577864 0.9859013 -0.026246466
1541977098116858.0 0.004844908 0.011295856 0.019935217 0.09718776 0.13937318 0.98518014 -0.02344893
1541977098149229.0 0.015059752 0.009066932 0.02708761 0.10004115 0.14300226 0.9844158 -0.021626676
1541977098181576.0 0.02327566 0.008217211 0.029900333 0.10215025 0.14853802 0.98341125 -0.020103715
1541977098213892.0 0.06533293 0.015540348 0.02582469 0.09611284 0.15428859 0.9831913 -0.017096337
1541977098246173.0 0.07768642 0.007934108 0.019201133 0.099249616 0.16223055 0.9815832 -0.018038632
1541977098278415.0 0.08957566 0.004157208 0.020053567 0.10400017 0.17161636 0.97946507 -0.019495586
1541977098310608.0 0.1292355 0.010281786 0.017588856 0.097779416 0.18354923 0.97796965 -0.018008433
1541977098342733.0 0.14615116 0.013210001 0.022744803 0.0961389 0.19815965 0.97533995 -0.014213513
1541977098374780.0 0.15775962 0.013256365 0.026713472 0.09711959 0.21231051 0.9722671 -0.013738599
1541977098406749.0 0.17030932 0.01619311 0.034673966 0.09711772 0.2215129 0.97019655 -0.014798439
1541977098438649.0 0.17770265 0.0112609165 0.04481151 0.09143225 0.22867703 0.9691141 -0.012841526
1541977098470489.0 0.18035576 0.004748365 0.0504176 0.08727836 0.23889118 0.967085 -0.007762302
1541977098502279.0 0.18854567 -0.003919217 0.05867798 0.0840103 0.24760187 0.9651971 -0.005498436
1541977098534034.0 0.20061705 -0.00963695 0.06719501 0.079452984 0.25123298 0.96465594 -0.0028463264
1541977098565778.0 0.19937526 -0.023902433 0.077279136 0.07411507 0.2506484 0.965237 1.0665121e-05
1541977098597527.0 0.20100789 -0.03106474 0.09121048 0.06494149 0.24855746 0.9664286 0.004206581
1541977098629263.0 0.20211475 -0.04190362 0.105684474 0.05701632 0.2451895 0.9677795 0.0058461195
1541977098660957.0 0.20318557 -0.050430812 0.12225329 0.051608097 0.24111003 0.9690868 0.008556583
1541977098692604.0 0.19697115 -0.067533076 0.13534121 0.049211822 0.23999733 0.96946514 0.010809619
1541977098724229.0 0.19572987 -0.07839024 0.15101227 0.04479906 0.24290426 0.96885824 0.017445955
1541977098755874.0 0.19158861 -0.09139533 0.16591041 0.04076081 0.24687102 0.96787053 0.024897456
1541977098787541.0 0.18961385 -0.10055946 0.18509825 0.037477907 0.24766213 0.9676229 0.031064242
1541977098819197.0 0.1766905 -0.12508756 0.19898818 0.03846006 0.24847342 0.96734744 0.03194969
1541977098850808.0 0.16639058 -0.14187054 0.2141552 0.0390499 0.24990381 0.9667581 0.037444633
1541977098882373.0 0.15438733 -0.1581659 0.23052788 0.039349623 0.25230753 0.9659465 0.04171275
1541977098913900.0 0.1404307 -0.17496851 0.2444892 0.04055375 0.2571114 0.96458167 0.0427955
1541977098945376.0 0.13012137 -0.19397855 0.25499812 0.04015555 0.26787305 0.96146476 0.047087442
1541977098976817.0 0.121024765 -0.21193711 0.26538154 0.040019583 0.27928692 0.957752 0.05575244
1541977099008255.0 0.108761676 -0.23047453 0.27853024 0.042620912 0.2833594 0.95619136 0.059908606
1541977099039668.0 0.09465392 -0.25135833 0.28913933 0.043870322 0.28336528 0.95613337 0.05990482
1541977099071010.0 0.07469316 -0.271638 0.30640063 0.043912884 0.28920746 0.95412964 0.06377622
1541977099102280.0 0.060910795 -0.28761005 0.31802237 0.042154662 0.29889452 0.95097226 0.067356564
1541977099133494.0 0.048181534 -0.30531126 0.32588357 0.04295852 0.30713043 0.9482657 0.067953974
1541977099164662.0 0.036512308 -0.3169272 0.33534464 0.043188043 0.3124594 0.9463057 0.0707782
1541977099195813.0 0.021765377 -0.33240148 0.3495927 0.04329451 0.31654817 0.94458044 0.075436704
1541977099226971.0 0.014700569 -0.34604925 0.35384905 0.04234146 0.31760806 0.9440512 0.078099996
1541977099258112.0 0.008525934 -0.3605434 0.35428077 0.04283387 0.31520104 0.9449392 0.07683526
1541977099289185.0 0.0048125237 -0.3652953 0.35820532 0.042935587 0.31211978 0.9458813 0.077758856
1541977099320179.0 -0.0060866997 -0.37164783 0.35887566 0.044045195 0.3105059 0.94638073 0.07752208
1541977099351134.0 -0.0097491965 -0.36900768 0.3595526 0.04362139 0.3082339 0.9471068 0.07796124
1541977099382076.0 -0.013618629 -0.3605136 0.36039388 0.04375915 0.3012934 0.94947773 0.07615473
1541977099413023.0 -0.013381675 -0.35569635 0.35611555 0.04480569 0.2929044 0.95244586 0.071037926
1541977099443993.0 -0.0026716813 -0.34188953 0.34341434 0.046129216 0.28623968 0.9548773 0.06440768
1541977099474991.0 0.01105964 -0.31204185 0.3339306 0.048484415 0.28197843 0.95633376 0.059692472
1541977099506004.0 0.031491034 -0.2826286 0.32248166 0.04921084 0.27992153 0.95719475 0.054776855
1541977099537024.0 0.053904176 -0.2469961 0.30901507 0.052210543 0.27353334 0.9592624 0.047637016
1541977099568040.0 0.07740098 -0.21380888 0.2967631 0.055523995 0.2626817 0.96251285 0.03852919
1541977099599054.0 0.092080116 -0.18380746 0.2815895 0.05833356 0.2510523 0.9657558 0.029759504
1541977099630075.0 0.10682167 -0.1525465 0.2675583 0.05849905 0.2397278 0.9688359 0.02157756
1541977099661137.0 0.117832266 -0.12343664 0.2546439 0.055222727 0.22847009 0.9718868 0.013709982
1541977099692285.0 0.12805063 -0.09702737 0.24336296 0.047681082 0.21852963 0.9746516 0.005071689
1541977099723564.0 0.13144404 -0.069227345 0.23456745 0.039151613 0.208537 0.9772214 -0.004215383
1541977099755007.0 0.1286238 -0.04250646 0.2275348 0.02841977 0.19505692 0.980266 -0.014959881
1541977099786612.0 0.12348443 -0.02196062 0.21805328 0.019018475 0.17449254 0.98399925 -0.030595938
1541977099818344.0 0.12328617 -0.0072374735 0.20387208 0.012210243 0.14657585 0.9876406 -0.05415321
1541977099850182.0 0.13052239 0.005613126 0.18929662 0.006254708 0.12011157 0.9895188 -0.079916604
1541977099882136.0 0.1390364 0.016702412 0.17045699 0.0036274898 0.10785965 0.9890625 -0.10054117
1541977099914216.0 0.14871429 0.034439012 0.15447165 0.0070315795 0.10900617 0.9879984 -0.10921272
1541977099946424.0 0.16591033 0.04976204 0.1329264 0.016221453 0.1123006 0.9865045 -0.11804399
1541977099978746.0 0.18916051 0.063776605 0.10927212 0.027867487 0.116317995 0.984793 -0.12600087
1541977100011147.0 0.20383616 0.081821926 0.08863829 0.0385757 0.12584746 0.98309124 -0.1273027
1541977100043562.0 0.2166624 0.0884108 0.070202686 0.04636236 0.13574262 0.9812603 -0.1286576
1541977100075926.0 0.22635306 0.09493972 0.051368278 0.060691558 0.1397545 0.9794132 -0.13242027
1541977100108220.0 0.22831441 0.09879795 0.039671592 0.07566792 0.14982246 0.97710294 -0.13075769
1541977100140460.0 0.23366478 0.09966212 0.03778893 0.080287725 0.16131328 0.976038 -0.12199152
1541977100172628.0 0.23927814 0.09487955 0.037250526 0.09135318 0.1618392 0.9751933 -0.12025238
1541977100204710.0 0.24502556 0.09485703 0.041225675 0.10017822 0.16083594 0.974398 -0.12101533
1541977100236722.0 0.25225967 0.08585454 0.048672177 0.101531036 0.16778168 0.9733287 -0.11904626
1541977100268678.0 0.26424468 0.08258811 0.05811295 0.10374158 0.17380136 0.9732415 -0.10877399
1541977100300611.0 0.27763024 0.07006274 0.0687924 0.10646723 0.16860317 0.9747205 -0.10078524
1541977100332545.0 0.28802103 0.05325261 0.08262897 0.10765996 0.15645419 0.9772587 -0.09432322
1541977100364434.0 0.29835287 0.03864397 0.09671361 0.10531581 0.1392412 0.9809029 -0.08573206
1541977100396236.0 0.30741948 0.024572868 0.10758217 0.09909393 0.11736424 0.98468286 -0.08249732
1541977100427945.0 0.31531435 0.01633518 0.1199608 0.09101308 0.089200936 0.98785454 -0.088900745
1541977100459581.0 0.32094058 0.007387506 0.12727235 0.08328206 0.055170387 0.9899627 -0.09997141
1541977100491201.0 0.32460472 0.0052553983 0.13683471 0.0737138 0.027063007 0.9917693 -0.10113097
1541977100522863.0 0.3278645 0.0026476905 0.14491779 0.06391365 0.007961431 0.99338615 -0.0950563
1541977100554589.0 0.33672953 -0.0020770398 0.14789459 0.06037013 -0.009933929 0.99382293 -0.09258902
1541977100586367.0 0.34834373 -0.0050982093 0.14673507 0.061578136 -0.029345132 0.9933122 -0.093155935
1541977100618193.0 0.35462093 -0.008440666 0.14480631 0.05915613 -0.041455664 0.993313 -0.09006285
1541977100650091.0 0.36576656 -0.0033192453 0.1463053 0.05303559 -0.0522326 0.9937704 -0.08294199
1541977100682081.0 0.37274742 0.013607303 0.15147756 0.04743629 -0.06240162 0.9942477 -0.07298904
1541977100714161.0 0.3781553 0.024196276 0.15434584 0.039904732 -0.06639887 0.99498016 -0.0633507
1541977100746309.0 0.39014226 0.03733346 0.15828446 0.031070352 -0.065489866 0.995894 -0.05423013
1541977100778511.0 0.40133792 0.05616596 0.16031048 0.025402104 -0.06710664 0.9961899 -0.049569435
1541977100810769.0 0.4185523 0.068833426 0.17061423 0.020752003 -0.068148576 0.99652696 -0.043119017
1541977100843093.0 0.43401086 0.073917344 0.17481036 0.020074109 -0.064402126 0.9970393 -0.0369051
1541977100875509.0 0.4427725 0.08416637 0.17962398 0.023517458 -0.05574785 0.9975927 -0.03388232
1541977100908002.0 0.44664598 0.1047079 0.18790933 0.02203596 -0.047177482 0.9981041 -0.032818325
1541977100940506.0 0.45791063 0.13066404 0.20629285 0.017782554 -0.043887198 0.99820787 -0.036589272
1541977100972930.0 0.45822713 0.14296886 0.21952595 0.016823048 -0.041403987 0.9983516 -0.036012013
1541977101005190.0 0.4592289 0.14969084 0.22931962 0.012082224 -0.03583181 0.9988654 -0.028946739
1541977101037280.0 0.46315143 0.15817963 0.24142186 0.005583773 -0.031611223 0.99922234 -0.022900378
1541977101069328.0 0.4594078 0.16684157 0.25560537 -0.0038465306 -0.026007766 0.9994653 -0.019441755
1541977101101421.0 0.4481322 0.17599699 0.27391928 -0.015039436 -0.018146388 0.9996134 -0.01475315
1541977101133556.0 0.43354812 0.18250744 0.28411603 -0.023614582 -0.0145262275 0.9995255 -0.01342778
1541977101165681.0 0.41414478 0.18367738 0.29413658 -0.027671056 -0.011193143 0.9995074 -0.009696231
1541977101197754.0 0.3968794 0.17548184 0.30069932 -0.033087872 -0.0059266156 0.99942124 -0.005223962
1541977101229819.0 0.37936735 0.16612765 0.30696556 -0.035390347 -0.0022631253 0.9993698 0.0015473649
1541977101261941.0 0.36092106 0.15943 0.31228027 -0.03714046 0.0007237202 0.9992698 0.008942112
1541977101294127.0 0.34073293 0.15316166 0.31763354 -0.03855435 0.0037718131 0.99914443 0.014487724
1541977101326366.0 0.3198588 0.13962106 0.31415388 -0.036042936 0.004880595 0.99928975 0.009854088
1541977101358649.0 0.30556804 0.13154341 0.31887934 -0.032323316 0.008704857 0.9993856 0.010389712
1541977101390991.0 0.29679438 0.12309204 0.32024646 -0.028660607 0.013764625 0.999394 0.014167508
1541977101423428.0 0.28206366 0.115350924 0.32560647 -0.017185543 0.018633524 0.99947566 0.020149333
1541977101455945.0 0.27119532 0.10542984 0.3216002 -0.0041244333 0.02595246 0.9994932 0.017969456
1541977101488454.0 0.26146263 0.09492093 0.31966588 0.008130709 0.039897203 0.9990827 0.013264439
1541977101520881.0 0.25373596 0.08995049 0.32018512 0.020336295 0.052468367 0.99838006 0.008411911
1541977101553196.0 0.2432371 0.08153711 0.3190956 0.03472886 0.06189327 0.99747247 0.0034441259
1541977101585367.0 0.22888818 0.07083262 0.3174092 0.04888379 0.070925035 0.996265 -0.006014215
1541977101617384.0 0.21811621 0.05319209 0.31223762 0.059638727 0.08188033 0.9946014 -0.02251485
1541977101649262.0 0.20492338 0.04897232 0.31513527 0.0712213 0.09624872 0.9922887 -0.03204435
1541977101680998.0 0.19072619 0.042404376 0.3208558 0.07947377 0.114283346 0.98951674 -0.03846983
1541977101712578.0 0.17139845 0.02964026 0.3276504 0.08263743 0.13216542 0.9868819 -0.042043447
1541977101744024.0 0.15939702 0.013177658 0.32640865 0.08098483 0.1450906 0.9850239 -0.04602247
1541977101775409.0 0.14084122 -0.0020886576 0.3325399 0.083501 0.15331337 0.98334205 -0.05060713
1541977101806815.0 0.12588963 -0.018056098 0.34084055 0.08242228 0.161819 0.98207897 -0.050419755
1541977101838305.0 0.11106318 -0.03025556 0.35606492 0.080347456 0.17289212 0.98080647 -0.040881507
1541977101869908.0 0.09711471 -0.054820232 0.36334744 0.080282316 0.1835458 0.9791356 -0.03404824
1541977101901595.0 0.081454165 -0.074180394 0.37645516 0.08529821 0.18860787 0.9779262 -0.028489923
1541977101933282.0 0.07249552 -0.101536095 0.38237384 0.085998565 0.1939919 0.97683775 -0.027558561
1541977101964917.0 0.058213845 -0.12553935 0.39296818 0.08984465 0.20127669 0.97518015 -0.020961244
1541977101996497.0 0.0507432 -0.13856627 0.4059325 0.09704515 0.20824681 0.9731829 -0.011425765
1541977102028012.0 0.045033038 -0.16037737 0.41045016 0.10739113 0.2177401 0.9700508 -0.0076103015
1541977102059422.0 0.038215443 -0.18186136 0.41540784 0.120794594 0.22964464 0.96574247 -0.0036832
1541977102090703.0 0.037926573 -0.19766946 0.41778398 0.13509648 0.24304952 0.9605563 0.002739992
1541977102121862.0 0.037420753 -0.21356092 0.41537306 0.14840202 0.26069227 0.9539254 0.0065525873
1541977102152899.0 0.040302854 -0.22449858 0.41225013 0.15877244 0.2826884 0.9459348 0.0092806155
1541977102183801.0 0.052632224 -0.22122294 0.40084863 0.16750361 0.30802578 0.93637305 0.016377622
1541977102214581.0 0.057875652 -0.22036305 0.39241618 0.17884786 0.33144617 0.92601347 0.025611484
1541977102245265.0 0.06304449 -0.2178174 0.3849543 0.18513009 0.34392527 0.9200838 0.029800512
1541977102275841.0 0.06748883 -0.21372205 0.37503502 0.18871292 0.35013133 0.9169201 0.032451
1541977102306307.0 0.07319241 -0.21468517 0.36134568 0.19329758 0.35610014 0.9137048 0.031181933
1541977102336716.0 0.075572334 -0.20668505 0.351451 0.19984864 0.3591228 0.91112655 0.030656207
1541977102367111.0 0.07925807 -0.20345975 0.33789384 0.20442101 0.36145642 0.9092857 0.027584441
1541977102397495.0 0.0818185 -0.19756691 0.32703248 0.20695177 0.3647049 0.9074498 0.026386926
1541977102427872.0 0.080932595 -0.19262385 0.31669983 0.20870471 0.36904395 0.9052845 0.026625417
1541977102458255.0 0.078738645 -0.18381551 0.31073076 0.2093674 0.37367895 0.9031742 0.028385732
1541977102488662.0 0.07811425 -0.17825432 0.30492347 0.20984672 0.37757427 0.901363 0.030768953
1541977102519112.0 0.07695619 -0.17330141 0.29836726 0.20947422 0.3813945 0.8997191 0.034122124
1541977102549599.0 0.0743306 -0.1701292 0.2899592 0.21035835 0.3844716 0.8981191 0.03623676
1541977102580102.0 0.069651775 -0.1705787 0.2786489 0.21179587 0.3882062 0.8961244 0.037409164
1541977102610621.0 0.06671815 -0.17066947 0.2693128 0.21382883 0.39033347 0.8946599 0.03874003
1541977102641151.0 0.06595666 -0.1723252 0.25791794 0.21540189 0.39126873 0.8939056 0.03799645
1541977102671672.0 0.05811358 -0.1827185 0.23168735 0.21520922 0.3902807 0.89451766 0.034701403
1541977102702173.0 0.05040515 -0.18523565 0.21647714 0.21461809 0.38924488 0.8951435 0.03384586
1541977102732657.0 0.04539576 -0.1857812 0.20352381 0.21263798 0.38796338 0.89616835 0.033937965
1541977102763129.0 0.037229646 -0.187669 0.19223207 0.21060292 0.38424277 0.89830977 0.03230429
1541977102793596.0 0.025637846 -0.19251361 0.18247676 0.20895806 0.37755662 0.90162086 0.029451555
1541977102824048.0 0.008239988 -0.20073116 0.17485093 0.20811026 0.3675081 0.9061163 0.024109548
1541977102854471.0 -0.005127728 -0.19996284 0.16659507 0.2048429 0.3571729 0.91106945 0.02048048
1541977102884857.0 -0.018050529 -0.19554347 0.15828218 0.2003384 0.34633553 0.9163 0.017624572
1541977102915207.0 -0.034793213 -0.19433382 0.15162958 0.19474575 0.33428466 0.9220497 0.012338925
1541977102945527.0 -0.050419383 -0.19199568 0.14574958 0.18461546 0.3227823 0.92825997 0.007880044
1541977102975831.0 -0.06538669 -0.1788835 0.14502212 0.16870737 0.31134775 0.9351561 0.009139466
1541977103006124.0 -0.08763467 -0.17679425 0.13972963 0.15352228 0.29894274 0.94182044 0.0061950143
1541977103036416.0 -0.10707477 -0.16907844 0.13870928 0.13826172 0.28837222 0.947476 0.0037932945
1541977103066743.0 -0.12669778 -0.15893514 0.13526362 0.12249006 0.27606282 0.9532981 0.0029010775
1541977103097153.0 -0.14224665 -0.15077063 0.13106267 0.1082973 0.26712948 0.95755297 -0.0024205323
1541977103127696.0 -0.15419932 -0.13559262 0.11965693 0.09498153 0.26477212 0.9596167 -0.0031605018
1541977103158395.0 -0.16291724 -0.117463246 0.118665494 0.08311734 0.2653511 0.9605622 0.00071206933
1541977103189268.0 -0.18034336 -0.1255167 0.114655286 0.07977107 0.26427424 0.9611105 -0.007902142
1541977103220329.0 -0.18628561 -0.11911731 0.105524436 0.075245626 0.26242572 0.9618702 -0.016630795
1541977103251575.0 -0.18579406 -0.11491948 0.10366919 0.072277166 0.25932002 0.96283907 -0.021682646
1541977103282971.0 -0.18876883 -0.12742606 0.09717617 0.07536345 0.2535637 0.9638466 -0.03202341
1541977103314484.0 -0.17465268 -0.11588301 0.10647671 0.081121065 0.24748422 0.9649527 -0.032206573
1541977103346125.0 -0.17162125 -0.12639059 0.10804069 0.09160437 0.24790472 0.9638917 -0.032630306
1541977103377887.0 -0.16267024 -0.1326903 0.10450398 0.10166828 0.24642189 0.9631786 -0.03502642
1541977103409713.0 -0.1467892 -0.1327667 0.1023647 0.116866805 0.24486059 0.9618021 -0.03636071
1541977103441534.0 -0.13776262 -0.13604432 0.101694055 0.13656549 0.24545453 0.959088 -0.03538583
1541977103473291.0 -0.12443049 -0.1403655 0.096179105 0.15313934 0.24810612 0.9558455 -0.036758024
1541977103504918.0 -0.11092794 -0.13618879 0.098249085 0.1683451 0.24701788 0.95345485 -0.039574083
1541977103536369.0 -0.09777875 -0.12920839 0.100797944 0.17935394 0.24569534 0.9517588 -0.040263195
1541977103567641.0 -0.0833545 -0.12198313 0.09966327 0.18658087 0.24451649 0.950659 -0.040580966
1541977103598771.0 -0.07716406 -0.114943214 0.10494181 0.19432062 0.24363156 0.94926006 -0.04229095
1541977103629806.0 -0.06961532 -0.10982975 0.10839741 0.1973972 0.24636064 0.9479781 -0.040967572
1541977103660774.0 -0.05592542 -0.10218909 0.11097214 0.19660076 0.24949065 0.94746137 -0.037677303
1541977103691695.0 -0.0404049 -0.085243225 0.116225444 0.1966683 0.24960983 0.94755274 -0.03406451
1541977103722588.0 -0.032089703 -0.06759056 0.123955615 0.19639893 0.25142613 0.9472549 -0.030342333
1541977103753466.0 -0.02370312 -0.05734098 0.12929817 0.19334093 0.25667748 0.946665 -0.023693705
1541977103784325.0 -0.015068524 -0.051877916 0.13938086 0.19471043 0.25681052 0.94643855 -0.019756323
1541977103815144.0 0.00028056744 -0.042010367 0.14845705 0.19264914 0.25447944 0.9475123 -0.018630516
1541977103845914.0 0.007793209 -0.036015667 0.15381397 0.19045171 0.25152686 0.9487318 -0.019248666
1541977103876630.0 0.017593201 -0.027284855 0.1587955 0.18687473 0.24923727 0.95003504 -0.019801198
1541977103907311.0 0.039207913 -0.016660815 0.1696084 0.18454535 0.24721795 0.9510759 -0.016764704
1541977103937977.0 0.056211792 -0.011627581 0.17171693 0.18594654 0.24667528 0.95099175 -0.013781411
1541977103968639.0 0.075562395 -0.0051275697 0.17618102 0.1866076 0.24946858 0.9502063 -0.0071534854
1541977103999304.0 0.09695849 0.0023507737 0.18071565 0.18519008 0.25278315 0.94963425 -0.0004337795
1541977104029945.0 0.12314267 0.008884532 0.18489458 0.18263386 0.25315034 0.9500217 0.0043137353
1541977104060545.0 0.15040858 0.014195761 0.19061066 0.18013205 0.25129825 0.9509072 0.013315467
1541977104091104.0 0.17675617 0.015755732 0.19611141 0.17857437 0.24713807 0.95216817 0.020245746
1541977104121617.0 0.202148 0.018442387 0.20610543 0.17387316 0.24286138 0.9540622 0.02348936
1541977104152071.0 0.22257674 0.023565147 0.218706 0.16851318 0.23920684 0.9557903 0.029125864
1541977104182469.0 0.24813417 0.024512606 0.22824845 0.1649546 0.23364574 0.95747066 0.03807457
1541977104212857.0 0.27357247 0.025257256 0.2358355 0.16131908 0.22249581 0.9604048 0.045763787
1541977104243258.0 0.2972798 0.024025338 0.24126069 0.15803793 0.20984174 0.9636101 0.049458012
1541977104273629.0 0.31982228 0.024909899 0.24592336 0.15442732 0.19748996 0.9665953 0.053325284
1541977104303940.0 0.33822447 0.024315942 0.2557637 0.15305385 0.18788217 0.9683135 0.06036313
1541977104334221.0 0.35812238 0.025081076 0.25984663 0.14966036 0.18022782 0.97012305 0.063095056
1541977104364477.0 0.36916864 0.025152626 0.26590842 0.14249521 0.17604169 0.9719693 0.06308906
1541977104394710.0 0.38352126 0.02694004 0.27472082 0.13376148 0.1704741 0.9741966 0.06314582
1541977104424947.0 0.39555824 0.027286902 0.28243732 0.1259212 0.16217186 0.97670335 0.062407494
