# timestamp[secs] tx ty tz qx qy qz qw
1541977096.101143 -0.0 -0.0 -0.0 -0.0 -0.0 -0.0 1.0
1541977096.134162 -0.0 -0.0 -0.0 -0.0 -0.0 -0.0 1.0
1541977096.167138 0.03512682020664215 0.004166839644312859 0.013165474869310856 -0.006530505605041981 0.002444383455440402 -0.0017258033622056246 0.999974250793457
1541977096.200058 0.03512682020664215 0.004166839644312859 0.013165474869310856 -0.006530505605041981 0.002444383455440402 -0.0017258033622056246 0.999974250793457
1541977096.232911 0.0677354484796524 0.007970277220010757 0.030955832451581955 -0.011155552230775356 0.0033803079277276993 -0.0012609264813363552 0.9999313354492188
1541977096.265712 0.0677354484796524 0.007970277220010757 0.030955832451581955 -0.011155552230775356 0.0033803079277276993 -0.0012609264813363552 0.9999313354492188
1541977096.298473 0.0677354484796524 0.007970277220010757 0.030955832451581955 -0.011155552230775356 0.0033803079277276993 -0.0012609264813363552 0.9999313354492188
1541977096.3312 0.0677354484796524 0.007970277220010757 0.030955832451581955 -0.011155552230775356 0.0033803079277276993 -0.0012609264813363552 0.9999313354492188
1541977096.363905 0.1353885680437088 0.007406048011034727 0.08646346628665924 -0.012465769425034523 -0.0013758676359429955 -0.011966475285589695 0.999849796295166
1541977096.39658 0.1353885680437088 0.007406048011034727 0.08646346628665924 -0.012465769425034523 -0.0013758676359429955 -0.011966475285589695 0.999849796295166
1541977096.429223 0.17343947291374207 -0.009932092390954494 0.11234621703624725 -0.01356213167309761 -0.0002109023043885827 -0.02608826570212841 0.9995676875114441
1541977096.461821 0.17343947291374207 -0.009932092390954494 0.11234621703624725 -0.01356213167309761 -0.0002109023043885827 -0.02608826570212841 0.9995676875114441
1541977096.494322 0.21111710369586945 -0.020621780306100845 0.13377012312412262 -0.012724773958325386 0.0027850973419845104 -0.04083341732621193 0.9990810751914978
1541977096.526687 0.21111710369586945 -0.020621780306100845 0.13377012312412262 -0.012724773958325386 0.0027850973419845104 -0.04083341732621193 0.9990810751914978
1541977096.558913 0.21111710369586945 -0.020621780306100845 0.13377012312412262 -0.012724773958325386 0.0027850973419845104 -0.04083341732621193 0.9990810751914978
1541977096.591063 0.21111710369586945 -0.020621780306100845 0.13377012312412262 -0.012724773958325386 0.0027850973419845104 -0.04083341732621193 0.9990810751914978
1541977096.623207 0.2542170584201813 -0.027163667604327202 0.15665598213672638 -0.009387979283928871 7.413105049636215e-05 -0.03275536745786667 0.9994193315505981
1541977096.655371 0.2542170584201813 -0.027163667604327202 0.15665598213672638 -0.009387979283928871 7.413105049636215e-05 -0.03275536745786667 0.9994193315505981
1541977096.687555 0.2542170584201813 -0.027163667604327202 0.15665598213672638 -0.009387979283928871 7.413105049636215e-05 -0.03275536745786667 0.9994193315505981
1541977096.719752 0.2542170584201813 -0.027163667604327202 0.15665598213672638 -0.009387979283928871 7.413105049636215e-05 -0.03275536745786667 0.9994193315505981
1541977096.751954 0.2542170584201813 -0.027163667604327202 0.15665598213672638 -0.009387979283928871 7.413105049636215e-05 -0.03275536745786667 0.9994193315505981
1541977096.784162 0.2542170584201813 -0.027163667604327202 0.15665598213672638 -0.009387979283928871 7.413105049636215e-05 -0.03275536745786667 0.9994193315505981
1541977096.816372 0.2542170584201813 -0.027163667604327202 0.15665598213672638 -0.009387979283928871 7.413105049636215e-05 -0.03275536745786667 0.9994193315505981
1541977096.848595 0.24884063005447388 -0.020798655226826668 0.13746759295463562 -0.014570914208889008 -3.092670158366673e-05 -0.017044680193066597 0.9997485876083374
1541977096.880843 0.24986809492111206 -0.02004990354180336 0.12679269909858704 -0.01753944158554077 0.003222197527065873 -0.00916165392845869 0.9997990727424622
1541977096.913104 0.24599643051624298 -0.02147790789604187 0.11819875985383987 -0.017577681690454483 0.006914021912962198 0.0021491809748113155 0.999819278717041
1541977096.945333 0.2420547753572464 -0.026659229770302773 0.11035140603780746 -0.019724423065781593 0.011858251877129078 0.007423877250403166 0.9997075796127319
1541977096.977515 0.24003192782402039 -0.02889018878340721 0.09140072017908096 -0.024255231022834778 0.01781260408461094 0.010542779229581356 0.9994915723800659
1541977097.009668 0.23885540664196014 -0.02801177091896534 0.08295125514268875 -0.026207540184259415 0.02023894339799881 0.017144866287708282 0.9993045926094055
1541977097.04181 0.2375548928976059 -0.025992674753069878 0.07521191984415054 -0.026331467553973198 0.022028466686606407 0.02257014624774456 0.9991557002067566
1541977097.073949 0.23223671317100525 -0.023918943479657173 0.06816389411687851 -0.02782597951591015 0.025750380009412766 0.024435866624116898 0.9989822506904602
1541977097.106096 0.22101016342639923 -0.020126909017562866 0.06017070636153221 -0.029075391590595245 0.029442625120282173 0.026241503655910492 0.9987989068031311
1541977097.138265 0.209023579955101 -0.016442786902189255 0.049709271639585495 -0.029715506359934807 0.030294395983219147 0.029757898300886154 0.9986559748649597
1541977097.17046 0.18643394112586975 -0.014958019368350506 0.03809504956007004 -0.03311268985271454 0.03328406438231468 0.030652381479740143 0.9984269142150879
1541977097.202678 0.16460514068603516 -0.01133712101727724 0.027827581390738487 -0.03833034634590149 0.034455105662345886 0.028285128995776176 0.9982703328132629
1541977097.234917 0.14446282386779785 -0.004892139695584774 0.020598459988832474 -0.04404984414577484 0.03573586419224739 0.02470620907843113 0.9980842471122742
1541977097.267169 0.12137988954782486 0.0014079333050176501 0.00940033234655857 -0.04813062399625778 0.0371951125562191 0.02285674959421158 0.9978865385055542
1541977097.299436 0.10596342384815216 -0.0018489316571503878 0.006603984162211418 -0.05209067463874817 0.038392890244722366 0.022245220839977264 0.9976561665534973
1541977097.331731 0.08499029278755188 -0.0003820036945398897 -0.0037847019266337156 -0.055706966668367386 0.040487878024578094 0.021257996559143066 0.9973993897438049
1541977097.364083 0.06621987372636795 0.0091853654012084 -0.008880251087248325 -0.058844197541475296 0.041076332330703735 0.019765475764870644 0.9972258806228638
1541977097.396525 0.04749634116888046 0.015298488549888134 -0.015458584763109684 -0.06228514760732651 0.03987996652722359 0.01855440065264702 0.9970887899398804
1541977097.429041 0.021099725738167763 0.018873529508709908 -0.02073976770043373 -0.06581458449363708 0.04075322672724724 0.01759633980691433 0.9968440532684326
1541977097.461582 0.00969427078962326 0.03094574622809887 -0.021214451640844345 -0.06611530482769012 0.03945357725024223 0.017909688875079155 0.9968708753585815
1541977097.494132 -0.01286876667290926 0.03484858572483063 -0.022754985839128494 -0.06768064200878143 0.039958566427230835 0.02124716527760029 0.9966800808906555
1541977097.526706 -0.031041674315929413 0.03807828575372696 -0.027502315118908882 -0.06991865485906601 0.039539918303489685 0.024514498189091682 0.9964672923088074
1541977097.559314 -0.049234677106142044 0.04187537729740143 -0.02811441943049431 -0.0714629665017128 0.04015339910984039 0.029069069772958755 0.9962107539176941
1541977097.591964 -0.06634042412042618 0.04549090564250946 -0.031529828906059265 -0.07217921316623688 0.042161859571933746 0.031193368136882782 0.9960118532180786
1541977097.624659 -0.08204292505979538 0.04422527924180031 -0.030159519985318184 -0.07350226491689682 0.043920375406742096 0.03352232649922371 0.99576336145401
1541977097.657407 -0.09189705550670624 0.044914595782756805 -0.03265194594860077 -0.07313502579927444 0.044819749891757965 0.033974312245845795 0.9957350492477417
1541977097.690233 -0.09847818315029144 0.04548713192343712 -0.02959974855184555 -0.072270967066288 0.04676920175552368 0.0344824492931366 0.9956909418106079
1541977097.723148 -0.09600317478179932 0.04888520762324333 -0.03274795413017273 -0.0703689232468605 0.04941478371620178 0.039119575172662735 0.9955280423164368
1541977097.756149 -0.09824241697788239 0.04716489464044571 -0.029698168858885765 -0.06698079407215118 0.054088983684778214 0.051899734884500504 0.9949343800544739
1541977097.789223 -0.09984974563121796 0.043428756296634674 -0.023719167336821556 -0.06414499878883362 0.055324602872133255 0.06458527594804764 0.9943104982376099
1541977097.822317 -0.09731010347604752 0.03915279731154442 -0.01685500703752041 -0.06434167921543121 0.06446023285388947 0.07609137147665024 0.9929326772689819
1541977097.85538 -0.07992437481880188 0.04194600507616997 -0.020486101508140564 -0.06138019636273384 0.07433568686246872 0.08969078958034515 0.9912932515144348
1541977097.888397 -0.07680226117372513 0.0361429899930954 -0.011852349154651165 -0.05373070389032364 0.07865681499242783 0.10493920743465424 0.9899060130119324
1541977097.921328 -0.07134786248207092 0.03199021890759468 -0.005835430696606636 -0.04781438410282135 0.08219823241233826 0.11779626458883286 0.9884742498397827
1541977097.954135 -0.06434899568557739 0.02848784625530243 -0.00189120729919523 -0.04289964213967323 0.08742562681436539 0.1253935992717743 0.9873160123825073
1541977097.986834 -0.0556127093732357 0.02405628189444542 0.005557251162827015 -0.03764444217085838 0.09102625399827957 0.12806259095668793 0.9868622422218323
1541977098.019452 -0.049514882266521454 0.021191507577896118 0.01164407841861248 -0.032087843865156174 0.09481078386306763 0.1300816684961319 0.9864380955696106
1541977098.051989 -0.039965592324733734 0.02024805173277855 0.017621280625462532 -0.027521124109625816 0.09933362901210785 0.13218721747398376 0.9858508706092834
1541977098.084451 -0.0038474518805742264 0.01360151544213295 0.01286628469824791 -0.026246465742588043 0.09420168399810791 0.13577863574028015 0.9859012961387634
1541977098.116858 0.004844908136874437 0.011295855976641178 0.01993521675467491 -0.02344892919063568 0.09718775749206543 0.13937318325042725 0.985180139541626
1541977098.149229 0.015059752389788628 0.009066931903362274 0.027087610214948654 -0.021626675501465797 0.10004115104675293 0.14300225675106049 0.9844158291816711
1541977098.181576 0.02327566035091877 0.00821721088141203 0.029900332912802696 -0.020103715360164642 0.10215024650096893 0.1485380232334137 0.9834112524986267
1541977098.213892 0.06533292680978775 0.0155403483659029 0.025824690237641335 -0.01709633693099022 0.09611283987760544 0.15428858995437622 0.9831913113594055
1541977098.246173 0.07768642157316208 0.00793410837650299 0.019201133400201797 -0.018038632348179817 0.09924961626529694 0.16223055124282837 0.9815831780433655
1541977098.278415 0.08957566320896149 0.004157207906246185 0.020053567364811897 -0.019495585933327675 0.10400017350912094 0.1716163605451584 0.9794650673866272
1541977098.310608 0.12923550605773926 0.010281786322593689 0.01758885569870472 -0.018008433282375336 0.09777941554784775 0.18354922533035278 0.9779696464538574
1541977098.342733 0.14615115523338318 0.013210001401603222 0.02274480275809765 -0.014213512651622295 0.09613890200853348 0.19815964996814728 0.975339949131012
1541977098.37478 0.1577596217393875 0.013256365433335304 0.026713471859693527 -0.013738598674535751 0.09711959213018417 0.21231050789356232 0.9722670912742615
1541977098.406749 0.17030932009220123 0.01619311049580574 0.034673966467380524 -0.014798439107835293 0.09711772203445435 0.22151289880275726 0.970196545124054
1541977098.438649 0.1777026504278183 0.011260916478931904 0.04481150954961777 -0.012841526418924332 0.09143225103616714 0.22867703437805176 0.9691141247749329
1541977098.470489 0.1803557574748993 0.00474836491048336 0.05041759833693504 -0.007762302178889513 0.08727835863828659 0.23889118432998657 0.9670850038528442
1541977098.502279 0.18854567408561707 -0.003919216804206371 0.058677978813648224 -0.005498435813933611 0.0840103030204773 0.24760186672210693 0.9651970863342285
1541977098.534034 0.20061704516410828 -0.009636949747800827 0.06719501316547394 -0.002846326446160674 0.0794529840350151 0.25123298168182373 0.9646559357643127
1541977098.565778 0.19937525689601898 -0.02390243299305439 0.07727913558483124 1.066512140823761e-05 0.07411506772041321 0.2506484091281891 0.965237021446228
1541977098.597527 0.2010078877210617 -0.03106473945081234 0.09121047705411911 0.00420658104121685 0.06494148820638657 0.2485574632883072 0.9664285778999329
1541977098.629263 0.2021147459745407 -0.04190361872315407 0.10568447411060333 0.005846119485795498 0.057016320526599884 0.24518950283527374 0.9677795171737671
1541977098.660957 0.203185573220253 -0.05043081194162369 0.12225329130887985 0.00855658296495676 0.051608096808195114 0.24111002683639526 0.9690868258476257
1541977098.692604 0.19697114825248718 -0.06753307580947876 0.13534121215343475 0.010809618979692459 0.04921182245016098 0.23999732732772827 0.9694651365280151
1541977098.724229 0.19572986662387848 -0.07839024066925049 0.15101227164268494 0.01744595542550087 0.04479905962944031 0.24290426075458527 0.9688582420349121
1541977098.755874 0.1915886104106903 -0.09139533340930939 0.16591040790081024 0.024897456169128418 0.04076081141829491 0.24687102437019348 0.9678705334663391
1541977098.787541 0.18961384892463684 -0.10055945813655853 0.18509824573993683 0.031064242124557495 0.03747790679335594 0.24766212701797485 0.9676228761672974
1541977098.819197 0.1766905039548874 -0.12508755922317505 0.1989881843328476 0.031949691474437714 0.03846006095409393 0.2484734207391739 0.9673474431037903
1541977098.850808 0.1663905829191208 -0.14187054336071014 0.2141551971435547 0.03744463250041008 0.0390499010682106 0.2499038130044937 0.9667580723762512
1541977098.882373 0.15438732504844666 -0.15816590189933777 0.2305278778076172 0.04171274974942207 0.039349623024463654 0.2523075342178345 0.9659464955329895
1541977098.9139 0.14043070375919342 -0.17496851086616516 0.24448919296264648 0.04279550164937973 0.0405537486076355 0.25711140036582947 0.9645816683769226
1541977098.945376 0.1301213651895523 -0.19397854804992676 0.254998117685318 0.04708744212985039 0.040155548602342606 0.26787304878234863 0.9614647626876831
1541977098.976817 0.12102476507425308 -0.21193711459636688 0.2653815448284149 0.05575244128704071 0.04001958295702934 0.2792869210243225 0.957751989364624
1541977099.008255 0.10876167565584183 -0.2304745316505432 0.2785302400588989 0.059908606112003326 0.042620912194252014 0.2833594083786011 0.95619136095047
1541977099.039668 0.09465391933917999 -0.2513583302497864 0.2891393303871155 0.05990482121706009 0.04387032240629196 0.28336527943611145 0.9561333656311035
1541977099.07101 0.07469315826892853 -0.27163800597190857 0.3064006268978119 0.06377621740102768 0.04391288384795189 0.28920745849609375 0.9541296362876892
1541977099.10228 0.060910794883966446 -0.2876100540161133 0.31802237033843994 0.06735656410455704 0.04215466231107712 0.2988945245742798 0.9509722590446472
1541977099.133494 0.04818153381347656 -0.30531126260757446 0.32588356733322144 0.06795397400856018 0.042958520352840424 0.3071304261684418 0.9482656717300415
1541977099.164662 0.036512307822704315 -0.3169271945953369 0.3353446424007416 0.07077819854021072 0.04318804293870926 0.31245940923690796 0.9463056921958923
1541977099.195813 0.02176537737250328 -0.33240148425102234 0.3495926856994629 0.07543670386075974 0.0432945117354393 0.3165481686592102 0.9445804357528687
1541977099.226971 0.014700569212436676 -0.3460492491722107 0.35384905338287354 0.07809999585151672 0.042341459542512894 0.3176080584526062 0.944051206111908
1541977099.258112 0.00852593407034874 -0.3605434000492096 0.3542807698249817 0.0768352597951889 0.04283386841416359 0.3152010440826416 0.9449391961097717
1541977099.289185 0.004812523722648621 -0.36529529094696045 0.35820531845092773 0.07775885611772537 0.04293558746576309 0.3121197819709778 0.9458813071250916
1541977099.320179 -0.006086699664592743 -0.37164783477783203 0.35887566208839417 0.07752207666635513 0.04404519498348236 0.3105058968067169 0.9463807344436646
1541977099.351134 -0.009749196469783783 -0.3690076768398285 0.3595525920391083 0.07796124368906021 0.04362139105796814 0.3082338869571686 0.9471067786216736
1541977099.382076 -0.013618629425764084 -0.3605135977268219 0.3603938817977905 0.07615473121404648 0.04375914856791496 0.30129340291023254 0.9494777321815491
1541977099.413023 -0.013381674885749817 -0.35569635033607483 0.35611554980278015 0.07103792577981949 0.04480569064617157 0.29290440678596497 0.9524458646774292
1541977099.443993 -0.0026716813445091248 -0.34188953042030334 0.3434143364429474 0.06440767645835876 0.04612921550869942 0.2862396836280823 0.9548773169517517
1541977099.474991 0.011059639975428581 -0.31204184889793396 0.3339306116104126 0.05969247221946716 0.04848441481590271 0.28197842836380005 0.9563337564468384
1541977099.506004 0.03149103373289108 -0.28262859582901 0.3224816620349884 0.05477685481309891 0.049210838973522186 0.2799215316772461 0.9571947455406189
1541977099.537024 0.053904175758361816 -0.24699610471725464 0.30901506543159485 0.04763701558113098 0.05221054330468178 0.27353334426879883 0.9592623710632324
1541977099.56804 0.07740098237991333 -0.21380887925624847 0.2967630922794342 0.03852919116616249 0.05552399531006813 0.2626816928386688 0.9625128507614136
1541977099.599054 0.09208011627197266 -0.18380746245384216 0.2815895080566406 0.02975950390100479 0.058333560824394226 0.25105229020118713 0.965755820274353
1541977099.630075 0.10682167112827301 -0.1525464951992035 0.2675583064556122 0.021577559411525726 0.0584990493953228 0.23972779512405396 0.9688358902931213
1541977099.661137 0.11783226579427719 -0.12343663722276688 0.25464388728141785 0.013709981925785542 0.05522272735834122 0.2284700870513916 0.9718868136405945
1541977099.692285 0.12805062532424927 -0.09702736884355545 0.24336296319961548 0.005071688909083605 0.04768108204007149 0.2185296267271042 0.974651575088501
1541977099.723564 0.1314440369606018 -0.06922734528779984 0.23456744849681854 -0.004215382970869541 0.03915161266922951 0.2085369974374771 0.9772214293479919
1541977099.755007 0.12862379848957062 -0.04250646010041237 0.22753480076789856 -0.014959881082177162 0.028419770300388336 0.19505691528320312 0.9802659749984741
1541977099.786612 0.12348443269729614 -0.02196061983704567 0.21805328130722046 -0.030595937743782997 0.019018474966287613 0.17449253797531128 0.9839992523193359
1541977099.818344 0.123286172747612 -0.007237473502755165 0.20387208461761475 -0.054153211414813995 0.012210243381559849 0.14657585322856903 0.9876406192779541
1541977099.850182 0.13052238523960114 0.0056131258606910706 0.18929661810398102 -0.07991660386323929 0.006254707928746939 0.12011156976222992 0.9895188212394714
1541977099.882136 0.1390364021062851 0.01670241169631481 0.17045699059963226 -0.10054116696119308 0.003627489786595106 0.10785964876413345 0.989062488079071
1541977099.914216 0.14871428906917572 0.03443901240825653 0.15447165071964264 -0.1092127189040184 0.007031579501926899 0.10900616645812988 0.9879984259605408
1541977099.946424 0.16591033339500427 0.04976204037666321 0.13292640447616577 -0.11804398894309998 0.01622145250439644 0.11230059713125229 0.9865044951438904
1541977099.978746 0.1891605108976364 0.06377660483121872 0.10927212238311768 -0.12600086629390717 0.02786748670041561 0.1163179948925972 0.9847930073738098
1541977100.011147 0.20383615791797638 0.08182192593812943 0.0886382907629013 -0.12730270624160767 0.03857570141553879 0.1258474588394165 0.9830912351608276
1541977100.043562 0.21666240692138672 0.08841080218553543 0.07020268589258194 -0.12865759432315826 0.04636235907673836 0.13574261963367462 0.9812602996826172
1541977100.075926 0.22635306417942047 0.09493972361087799 0.05136827751994133 -0.13242027163505554 0.060691557824611664 0.1397545039653778 0.9794132113456726
1541977100.10822 0.22831441462039948 0.09879794716835022 0.03967159241437912 -0.13075768947601318 0.07566791772842407 0.14982245862483978 0.9771029353141785
1541977100.14046 0.23366478085517883 0.09966211766004562 0.03778893128037453 -0.12199152261018753 0.08028772473335266 0.1613132804632187 0.9760379791259766
1541977100.172628 0.2392781376838684 0.09487955272197723 0.03725052624940872 -0.12025237828493118 0.09135317802429199 0.16183920204639435 0.9751933217048645
1541977100.20471 0.24502556025981903 0.09485702961683273 0.041225675493478775 -0.12101533263921738 0.10017821937799454 0.16083593666553497 0.9743980169296265
1541977100.236722 0.25225967168807983 0.08585453778505325 0.04867217689752579 -0.11904626339673996 0.10153103619813919 0.16778168082237244 0.973328709602356
1541977100.268678 0.2642446756362915 0.08258810639381409 0.05811294913291931 -0.10877399146556854 0.10374157875776291 0.17380136251449585 0.9732415080070496
1541977100.300611 0.2776302397251129 0.07006274163722992 0.06879240274429321 -0.10078524053096771 0.10646723210811615 0.16860316693782806 0.9747204780578613
1541977100.332545 0.2880210280418396 0.05325261130928993 0.08262897282838821 -0.09432321786880493 0.1076599583029747 0.1564541906118393 0.9772586822509766
1541977100.364434 0.2983528673648834 0.0386439710855484 0.0967136099934578 -0.08573205769062042 0.10531581193208694 0.13924120366573334 0.980902910232544
1541977100.396236 0.30741947889328003 0.024572867900133133 0.10758216679096222 -0.08249732106924057 0.09909392893314362 0.11736424267292023 0.9846828579902649
1541977100.427945 0.3153143525123596 0.016335180029273033 0.11996079981327057 -0.08890074491500854 0.09101308137178421 0.0892009362578392 0.987854540348053
1541977100.459581 0.3209405839443207 0.00738750584423542 0.1272723525762558 -0.09997141361236572 0.08328206092119217 0.05517038702964783 0.9899626970291138
1541977100.491201 0.32460471987724304 0.005255398340523243 0.13683471083641052 -0.10113096982240677 0.07371380180120468 0.027063006535172462 0.9917693138122559
1541977100.522863 0.32786449790000916 0.00264769047498703 0.1449177861213684 -0.09505630284547806 0.06391365081071854 0.007961430586874485 0.9933861494064331
1541977100.554589 0.3367295265197754 -0.002077039796859026 0.14789459109306335 -0.09258902072906494 0.060370128601789474 -0.009933928959071636 0.9938229322433472
1541977100.586367 0.34834372997283936 -0.005098209250718355 0.1467350721359253 -0.09315593540668488 0.061578135937452316 -0.029345132410526276 0.9933121800422668
1541977100.618193 0.35462093353271484 -0.008440665900707245 0.14480631053447723 -0.09006284922361374 0.059156130999326706 -0.04145566374063492 0.9933130145072937
1541977100.650091 0.3657665550708771 -0.003319245297461748 0.14630529284477234 -0.08294198662042618 0.053035590797662735 -0.05223260074853897 0.9937704205513
1541977100.682081 0.37274742126464844 0.01360730268061161 0.15147756040096283 -0.07298903912305832 0.04743628948926926 -0.06240161880850792 0.9942476749420166
1541977100.714161 0.37815529108047485 0.02419627644121647 0.15434584021568298 -0.06335069984197617 0.03990473225712776 -0.06639886647462845 0.9949801564216614
1541977100.746309 0.3901422619819641 0.03733345866203308 0.15828445553779602 -0.05423013120889664 0.031070351600646973 -0.06548986583948135 0.9958940148353577
1541977100.778511 0.4013379216194153 0.05616595968604088 0.16031047701835632 -0.04956943541765213 0.02540210448205471 -0.06710664182901382 0.9961898922920227
1541977100.810769 0.41855230927467346 0.06883342564105988 0.17061422765254974 -0.04311901703476906 0.02075200341641903 -0.06814857572317123 0.9965269565582275
1541977100.843093 0.4340108633041382 0.07391734421253204 0.17481036484241486 -0.03690509870648384 0.020074108615517616 -0.06440212577581406 0.9970393180847168
1541977100.875509 0.4427725076675415 0.08416637033224106 0.17962397634983063 -0.033882319927215576 0.023517457768321037 -0.055747851729393005 0.9975926876068115
1541977100.908002 0.44664597511291504 0.10470789670944214 0.187909334897995 -0.032818324863910675 0.022035960108041763 -0.04717748239636421 0.9981040954589844
1541977100.940506 0.4579106271266937 0.13066403567790985 0.20629285275936127 -0.03658927232027054 0.017782554030418396 -0.043887197971343994 0.9982078671455383
1541977100.97293 0.45822712779045105 0.14296886324882507 0.21952594816684723 -0.036012012511491776 0.016823047772049904 -0.041403986513614655 0.9983515739440918
1541977101.00519 0.45922890305519104 0.14969083666801453 0.22931961715221405 -0.028946738690137863 0.012082223780453205 -0.03583180904388428 0.9988654255867004
1541977101.03728 0.4631514251232147 0.1581796258687973 0.2414218634366989 -0.022900378331542015 0.005583772901445627 -0.03161122277379036 0.9992223381996155
1541977101.069328 0.4594078063964844 0.1668415665626526 0.2556053698062897 -0.0194417554885149 -0.003846530569717288 -0.026007765904068947 0.99946528673172
1541977101.101421 0.448132187128067 0.17599698901176453 0.2739192843437195 -0.014753149822354317 -0.015039435587823391 -0.018146388232707977 0.9996134042739868
1541977101.133556 0.43354812264442444 0.1825074404478073 0.2841160297393799 -0.013427780009806156 -0.023614581674337387 -0.014526227489113808 0.9995254874229431
1541977101.165681 0.4141447842121124 0.18367737531661987 0.29413658380508423 -0.009696231223642826 -0.027671055868268013 -0.01119314320385456 0.9995074272155762
1541977101.197754 0.3968794047832489 0.17548184096813202 0.3006993234157562 -0.005223962012678385 -0.033087871968746185 -0.005926615558564663 0.999421238899231
1541977101.229819 0.3793673515319824 0.16612765192985535 0.30696555972099304 0.0015473648672923446 -0.03539034724235535 -0.002263125265017152 0.9993698000907898
1541977101.261941 0.36092105507850647 0.15942999720573425 0.3122802674770355 0.00894211232662201 -0.037140458822250366 0.0007237201789394021 0.9992697834968567
1541977101.294127 0.3407329320907593 0.1531616598367691 0.3176335394382477 0.01448772381991148 -0.0385543517768383 0.0037718131206929684 0.999144434928894
1541977101.326366 0.3198587894439697 0.1396210640668869 0.31415387988090515 0.009854087606072426 -0.03604293614625931 0.0048805950209498405 0.9992897510528564
1541977101.358649 0.30556803941726685 0.13154341280460358 0.3188793361186981 0.010389711707830429 -0.03232331573963165 0.008704856969416142 0.9993855953216553
1541977101.390991 0.2967943847179413 0.12309204041957855 0.32024645805358887 0.014167508110404015 -0.0286606065928936 0.013764625415205956 0.9993939995765686
1541977101.423428 0.28206366300582886 0.11535092443227768 0.32560646533966064 0.020149333402514458 -0.017185542732477188 0.0186335239559412 0.9994756579399109
1541977101.455945 0.27119532227516174 0.10542984306812286 0.32160019874572754 0.01796945556998253 -0.004124433267861605 0.02595246024429798 0.9994931817054749
1541977101.488454 0.26146262884140015 0.09492093324661255 0.3196658790111542 0.013264439068734646 0.008130708709359169 0.03989720344543457 0.9990826845169067
1541977101.520881 0.2537359595298767 0.08995048701763153 0.320185124874115 0.008411911316215992 0.020336294546723366 0.05246836692094803 0.9983800649642944
1541977101.553196 0.24323709309101105 0.08153711259365082 0.3190956115722656 0.0034441258758306503 0.03472885861992836 0.061893269419670105 0.9974724650382996
1541977101.585367 0.22888818383216858 0.07083261758089066 0.3174091875553131 -0.00601421482861042 0.04888378828763962 0.0709250345826149 0.9962649941444397
1541977101.617384 0.21811620891094208 0.05319209024310112 0.31223762035369873 -0.02251484990119934 0.05963872745633125 0.08188033103942871 0.9946014285087585
1541977101.649262 0.2049233764410019 0.048972319811582565 0.31513527035713196 -0.03204435110092163 0.07122129946947098 0.09624872356653214 0.9922887086868286
1541977101.680998 0.19072619080543518 0.04240437597036362 0.3208557963371277 -0.0384698286652565 0.07947377115488052 0.11428334563970566 0.9895167350769043
1541977101.712578 0.17139844596385956 0.029640259221196175 0.32765039801597595 -0.042043447494506836 0.08263742923736572 0.13216541707515717 0.9868819117546082
1541977101.744024 0.15939702093601227 0.013177658431231976 0.32640865445137024 -0.04602247104048729 0.08098483085632324 0.14509059488773346 0.9850239157676697
1541977101.775409 0.14084121584892273 -0.0020886575803160667 0.3325398862361908 -0.05060712993144989 0.08350100368261337 0.15331336855888367 0.9833420515060425
1541977101.806815 0.1258896291255951 -0.018056098371744156 0.34084054827690125 -0.05041975528001785 0.08242227882146835 0.1618189960718155 0.9820789694786072
1541977101.838305 0.11106318235397339 -0.03025555983185768 0.35606491565704346 -0.040881507098674774 0.0803474560379982 0.17289212346076965 0.9808064699172974
1541977101.869908 0.09711471199989319 -0.0548202320933342 0.36334744095802307 -0.03404824063181877 0.0802823156118393 0.1835457980632782 0.9791355729103088
1541977101.901595 0.08145416527986526 -0.07418039441108704 0.376455157995224 -0.02848992310464382 0.08529821038246155 0.18860787153244019 0.9779261946678162
1541977101.933282 0.07249552011489868 -0.1015360951423645 0.3823738396167755 -0.02755856141448021 0.08599856495857239 0.19399189949035645 0.9768377542495728
1541977101.964917 0.058213844895362854 -0.12553934752941132 0.39296817779541016 -0.02096124365925789 0.08984465152025223 0.20127668976783752 0.9751801490783691
1541977101.996497 0.05074319988489151 -0.1385662704706192 0.4059324860572815 -0.011425765231251717 0.09704515337944031 0.20824681222438812 0.9731829166412354
1541977102.028012 0.045033037662506104 -0.1603773683309555 0.41045016050338745 -0.007610301487147808 0.1073911264538765 0.21774010360240936 0.9700508117675781
1541977102.059422 0.03821544349193573 -0.18186135590076447 0.41540783643722534 -0.003683200106024742 0.12079459428787231 0.22964464128017426 0.9657424688339233
1541977102.090703 0.0379265733063221 -0.19766946136951447 0.4177839756011963 0.002739991992712021 0.135096475481987 0.2430495172739029 0.9605563282966614
1541977102.121862 0.03742075338959694 -0.21356092393398285 0.4153730571269989 0.006552587263286114 0.14840202033519745 0.2606922686100006 0.953925371170044
1541977102.152899 0.04030285403132439 -0.22449858486652374 0.4122501313686371 0.009280615486204624 0.15877243876457214 0.2826884090900421 0.9459347724914551
1541977102.183801 0.052632223814725876 -0.22122293710708618 0.4008486270904541 0.01637762226164341 0.16750361025333405 0.3080257773399353 0.9363730549812317
1541977102.214581 0.057875651866197586 -0.220363050699234 0.39241617918014526 0.025611484423279762 0.17884786427021027 0.33144617080688477 0.9260134696960449
1541977102.245265 0.0630444884300232 -0.21781739592552185 0.3849543035030365 0.02980051189661026 0.18513008952140808 0.34392526745796204 0.9200838208198547
1541977102.275841 0.06748882681131363 -0.21372205018997192 0.37503501772880554 0.032451000064611435 0.1887129247188568 0.3501313328742981 0.9169201254844666
1541977102.306307 0.07319241017103195 -0.21468517184257507 0.36134567856788635 0.031181933358311653 0.1932975798845291 0.3561001420021057 0.9137048125267029
1541977102.336716 0.07557233422994614 -0.20668505132198334 0.35145100951194763 0.030656207352876663 0.19984863698482513 0.3591228127479553 0.9111265540122986
1541977102.367111 0.07925806939601898 -0.2034597545862198 0.33789384365081787 0.027584441006183624 0.2044210135936737 0.36145642399787903 0.9092857241630554
1541977102.397495 0.08181849867105484 -0.1975669115781784 0.3270324766635895 0.0263869259506464 0.20695176720619202 0.3647049069404602 0.9074497818946838
1541977102.427872 0.08093259483575821 -0.19262385368347168 0.3166998326778412 0.026625417172908783 0.20870471000671387 0.3690439462661743 0.9052845239639282
1541977102.458255 0.07873864471912384 -0.18381550908088684 0.3107307553291321 0.02838573232293129 0.20936739444732666 0.37367895245552063 0.9031742215156555
1541977102.488662 0.07811424881219864 -0.17825432121753693 0.30492347478866577 0.030768953263759613 0.20984672009944916 0.37757426500320435 0.9013630151748657
1541977102.519112 0.07695619016885757 -0.17330141365528107 0.2983672618865967 0.034122124314308167 0.20947422087192535 0.38139450550079346 0.8997191190719604
1541977102.549599 0.07433059811592102 -0.17012919485569 0.289959192276001 0.03623675927519798 0.21035835146903992 0.384471595287323 0.8981190919876099
1541977102.580102 0.0696517750620842 -0.1705787032842636 0.27864891290664673 0.037409164011478424 0.2117958664894104 0.38820621371269226 0.8961244225502014
1541977102.610621 0.06671815365552902 -0.17066946625709534 0.2693127989768982 0.03874003142118454 0.21382883191108704 0.39033347368240356 0.8946598768234253
1541977102.641151 0.06595665961503983 -0.17232519388198853 0.25791794061660767 0.03799644857645035 0.21540188789367676 0.3912687301635742 0.8939055800437927
1541977102.671672 0.05811357870697975 -0.18271850049495697 0.23168735206127167 0.034701403230428696 0.2152092158794403 0.39028069376945496 0.8945176601409912
1541977102.702173 0.050405148416757584 -0.1852356493473053 0.2164771407842636 0.03384586051106453 0.21461808681488037 0.3892448842525482 0.8951435089111328
1541977102.732657 0.04539576172828674 -0.18578119575977325 0.20352381467819214 0.0339379645884037 0.2126379758119583 0.3879633843898773 0.8961683511734009
1541977102.763129 0.03722964599728584 -0.18766899406909943 0.19223207235336304 0.03230429068207741 0.21060292422771454 0.3842427730560303 0.8983097672462463
1541977102.793596 0.025637846440076828 -0.1925136148929596 0.18247675895690918 0.029451554641127586 0.20895805954933167 0.37755662202835083 0.9016208648681641
1541977102.824048 0.0082399882376194 -0.20073115825653076 0.1748509258031845 0.024109547957777977 0.2081102579832077 0.3675081133842468 0.9061163067817688
1541977102.854471 -0.00512772798538208 -0.19996283948421478 0.16659507155418396 0.020480480045080185 0.20484289526939392 0.3571729063987732 0.9110694527626038
1541977102.884857 -0.018050529062747955 -0.19554346799850464 0.15828217566013336 0.017624571919441223 0.20033839344978333 0.3463355302810669 0.9162999987602234
1541977102.915207 -0.03479321300983429 -0.19433382153511047 0.15162958204746246 0.012338925153017044 0.1947457492351532 0.3342846632003784 0.9220497012138367
1541977102.945527 -0.05041938275098801 -0.19199568033218384 0.14574958384037018 0.007880044169723988 0.18461546301841736 0.3227823078632355 0.9282599687576294
1541977102.975831 -0.06538669019937515 -0.17888349294662476 0.14502212405204773 0.009139466099441051 0.16870737075805664 0.31134775280952454 0.9351561069488525
1541977103.006124 -0.08763466775417328 -0.17679424583911896 0.13972963392734528 0.006195014342665672 0.1535222828388214 0.2989427447319031 0.9418204426765442
1541977103.036416 -0.10707476735115051 -0.16907843947410583 0.13870927691459656 0.0037932945415377617 0.13826172053813934 0.2883722186088562 0.9474760293960571
1541977103.066743 -0.12669777870178223 -0.15893514454364777 0.1352636218070984 0.002901077503338456 0.1224900633096695 0.27606281638145447 0.9532980918884277
1541977103.097153 -0.14224664866924286 -0.1507706344127655 0.13106267154216766 -0.0024205322843044996 0.10829730331897736 0.26712948083877563 0.957552969455719
1541977103.127696 -0.15419931709766388 -0.13559262454509735 0.11965692788362503 -0.003160501830279827 0.09498152881860733 0.26477211713790894 0.9596167206764221
1541977103.158395 -0.16291724145412445 -0.11746324598789215 0.11866549402475357 0.0007120693335309625 0.08311734348535538 0.2653510868549347 0.9605622291564941
1541977103.189268 -0.180343359708786 -0.12551669776439667 0.11465528607368469 -0.007902141660451889 0.07977107167243958 0.2642742395401001 0.9611104726791382
1541977103.220329 -0.1862856149673462 -0.11911731213331223 0.10552443563938141 -0.01663079485297203 0.07524562627077103 0.2624257206916809 0.9618701934814453
1541977103.251575 -0.18579405546188354 -0.11491948366165161 0.1036691889166832 -0.02168264612555504 0.07227716594934464 0.2593200206756592 0.9628390669822693
1541977103.282971 -0.18876883387565613 -0.12742605805397034 0.09717617183923721 -0.032023411244153976 0.07536344975233078 0.25356370210647583 0.9638466238975525
1541977103.314484 -0.17465268075466156 -0.115883007645607 0.10647670924663544 -0.03220657259225845 0.081121064722538 0.2474842220544815 0.9649527072906494
1541977103.346125 -0.17162124812602997 -0.12639059126377106 0.1080406904220581 -0.032630305737257004 0.09160436689853668 0.2479047179222107 0.9638916850090027
1541977103.377887 -0.16267023980617523 -0.13269029557704926 0.10450398176908493 -0.035026419907808304 0.10166828334331512 0.24642188847064972 0.9631785750389099
1541977103.409713 -0.14678919315338135 -0.1327666938304901 0.10236469656229019 -0.036360710859298706 0.11686680465936661 0.24486058950424194 0.9618021249771118
1541977103.441534 -0.1377626210451126 -0.13604432344436646 0.10169405490159988 -0.03538582846522331 0.13656549155712128 0.24545453488826752 0.9590880274772644
1541977103.473291 -0.12443049252033234 -0.14036549627780914 0.09617910534143448 -0.036758024245500565 0.15313933789730072 0.24810612201690674 0.9558454751968384
1541977103.504918 -0.11092793941497803 -0.1361887902021408 0.09824908524751663 -0.03957408294081688 0.16834509372711182 0.24701787531375885 0.953454852104187
1541977103.536369 -0.09777875244617462 -0.12920838594436646 0.10079794377088547 -0.04026319459080696 0.17935393750667572 0.2456953376531601 0.9517588019371033
1541977103.567641 -0.08335450291633606 -0.1219831332564354 0.09966327250003815 -0.04058096557855606 0.1865808665752411 0.2445164918899536 0.9506589770317078
1541977103.598771 -0.07716406136751175 -0.11494321376085281 0.10494180768728256 -0.04229094833135605 0.19432061910629272 0.24363155663013458 0.9492600560188293
1541977103.629806 -0.06961531937122345 -0.10982975363731384 0.10839740931987762 -0.04096757248044014 0.19739720225334167 0.246360644698143 0.9479780793190002
1541977103.660774 -0.05592542141675949 -0.1021890863776207 0.11097214370965958 -0.037677302956581116 0.1966007649898529 0.2494906485080719 0.9474613666534424
1541977103.691695 -0.040404900908470154 -0.08524322509765625 0.11622544378042221 -0.034064508974552155 0.19666829705238342 0.2496098279953003 0.9475527405738831
1541977103.722588 -0.032089702785015106 -0.06759055703878403 0.1239556148648262 -0.030342333018779755 0.19639892876148224 0.2514261305332184 0.9472548961639404
1541977103.753466 -0.02370312064886093 -0.05734097957611084 0.1292981654405594 -0.02369370497763157 0.19334092736244202 0.2566774785518646 0.9466649889945984
1541977103.784325 -0.015068523585796356 -0.05187791585922241 0.13938085734844208 -0.019756322726607323 0.19471043348312378 0.2568105161190033 0.9464385509490967
1541977103.815144 0.0002805674448609352 -0.042010366916656494 0.14845705032348633 -0.018630515784025192 0.19264914095401764 0.25447943806648254 0.9475123286247253
1541977103.845914 0.007793209049850702 -0.03601566702127457 0.15381397306919098 -0.019248666241765022 0.1904517114162445 0.2515268623828888 0.9487317800521851
1541977103.87663 0.017593201249837875 -0.027284855023026466 0.15879550576210022 -0.019801197573542595 0.18687473237514496 0.2492372691631317 0.950035035610199
1541977103.907311 0.03920791298151016 -0.016660815104842186 0.16960839927196503 -0.016764704138040543 0.1845453530550003 0.24721795320510864 0.9510759115219116
1541977103.937977 0.056211791932582855 -0.011627580970525742 0.17171692848205566 -0.01378141064196825 0.1859465390443802 0.2466752827167511 0.9509917497634888
1541977103.968639 0.07556239515542984 -0.0051275696605443954 0.17618101835250854 -0.007153485435992479 0.18660759925842285 0.2494685798883438 0.9502062797546387
1541977103.999304 0.09695848822593689 0.00235077366232872 0.1807156503200531 -0.0004337794962339103 0.1851900815963745 0.2527831494808197 0.9496342539787292
1541977104.029945 0.12314266711473465 0.008884532377123833 0.18489457666873932 0.004313735291361809 0.18263386189937592 0.2531503438949585 0.9500216841697693
1541977104.060545 0.1504085808992386 0.01419576071202755 0.19061066210269928 0.013315467163920403 0.18013204634189606 0.2512982487678528 0.9509071707725525
1541977104.091104 0.17675617337226868 0.015755731612443924 0.19611141085624695 0.0202457457780838 0.1785743683576584 0.24713806807994843 0.9521681666374207
1541977104.121617 0.20214800536632538 0.018442386761307716 0.20610542595386505 0.02348935976624489 0.1738731563091278 0.24286137521266937 0.9540622234344482
1541977104.152071 0.22257673740386963 0.023565147072076797 0.21870599687099457 0.029125863686203957 0.16851317882537842 0.23920683562755585 0.9557902812957764
1541977104.182469 0.24813416600227356 0.024512605741620064 0.2282484471797943 0.03807457163929939 0.16495460271835327 0.2336457371711731 0.9574706554412842
1541977104.212857 0.27357247471809387 0.025257255882024765 0.2358354926109314 0.045763786882162094 0.1613190770149231 0.22249580919742584 0.9604048132896423
1541977104.243258 0.29727980494499207 0.024025337770581245 0.24126069247722626 0.049458011984825134 0.158037930727005 0.2098417431116104 0.9636101126670837
1541977104.273629 0.3198222815990448 0.02490989863872528 0.24592335522174835 0.05332528427243233 0.15442731976509094 0.19748996198177338 0.9665952920913696
1541977104.30394 0.33822447061538696 0.02431594207882881 0.2557637095451355 0.060363128781318665 0.15305384993553162 0.1878821700811386 0.9683135151863098
1541977104.334221 0.3581223785877228 0.025081075727939606 0.25984662771224976 0.06309505552053452 0.1496603637933731 0.18022781610488892 0.9701230525970459
1541977104.364477 0.36916863918304443 0.025152625516057014 0.265908420085907 0.06308905780315399 0.14249521493911743 0.17604169249534607 0.9719693064689636
1541977104.39471 0.38352125883102417 0.026940040290355682 0.27472081780433655 0.06314581632614136 0.1337614804506302 0.1704740971326828 0.9741966128349304
1541977104.424947 0.39555823802948 0.02728690207004547 0.2824373245239258 0.062407493591308594 0.12592120468616486 0.1621718555688858 0.9767033457756042
