# timestamp[secs] tx ty tz qx qy qz qw
1541976487.281394 -0.0 -0.0 -0.0 -0.0 -0.0 -0.0 1.0
1541976487.319053 -0.03947809338569641 -0.3065902292728424 0.013316653668880463 0.0005634497501887381 0.0037842257879674435 0.010577538050711155 0.9999367594718933
1541976487.357078 -0.048635199666023254 -0.3164267838001251 -0.017290227115154266 0.006552873179316521 0.006899318657815456 0.012401009909808636 0.9998778700828552
1541976487.395299 -0.07319092750549316 -0.35176822543144226 -0.02381535805761814 0.01063657645136118 0.01229589432477951 0.015394812449812889 0.9997493028640747
1541976487.433468 -0.07319092750549316 -0.35176822543144226 -0.02381535805761814 0.01063657645136118 0.01229589432477951 0.015394812449812889 0.9997493028640747
1541976487.471305 -0.12948258221149445 -0.41323569416999817 -0.06423956155776978 0.009599045850336552 0.02306513302028179 0.019666818901896477 0.9994944930076599
1541976487.508613 -0.1432216763496399 -0.4079117476940155 -0.08339697122573853 0.013537518680095673 0.0316542312502861 0.025209249928593636 0.999089241027832
1541976487.545374 -0.1432216763496399 -0.4079117476940155 -0.08339697122573853 0.013537518680095673 0.0316542312502861 0.025209249928593636 0.999089241027832
1541976487.581677 -0.22089163959026337 -0.4339854419231415 -0.09511180222034454 0.006253955420106649 0.05209420248866081 0.03220728412270546 0.998103141784668
1541976487.617607 -0.18203529715538025 -0.41935238242149353 -0.1252601444721222 -0.0020846312399953604 0.06485752761363983 0.028031576424837112 0.997498631477356
1541976487.653273 -0.2461470663547516 -0.4238390624523163 -0.1896127164363861 -0.002760235220193863 0.0745006799697876 0.04627614468336105 0.9961428642272949
1541976487.688864 -0.25623729825019836 -0.41619932651519775 -0.20442382991313934 -0.005535295233130455 0.08470458537340164 0.056665483862161636 0.9947781562805176
1541976487.724557 -0.2560969293117523 -0.41471895575523376 -0.20534925162792206 -0.011069383472204208 0.0961717888712883 0.06554438918828964 0.9931427240371704
1541976487.760434 -0.2506214380264282 -0.42055052518844604 -0.1953047811985016 -0.013213702477514744 0.1044202595949173 0.0795537531375885 0.9912583231925964
1541976487.796502 -0.2519860565662384 -0.42045319080352783 -0.19691221415996552 -0.014247391372919083 0.11466363817453384 0.08744806796312332 0.9894453883171082
1541976487.832734 -0.2571776211261749 -0.4183724820613861 -0.20351643860340118 -0.011391755193471909 0.12102219462394714 0.09295237064361572 0.9882225394248962
1541976487.869067 -0.2689938545227051 -0.41279393434524536 -0.22114206850528717 -0.007540267426520586 0.1219814270734787 0.09557657688856125 0.9878910779953003
1541976487.905376 -0.31206151843070984 -0.39808323979377747 -0.2854324281215668 8.520691153535154e-06 0.11886395514011383 0.10475447028875351 0.987369179725647
1541976487.9415 -0.3714599013328552 -0.38365936279296875 -0.3691137433052063 0.0032927419524639845 0.11817215383052826 0.104698546230793 0.9874526858329773
1541976487.977321 -0.40153634548187256 -0.2798214256763458 -0.5185518264770508 0.013570835813879967 0.10735321789979935 0.10728803277015686 0.9883220195770264
1541976488.012768 -0.4255787432193756 -0.27437320351600647 -0.5461862683296204 0.018796641379594803 0.10194815695285797 0.11093857884407043 0.9884057641029358
1541976488.047852 -0.44185322523117065 -0.27317842841148376 -0.5604550242424011 0.02420785278081894 0.09684740751981735 0.11309429258108139 0.9885566830635071
1541976488.082661 -0.4576639235019684 -0.2681654691696167 -0.5778324007987976 0.027902180328965187 0.09174227714538574 0.11274335533380508 0.9889863133430481
1541976488.117302 -0.4874434769153595 -0.2589261531829834 -0.6091954708099365 0.029221314936876297 0.08695930242538452 0.11201610416173935 0.9894628524780273
1541976488.151827 -0.5232369899749756 -0.23879408836364746 -0.6450193524360657 0.0318266898393631 0.08179052174091339 0.11513178795576096 0.9894655346870422
1541976488.186252 -0.5563066601753235 -0.23706521093845367 -0.6320957541465759 0.031046928837895393 0.08233685046434402 0.1186598464846611 0.9890280961990356
1541976488.22062 -0.8009791970252991 -0.17326422035694122 -0.7516464591026306 0.03384653851389885 0.08311522752046585 0.12420496344566345 0.9881899952888489
1541976488.255012 -0.8561462759971619 -0.20835427939891815 -0.7634801268577576 0.0321095772087574 0.08610808849334717 0.13270209729671478 0.9868863224983215
1541976488.289561 -0.9258778095245361 -0.2888569235801697 -0.7408872842788696 0.030857915058732033 0.09374506771564484 0.1468764990568161 0.9842190146446228
1541976488.324368 -1.0511621236801147 -0.40619897842407227 -0.7262630462646484 0.030220957472920418 0.10100096464157104 0.16381144523620605 0.9808421730995178
1541976488.359371 -0.9188159108161926 -0.17002306878566742 -0.9058810472488403 0.031489938497543335 0.10095299035310745 0.1710638403892517 0.979568362236023
1541976488.394403 -1.0164227485656738 -0.26823997497558594 -0.8937278389930725 0.03045322746038437 0.11340003460645676 0.1854814738035202 0.9756073951721191
1541976488.42932 -1.1068586111068726 -0.3798094093799591 -0.8512238264083862 0.0327652283012867 0.12716767191886902 0.20942889153957367 0.9689656496047974
1541976488.464017 -1.007541298866272 -0.21780946850776672 -1.1008388996124268 0.03532638028264046 0.1268356740474701 0.22904105484485626 0.9644713401794434
1541976488.498392 -1.080541729927063 -0.2889106273651123 -1.082707405090332 0.03928017616271973 0.13452987372875214 0.24362504482269287 0.9596903920173645
1541976488.53234 -1.104913592338562 -0.31981101632118225 -1.0689159631729126 0.040354277938604355 0.1416786015033722 0.2491924911737442 0.957184374332428
1541976488.565806 -1.1721314191818237 -0.39045441150665283 -1.0519520044326782 0.04081536829471588 0.14729781448841095 0.2564590871334076 0.9543931484222412
1541976488.5988 -1.280325174331665 -0.51686030626297 -0.9915183186531067 0.04188103228807449 0.1471301168203354 0.2636970579624176 0.9523983597755432
1541976488.631347 -1.3535609245300293 -0.5699095129966736 -0.9791383743286133 0.04226725175976753 0.143924281001091 0.2685762941837311 0.9515072703361511
1541976488.663508 -1.2027565240859985 -0.5854195952415466 -1.0957167148590088 0.03681646287441254 0.13738343119621277 0.2673929035663605 0.9530327916145325
1541976488.695378 -1.1986966133117676 -0.6264356970787048 -1.0436835289001465 0.040255818516016006 0.13687367737293243 0.2647186815738678 0.9537133574485779
1541976488.727067 -1.1739394664764404 -0.6589553952217102 -0.9912489056587219 0.042194001376628876 0.13499316573143005 0.25829681754112244 0.9556565284729004
1541976488.758647 -1.1475143432617188 -0.6922976970672607 -0.9461561441421509 0.040293484926223755 0.13481180369853973 0.24998390674591064 0.95797199010849
1541976488.790108 -1.0907968282699585 -0.7301602959632874 -0.8798203468322754 0.03839538246393204 0.1370205134153366 0.24614812433719635 0.9587295651435852
1541976488.821388 -1.0535191297531128 -0.7421258091926575 -0.8463436365127563 0.03734061121940613 0.13993997871875763 0.24656787514686584 0.9582415223121643
1541976488.852453 -1.0224202871322632 -0.7686048746109009 -0.8358441591262817 0.03874463587999344 0.1432897448539734 0.25102195143699646 0.9565327763557434
1541976488.883306 -0.7528223991394043 -1.0762147903442383 -0.6119292974472046 0.034830495715141296 0.14832602441310883 0.2521822452545166 0.9556099772453308
1541976488.913956 -0.6935653686523438 -1.1094269752502441 -0.5682829022407532 0.032743602991104126 0.15332330763339996 0.2509367763996124 0.9552228450775146
1541976488.944391 -0.5993726849555969 -1.163901448249817 -0.530645489692688 0.027594899758696556 0.15608267486095428 0.2508409321308136 0.9549636840820312
1541976488.974585 -0.48264557123184204 -1.2118403911590576 -0.44510361552238464 0.02389955148100853 0.16046828031539917 0.25131234526634216 0.9542121887207031
1541976489.004494 -0.3332263231277466 -1.2492570877075195 -0.3179324269294739 0.020432408899068832 0.16452260315418243 0.2536695599555969 0.9529777765274048
1541976489.034117 -0.23083733022212982 -1.2848937511444092 -0.23166468739509583 0.011504444293677807 0.16853907704353333 0.2587053179740906 0.9510698318481445
1541976489.063483 -0.14978110790252686 -1.2916007041931152 -0.1420896351337433 0.0017388244159519672 0.17218419909477234 0.2637816369533539 0.949088454246521
1541976489.09263 -0.08083517849445343 -1.2987325191497803 -0.08905287832021713 -0.004748733714222908 0.1755860596895218 0.2707975506782532 0.9464753866195679
1541976489.121623 -0.007391571998596191 -1.294032096862793 -0.013052374124526978 -0.007217552047222853 0.17916655540466309 0.27859389781951904 0.9435214996337891
1541976489.150557 0.08109281957149506 -1.2986172437667847 0.04872237890958786 -0.00977618619799614 0.1825598180294037 0.28388679027557373 0.9412675499916077
1541976489.179511 0.14695625007152557 -1.30587637424469 0.1138739287853241 -0.01286679320037365 0.18489877879619598 0.2872748076915741 0.939744770526886
1541976489.208519 0.22036036849021912 -1.3152449131011963 0.19025439023971558 -0.016789386048913002 0.18499630689620972 0.29072943329811096 0.938600480556488
1541976489.237567 0.2961060106754303 -1.2997181415557861 0.2563116252422333 -0.019968384876847267 0.18504951894283295 0.2940452992916107 0.9374942183494568
1541976489.266606 0.3764852285385132 -1.3054018020629883 0.34158822894096375 -0.02258957177400589 0.1862068623304367 0.2969127595424652 0.9363009929656982
1541976489.295598 0.479537695646286 -1.317840814590454 0.44582974910736084 -0.025743205100297928 0.18791091442108154 0.2988710105419159 0.9352555274963379
1541976489.324536 0.5660340785980225 -1.320921540260315 0.5310741662979126 -0.02870928682386875 0.18902656435966492 0.3004024624824524 0.9344534277915955
1541976489.35342 0.6622815132141113 -1.2870162725448608 0.6117398142814636 -0.029539331793785095 0.18978473544120789 0.3020194470882416 0.9337523579597473
1541976489.382254 0.775286853313446 -1.2720378637313843 0.6868029236793518 -0.030232712626457214 0.1929604411125183 0.3030968904495239 0.9327296614646912
1541976489.411041 0.8823288679122925 -1.2557871341705322 0.7527344822883606 -0.03194979578256607 0.19497475028038025 0.3029346466064453 0.932306170463562
1541976489.439776 1.0009615421295166 -1.2293717861175537 0.8375684022903442 -0.034990664571523666 0.19663715362548828 0.30184054374694824 0.9322026968002319
1541976489.468451 1.1188355684280396 -1.1956478357315063 0.9161902666091919 -0.03845857083797455 0.19785447418689728 0.3006938099861145 0.9321790933609009
1541976489.497079 1.2367949485778809 -1.156967282295227 0.997536838054657 -0.039829663932323456 0.1997022181749344 0.3023838400840759 0.9311802387237549
1541976489.525679 1.3594133853912354 -1.1115531921386719 1.058724045753479 -0.041176699101924896 0.20110663771629333 0.304533988237381 0.9301181435585022
1541976489.554256 1.4794455766677856 -1.070299506187439 1.110061764717102 -0.04368419945240021 0.20244424045085907 0.30720287561416626 0.9288349747657776
1541976489.582802 1.5928140878677368 -1.028169870376587 1.1544110774993896 -0.04606355354189873 0.20426224172115326 0.31095045804977417 0.9270732998847961
1541976489.611344 1.7500524520874023 -0.9663352370262146 1.2001373767852783 -0.04936655983328819 0.20626261830329895 0.3116922676563263 0.9262109398841858
1541976489.639952 1.8755322694778442 -0.9217659831047058 1.2337217330932617 -0.0502588227391243 0.20779061317443848 0.3135151267051697 0.925205647945404
1541976489.668701 2.004141330718994 -0.8807047605514526 1.2492378950119019 -0.049938589334487915 0.20794953405857086 0.3177868723869324 0.9237287044525146
1541976489.697617 2.120013952255249 -0.836442232131958 1.2813910245895386 -0.04997125267982483 0.2082492858171463 0.3215051293373108 0.9223717451095581
1541976489.72666 2.2378599643707275 -0.8010928630828857 1.3259929418563843 -0.047744639217853546 0.20759238302707672 0.3244965076446533 0.9215899109840393
1541976489.755778 2.3487014770507812 -0.7782625555992126 1.3188036680221558 -0.04694622382521629 0.2069881558418274 0.32341793179512024 0.9221457242965698
1541976489.784952 2.4683685302734375 -0.7701436281204224 1.354610562324524 -0.044567741453647614 0.2057722508907318 0.3219090700149536 0.9230633974075317
1541976489.814193 2.5612716674804688 -0.7786080241203308 1.3859368562698364 -0.04414273053407669 0.20490539073944092 0.3181045949459076 0.9245943427085876
1541976489.843509 2.665645122528076 -0.7937572598457336 1.4105572700500488 -0.04275820031762123 0.20310240983963013 0.3130894899368286 0.9267665147781372
1541976489.872892 2.769012928009033 -0.8162023425102234 1.435685157775879 -0.040008869022130966 0.20211143791675568 0.3080574870109558 0.9287899732589722
1541976489.902328 2.866908550262451 -0.8433526158332825 1.4700300693511963 -0.03735002130270004 0.20030540227890015 0.30455368757247925 0.9304460287094116
1541976489.931785 2.939033269882202 -0.8586527705192566 1.492477536201477 -0.037041641771793365 0.19928276538848877 0.30039656162261963 0.9320279955863953
1541976489.961235 3.011223316192627 -0.8719509840011597 1.498589277267456 -0.037128034979104996 0.19854460656642914 0.29719850420951843 0.9332066774368286
1541976489.990664 3.083195924758911 -0.8900916576385498 1.5136345624923706 -0.03628138080239296 0.19862911105155945 0.2947741746902466 0.9339905381202698
1541976490.020058 3.138895273208618 -0.9081374406814575 1.5195538997650146 -0.03497110307216644 0.1979675143957138 0.29325875639915466 0.934657871723175
1541976490.049421 3.1878318786621094 -0.921918511390686 1.533257246017456 -0.03431664779782295 0.1974831074476242 0.2919067442417145 0.9352076649665833
1541976490.078748 3.2187349796295166 -0.9411683082580566 1.5484552383422852 -0.03457106277346611 0.1981988251209259 0.2913140058517456 0.9352316856384277
1541976490.108038 3.256667375564575 -0.9450138807296753 1.5513778924942017 -0.033177316188812256 0.19738148152828217 0.2909606397151947 0.9355649352073669
1541976490.137299 3.285327434539795 -0.9579448699951172 1.5410383939743042 -0.03181140869855881 0.19646421074867249 0.29181602597236633 0.9355390071868896
1541976490.166534 3.301448345184326 -0.9686538577079773 1.531951665878296 -0.030643628910183907 0.19589835405349731 0.29200154542922974 0.9356388449668884
1541976490.195749 3.305053234100342 -0.9796192646026611 1.5154445171356201 -0.029842792078852654 0.19529293477535248 0.29139938950538635 0.9359789490699768
1541976490.22495 3.2939751148223877 -0.9985955953598022 1.477271556854248 -0.029606744647026062 0.19399558007717133 0.29026615619659424 0.9366081357002258
1541976490.254138 3.2691240310668945 -1.018188714981079 1.436420202255249 -0.029790684580802917 0.19211263954639435 0.28934144973754883 0.9372762441635132
1541976490.283317 3.229048728942871 -1.0527691841125488 1.426042079925537 -0.033641234040260315 0.19367370009422302 0.2864474654197693 0.9377135634422302
1541976490.312478 3.17564058303833 -1.0652819871902466 1.411710262298584 -0.03467511013150215 0.1923401951789856 0.2867521345615387 0.9378572106361389
1541976490.341608 3.1154980659484863 -1.077795147895813 1.3958353996276855 -0.035048216581344604 0.19025567173957825 0.2875721752643585 0.9380174279212952
1541976490.370703 3.049440383911133 -1.082249641418457 1.3749624490737915 -0.03475375846028328 0.187312051653862 0.2873799204826355 0.9386795163154602
1541976490.399781 2.9906630516052246 -1.0971933603286743 1.318023681640625 -0.03903113678097725 0.18556438386440277 0.28546401858329773 0.9394428133964539
1541976490.428859 2.930662155151367 -1.111459493637085 1.3063702583312988 -0.041093338280916214 0.18475577235221863 0.28483086824417114 0.9397063851356506
1541976490.457952 2.8653008937835693 -1.1342066526412964 1.2919182777404785 -0.041745398193597794 0.18403464555740356 0.2858600914478302 0.9395066499710083
1541976490.487068 2.80613374710083 -1.1293962001800537 1.2727346420288086 -0.04138258844614029 0.18249167501926422 0.28632837533950806 0.9396810531616211
1541976490.516202 2.7384636402130127 -1.1324294805526733 1.2695449590682983 -0.04109388589859009 0.18151412904262543 0.285539448261261 0.9401229619979858
1541976490.545352 2.6792855262756348 -1.1517267227172852 1.2660709619522095 -0.04329066351056099 0.18135572969913483 0.28387075662612915 0.9405602216720581
1541976490.574515 2.626443386077881 -1.1633219718933105 1.2559770345687866 -0.04421547055244446 0.18052580952644348 0.28351283073425293 0.940784752368927
1541976490.603686 2.567553758621216 -1.1688511371612549 1.2435102462768555 -0.04491471126675606 0.179988294839859 0.28266090154647827 0.9411109089851379
1541976490.63286 2.518892288208008 -1.1628460884094238 1.217400312423706 -0.046041592955589294 0.1783658266067505 0.28022804856300354 0.9420924186706543
1541976490.662047 2.4812846183776855 -1.1622589826583862 1.2006171941757202 -0.0480034276843071 0.1780269593000412 0.2773060202598572 0.942922830581665
1541976490.691263 2.451965093612671 -1.1647851467132568 1.1914794445037842 -0.048895228654146194 0.17836742103099823 0.27509719133377075 0.9434595704078674
1541976490.720511 2.4334161281585693 -1.1770961284637451 1.1726603507995605 -0.050383634865283966 0.17867295444011688 0.27460241317749023 0.9434675574302673
1541976490.74978 2.415637493133545 -1.1686434745788574 1.1527823209762573 -0.05004671588540077 0.17831286787986755 0.27342209219932556 0.9438962936401367
1541976490.779062 2.3922667503356934 -1.173362374305725 1.1256169080734253 -0.05177658423781395 0.17875510454177856 0.27059948444366455 0.944532573223114
1541976490.808356 2.376910448074341 -1.178169846534729 1.1072527170181274 -0.051504869014024734 0.17944186925888062 0.2702723443508148 0.944510817527771
1541976490.837662 2.401154041290283 -1.1723294258117676 1.079382061958313 -0.050947513431310654 0.1788019984960556 0.26925674080848694 0.9449524283409119
1541976490.866977 2.3931524753570557 -1.1835540533065796 1.047072172164917 -0.05237291380763054 0.1790865808725357 0.26837220788002014 0.9450721740722656
1541976490.896295 2.398003578186035 -1.189489722251892 1.0331707000732422 -0.05214262008666992 0.18011946976184845 0.26736414432525635 0.9451743960380554
1541976490.925614 2.424795150756836 -1.196573257446289 1.0044044256210327 -0.05236861854791641 0.18015393614768982 0.26577484607696533 0.9456034302711487
1541976490.954927 2.44071626663208 -1.2034640312194824 0.9749652147293091 -0.0513853058218956 0.1801232248544693 0.2650975286960602 0.9458533525466919
1541976490.984232 2.4829320907592773 -1.1940808296203613 0.9513726234436035 -0.05042961612343788 0.18011581897735596 0.2637408375740051 0.9462853670120239
1541976491.013521 2.513122797012329 -1.2096657752990723 0.9237675070762634 -0.05052705854177475 0.18114729225635529 0.2627370059490204 0.9463624954223633
1541976491.042792 2.541518449783325 -1.2273999452590942 0.9073572754859924 -0.04916995018720627 0.1815444529056549 0.2627381980419159 0.9463575482368469
1541976491.072049 2.549126625061035 -1.2288806438446045 0.8690317869186401 -0.04752778261899948 0.18255729973316193 0.26252681016921997 0.9463052749633789
1541976491.101295 2.5600357055664062 -1.227898359298706 0.8466030359268188 -0.046630822122097015 0.18308129906654358 0.2621019184589386 0.9463664293289185
1541976491.13052 2.584982395172119 -1.22391676902771 0.8374354243278503 -0.045990340411663055 0.18341673910617828 0.26193004846572876 0.9463803768157959
1541976491.159718 2.5966596603393555 -1.239804744720459 0.8187028169631958 -0.04589071869850159 0.18410730361938477 0.2620547115802765 0.9462167024612427
1541976491.188884 2.6059679985046387 -1.2492761611938477 0.7854323387145996 -0.04452890902757645 0.18389259278774261 0.2621237337589264 0.9463043212890625
1541976491.218022 2.612470865249634 -1.2553749084472656 0.7499146461486816 -0.044653721153736115 0.18409332633018494 0.26211678981781006 0.9462613463401794
