1541976487281394.0 -0.0 -0.0 -0.0 -0.0 -0.0 1.0 -0.0
1541976487319053.0 -0.039478093 -0.30659023 0.013316654 0.0037842258 0.010577538 0.99993676 0.00056344975
1541976487357078.0 -0.0486352 -0.31642678 -0.017290227 0.0068993187 0.01240101 0.99987787 0.006552873
1541976487395299.0 -0.07319093 -0.35176823 -0.023815358 0.012295894 0.015394812 0.9997493 0.010636576
1541976487433468.0 -0.07319093 -0.35176823 -0.023815358 0.012295894 0.015394812 0.9997493 0.010636576
1541976487471305.0 -0.12948258 -0.4132357 -0.06423956 0.023065133 0.019666819 0.9994945 0.009599046
1541976487508613.0 -0.14322168 -0.40791175 -0.08339697 0.03165423 0.02520925 0.99908924 0.013537519
1541976487545374.0 -0.14322168 -0.40791175 -0.08339697 0.03165423 0.02520925 0.99908924 0.013537519
1541976487581677.0 -0.22089164 -0.43398544 -0.0951118 0.052094202 0.032207284 0.99810314 0.0062539554
1541976487617607.0 -0.1820353 -0.41935238 -0.12526014 0.06485753 0.028031576 0.99749863 -0.0020846312
1541976487653273.0 -0.24614707 -0.42383906 -0.18961272 0.07450068 0.046276145 0.99614286 -0.0027602352
1541976487688864.0 -0.2562373 -0.41619933 -0.20442383 0.084704585 0.056665484 0.99477816 -0.0055352952
1541976487724557.0 -0.25609693 -0.41471896 -0.20534925 0.09617179 0.06554439 0.9931427 -0.0110693835
1541976487760434.0 -0.25062144 -0.42055053 -0.19530478 0.10442026 0.07955375 0.9912583 -0.0132137025
1541976487796502.0 -0.25198606 -0.4204532 -0.19691221 0.11466364 0.08744807 0.9894454 -0.014247391
1541976487832734.0 -0.25717762 -0.41837248 -0.20351644 0.121022195 0.09295237 0.98822254 -0.011391755
1541976487869067.0 -0.26899385 -0.41279393 -0.22114207 0.12198143 0.09557658 0.9878911 -0.0075402674
1541976487905376.0 -0.31206152 -0.39808324 -0.28543243 0.118863955 0.10475447 0.9873692 8.520691e-06
1541976487941500.0 -0.3714599 -0.38365936 -0.36911374 0.118172154 0.104698546 0.9874527 0.003292742
1541976487977321.0 -0.40153635 -0.27982143 -0.5185518 0.10735322 0.10728803 0.988322 0.013570836
1541976488012768.0 -0.42557874 -0.2743732 -0.54618627 0.10194816 0.11093858 0.98840576 0.018796641
1541976488047852.0 -0.44185323 -0.27317843 -0.560455 0.09684741 0.11309429 0.9885567 0.024207853
1541976488082661.0 -0.45766392 -0.26816547 -0.5778324 0.09174228 0.112743355 0.9889863 0.02790218
1541976488117302.0 -0.48744348 -0.25892615 -0.6091955 0.0869593 0.112016104 0.98946285 0.029221315
1541976488151827.0 -0.523237 -0.23879409 -0.64501935 0.08179052 0.11513179 0.98946553 0.03182669
1541976488186252.0 -0.55630666 -0.23706521 -0.63209575 0.08233685 0.11865985 0.9890281 0.031046929
1541976488220620.0 -0.8009792 -0.17326422 -0.75164646 0.08311523 0.12420496 0.98819 0.03384654
1541976488255012.0 -0.8561463 -0.20835428 -0.7634801 0.08610809 0.1327021 0.9868863 0.032109577
1541976488289561.0 -0.9258778 -0.28885692 -0.7408873 0.09374507 0.1468765 0.984219 0.030857915
1541976488324368.0 -1.0511621 -0.40619898 -0.72626305 0.101000965 0.16381145 0.9808422 0.030220957
1541976488359371.0 -0.9188159 -0.17002307 -0.90588105 0.10095299 0.17106384 0.97956836 0.03148994
1541976488394403.0 -1.0164227 -0.26823997 -0.89372784 0.113400035 0.18548147 0.9756074 0.030453227
1541976488429320.0 -1.1068586 -0.3798094 -0.8512238 0.12716767 0.20942889 0.96896565 0.03276523
1541976488464017.0 -1.0075413 -0.21780947 -1.1008389 0.12683567 0.22904105 0.96447134 0.03532638
1541976488498392.0 -1.0805417 -0.28891063 -1.0827074 0.13452987 0.24362504 0.9596904 0.039280176
1541976488532340.0 -1.1049136 -0.31981102 -1.068916 0.1416786 0.24919249 0.9571844 0.040354278
1541976488565806.0 -1.1721314 -0.3904544 -1.051952 0.14729781 0.2564591 0.95439315 0.04081537
1541976488598800.0 -1.2803252 -0.5168603 -0.9915183 0.14713012 0.26369706 0.95239836 0.041881032
1541976488631347.0 -1.3535609 -0.5699095 -0.9791384 0.14392428 0.2685763 0.9515073 0.04226725
1541976488663508.0 -1.2027565 -0.5854196 -1.0957167 0.13738343 0.2673929 0.9530328 0.036816463
1541976488695378.0 -1.1986966 -0.6264357 -1.0436835 0.13687368 0.26471868 0.95371336 0.04025582
1541976488727067.0 -1.1739395 -0.6589554 -0.9912489 0.13499317 0.25829682 0.9556565 0.042194
1541976488758647.0 -1.1475143 -0.6922977 -0.94615614 0.1348118 0.2499839 0.957972 0.040293485
1541976488790108.0 -1.0907968 -0.7301603 -0.87982035 0.13702051 0.24614812 0.95872957 0.038395382
1541976488821388.0 -1.0535191 -0.7421258 -0.84634364 0.13993998 0.24656788 0.9582415 0.03734061
1541976488852453.0 -1.0224203 -0.7686049 -0.83584416 0.14328974 0.25102195 0.9565328 0.038744636
1541976488883306.0 -0.7528224 -1.0762148 -0.6119293 0.14832602 0.25218225 0.95561 0.034830496
1541976488913956.0 -0.69356537 -1.109427 -0.5682829 0.15332331 0.25093678 0.95522285 0.032743603
1541976488944391.0 -0.5993727 -1.1639014 -0.5306455 0.15608267 0.25084093 0.9549637 0.0275949
1541976488974585.0 -0.48264557 -1.2118404 -0.44510362 0.16046828 0.25131235 0.9542122 0.023899551
1541976489004494.0 -0.33322632 -1.2492571 -0.31793243 0.1645226 0.25366956 0.9529778 0.020432409
1541976489034117.0 -0.23083733 -1.2848938 -0.23166469 0.16853908 0.25870532 0.95106983 0.011504444
1541976489063483.0 -0.14978111 -1.2916007 -0.14208964 0.1721842 0.26378164 0.94908845 0.0017388244
1541976489092630.0 -0.08083518 -1.2987325 -0.08905288 0.17558606 0.27079755 0.9464754 -0.0047487337
1541976489121623.0 -0.007391572 -1.2940321 -0.013052374 0.17916656 0.2785939 0.9435215 -0.007217552
1541976489150557.0 0.08109282 -1.2986172 0.04872238 0.18255982 0.2838868 0.94126755 -0.009776186
1541976489179511.0 0.14695625 -1.3058764 0.11387393 0.18489878 0.2872748 0.9397448 -0.012866793
1541976489208519.0 0.22036037 -1.3152449 0.19025439 0.1849963 0.29072943 0.9386005 -0.016789386
1541976489237567.0 0.296106 -1.2997181 0.25631163 0.18504952 0.2940453 0.9374942 -0.019968385
1541976489266606.0 0.37648523 -1.3054018 0.34158823 0.18620686 0.29691276 0.936301 -0.022589572
1541976489295598.0 0.4795377 -1.3178408 0.44582975 0.18791091 0.298871 0.9352555 -0.025743205
1541976489324536.0 0.5660341 -1.3209215 0.53107417 0.18902656 0.30040246 0.9344534 -0.028709287
1541976489353420.0 0.6622815 -1.2870163 0.6117398 0.18978474 0.30201945 0.93375236 -0.029539332
1541976489382254.0 0.77528685 -1.2720379 0.6868029 0.19296044 0.3030969 0.93272966 -0.030232713
1541976489411041.0 0.88232887 -1.2557871 0.7527345 0.19497475 0.30293465 0.9323062 -0.031949796
1541976489439776.0 1.0009615 -1.2293718 0.8375684 0.19663715 0.30184054 0.9322027 -0.034990665
1541976489468451.0 1.1188356 -1.1956478 0.91619027 0.19785447 0.3006938 0.9321791 -0.03845857
1541976489497079.0 1.236795 -1.1569673 0.99753684 0.19970222 0.30238384 0.93118024 -0.039829664
1541976489525679.0 1.3594134 -1.1115532 1.058724 0.20110664 0.304534 0.93011814 -0.0411767
1541976489554256.0 1.4794456 -1.0702995 1.1100618 0.20244424 0.30720288 0.928835 -0.0436842
1541976489582802.0 1.5928141 -1.0281699 1.1544111 0.20426224 0.31095046 0.9270733 -0.046063554
1541976489611344.0 1.7500525 -0.96633524 1.2001374 0.20626262 0.31169227 0.92621094 -0.04936656
1541976489639952.0 1.8755323 -0.921766 1.2337217 0.20779061 0.31351513 0.92520565 -0.050258823
1541976489668701.0 2.0041413 -0.88070476 1.2492379 0.20794953 0.31778687 0.9237287 -0.04993859
1541976489697617.0 2.120014 -0.83644223 1.281391 0.20824929 0.32150513 0.92237175 -0.049971253
1541976489726660.0 2.23786 -0.80109286 1.325993 0.20759238 0.3244965 0.9215899 -0.04774464
1541976489755778.0 2.3487015 -0.77826256 1.3188037 0.20698816 0.32341793 0.9221457 -0.046946224
1541976489784952.0 2.4683685 -0.7701436 1.3546106 0.20577225 0.32190907 0.9230634 -0.04456774
1541976489814193.0 2.5612717 -0.778608 1.3859369 0.20490539 0.3181046 0.92459434 -0.04414273
1541976489843509.0 2.6656451 -0.79375726 1.4105573 0.20310241 0.3130895 0.9267665 -0.0427582
1541976489872892.0 2.769013 -0.81620234 1.4356852 0.20211144 0.3080575 0.92879 -0.04000887
1541976489902328.0 2.8669086 -0.8433526 1.4700301 0.2003054 0.3045537 0.930446 -0.03735002
1541976489931785.0 2.9390333 -0.8586528 1.4924775 0.19928277 0.30039656 0.932028 -0.03704164
1541976489961235.0 3.0112233 -0.871951 1.4985893 0.1985446 0.2971985 0.9332067 -0.037128035
1541976489990664.0 3.083196 -0.89009166 1.5136346 0.19862911 0.29477417 0.93399054 -0.03628138
1541976490020058.0 3.1388953 -0.90813744 1.5195539 0.19796751 0.29325876 0.9346579 -0.034971103
1541976490049421.0 3.1878319 -0.9219185 1.5332572 0.1974831 0.29190674 0.93520766 -0.034316648
1541976490078748.0 3.218735 -0.9411683 1.5484552 0.19819883 0.291314 0.9352317 -0.034571063
1541976490108038.0 3.2566674 -0.9450139 1.5513779 0.19738148 0.29096064 0.93556494 -0.033177316
1541976490137299.0 3.2853274 -0.95794487 1.5410384 0.19646421 0.29181603 0.935539 -0.03181141
1541976490166534.0 3.3014483 -0.96865386 1.5319517 0.19589835 0.29200155 0.93563884 -0.030643629
1541976490195749.0 3.3050532 -0.97961926 1.5154445 0.19529293 0.2913994 0.93597895 -0.029842792
1541976490224950.0 3.293975 -0.9985956 1.4772716 0.19399558 0.29026616 0.93660814 -0.029606745
1541976490254138.0 3.269124 -1.0181887 1.4364202 0.19211264 0.28934145 0.93727624 -0.029790685
1541976490283317.0 3.2290487 -1.0527692 1.4260421 0.1936737 0.28644747 0.93771356 -0.033641234
1541976490312478.0 3.1756406 -1.065282 1.4117103 0.1923402 0.28675213 0.9378572 -0.03467511
1541976490341608.0 3.115498 -1.0777951 1.3958354 0.19025567 0.28757218 0.9380174 -0.035048217
1541976490370703.0 3.0494404 -1.0822496 1.3749624 0.18731205 0.28737992 0.9386795 -0.03475376
1541976490399781.0 2.990663 -1.0971934 1.3180237 0.18556438 0.28546402 0.9394428 -0.039031137
1541976490428859.0 2.9306622 -1.1114595 1.3063703 0.18475577 0.28483087 0.9397064 -0.04109334
1541976490457952.0 2.865301 -1.1342067 1.2919183 0.18403465 0.2858601 0.93950665 -0.0417454
1541976490487068.0 2.8061337 -1.1293962 1.2727346 0.18249168 0.28632838 0.93968105 -0.04138259
1541976490516202.0 2.7384636 -1.1324295 1.269545 0.18151413 0.28553945 0.94012296 -0.041093886
1541976490545352.0 2.6792855 -1.1517267 1.266071 0.18135573 0.28387076 0.9405602 -0.043290664
1541976490574515.0 2.6264434 -1.163322 1.255977 0.18052581 0.28351283 0.94078475 -0.04421547
1541976490603686.0 2.5675538 -1.1688511 1.2435102 0.1799883 0.2826609 0.9411109 -0.04491471
1541976490632860.0 2.5188923 -1.1628461 1.2174003 0.17836583 0.28022805 0.9420924 -0.046041593
1541976490662047.0 2.4812846 -1.162259 1.2006172 0.17802696 0.27730602 0.94292283 -0.048003428
1541976490691263.0 2.451965 -1.1647851 1.1914794 0.17836742 0.2750972 0.9434596 -0.04889523
1541976490720511.0 2.4334161 -1.1770961 1.1726604 0.17867295 0.2746024 0.94346756 -0.050383635
1541976490749780.0 2.4156375 -1.1686435 1.1527823 0.17831287 0.2734221 0.9438963 -0.050046716
1541976490779062.0 2.3922668 -1.1733624 1.1256169 0.1787551 0.27059948 0.9445326 -0.051776584
1541976490808356.0 2.3769104 -1.1781698 1.1072527 0.17944187 0.27027234 0.9445108 -0.05150487
1541976490837662.0 2.401154 -1.1723294 1.0793821 0.178802 0.26925674 0.9449524 -0.050947513
1541976490866977.0 2.3931525 -1.183554 1.0470722 0.17908658 0.2683722 0.9450722 -0.052372914
1541976490896295.0 2.3980036 -1.1894897 1.0331707 0.18011947 0.26736414 0.9451744 -0.05214262
1541976490925614.0 2.4247952 -1.1965733 1.0044044 0.18015394 0.26577485 0.94560343 -0.05236862
1541976490954927.0 2.4407163 -1.203464 0.9749652 0.18012322 0.26509753 0.94585335 -0.051385306
1541976490984232.0 2.482932 -1.1940808 0.9513726 0.18011582 0.26374084 0.94628537 -0.050429616
1541976491013521.0 2.5131228 -1.2096658 0.9237675 0.18114729 0.262737 0.9463625 -0.05052706
1541976491042792.0 2.5415184 -1.2274 0.9073573 0.18154445 0.2627382 0.94635755 -0.04916995
1541976491072049.0 2.5491266 -1.2288806 0.8690318 0.1825573 0.2625268 0.9463053 -0.047527783
1541976491101295.0 2.5600357 -1.2278984 0.84660304 0.1830813 0.26210192 0.9463664 -0.046630822
1541976491130520.0 2.5849824 -1.2239168 0.8374354 0.18341674 0.26193005 0.9463804 -0.04599034
1541976491159718.0 2.5966597 -1.2398047 0.8187028 0.1841073 0.2620547 0.9462167 -0.04589072
1541976491188884.0 2.605968 -1.2492762 0.78543234 0.1838926 0.26212373 0.9463043 -0.04452891
1541976491218022.0 2.6124709 -1.2553749 0.74991465 0.18409333 0.2621168 0.94626135 -0.04465372
