# timestamp[secs] tx ty tz qx qy qz qw
1541976466.263336 -0.0 -0.0 -0.0 -0.0 -0.0 -0.0 1.0
1541976466.289024 -0.011287170462310314 0.005357874557375908 -0.04380543529987335 0.011753786355257034 -0.005149163771420717 0.0053050946444272995 0.999903678894043
1541976466.314657 -0.025148173794150352 0.011096403002738953 -0.09129057079553604 0.019927959889173508 -0.007110058329999447 0.003920747898519039 0.9997684955596924
1541976466.3402 -0.025148173794150352 0.011096403002738953 -0.09129057079553604 0.019927959889173508 -0.007110058329999447 0.003920747898519039 0.9997684955596924
1541976466.365628 -0.06707760691642761 0.029869822785258293 -0.18644313514232635 0.020555363968014717 -0.006407611072063446 -0.01588032953441143 0.9996420741081238
1541976466.390925 -0.06707760691642761 0.029869822785258293 -0.18644313514232635 0.020555363968014717 -0.006407611072063446 -0.01588032953441143 0.9996420741081238
1541976466.416104 -0.11254207044839859 0.06471917778253555 -0.27230745553970337 0.026737721636891365 -0.00812201201915741 -0.022909585386514664 0.9993469715118408
1541976466.441201 -0.1391003131866455 0.09174829721450806 -0.3081202208995819 0.020791901275515556 -0.00966868456453085 -0.025884555652737617 0.9994019865989685
1541976466.466246 -0.16962194442749023 0.11926143616437912 -0.3353143036365509 0.013616645708680153 -0.015203189104795456 -0.02968873269855976 0.9993507862091064
1541976466.491259 -0.20351743698120117 0.14644992351531982 -0.362070769071579 0.0076169827952980995 -0.02002081461250782 -0.03762129694223404 0.9990624785423279
1541976466.516265 -0.2340053915977478 0.1734571009874344 -0.3869873881340027 0.004046205431222916 -0.02365764230489731 -0.044257424771785736 0.9987318515777588
1541976466.541295 -0.26408976316452026 0.20268763601779938 -0.41087430715560913 0.0020838561467826366 -0.02563404105603695 -0.04581057280302048 0.998619019985199
1541976466.566363 -0.28538793325424194 0.23492437601089478 -0.43961089849472046 -0.0008567653130739927 -0.026719605550169945 -0.043028928339481354 0.9987161159515381
1541976466.591435 -0.30675390362739563 0.27191242575645447 -0.4659017324447632 -0.004447526298463345 -0.026418793946504593 -0.04223373532295227 0.9987485408782959
1541976466.616426 -0.3275951147079468 0.3095396161079407 -0.4942958950996399 -0.008509358391165733 -0.02650006115436554 -0.040134575217962265 0.9988065958023071
1541976466.641258 -0.34547320008277893 0.3465704023838043 -0.5202870965003967 -0.011135200969874859 -0.02631090208888054 -0.037558067589998245 0.998885989189148
1541976466.665897 -0.36014699935913086 0.38287243247032166 -0.5510530471801758 -0.012150137685239315 -0.025642046704888344 -0.03395305573940277 0.9990205764770508
1541976466.690378 -0.3757438659667969 0.4174440801143646 -0.5806514620780945 -0.012571682222187519 -0.025196680799126625 -0.029650263488292694 0.9991636276245117
1541976466.714794 -0.3900992274284363 0.45367786288261414 -0.611085832118988 -0.014195882715284824 -0.02430160529911518 -0.02531740628182888 0.9992832541465759
1541976466.739212 -0.40771329402923584 0.4884647727012634 -0.6412616968154907 -0.015919767320156097 -0.02418408915400505 -0.02094111032783985 0.9993613958358765
1541976466.76367 -0.42751145362854004 0.519020676612854 -0.6750933527946472 -0.016234299167990685 -0.02355455420911312 -0.017965851351618767 0.9994293451309204
1541976466.788212 -0.4458325505256653 0.546231210231781 -0.7085695266723633 -0.015898296609520912 -0.022995823994278908 -0.014477988705039024 0.9995043277740479
1541976466.812906 -0.4668288230895996 0.5732628703117371 -0.7439464926719666 -0.015656596049666405 -0.022460540756583214 -0.01046343706548214 0.999570369720459
1541976466.837807 -0.48931044340133667 0.5963006615638733 -0.7784420251846313 -0.01574723608791828 -0.022567829117178917 -0.008765258826315403 0.9995828866958618
1541976466.862944 -0.510465145111084 0.615373432636261 -0.8168249726295471 -0.01505932305008173 -0.022116005420684814 -0.0074300761334598064 0.999614417552948
1541976466.888335 -0.5316316485404968 0.6332374811172485 -0.8577687740325928 -0.014269511215388775 -0.020048366859555244 -0.005418387241661549 0.9996824860572815
1541976466.914018 -0.5509545803070068 0.648444414138794 -0.8981190919876099 -0.013284343294799328 -0.017420925199985504 -0.003675200743600726 0.9997532367706299
1541976466.940043 -0.5695217847824097 0.6617609262466431 -0.94062340259552 -0.014515034854412079 -0.013404369354248047 -0.004116412252187729 0.9997963309288025
1541976466.966421 -0.5884573459625244 0.673707902431488 -0.9833328127861023 -0.014729756861925125 -0.01147732138633728 -0.002631233772262931 0.999822199344635
1541976466.993129 -0.6122256517410278 0.6805453896522522 -1.028076410293579 -0.013271987438201904 -0.009536665864288807 -0.0019372799433767796 0.9998646378517151
1541976467.020132 -0.6344902515411377 0.6808890700340271 -1.0738236904144287 -0.014220318756997585 -0.006673795636743307 -0.008639015257358551 0.9998393058776855
1541976467.047402 -0.6594247817993164 0.6819002032279968 -1.1202389001846313 -0.01678028143942356 -0.0025120319332927465 -0.016173815354704857 0.9997252225875854
1541976467.074898 -0.6865665316581726 0.682328999042511 -1.1580488681793213 -0.0172690749168396 -0.0022311564534902573 -0.020308252424001694 0.9996421337127686
1541976467.102555 -0.7071378827095032 0.6830728054046631 -1.1944823265075684 -0.01799940876662731 -0.004700751043856144 -0.02505365200340748 0.9995130300521851
1541976467.130319 -0.7318513989448547 0.684651255607605 -1.2403112649917603 -0.02147146686911583 -0.00242977193556726 -0.03275236114859581 0.999229907989502
1541976467.158163 -0.7562974691390991 0.6870400309562683 -1.2849138975143433 -0.022557901218533516 -0.0017762259813025594 -0.03409606218338013 0.9991623759269714
1541976467.186087 -0.7818900346755981 0.6889146566390991 -1.3286383152008057 -0.022767629474401474 -0.0019724213052541018 -0.0344415120780468 0.9991454482078552
1541976467.214091 -0.8031167387962341 0.6963900327682495 -1.374056339263916 -0.02295536734163761 -0.0025194904301315546 -0.037235818803310394 0.9990396499633789
1541976467.242175 -0.8317464590072632 0.7033897042274475 -1.4198285341262817 -0.023991679772734642 -0.001014133682474494 -0.040192924439907074 0.9989033937454224
1541976467.270328 -0.8622259497642517 0.7116023898124695 -1.4630295038223267 -0.023743558675050735 -0.0010381602915003896 -0.04115201532840729 0.9988702535629272
1541976467.298547 -0.9002035856246948 0.722626268863678 -1.5122166872024536 -0.02257312834262848 -0.0007087215781211853 -0.04069029912352562 0.9989165663719177
1541976467.32683 -0.9367696046829224 0.7339258193969727 -1.554785966873169 -0.022604888305068016 -0.0016299467533826828 -0.042633797973394394 0.9988337159156799
1541976467.355177 -0.9866061210632324 0.7498419284820557 -1.595336675643921 -0.024585789069533348 -0.0007636812515556812 -0.04858042299747467 0.9985164403915405
1541976467.383593 -1.0404397249221802 0.7628545165061951 -1.6337941884994507 -0.025700783357024193 -0.0011539127444848418 -0.05158160254359245 0.9983373880386353
1541976467.412095 -1.0958068370819092 0.7812920212745667 -1.6674635410308838 -0.026788635179400444 -0.0014972778735682368 -0.05505440756678581 0.9981228709220886
1541976467.440722 -1.1560876369476318 0.8007147908210754 -1.702046513557434 -0.02930270880460739 -0.0004903851659037173 -0.05843860283493996 0.9978607892990112
1541976467.469521 -1.213272213935852 0.8200801610946655 -1.7326228618621826 -0.030311107635498047 -0.00044847631943412125 -0.05863667279481888 0.9978190064430237
1541976467.498541 -1.286694884300232 0.8371840715408325 -1.766175627708435 -0.0311114601790905 -0.00017902594117913395 -0.056158535182476044 0.997937023639679
1541976467.527817 -1.3524035215377808 0.8546959757804871 -1.7996917963027954 -0.032008059322834015 -0.0016313620144501328 -0.057400066405534744 0.997836709022522
1541976467.557359 -1.442710041999817 0.8641206622123718 -1.8331677913665771 -0.035417843610048294 -0.0007014283328317106 -0.06049365922808647 0.9975398182868958
1541976467.587153 -1.5315017700195312 0.8698248267173767 -1.8557186126708984 -0.03602652624249458 -0.0021771539468318224 -0.06258118152618408 0.9973870515823364
1541976467.617184 -1.6143808364868164 0.8727436065673828 -1.8779841661453247 -0.035719770938158035 -0.003096673171967268 -0.06530372053384781 0.9972211122512817
1541976467.647432 -1.7000017166137695 0.8711457252502441 -1.9021118879318237 -0.03583981841802597 -0.003927155397832394 -0.06775117665529251 0.9970505833625793
1541976467.677879 -1.7811263799667358 0.8750603199005127 -1.9325703382492065 -0.0364280603826046 -0.004815152380615473 -0.0707767903804779 0.9968152046203613
1541976467.708515 -1.8456865549087524 0.8748381733894348 -1.9567878246307373 -0.036480095237493515 -0.0043244026601314545 -0.07081890851259232 0.9968125224113464
1541976467.739321 -1.9051196575164795 0.8715801239013672 -1.9766910076141357 -0.03806387260556221 -0.0019461587071418762 -0.068068727850914 0.9969524145126343
1541976467.770269 -1.9526281356811523 0.8795357346534729 -2.009202241897583 -0.04125460237264633 0.0011811241274699569 -0.0644991546869278 0.9970639944076538
1541976467.801332 -2.0004496574401855 0.8825002312660217 -2.030296802520752 -0.043543122708797455 0.003845818107947707 -0.06023121997714043 0.9972269535064697
1541976467.832481 -2.0310845375061035 0.8926978707313538 -2.0625 -0.04576639458537102 0.006324745714664459 -0.05856318026781082 0.9972140789031982
1541976467.863695 -2.0680713653564453 0.8900770545005798 -2.0885143280029297 -0.047609809786081314 0.009370061568915844 -0.054566044360399246 0.9973304867744446
1541976467.894965 -2.103379011154175 0.8882254362106323 -2.107724189758301 -0.04870927706360817 0.01118553802371025 -0.05101446062326431 0.9974466562271118
1541976467.926275 -2.139906883239746 0.894610583782196 -2.136573553085327 -0.05170545354485512 0.013134357519447803 -0.05176427960395813 0.9972334504127502
1541976467.957604 -2.172356367111206 0.8981801271438599 -2.163482904434204 -0.054319094866514206 0.01565350964665413 -0.05339481309056282 0.9969721436500549
1541976467.988942 -2.193960666656494 0.9049957990646362 -2.1973464488983154 -0.05520804598927498 0.01666843332350254 -0.05029759928584099 0.997067928314209
1541976468.020294 -2.2217371463775635 0.909858763217926 -2.225511312484741 -0.05774424225091934 0.01907406374812126 -0.04694574326276779 0.9970446228981018
1541976468.051663 -2.241267204284668 0.9217401742935181 -2.254997491836548 -0.05969054624438286 0.022501632571220398 -0.044977378100156784 0.9969492554664612
1541976468.083039 -2.257570505142212 0.9294676780700684 -2.29187273979187 -0.060978103429079056 0.025723088532686234 -0.03848062828183174 0.9970653653144836
1541976468.114415 -2.2797083854675293 0.9384074211120605 -2.328352451324463 -0.06236882135272026 0.028754299506545067 -0.030636237934231758 0.9971684217453003
1541976468.14578 -2.3004159927368164 0.9416970014572144 -2.3526809215545654 -0.06472482532262802 0.033122651278972626 -0.020810313522815704 0.9971361756324768
1541976468.177124 -2.3246867656707764 0.955169141292572 -2.3799216747283936 -0.06623373925685883 0.035574816167354584 -0.004628272727131844 0.9971590638160706
1541976468.208433 -2.342552423477173 0.9695749282836914 -2.402468681335449 -0.06850799918174744 0.03726537898182869 0.014029650948941708 0.996855616569519
1541976468.239696 -2.3698935508728027 0.9729219675064087 -2.4314944744110107 -0.07182881981134415 0.04069593548774719 0.027801547199487686 0.9961985945701599
1541976468.270913 -2.3964617252349854 0.9642423987388611 -2.4516642093658447 -0.07248445600271225 0.041859664022922516 0.03863096609711647 0.9957416653633118
1541976468.302089 -2.417811155319214 0.9468927383422852 -2.4858925342559814 -0.07208753377199173 0.04348098114132881 0.04450108855962753 0.9954559803009033
1541976468.333235 -2.443255662918091 0.9289054870605469 -2.502460241317749 -0.06984635442495346 0.04460812732577324 0.048638466745615005 0.9953722357749939
1541976468.364363 -2.4628775119781494 0.9237856268882751 -2.5441181659698486 -0.06756085902452469 0.044281017035245895 0.051336076110601425 0.9954091310501099
1541976468.395486 -2.484037399291992 0.9198716878890991 -2.575721502304077 -0.06411566585302353 0.04372866079211235 0.056160327047109604 0.9954009652137756
1541976468.4266 -2.505164384841919 0.9352625012397766 -2.63261079788208 -0.06244153901934624 0.04243035241961479 0.06352284550666809 0.9951208829879761
1541976468.457687 -2.5333259105682373 0.9329763054847717 -2.643369674682617 -0.06546833366155624 0.04369431734085083 0.06494541466236115 0.9947797656059265
1541976468.488732 -2.5498206615448 0.9479240775108337 -2.677828550338745 -0.06740928441286087 0.04430937021970749 0.06734736263751984 0.9944632053375244
1541976468.519719 -2.5601954460144043 0.9619003534317017 -2.70208740234375 -0.06978119909763336 0.04583445563912392 0.06956502050161362 0.994077742099762
1541976468.550651 -2.55399489402771 0.9931396245956421 -2.744722366333008 -0.0726768895983696 0.04609920084476471 0.06951523572206497 0.9938614964485168
1541976468.581549 -2.5340733528137207 1.0238306522369385 -2.766946792602539 -0.07400106638669968 0.04557013511657715 0.06743083149194717 0.993931770324707
1541976468.612431 -2.49064564704895 1.0493451356887817 -2.7580440044403076 -0.07177489250898361 0.04697112739086151 0.0663287490606308 0.9941039681434631
1541976468.643318 -2.418433427810669 1.0590670108795166 -2.7282416820526123 -0.07182088494300842 0.05056268721818924 0.062454190105199814 0.994175374507904
1541976468.67423 -2.3537673950195312 1.0777795314788818 -2.7139008045196533 -0.07205574959516525 0.05687810108065605 0.06146595999598503 0.9938786625862122
1541976468.705169 -2.2988312244415283 1.0776222944259644 -2.6542184352874756 -0.07053719460964203 0.06317969411611557 0.06469309329986572 0.9934021234512329
1541976468.736101 -2.2219011783599854 1.092093586921692 -2.632401943206787 -0.06914208084344864 0.06973250955343246 0.062199223786592484 0.9932210445404053
1541976468.767007 -2.134552001953125 1.09658944606781 -2.5617592334747314 -0.06327638775110245 0.07395252585411072 0.06332962214946747 0.9932354092597961
1541976468.797877 -2.0650150775909424 1.094367265701294 -2.5224051475524902 -0.05893775820732117 0.07786000519990921 0.0623650886118412 0.9932647347450256
1541976468.8287 -2.0096168518066406 1.081502079963684 -2.5056724548339844 -0.058085765689611435 0.08023849129676819 0.05982005596160889 0.9932821393013
1541976468.859448 -1.947481632232666 1.0804696083068848 -2.474550724029541 -0.05522386357188225 0.0852452740073204 0.05616404861211777 0.9932417869567871
1541976468.890095 -1.8829858303070068 1.0742933750152588 -2.4166877269744873 -0.055126309394836426 0.08969711512327194 0.05185805261135101 0.9930892586708069
1541976468.920642 -1.8369017839431763 1.0799537897109985 -2.3872575759887695 -0.05430067330598831 0.09155388921499252 0.05268220230937004 0.9929219484329224
1541976468.95108 -1.79854154586792 1.0797628164291382 -2.359490394592285 -0.0531880222260952 0.09348279237747192 0.05222494900226593 0.9928265810012817
1541976468.981398 -1.7646865844726562 1.0691519975662231 -2.329380750656128 -0.052113112062215805 0.0986587405204773 0.05076637864112854 0.9924582839012146
1541976469.011616 -1.7247726917266846 1.064010500907898 -2.304940938949585 -0.05011973902583122 0.10307034850120544 0.050166212022304535 0.9921430945396423
1541976469.041748 -1.6992241144180298 1.0587953329086304 -2.2882907390594482 -0.04988936334848404 0.10526058822870255 0.05176391080021858 0.9918426275253296
1541976469.071786 -1.6715679168701172 1.0523531436920166 -2.2658989429473877 -0.051484689116477966 0.10511860251426697 0.051708661019802094 0.991779088973999
1541976469.101714 -1.6584638357162476 1.0461684465408325 -2.2478957176208496 -0.05032218247652054 0.1077500507235527 0.0521770641207695 0.9915317296981812
1541976469.131532 -1.6597003936767578 1.0310219526290894 -2.1910107135772705 -0.04696027189493179 0.11235173791646957 0.05156780034303665 0.9912177324295044
1541976469.161277 -1.6403242349624634 1.0108294486999512 -2.1464879512786865 -0.04499669373035431 0.11075860261917114 0.053772252053022385 0.9913709759712219
1541976469.19098 -1.6286910772323608 0.9893981218338013 -2.1214330196380615 -0.045318569988012314 0.10734965652227402 0.054175928235054016 0.991709291934967
1541976469.220641 -1.6203593015670776 0.9893307685852051 -2.126148223876953 -0.041001513600349426 0.10304822772741318 0.05156179144978523 0.9924924969673157
1541976469.250264 -1.5900760889053345 0.9622279405593872 -2.0828893184661865 -0.04082311689853668 0.09962936490774155 0.04490458220243454 0.9931722283363342
1541976469.279872 -1.5501813888549805 0.9182941913604736 -2.011671543121338 -0.040367938578128815 0.09506864100694656 0.04254988953471184 0.9937413930892944
1541976469.309473 -1.4913851022720337 0.8833541870117188 -1.956423044204712 -0.036963146179914474 0.0914829894900322 0.04056108370423317 0.9942934513092041
1541976469.339044 -1.4666486978530884 0.8743014335632324 -1.9366835355758667 -0.03179742023348808 0.08828635513782501 0.036209896206855774 0.994928777217865
1541976469.368554 -1.453532338142395 0.8597418069839478 -1.9236626625061035 -0.02682335488498211 0.08532580733299255 0.0327615812420845 0.9954530596733093
1541976469.397944 -1.4265038967132568 0.8337814807891846 -1.8929660320281982 -0.025594165548682213 0.08263024687767029 0.026586202904582024 0.9958968162536621
1541976469.427102 -1.402260661125183 0.8156128525733948 -1.8996707201004028 -0.025670422241091728 0.07666198909282684 0.022493239492177963 0.9964728355407715
1541976469.455927 -1.3956063985824585 0.815972089767456 -1.87330961227417 -0.02564346231520176 0.07529836893081665 0.01909225434064865 0.9966484308242798
1541976469.484393 -1.402519702911377 0.8213500380516052 -1.8790918588638306 -0.025361699983477592 0.07245787233114243 0.020585456863045692 0.9968364238739014
1541976469.512578 -1.4491429328918457 0.8589745163917542 -1.924794316291809 -0.01839824765920639 0.06386979669332504 0.02873174659907818 0.9973748922348022
1541976469.540609 -1.4588567018508911 0.8492149710655212 -1.9454063177108765 -0.02831338532269001 0.0638238787651062 0.017113033682107925 0.9974126815795898
1541976469.568602 -1.4337706565856934 0.8650271892547607 -2.006436347961426 -0.023780398070812225 0.04494372755289078 0.02559759095311165 0.998378336429596
1541976469.596644 -1.4707372188568115 0.8702993392944336 -2.0317461490631104 -0.025163454934954643 0.04045867919921875 0.021636590361595154 0.9986299872398376
1541976469.624815 -1.4996097087860107 0.869591236114502 -2.0471646785736084 -0.024367837235331535 0.035333264619112015 0.019252421334385872 0.9988929629325867
1541976469.653179 -1.5412604808807373 0.866321861743927 -2.105499267578125 -0.023411355912685394 0.03081502392888069 0.025064991787075996 0.9989364743232727
1541976469.681775 -1.582315444946289 0.8653616905212402 -2.1292724609375 -0.022980742156505585 0.028413379564881325 0.024896057322621346 0.9990219473838806
1541976469.710626 -1.6147723197937012 0.863885760307312 -2.1792643070220947 -0.022418463602662086 0.024680236354470253 0.024265063926577568 0.9991494417190552
1541976469.739752 -1.6208406686782837 0.8642151355743408 -2.166020154953003 -0.016360579058527946 0.020049532875418663 0.02380770444869995 0.9993816018104553
1541976469.769153 -1.7401396036148071 0.8925455808639526 -2.252596378326416 -0.016560986638069153 0.024426572024822235 0.01651724800467491 0.9994279742240906
1541976469.798779 -1.7617772817611694 0.8881954550743103 -2.273655652999878 -0.016302406787872314 0.0243587214499712 0.013806880451738834 0.9994750022888184
1541976469.828553 -1.7974061965942383 0.8812335729598999 -2.3084633350372314 -0.015443247742950916 0.023911435157060623 0.015739329159259796 0.9994708895683289
1541976469.858405 -1.8546682596206665 0.885923445224762 -2.368295431137085 -0.014941795729100704 0.02583056129515171 0.020598575472831726 0.9993423819541931
1541976469.888265 -1.8409044742584229 0.9039032459259033 -2.4212069511413574 -0.017304860055446625 0.026309270411729813 0.02454807609319687 0.9992026090621948
1541976469.91806 -1.8282841444015503 0.9064435362815857 -2.4489617347717285 -0.01722908206284046 0.02774878963828087 0.03574720025062561 0.9988270401954651
1541976469.947741 -1.8744118213653564 0.8840569853782654 -2.6005289554595947 -0.0176012571901083 0.00804008450359106 0.06381622701883316 0.9977741241455078
1541976469.977303 -1.8912858963012695 0.8832516074180603 -2.6549875736236572 -0.021856015548110008 0.011004754342138767 0.06633636355400085 0.9974972605705261
1541976470.006748 -1.9201918840408325 0.8841876983642578 -2.70171856880188 -0.024957425892353058 0.012160618789494038 0.06992333382368088 0.9971659779548645
1541976470.036059 -1.9611608982086182 0.8772295713424683 -2.7593319416046143 -0.027517862617969513 0.011755179613828659 0.07550766319036484 0.9966961145401001
1541976470.065241 -2.129685640335083 0.8457330465316772 -2.882861852645874 -0.03210204094648361 0.014324568212032318 0.08540423959493637 0.9957261085510254
1541976470.094312 -2.189074993133545 0.8366142511367798 -2.9335432052612305 -0.03240135684609413 0.009897458367049694 0.08655773848295212 0.9956706762313843
1541976470.123302 -2.3482272624969482 0.8033498525619507 -3.0250296592712402 -0.03777637332677841 0.008937986567616463 0.08191812038421631 0.9958828091621399
1541976470.15225 -2.4382004737854004 0.792222261428833 -3.0586068630218506 -0.038429610431194305 0.0031863984186202288 0.07578003406524658 0.9963786602020264
1541976470.181197 -2.525277614593506 0.8034816980361938 -3.126415252685547 -0.03761521354317665 -0.004000144544988871 0.07147011160850525 0.9967252016067505
1541976470.210209 -2.6032919883728027 0.8080733418464661 -3.1702208518981934 -0.03869793564081192 -0.007779934909194708 0.06661330908536911 0.9969978928565979
1541976470.239351 -2.75848650932312 0.8016976118087769 -3.2332255840301514 -0.04146028682589531 -0.007325343322008848 0.06392863392829895 0.9970659613609314
1541976470.268663 -2.81923246383667 0.8094567060470581 -3.2512173652648926 -0.04194144532084465 -0.012897718697786331 0.05891001597046852 0.9972984790802002
1541976470.298161 -3.0110368728637695 0.7989423274993896 -3.2539191246032715 -0.04288960248231888 -0.011148905381560326 0.05860406905412674 0.9972972273826599
1541976470.327837 -3.1294262409210205 0.7914793491363525 -3.2653913497924805 -0.04252392798662186 -0.01292961835861206 0.05509034916758537 0.9974916577339172
1541976470.357677 -3.21820068359375 0.7803892493247986 -3.3073956966400146 -0.04392402246594429 -0.011671161279082298 0.0518038347363472 0.9976226091384888
1541976470.387662 -3.3557515144348145 0.719435453414917 -3.3225088119506836 -0.05014777556061745 -0.004766332451254129 0.05591921508312225 0.9971637725830078
1541976470.417767 -3.414323568344116 0.7123374938964844 -3.3445639610290527 -0.04992729425430298 -0.005430516321212053 0.05493943765759468 0.9972259402275085
1541976470.447956 -3.4854118824005127 0.690474808216095 -3.3455049991607666 -0.051436375826597214 -0.0014875249471515417 0.05533985048532486 0.9971407651901245
1541976470.478195 -3.558713912963867 0.6725409626960754 -3.34039306640625 -0.05293373391032219 0.006076204590499401 0.05726887658238411 0.996936023235321
1541976470.508455 -3.5271191596984863 0.7110380530357361 -3.417175054550171 -0.05494372174143791 0.001947825076058507 0.05089680477976799 0.9971895813941956
1541976470.538713 -3.573887586593628 0.7016898393630981 -3.4300546646118164 -0.05802781134843826 0.006331664510071278 0.0539727509021759 0.9968348741531372
1541976470.568944 -3.6255807876586914 0.6913825273513794 -3.452533006668091 -0.06062142550945282 0.009380042552947998 0.05518548935651779 0.9965900778770447
1541976470.599126 -3.6730899810791016 0.6681363582611084 -3.4420509338378906 -0.06419439613819122 0.016377873718738556 0.05956301838159561 0.9960237145423889
1541976470.629238 -3.7023866176605225 0.6718452572822571 -3.4937126636505127 -0.06657866388559341 0.01785954460501671 0.0636439397931099 0.9955891966819763
1541976470.659266 -3.7334797382354736 0.6612873077392578 -3.5140697956085205 -0.06955277919769287 0.020400520414114 0.06946992129087448 0.9949473738670349
1541976470.689205 -3.775028944015503 0.6510342955589294 -3.5468342304229736 -0.07040155678987503 0.0216529481112957 0.07509690523147583 0.9944522976875305
1541976470.719049 -3.818675994873047 0.6386842131614685 -3.5581798553466797 -0.07297023385763168 0.024827037006616592 0.07598286122083664 0.9941255450248718
1541976470.748794 -3.836247444152832 0.6148235201835632 -3.5626094341278076 -0.07653423398733139 0.026898998767137527 0.07850516587495804 0.9936075210571289
1541976470.778445 -3.8678040504455566 0.6013318300247192 -3.5777347087860107 -0.07656356692314148 0.028385186567902565 0.08189614862203598 0.9932901859283447
1541976470.808005 -3.832453489303589 0.6418858766555786 -3.6182637214660645 -0.07449325919151306 0.021006589755415916 0.08130305260419846 0.9936797022819519
1541976470.837484 -3.8321759700775146 0.6548105478286743 -3.6279940605163574 -0.07365888357162476 0.01997123472392559 0.08550727367401123 0.9934102892875671
1541976470.866894 -3.817751884460449 0.6676661372184753 -3.6337642669677734 -0.07036574929952621 0.02040216326713562 0.08810552954673767 0.9934132695198059
1541976470.896244 -3.7660794258117676 0.6915066242218018 -3.660855770111084 -0.06736218184232712 0.019324837252497673 0.09059173613786697 0.993419349193573
1541976470.92555 -3.731731414794922 0.7119693756103516 -3.643218755722046 -0.06640185415744781 0.02306036278605461 0.09587205201387405 0.9929086565971375
1541976470.95483 -3.63704514503479 0.7423819899559021 -3.550795555114746 -0.06255051493644714 0.020736003294587135 0.10302825272083282 0.9924931526184082
1541976470.984088 -3.568345785140991 0.776006281375885 -3.5332860946655273 -0.061327483505010605 0.02231384627521038 0.10711054503917694 0.9921030402183533
1541976471.013344 -3.568115234375 0.7802589535713196 -3.5249457359313965 -0.0618717186152935 0.031882259994745255 0.11119674891233444 0.9913579821586609
1541976471.042633 -3.481588363647461 0.809417188167572 -3.5098068714141846 -0.05938603729009628 0.03312527760863304 0.11170437186956406 0.9914122223854065
1541976471.071987 -3.356010913848877 0.857839822769165 -3.5162594318389893 -0.05829634517431259 0.03013342060148716 0.10723858326673508 0.9920652508735657
1541976471.10143 -3.2645325660705566 0.8838197588920593 -3.474752187728882 -0.05761677771806717 0.031966835260391235 0.10346674919128418 0.992448091506958
1541976471.130961 -3.202509641647339 0.8655765056610107 -3.4123334884643555 -0.061518214643001556 0.03829289972782135 0.10567184537649155 0.9917573928833008
1541976471.160558 -3.1221694946289062 0.8748984932899475 -3.370636224746704 -0.06044774875044823 0.04496922343969345 0.10667035728693008 0.9914360046386719
1541976471.190208 -3.082227945327759 0.8915923833847046 -3.3184962272644043 -0.05846424400806427 0.050755005329847336 0.10458314418792725 0.9914980530738831
1541976471.219891 -2.996227979660034 0.8995480537414551 -3.2804884910583496 -0.058744899928569794 0.05355716869235039 0.10150210559368134 0.9916541576385498
1541976471.249587 -2.9629547595977783 0.8892961740493774 -3.330634355545044 -0.05975385010242462 0.05568879097700119 0.10378523170948029 0.9912401437759399
1541976471.279275 -2.833801746368408 0.8902546167373657 -3.287837028503418 -0.05641747638583183 0.05733729898929596 0.09953276067972183 0.9917776584625244
1541976471.308943 -2.846437931060791 0.8914588689804077 -3.2387022972106934 -0.05325670540332794 0.0673900842666626 0.09522663056850433 0.9917430281639099
1541976471.338556 -2.789849042892456 0.8878445029258728 -3.21073579788208 -0.053791508078575134 0.0721142515540123 0.09000123292207718 0.9918698668479919
1541976471.368054 -2.7214598655700684 0.8980627059936523 -3.2015507221221924 -0.05211793631315231 0.07139255106449127 0.08992965519428253 0.992017924785614
1541976471.397366 -2.6518049240112305 0.9011902213096619 -3.1676080226898193 -0.051965344697237015 0.07659811526536942 0.08716969937086105 0.9918839931488037
1541976471.426458 -2.6669623851776123 0.8897183537483215 -3.160172700881958 -0.05286572501063347 0.08743797242641449 0.08834461122751236 0.9908356070518494
1541976471.455306 -2.5866470336914062 0.8929953575134277 -3.1364715099334717 -0.05254017189145088 0.09094604104757309 0.08858366310596466 0.9905157089233398
1541976471.483887 -2.549302101135254 0.8898100852966309 -3.116624593734741 -0.053587112575769424 0.09324991703033447 0.08885353803634644 0.9902212023735046
1541976471.512172 -2.5524587631225586 0.8846197724342346 -3.120393753051758 -0.055244799703359604 0.09515021741390228 0.08811447769403458 0.9900153279304504
1541976471.540148 -2.5192606449127197 0.8760636448860168 -3.103527545928955 -0.053561627864837646 0.09130197018384933 0.08747091144323349 0.9905270934104919
1541976471.567845 -2.4925105571746826 0.8654974699020386 -3.098991632461548 -0.05272572860121727 0.08362770080566406 0.08657559752464294 0.9913279414176941
1541976471.595312 -2.4720680713653564 0.8526607751846313 -3.0871760845184326 -0.050489239394664764 0.07680060714483261 0.08658508211374283 0.9919958114624023
1541976471.6226 -2.5070364475250244 0.8386703729629517 -3.097385883331299 -0.04875211417675018 0.06720420718193054 0.08461439609527588 0.9929488301277161
1541976471.649766 -2.561493396759033 0.8289995789527893 -3.09568452835083 -0.04587847366929054 0.06274694204330444 0.08307428658008575 0.9935072660446167
1541976471.676875 -2.6170942783355713 0.8176133632659912 -3.131924629211426 -0.04516847804188728 0.057216741144657135 0.08088049292564392 0.9940545558929443
1541976471.703989 -2.6921896934509277 0.8208013772964478 -3.1241493225097656 -0.03879963979125023 0.04800666868686676 0.08649910986423492 0.9943379163742065
1541976471.731162 -2.7441515922546387 0.8012203574180603 -3.1416163444519043 -0.03781251981854439 0.041424162685871124 0.08353707194328308 0.9949250817298889
1541976471.758431 -2.764249801635742 0.794957160949707 -3.165320634841919 -0.03532436862587929 0.034633833914995193 0.08187370747327805 0.9954141974449158
1541976471.785828 -2.7921180725097656 0.7917249202728271 -3.190751075744629 -0.030782129615545273 0.024762310087680817 0.07858160138130188 0.9961246252059937
1541976471.813371 -2.832719087600708 0.7794143557548523 -3.221869945526123 -0.029075240716338158 0.019780892878770828 0.07723060995340347 0.9963929057121277
1541976471.84107 -2.8531126976013184 0.7774500250816345 -3.2358243465423584 -0.025130495429039 0.012538067065179348 0.07660221308469772 0.9966661930084229
1541976471.868916 -2.8580124378204346 0.7805991768836975 -3.247546434402466 -0.022610973566770554 0.009455027058720589 0.07606726139783859 0.996801495552063
1541976471.896887 -2.883044481277466 0.780669093132019 -3.248577833175659 -0.020331978797912598 4.932155570713803e-05 0.07418002933263779 0.9970375895500183
1541976471.924951 -2.9332823753356934 0.7734106183052063 -3.275859832763672 -0.01937689818441868 -0.0026835608296096325 0.0737294852733612 0.9970864653587341
1541976471.95308 -2.9704208374023438 0.7692047953605652 -3.299907684326172 -0.01867193728685379 -0.004840955603867769 0.0735340341925621 0.9971061944961548
1541976471.981269 -2.941467761993408 0.7766728401184082 -3.285771608352661 -0.017175626009702682 -0.00859108753502369 0.07484456896781921 0.9970102906227112
1541976472.009523 -2.9606339931488037 0.7751047611236572 -3.2995543479919434 -0.013190755620598793 -0.012935077771544456 0.07823186367750168 0.9967640042304993
1541976472.03783 -3.0494117736816406 0.7548286318778992 -3.3872921466827393 -0.01812077686190605 -0.010826793499290943 0.07945466786623001 0.9966149926185608
1541976472.066186 -3.090005397796631 0.7472538352012634 -3.4197838306427 -0.016924982890486717 -0.011575444601476192 0.0826403945684433 0.9963685274124146
1541976472.094585 -3.125765085220337 0.7435727715492249 -3.451476812362671 -0.013736415654420853 -0.013567671179771423 0.08430051058530807 0.9962533116340637
1541976472.123013 -3.127223491668701 0.7417379021644592 -3.460155963897705 -0.011210915632545948 -0.0178044606000185 0.0852876752614975 0.9961342215538025
1541976472.151444 -3.1465353965759277 0.7446682453155518 -3.479459285736084 -0.007914038375020027 -0.021779950708150864 0.08447495102882385 0.9961561560630798
1541976472.179846 -3.185957193374634 0.7327725887298584 -3.518990993499756 -0.007569162640720606 -0.0227371696382761 0.08518943935632706 0.9960765838623047
1541976472.208163 -3.2124176025390625 0.728935182094574 -3.5556280612945557 -0.005203148350119591 -0.024436190724372864 0.08702000230550766 0.9958932995796204
1541976472.236334 -3.2206203937530518 0.7324519753456116 -3.5727152824401855 -0.0023055283818393946 -0.026453262194991112 0.0873832181096077 0.9958208203315735
1541976472.264326 -3.2484841346740723 0.737928569316864 -3.6221067905426025 -0.0001238662371179089 -0.02887256257236004 0.08736258745193481 0.9957581162452698
1541976472.292122 -3.2757985591888428 0.7443841099739075 -3.673977851867676 0.0028718954417854548 -0.030859068036079407 0.08799069374799728 0.9956390857696533
1541976472.319722 -3.29046368598938 0.7492464184761047 -3.7044498920440674 0.005494900979101658 -0.03139607235789299 0.09105723351240158 0.9953354597091675
1541976472.347143 -3.308720350265503 0.7549721598625183 -3.745436668395996 0.008184525184333324 -0.0335770882666111 0.09702086448669434 0.9946821928024292
1541976472.37441 -3.3110175132751465 0.7694116234779358 -3.7409157752990723 0.013301561586558819 -0.03639056533575058 0.10053376108407974 0.9941789507865906
1541976472.401542 -3.3302175998687744 0.7776782512664795 -3.7693393230438232 0.01604088954627514 -0.04023127257823944 0.10315263271331787 0.9937222003936768
1541976472.428547 -3.3618054389953613 0.7842907905578613 -3.8134613037109375 0.019075771793723106 -0.045274101197719574 0.10445696115493774 0.9933152198791504
1541976472.455436 -3.3972716331481934 0.7929486632347107 -3.8655731678009033 0.02308005467057228 -0.04996783658862114 0.10453460365533829 0.9929970502853394
1541976472.482216 -3.425260543823242 0.786941647529602 -3.899538278579712 0.025779053568840027 -0.05328678712248802 0.10469578951597214 0.992741048336029
1541976472.508901 -3.4304888248443604 0.7899729013442993 -3.921515941619873 0.029430577531456947 -0.0582566037774086 0.10331477224826813 0.9925050139427185
1541976472.535485 -3.451849937438965 0.792648434638977 -3.9527454376220703 0.03163361921906471 -0.06158524006605148 0.1037210077047348 0.9921938180923462
1541976472.561966 -3.4887733459472656 0.7985854148864746 -4.006228446960449 0.034216735512018204 -0.06370320171117783 0.10521996021270752 0.9918164610862732
1541976472.588339 -3.5238752365112305 0.798723578453064 -4.05199670791626 0.036785706877708435 -0.06345103681087494 0.10765954852104187 0.9914788007736206
1541976472.614618 -3.5346455574035645 0.8071146011352539 -4.079482078552246 0.038768891245126724 -0.06455988436937332 0.11090956628322601 0.9909733533859253
1541976472.640824 -3.5488522052764893 0.8152444362640381 -4.0999979972839355 0.03932736814022064 -0.06680969148874283 0.11112580448389053 0.9907779693603516
1541976472.66697 -3.5613303184509277 0.8317645192146301 -4.129051208496094 0.04099290072917938 -0.06887844949960709 0.11086905002593994 0.9905974864959717
1541976472.693066 -3.605180263519287 0.8363461494445801 -4.1974778175354 0.0409257747232914 -0.06683766096830368 0.10918238013982773 0.9909273982048035
1541976472.719133 -3.628552198410034 0.8490099310874939 -4.254147052764893 0.04044881463050842 -0.06789645552635193 0.10977700352668762 0.9908092617988586
1541976472.745202 -3.6536426544189453 0.8588011264801025 -4.301327705383301 0.03887644410133362 -0.06896348297595978 0.10909206420183182 0.990874171257019
1541976472.771291 -3.677446126937866 0.8701172471046448 -4.3247528076171875 0.03751594200730324 -0.0688881129026413 0.1071896180510521 0.9911394715309143
1541976472.797406 -3.709592580795288 0.8927608132362366 -4.368988037109375 0.03566582873463631 -0.06970269978046417 0.10587593168020248 0.9912919998168945
1541976472.823559 -3.7648653984069824 0.9309921860694885 -4.437915325164795 0.03452619910240173 -0.06953669339418411 0.1070694699883461 0.9912157654762268
1541976472.849771 -3.7767300605773926 0.9524916410446167 -4.473445892333984 0.03253483772277832 -0.07049953192472458 0.10803093016147614 0.9911108016967773
1541976472.876067 -3.798966646194458 0.9622907042503357 -4.490729808807373 0.02986181527376175 -0.06987424939870834 0.10874000191688538 0.9911617636680603
1541976472.902459 -3.810845136642456 0.9661660194396973 -4.533695697784424 0.025106288492679596 -0.06901370733976364 0.10375723242759705 0.9918877482414246
1541976472.928966 -3.829460859298706 0.9814159274101257 -4.585241794586182 0.0226440392434597 -0.06986086070537567 0.1004052683711052 0.992232620716095
1541976472.955606 -3.887753486633301 0.9989755153656006 -4.635443687438965 0.022381657734513283 -0.06898419559001923 0.0971183329820633 0.992626965045929
1541976472.982396 -3.9211020469665527 1.010764718055725 -4.653632164001465 0.020980292931199074 -0.06895510107278824 0.09203489869832993 0.9931438565254211
1541976473.009346 -3.9543423652648926 1.0184884071350098 -4.677266597747803 0.017776576802134514 -0.06876492500305176 0.08530139923095703 0.9938204288482666
1541976473.03644 -3.997419595718384 1.035104751586914 -4.70198392868042 0.015593500807881355 -0.07240843772888184 0.07932759076356888 0.9940930604934692
1541976473.063663 -4.055997848510742 1.0502738952636719 -4.739886283874512 0.011945340782403946 -0.07438981533050537 0.07191919535398483 0.9945608377456665
1541976473.091019 -4.122708320617676 1.0674781799316406 -4.769355773925781 0.006548384204506874 -0.07522303611040115 0.06411664932966232 0.9950817823410034
1541976473.118525 -4.155572891235352 1.0871379375457764 -4.782698154449463 0.003259144490584731 -0.0759449228644371 0.06338252872228622 0.9950901865959167
1541976473.146206 -4.180077075958252 1.0970873832702637 -4.811684608459473 0.0009013440576381981 -0.07797527313232422 0.06821966916322708 0.9946181178092957
1541976473.174097 -4.224623203277588 1.0891367197036743 -4.837846279144287 -0.0005798477213829756 -0.07651729881763458 0.0702047049999237 0.9945935010910034
1541976473.20222 -4.274633407592773 1.081978440284729 -4.859683513641357 0.0005272338166832924 -0.07868074625730515 0.06608868390321732 0.9947067499160767
1541976473.230559 -4.3160881996154785 1.0671908855438232 -4.867626190185547 0.002131916116923094 -0.08296515047550201 0.058955542743206024 0.9948047995567322
1541976473.259064 -4.3426384925842285 1.0520728826522827 -4.867493152618408 0.00508321076631546 -0.09027399867773056 0.05326564610004425 0.9944785833358765
1541976473.287657 -4.377527236938477 1.0367586612701416 -4.856817722320557 0.007831252180039883 -0.0947728306055069 0.04681263491511345 0.9943668842315674
1541976473.316263 -4.407596111297607 1.0183510780334473 -4.842414855957031 0.010969839990139008 -0.09951987117528915 0.04085204005241394 0.9941360950469971
1541976473.344818 -4.42440938949585 0.9983071684837341 -4.822871685028076 0.014084826223552227 -0.10324519872665405 0.03399590402841568 0.993975043296814
1541976473.37329 -4.4227375984191895 0.9800947904586792 -4.807000160217285 0.017752032727003098 -0.10749810934066772 0.028642602264881134 0.993634045124054
1541976473.401676 -4.417671203613281 0.9602875113487244 -4.7805585861206055 0.020870432257652283 -0.11091741919517517 0.025196092203259468 0.9932910203933716
1541976473.429985 -4.410941123962402 0.9543555974960327 -4.754862308502197 0.02156291902065277 -0.11285113543272018 0.01822955161333084 0.9932106733322144
1541976473.458223 -4.3973307609558105 0.9425395131111145 -4.731866359710693 0.02217060513794422 -0.11399933695793152 0.012925428338348866 0.9931493997573853
1541976473.486406 -4.374135971069336 0.9346623420715332 -4.70607328414917 0.024467092007398605 -0.11595695465803146 0.009449610486626625 0.9929079413414001
1541976473.514569 -4.344600200653076 0.9476972818374634 -4.702611446380615 0.023344436660408974 -0.11930275708436966 0.005872734356671572 0.9925661087036133
1541976473.542745 -4.333363056182861 0.9423335790634155 -4.659953594207764 0.02114458940923214 -0.11840427666902542 0.0007119865622371435 0.9927400946617126
1541976473.57095 -4.309425354003906 0.9509109854698181 -4.63255500793457 0.01933732070028782 -0.1184191182255745 -0.0031768770422786474 0.9927703738212585
1541976473.5992 -4.2691450119018555 0.9525222182273865 -4.577841758728027 0.0177732165902853 -0.11810232698917389 -0.004378172568976879 0.9928327798843384
1541976473.627527 -4.235529899597168 0.9550588726997375 -4.5310211181640625 0.014627966098487377 -0.11683538556098938 -0.0031618301291018724 0.9930385947227478
1541976473.655955 -4.2035064697265625 0.9602985978126526 -4.489561557769775 0.010238848626613617 -0.1135728657245636 -0.0027592561673372984 0.9934731125831604
1541976473.684489 -4.169729709625244 0.9682418704032898 -4.445964813232422 0.006744920276105404 -0.1109059527516365 -0.0007829046808183193 0.9938077330589294
1541976473.71312 -4.1389875411987305 0.97566157579422 -4.409502029418945 0.0038497562054544687 -0.10790175944566727 0.0020380807109177113 0.9941520094871521
1541976473.74184 -4.108673572540283 0.9845775961875916 -4.3762288093566895 0.000713582499884069 -0.10512212663888931 0.0043776859529316425 0.9944494962692261
1541976473.770642 -4.0745697021484375 0.9954885244369507 -4.33198881149292 -0.0021959838923066854 -0.1029169112443924 0.00961652584373951 0.9946410655975342
1541976473.799509 -4.045337200164795 1.0049532651901245 -4.292337894439697 -0.004362635780125856 -0.10131477564573288 0.013938195072114468 0.9947472214698792
1541976473.82842 -4.020648002624512 1.0135146379470825 -4.250173568725586 -0.006474395282566547 -0.09968581050634384 0.014997477643191814 0.9948849081993103
1541976473.857363 -3.9999353885650635 1.0209474563598633 -4.217393398284912 -0.009069934487342834 -0.0987536683678627 0.014744429849088192 0.9949613809585571
1541976473.88633 -3.9728569984436035 1.0197374820709229 -4.166616916656494 -0.010932824574410915 -0.09848860651254654 0.015030310489237309 0.9949646592140198
1541976473.915317 -3.9465713500976562 1.0206090211868286 -4.12998104095459 -0.01277044415473938 -0.09740038216114044 0.016576651483774185 0.9950253367424011
1541976473.94433 -3.9163265228271484 1.0276316404342651 -4.091786861419678 -0.01367442961782217 -0.09609607607126236 0.018611345440149307 0.995104193687439
1541976473.97338 -3.880223512649536 1.033699870109558 -4.052061557769775 -0.013358588330447674 -0.09589746594429016 0.02248959429562092 0.9950474500656128
1541976474.002468 -3.845022439956665 1.0299197435379028 -4.016211032867432 -0.013205558061599731 -0.09429942071437836 0.025562535971403122 0.9951280355453491
1541976474.031574 -3.8046345710754395 1.0331926345825195 -3.9817116260528564 -0.01325365249067545 -0.09321510791778564 0.02742227166891098 0.995180070400238
1541976474.060687 -3.767847776412964 1.0363211631774902 -3.94960618019104 -0.013912866823375225 -0.09237514436244965 0.027601508423686028 0.9952444434165955
1541976474.089806 -3.7325077056884766 1.0382946729660034 -3.920612096786499 -0.014836342073976994 -0.09117286652326584 0.02699444629251957 0.9953585863113403
1541976474.118925 -3.6920835971832275 1.0418964624404907 -3.8885371685028076 -0.01438329927623272 -0.09106674045324326 0.026171861216425896 0.9953969120979309
1541976474.148048 -3.6503641605377197 1.0526422262191772 -3.859246253967285 -0.012357531115412712 -0.09238924086093903 0.029065826907753944 0.9952219724655151
1541976474.177174 -3.6170735359191895 1.0600764751434326 -3.8371829986572266 -0.01015144307166338 -0.09382251650094986 0.03079625964164734 0.9950607419013977
1541976474.206297 -3.588319778442383 1.064544439315796 -3.82123064994812 -0.010889516212046146 -0.09517836570739746 0.029438132420182228 0.9949653148651123
1541976474.235415 -3.561385154724121 1.075387716293335 -3.8034374713897705 -0.007688276004046202 -0.09969640523195267 0.026946017518639565 0.9946233034133911
1541976474.264522 -3.538379669189453 1.0913207530975342 -3.789590835571289 -0.004631684627383947 -0.10405616462230682 0.022725891321897507 0.9943010210990906
1541976474.293617 -3.5165929794311523 1.09969162940979 -3.780712127685547 -0.0030391905456781387 -0.10833736509084702 0.016523493453860283 0.9939722418785095
1541976474.322703 -3.494805335998535 1.1108200550079346 -3.7756311893463135 -0.0011921284021809697 -0.11212684214115143 0.01250124629586935 0.9936146140098572
1541976474.351779 -3.4687814712524414 1.1261591911315918 -3.768892765045166 0.0004937476478517056 -0.11591239273548126 0.008432434871792793 0.9932236075401306
1541976474.380847 -3.458871603012085 1.1310179233551025 -3.7304577827453613 0.0023907797876745462 -0.11924032121896744 0.007159962318837643 0.9928367137908936
1541976474.409904 -3.4346275329589844 1.1394381523132324 -3.7174296379089355 0.0021812445484101772 -0.1219777837395668 0.001663500675931573 0.9925290942192078
1541976474.438963 -3.405931234359741 1.149557113647461 -3.698495864868164 0.004100421909242868 -0.12466488033533096 -0.003692103549838066 0.9921836256980896
1541976474.468049 -3.362358570098877 1.1495294570922852 -3.6817057132720947 0.005056656431406736 -0.12740784883499146 -0.007204516790807247 0.9918113946914673
1541976474.497181 -3.327420711517334 1.147351622581482 -3.659031391143799 0.007010739762336016 -0.1293770968914032 -0.010624462738633156 0.9915138483047485
1541976474.526367 -3.2864487171173096 1.1533496379852295 -3.6524574756622314 0.007771158125251532 -0.13077612221240997 -0.01693197712302208 0.9912368655204773
1541976474.555599 -3.2519149780273438 1.1542142629623413 -3.6337738037109375 0.008469407446682453 -0.13192978501319885 -0.022164246067404747 0.9909750819206238
1541976474.584846 -3.207566976547241 1.1535943746566772 -3.62304949760437 0.009099900722503662 -0.13186705112457275 -0.027706360444426537 0.9908384084701538
1541976474.614091 -3.1598784923553467 1.1508830785751343 -3.608956813812256 0.012024564668536186 -0.13233603537082672 -0.03062896430492401 0.9906586408615112
1541976474.643332 -3.11509370803833 1.1554769277572632 -3.5918192863464355 0.012934290803968906 -0.13253122568130493 -0.03584853187203407 0.9904459118843079
1541976474.672569 -3.0908350944519043 1.1652395725250244 -3.5651776790618896 0.014015003107488155 -0.13245561718940735 -0.03937524929642677 0.9903073906898499
1541976474.701783 -3.0514020919799805 1.1692222356796265 -3.5481808185577393 0.01441052183508873 -0.1300671398639679 -0.044276926666498184 0.9904112219810486
1541976474.730961 -2.9986038208007812 1.1764389276504517 -3.5349209308624268 0.013828086666762829 -0.13111768662929535 -0.049075063318014145 0.9900549054145813
1541976474.760121 -2.9686026573181152 1.1882232427597046 -3.522103786468506 0.014212646521627903 -0.12685216963291168 -0.05092690512537956 0.9905114769935608
1541976474.789299 -2.924912452697754 1.197330355644226 -3.509147882461548 0.01180428359657526 -0.12424168735742569 -0.05503193661570549 0.9906544089317322
1541976474.818514 -2.8615872859954834 1.2060660123825073 -3.5006797313690186 0.010099628940224648 -0.1227174922823906 -0.05730215832591057 0.9907345771789551
1541976474.847788 -2.816896915435791 1.216178297996521 -3.4920408725738525 0.009413020685315132 -0.11780984699726105 -0.05721350759267807 0.9913420081138611
1541976474.877149 -2.7778053283691406 1.2334809303283691 -3.479153871536255 0.011221610009670258 -0.11537883430719376 -0.05433858931064606 0.9917707443237305
1541976474.906619 -2.7356226444244385 1.2391388416290283 -3.468079090118408 0.010628880932927132 -0.11422467976808548 -0.05732574686408043 0.9917426705360413
1541976474.936211 -2.7028822898864746 1.244067907333374 -3.4704627990722656 0.007729349657893181 -0.10880923271179199 -0.06139010936021805 0.9921351671218872
1541976474.965923 -2.6594033241271973 1.26718008518219 -3.449190139770508 0.010372210294008255 -0.10841288417577744 -0.064313143491745 0.9919692277908325
1541976474.995759 -2.6217963695526123 1.2734358310699463 -3.4433984756469727 0.009113224223256111 -0.1058972105383873 -0.06814315170049667 0.9919976592063904
1541976475.025729 -2.597907066345215 1.2732038497924805 -3.4281392097473145 0.005825046915560961 -0.09969073534011841 -0.07371068745851517 0.9922674298286438
1541976475.055833 -2.6036715507507324 1.2734262943267822 -3.43548846244812 0.0024238626938313246 -0.09570250660181046 -0.07752300053834915 0.9923836588859558
1541976475.086059 -2.573030710220337 1.2811558246612549 -3.437758684158325 0.0035697033163160086 -0.09669587016105652 -0.07801856845617294 0.992245078086853
1541976475.116406 -2.5216023921966553 1.2847228050231934 -3.3910608291625977 0.013303284533321857 -0.10833398252725601 -0.0729450061917305 0.9913455247879028
1541976475.146869 -2.5131430625915527 1.2655529975891113 -3.393277168273926 0.015186774544417858 -0.11592653393745422 -0.07514531910419464 0.9902947545051575
1541976475.177421 -2.5152366161346436 1.2474983930587769 -3.3841545581817627 0.018108582124114037 -0.12086102366447449 -0.07953258603811264 0.9893125295639038
1541976475.208003 -2.5239481925964355 1.2328195571899414 -3.377929449081421 0.022819023579359055 -0.12698864936828613 -0.08267831057310104 0.9881890416145325
