1541976466263336.0 -0.0 -0.0 -0.0 -0.0 -0.0 1.0 -0.0
1541976466289024.0 -0.01128717 0.0053578746 -0.043805435 -0.005149164 0.0053050946 0.9999037 0.011753786
1541976466314657.0 -0.025148174 0.011096403 -0.09129057 -0.0071100583 0.003920748 0.9997685 0.01992796
1541976466340200.0 -0.025148174 0.011096403 -0.09129057 -0.0071100583 0.003920748 0.9997685 0.01992796
1541976466365628.0 -0.06707761 0.029869823 -0.18644314 -0.006407611 -0.01588033 0.9996421 0.020555364
1541976466390925.0 -0.06707761 0.029869823 -0.18644314 -0.006407611 -0.01588033 0.9996421 0.020555364
1541976466416104.0 -0.11254207 0.06471918 -0.27230746 -0.008122012 -0.022909585 0.999347 0.026737722
1541976466441201.0 -0.13910031 0.0917483 -0.30812022 -0.009668685 -0.025884556 0.999402 0.020791901
1541976466466246.0 -0.16962194 0.119261436 -0.3353143 -0.015203189 -0.029688733 0.9993508 0.013616646
1541976466491259.0 -0.20351744 0.14644992 -0.36207077 -0.020020815 -0.037621297 0.9990625 0.007616983
1541976466516265.0 -0.23400539 0.1734571 -0.3869874 -0.023657642 -0.044257425 0.99873185 0.0040462054
1541976466541295.0 -0.26408976 0.20268764 -0.4108743 -0.025634041 -0.045810573 0.998619 0.0020838561
1541976466566363.0 -0.28538793 0.23492438 -0.4396109 -0.026719606 -0.04302893 0.9987161 -0.0008567653
1541976466591435.0 -0.3067539 0.27191243 -0.46590173 -0.026418794 -0.042233735 0.99874854 -0.0044475263
1541976466616426.0 -0.3275951 0.30953962 -0.4942959 -0.026500061 -0.040134575 0.9988066 -0.008509358
1541976466641258.0 -0.3454732 0.3465704 -0.5202871 -0.026310902 -0.037558068 0.998886 -0.011135201
1541976466665897.0 -0.360147 0.38287243 -0.55105305 -0.025642047 -0.033953056 0.9990206 -0.012150138
1541976466690378.0 -0.37574387 0.41744408 -0.58065146 -0.02519668 -0.029650263 0.9991636 -0.012571682
1541976466714794.0 -0.39009923 0.45367786 -0.61108583 -0.024301605 -0.025317406 0.99928325 -0.014195883
1541976466739212.0 -0.4077133 0.48846477 -0.6412617 -0.02418409 -0.02094111 0.9993614 -0.015919767
1541976466763670.0 -0.42751145 0.5190207 -0.67509335 -0.023554554 -0.017965851 0.99942935 -0.0162343
1541976466788212.0 -0.44583255 0.5462312 -0.7085695 -0.022995824 -0.014477989 0.9995043 -0.015898297
1541976466812906.0 -0.46682882 0.5732629 -0.7439465 -0.02246054 -0.010463437 0.99957037 -0.015656596
1541976466837807.0 -0.48931044 0.59630066 -0.778442 -0.02256783 -0.008765259 0.9995829 -0.015747236
1541976466862944.0 -0.51046515 0.61537343 -0.816825 -0.022116005 -0.007430076 0.9996144 -0.015059323
1541976466888335.0 -0.53163165 0.6332375 -0.8577688 -0.020048367 -0.0054183872 0.9996825 -0.014269511
1541976466914018.0 -0.5509546 0.6484444 -0.8981191 -0.017420925 -0.0036752007 0.99975324 -0.013284343
1541976466940043.0 -0.5695218 0.6617609 -0.9406234 -0.013404369 -0.0041164123 0.99979633 -0.014515035
1541976466966421.0 -0.58845735 0.6737079 -0.9833328 -0.011477321 -0.0026312338 0.9998222 -0.014729757
1541976466993129.0 -0.61222565 0.6805454 -1.0280764 -0.009536666 -0.00193728 0.99986464 -0.013271987
1541976467020132.0 -0.63449025 0.68088907 -1.0738237 -0.0066737956 -0.008639015 0.9998393 -0.014220319
1541976467047402.0 -0.6594248 0.6819002 -1.1202389 -0.002512032 -0.016173815 0.9997252 -0.016780281
1541976467074898.0 -0.68656653 0.682329 -1.1580489 -0.0022311565 -0.020308252 0.99964213 -0.017269075
1541976467102555.0 -0.7071379 0.6830728 -1.1944823 -0.004700751 -0.025053652 0.99951303 -0.017999409
1541976467130319.0 -0.7318514 0.68465126 -1.2403113 -0.002429772 -0.03275236 0.9992299 -0.021471467
1541976467158163.0 -0.75629747 0.68704003 -1.2849139 -0.001776226 -0.034096062 0.9991624 -0.022557901
1541976467186087.0 -0.78189003 0.68891466 -1.3286383 -0.0019724213 -0.034441512 0.99914545 -0.02276763
1541976467214091.0 -0.80311674 0.69639003 -1.3740563 -0.0025194904 -0.03723582 0.99903965 -0.022955367
1541976467242175.0 -0.83174646 0.7033897 -1.4198285 -0.0010141337 -0.040192924 0.9989034 -0.02399168
1541976467270328.0 -0.86222595 0.7116024 -1.4630295 -0.0010381603 -0.041152015 0.99887025 -0.023743559
1541976467298547.0 -0.9002036 0.72262627 -1.5122167 -0.0007087216 -0.0406903 0.99891657 -0.022573128
1541976467326830.0 -0.9367696 0.7339258 -1.554786 -0.0016299468 -0.042633798 0.9988337 -0.022604888
1541976467355177.0 -0.9866061 0.7498419 -1.5953367 -0.00076368125 -0.048580423 0.99851644 -0.02458579
1541976467383593.0 -1.0404397 0.7628545 -1.6337942 -0.0011539127 -0.051581603 0.9983374 -0.025700783
1541976467412095.0 -1.0958068 0.781292 -1.6674635 -0.0014972779 -0.055054408 0.9981229 -0.026788635
1541976467440722.0 -1.1560876 0.8007148 -1.7020465 -0.00049038517 -0.058438603 0.9978608 -0.029302709
1541976467469521.0 -1.2132722 0.82008016 -1.7326229 -0.00044847632 -0.058636673 0.997819 -0.030311108
1541976467498541.0 -1.2866949 0.8371841 -1.7661756 -0.00017902594 -0.056158535 0.997937 -0.03111146
1541976467527817.0 -1.3524035 0.854696 -1.7996918 -0.001631362 -0.057400066 0.9978367 -0.03200806
1541976467557359.0 -1.44271 0.86412066 -1.8331678 -0.00070142833 -0.06049366 0.9975398 -0.035417844
1541976467587153.0 -1.5315018 0.8698248 -1.8557186 -0.002177154 -0.06258118 0.99738705 -0.036026526
1541976467617184.0 -1.6143808 0.8727436 -1.8779842 -0.0030966732 -0.06530372 0.9972211 -0.03571977
1541976467647432.0 -1.7000017 0.8711457 -1.9021119 -0.0039271554 -0.06775118 0.9970506 -0.03583982
1541976467677879.0 -1.7811264 0.8750603 -1.9325703 -0.0048151524 -0.07077679 0.9968152 -0.03642806
1541976467708515.0 -1.8456866 0.8748382 -1.9567878 -0.0043244027 -0.07081891 0.9968125 -0.036480095
1541976467739321.0 -1.9051197 0.8715801 -1.976691 -0.0019461587 -0.06806873 0.9969524 -0.038063873
1541976467770269.0 -1.9526281 0.87953573 -2.0092022 0.0011811241 -0.064499155 0.997064 -0.041254602
1541976467801332.0 -2.0004497 0.88250023 -2.0302968 0.003845818 -0.06023122 0.99722695 -0.043543123
1541976467832481.0 -2.0310845 0.8926979 -2.0625 0.0063247457 -0.05856318 0.9972141 -0.045766395
1541976467863695.0 -2.0680714 0.89007705 -2.0885143 0.009370062 -0.054566044 0.9973305 -0.04760981
1541976467894965.0 -2.103379 0.88822544 -2.1077242 0.011185538 -0.05101446 0.99744666 -0.048709277
1541976467926275.0 -2.139907 0.8946106 -2.1365736 0.0131343575 -0.05176428 0.99723345 -0.051705454
1541976467957604.0 -2.1723564 0.8981801 -2.163483 0.01565351 -0.053394813 0.99697214 -0.054319095
1541976467988942.0 -2.1939607 0.9049958 -2.1973464 0.016668433 -0.0502976 0.9970679 -0.055208046
1541976468020294.0 -2.2217371 0.90985876 -2.2255113 0.019074064 -0.046945743 0.9970446 -0.057744242
1541976468051663.0 -2.2412672 0.9217402 -2.2549975 0.022501633 -0.044977378 0.99694926 -0.059690546
1541976468083039.0 -2.2575705 0.9294677 -2.2918727 0.025723089 -0.03848063 0.99706537 -0.060978103
1541976468114415.0 -2.2797084 0.9384074 -2.3283525 0.0287543 -0.030636238 0.9971684 -0.06236882
1541976468145780.0 -2.300416 0.941697 -2.352681 0.03312265 -0.020810314 0.9971362 -0.064724825
1541976468177124.0 -2.3246868 0.95516914 -2.3799217 0.035574816 -0.0046282727 0.99715906 -0.06623374
1541976468208433.0 -2.3425524 0.9695749 -2.4024687 0.03726538 0.014029651 0.9968556 -0.068508
1541976468239696.0 -2.3698936 0.97292197 -2.4314945 0.040695935 0.027801547 0.9961986 -0.07182882
1541976468270913.0 -2.3964617 0.9642424 -2.4516642 0.041859664 0.038630966 0.99574167 -0.072484456
1541976468302089.0 -2.4178112 0.94689274 -2.4858925 0.04348098 0.04450109 0.995456 -0.072087534
1541976468333235.0 -2.4432557 0.9289055 -2.5024602 0.044608127 0.048638467 0.99537224 -0.069846354
1541976468364363.0 -2.4628775 0.9237856 -2.5441182 0.044281017 0.051336076 0.99540913 -0.06756086
1541976468395486.0 -2.4840374 0.9198717 -2.5757215 0.04372866 0.056160327 0.99540097 -0.064115666
1541976468426600.0 -2.5051644 0.9352625 -2.6326108 0.042430352 0.063522846 0.9951209 -0.06244154
1541976468457687.0 -2.533326 0.9329763 -2.6433697 0.043694317 0.064945415 0.99477977 -0.06546833
1541976468488732.0 -2.5498207 0.9479241 -2.6778286 0.04430937 0.06734736 0.9944632 -0.067409284
1541976468519719.0 -2.5601954 0.96190035 -2.7020874 0.045834456 0.06956502 0.99407774 -0.0697812
1541976468550651.0 -2.553995 0.9931396 -2.7447224 0.0460992 0.069515236 0.9938615 -0.07267689
1541976468581549.0 -2.5340734 1.0238307 -2.7669468 0.045570135 0.06743083 0.9939318 -0.07400107
1541976468612431.0 -2.4906456 1.0493451 -2.758044 0.046971127 0.06632875 0.99410397 -0.07177489
1541976468643318.0 -2.4184334 1.059067 -2.7282417 0.050562687 0.06245419 0.9941754 -0.071820885
1541976468674230.0 -2.3537674 1.0777795 -2.7139008 0.0568781 0.06146596 0.99387866 -0.07205575
1541976468705169.0 -2.2988312 1.0776223 -2.6542184 0.063179694 0.06469309 0.9934021 -0.070537195
1541976468736101.0 -2.2219012 1.0920936 -2.632402 0.06973251 0.062199224 0.99322104 -0.06914208
1541976468767007.0 -2.134552 1.0965894 -2.5617592 0.073952526 0.06332962 0.9932354 -0.06327639
1541976468797877.0 -2.065015 1.0943673 -2.5224051 0.077860005 0.06236509 0.99326473 -0.05893776
1541976468828700.0 -2.0096169 1.0815021 -2.5056725 0.08023849 0.059820056 0.99328214 -0.058085766
1541976468859448.0 -1.9474816 1.0804696 -2.4745507 0.085245274 0.05616405 0.9932418 -0.055223864
1541976468890095.0 -1.8829858 1.0742934 -2.4166877 0.089697115 0.051858053 0.99308926 -0.05512631
1541976468920642.0 -1.8369018 1.0799538 -2.3872576 0.09155389 0.052682202 0.99292195 -0.054300673
1541976468951080.0 -1.7985415 1.0797628 -2.3594904 0.09348279 0.05222495 0.9928266 -0.053188022
1541976468981398.0 -1.7646866 1.069152 -2.3293808 0.09865874 0.05076638 0.9924583 -0.052113112
1541976469011616.0 -1.7247727 1.0640105 -2.304941 0.10307035 0.050166212 0.9921431 -0.05011974
1541976469041748.0 -1.6992241 1.0587953 -2.2882907 0.10526059 0.05176391 0.9918426 -0.049889363
1541976469071786.0 -1.6715679 1.0523531 -2.265899 0.1051186 0.05170866 0.9917791 -0.05148469
1541976469101714.0 -1.6584638 1.0461684 -2.2478957 0.10775005 0.052177064 0.9915317 -0.050322182
1541976469131532.0 -1.6597004 1.031022 -2.1910107 0.11235174 0.0515678 0.99121773 -0.046960272
1541976469161277.0 -1.6403242 1.0108294 -2.146488 0.1107586 0.053772252 0.991371 -0.044996694
1541976469190980.0 -1.6286911 0.9893981 -2.121433 0.10734966 0.05417593 0.9917093 -0.04531857
1541976469220641.0 -1.6203593 0.98933077 -2.1261482 0.10304823 0.05156179 0.9924925 -0.041001514
1541976469250264.0 -1.5900761 0.96222794 -2.0828893 0.099629365 0.044904582 0.9931722 -0.040823117
1541976469279872.0 -1.5501814 0.9182942 -2.0116715 0.09506864 0.04254989 0.9937414 -0.04036794
1541976469309473.0 -1.4913851 0.8833542 -1.956423 0.09148299 0.040561084 0.99429345 -0.036963146
1541976469339044.0 -1.4666487 0.87430143 -1.9366835 0.088286355 0.036209896 0.9949288 -0.03179742
1541976469368554.0 -1.4535323 0.8597418 -1.9236627 0.08532581 0.03276158 0.99545306 -0.026823355
1541976469397944.0 -1.4265039 0.8337815 -1.892966 0.08263025 0.026586203 0.9958968 -0.025594166
1541976469427102.0 -1.4022607 0.81561285 -1.8996707 0.07666199 0.02249324 0.99647284 -0.025670422
1541976469455927.0 -1.3956064 0.8159721 -1.8733096 0.07529837 0.019092254 0.99664843 -0.025643462
1541976469484393.0 -1.4025197 0.82135004 -1.8790919 0.07245787 0.020585457 0.9968364 -0.0253617
1541976469512578.0 -1.4491429 0.8589745 -1.9247943 0.0638698 0.028731747 0.9973749 -0.018398248
1541976469540609.0 -1.4588567 0.849215 -1.9454063 0.06382388 0.017113034 0.9974127 -0.028313385
1541976469568602.0 -1.4337707 0.8650272 -2.0064363 0.044943728 0.025597591 0.99837834 -0.023780398
1541976469596644.0 -1.4707372 0.87029934 -2.0317461 0.04045868 0.02163659 0.99863 -0.025163455
1541976469624815.0 -1.4996097 0.86959124 -2.0471647 0.035333265 0.019252421 0.99889296 -0.024367837
1541976469653179.0 -1.5412605 0.86632186 -2.1054993 0.030815024 0.025064992 0.9989365 -0.023411356
1541976469681775.0 -1.5823154 0.8653617 -2.1292725 0.02841338 0.024896057 0.99902195 -0.022980742
1541976469710626.0 -1.6147723 0.86388576 -2.1792643 0.024680236 0.024265064 0.99914944 -0.022418464
1541976469739752.0 -1.6208407 0.86421514 -2.1660202 0.020049533 0.023807704 0.9993816 -0.016360579
1541976469769153.0 -1.7401396 0.8925456 -2.2525964 0.024426572 0.016517248 0.999428 -0.016560987
1541976469798779.0 -1.7617773 0.88819546 -2.2736557 0.024358721 0.01380688 0.999475 -0.016302407
1541976469828553.0 -1.7974062 0.8812336 -2.3084633 0.023911435 0.01573933 0.9994709 -0.015443248
1541976469858405.0 -1.8546683 0.88592345 -2.3682954 0.025830561 0.020598575 0.9993424 -0.014941796
1541976469888265.0 -1.8409045 0.90390325 -2.421207 0.02630927 0.024548076 0.9992026 -0.01730486
1541976469918060.0 -1.8282841 0.90644354 -2.4489617 0.02774879 0.0357472 0.99882704 -0.017229082
1541976469947741.0 -1.8744118 0.884057 -2.600529 0.0080400845 0.06381623 0.9977741 -0.017601257
1541976469977303.0 -1.8912859 0.8832516 -2.6549876 0.011004754 0.06633636 0.99749726 -0.021856016
1541976470006748.0 -1.9201919 0.8841877 -2.7017186 0.012160619 0.069923334 0.997166 -0.024957426
1541976470036059.0 -1.9611609 0.8772296 -2.759332 0.01175518 0.07550766 0.9966961 -0.027517863
1541976470065241.0 -2.1296856 0.84573305 -2.8828619 0.014324568 0.08540424 0.9957261 -0.03210204
1541976470094312.0 -2.189075 0.83661425 -2.9335432 0.009897458 0.08655774 0.9956707 -0.032401357
1541976470123302.0 -2.3482273 0.80334985 -3.0250297 0.008937987 0.08191812 0.9958828 -0.037776373
1541976470152250.0 -2.4382005 0.79222226 -3.0586069 0.0031863984 0.075780034 0.99637866 -0.03842961
1541976470181197.0 -2.5252776 0.8034817 -3.1264153 -0.0040001445 0.07147011 0.9967252 -0.037615214
1541976470210209.0 -2.603292 0.80807334 -3.1702209 -0.007779935 0.06661331 0.9969979 -0.038697936
1541976470239351.0 -2.7584865 0.8016976 -3.2332256 -0.0073253433 0.063928634 0.99706596 -0.041460287
1541976470268663.0 -2.8192325 0.8094567 -3.2512174 -0.012897719 0.058910016 0.9972985 -0.041941445
1541976470298161.0 -3.0110369 0.7989423 -3.2539191 -0.011148905 0.05860407 0.9972972 -0.042889602
1541976470327837.0 -3.1294262 0.79147935 -3.2653913 -0.012929618 0.05509035 0.99749166 -0.042523928
1541976470357677.0 -3.2182007 0.78038925 -3.3073957 -0.011671161 0.051803835 0.9976226 -0.043924022
1541976470387662.0 -3.3557515 0.71943545 -3.3225088 -0.0047663325 0.055919215 0.9971638 -0.050147776
1541976470417767.0 -3.4143236 0.7123375 -3.344564 -0.0054305163 0.054939438 0.99722594 -0.049927294
1541976470447956.0 -3.485412 0.6904748 -3.345505 -0.001487525 0.05533985 0.99714077 -0.051436376
1541976470478195.0 -3.558714 0.67254096 -3.340393 0.0060762046 0.057268877 0.996936 -0.052933734
1541976470508455.0 -3.5271192 0.71103805 -3.417175 0.0019478251 0.050896805 0.9971896 -0.05494372
1541976470538713.0 -3.5738876 0.70168984 -3.4300547 0.0063316645 0.05397275 0.9968349 -0.05802781
1541976470568944.0 -3.6255808 0.6913825 -3.452533 0.009380043 0.05518549 0.9965901 -0.060621426
1541976470599126.0 -3.67309 0.66813636 -3.442051 0.016377874 0.05956302 0.9960237 -0.064194396
1541976470629238.0 -3.7023866 0.67184526 -3.4937127 0.017859545 0.06364394 0.9955892 -0.066578664
1541976470659266.0 -3.7334797 0.6612873 -3.5140698 0.02040052 0.06946992 0.9949474 -0.06955278
1541976470689205.0 -3.775029 0.6510343 -3.5468342 0.021652948 0.075096905 0.9944523 -0.07040156
1541976470719049.0 -3.818676 0.6386842 -3.5581799 0.024827037 0.07598286 0.99412555 -0.072970234
1541976470748794.0 -3.8362474 0.6148235 -3.5626094 0.026898999 0.078505166 0.9936075 -0.076534234
1541976470778445.0 -3.867804 0.60133183 -3.5777347 0.028385187 0.08189615 0.9932902 -0.07656357
1541976470808005.0 -3.8324535 0.6418859 -3.6182637 0.02100659 0.08130305 0.9936797 -0.07449326
1541976470837484.0 -3.832176 0.65481055 -3.627994 0.019971235 0.08550727 0.9934103 -0.07365888
1541976470866894.0 -3.817752 0.66766614 -3.6337643 0.020402163 0.08810553 0.99341327 -0.07036575
1541976470896244.0 -3.7660794 0.6915066 -3.6608558 0.019324837 0.090591736 0.99341935 -0.06736218
1541976470925550.0 -3.7317314 0.7119694 -3.6432188 0.023060363 0.09587205 0.99290866 -0.066401854
1541976470954830.0 -3.6370451 0.742382 -3.5507956 0.020736003 0.10302825 0.99249315 -0.062550515
1541976470984088.0 -3.5683458 0.7760063 -3.533286 0.022313846 0.107110545 0.99210304 -0.061327484
1541976471013344.0 -3.5681152 0.78025895 -3.5249457 0.03188226 0.11119675 0.991358 -0.06187172
1541976471042633.0 -3.4815884 0.8094172 -3.5098069 0.033125278 0.11170437 0.9914122 -0.059386037
1541976471071987.0 -3.356011 0.8578398 -3.5162594 0.03013342 0.10723858 0.99206525 -0.058296345
1541976471101430.0 -3.2645326 0.88381976 -3.4747522 0.031966835 0.10346675 0.9924481 -0.057616778
1541976471130961.0 -3.2025096 0.8655765 -3.4123335 0.0382929 0.105671845 0.9917574 -0.061518215
1541976471160558.0 -3.1221695 0.8748985 -3.3706362 0.044969223 0.10667036 0.991436 -0.06044775
1541976471190208.0 -3.082228 0.8915924 -3.3184962 0.050755005 0.104583144 0.99149805 -0.058464244
1541976471219891.0 -2.996228 0.89954805 -3.2804885 0.05355717 0.101502106 0.99165416 -0.0587449
1541976471249587.0 -2.9629548 0.8892962 -3.3306344 0.05568879 0.10378523 0.99124014 -0.05975385
1541976471279275.0 -2.8338017 0.8902546 -3.287837 0.0573373 0.09953276 0.99177766 -0.056417476
1541976471308943.0 -2.846438 0.89145887 -3.2387023 0.067390084 0.09522663 0.991743 -0.053256705
1541976471338556.0 -2.789849 0.8878445 -3.2107358 0.07211425 0.09000123 0.99186987 -0.053791508
1541976471368054.0 -2.7214599 0.8980627 -3.2015507 0.07139255 0.089929655 0.9920179 -0.052117936
1541976471397366.0 -2.651805 0.9011902 -3.167608 0.076598115 0.0871697 0.991884 -0.051965345
1541976471426458.0 -2.6669624 0.88971835 -3.1601727 0.08743797 0.08834461 0.9908356 -0.052865725
1541976471455306.0 -2.586647 0.89299536 -3.1364715 0.09094604 0.08858366 0.9905157 -0.052540172
1541976471483887.0 -2.549302 0.8898101 -3.1166246 0.09324992 0.08885354 0.9902212 -0.053587113
1541976471512172.0 -2.5524588 0.8846198 -3.1203938 0.09515022 0.08811448 0.9900153 -0.0552448
1541976471540148.0 -2.5192606 0.87606364 -3.1035275 0.09130197 0.08747091 0.9905271 -0.053561628
1541976471567845.0 -2.4925106 0.86549747 -3.0989916 0.0836277 0.0865756 0.99132794 -0.05272573
1541976471595312.0 -2.472068 0.8526608 -3.087176 0.07680061 0.08658508 0.9919958 -0.05048924
1541976471622600.0 -2.5070364 0.8386704 -3.097386 0.06720421 0.084614396 0.99294883 -0.048752114
1541976471649766.0 -2.5614934 0.8289996 -3.0956845 0.06274694 0.08307429 0.99350727 -0.045878474
1541976471676875.0 -2.6170943 0.81761336 -3.1319246 0.05721674 0.08088049 0.99405456 -0.045168478
1541976471703989.0 -2.6921897 0.8208014 -3.1241493 0.04800667 0.08649911 0.9943379 -0.03879964
1541976471731162.0 -2.7441516 0.80122036 -3.1416163 0.041424163 0.08353707 0.9949251 -0.03781252
1541976471758431.0 -2.7642498 0.79495716 -3.1653206 0.034633834 0.08187371 0.9954142 -0.03532437
1541976471785828.0 -2.792118 0.7917249 -3.190751 0.02476231 0.0785816 0.9961246 -0.03078213
1541976471813371.0 -2.832719 0.77941436 -3.22187 0.019780893 0.07723061 0.9963929 -0.02907524
1541976471841070.0 -2.8531127 0.77745 -3.2358243 0.012538067 0.07660221 0.9966662 -0.025130495
1541976471868916.0 -2.8580124 0.7805992 -3.2475464 0.009455027 0.07606726 0.9968015 -0.022610974
1541976471896887.0 -2.8830445 0.7806691 -3.2485778 4.9321556e-05 0.07418003 0.9970376 -0.020331979
1541976471924951.0 -2.9332824 0.7734106 -3.2758598 -0.0026835608 0.073729485 0.99708647 -0.019376898
1541976471953080.0 -2.9704208 0.7692048 -3.2999077 -0.0048409556 0.073534034 0.9971062 -0.018671937
1541976471981269.0 -2.9414678 0.77667284 -3.2857716 -0.008591088 0.07484457 0.9970103 -0.017175626
1541976472009523.0 -2.960634 0.77510476 -3.2995543 -0.012935078 0.07823186 0.996764 -0.013190756
1541976472037830.0 -3.0494118 0.75482863 -3.3872921 -0.0108267935 0.07945467 0.996615 -0.018120777
1541976472066186.0 -3.0900054 0.74725384 -3.4197838 -0.011575445 0.082640395 0.9963685 -0.016924983
1541976472094585.0 -3.125765 0.7435728 -3.4514768 -0.013567671 0.08430051 0.9962533 -0.013736416
1541976472123013.0 -3.1272235 0.7417379 -3.460156 -0.01780446 0.085287675 0.9961342 -0.011210916
1541976472151444.0 -3.1465354 0.74466825 -3.4794593 -0.02177995 0.08447495 0.99615616 -0.007914038
1541976472179846.0 -3.1859572 0.7327726 -3.518991 -0.02273717 0.08518944 0.9960766 -0.0075691626
1541976472208163.0 -3.2124176 0.7289352 -3.555628 -0.02443619 0.08702 0.9958933 -0.0052031484
1541976472236334.0 -3.2206204 0.732452 -3.5727153 -0.026453262 0.08738322 0.9958208 -0.0023055284
1541976472264326.0 -3.2484841 0.73792857 -3.6221068 -0.028872563 0.08736259 0.9957581 -0.00012386624
1541976472292122.0 -3.2757986 0.7443841 -3.6739779 -0.030859068 0.087990694 0.9956391 0.0028718954
1541976472319722.0 -3.2904637 0.7492464 -3.70445 -0.031396072 0.09105723 0.99533546 0.005494901
1541976472347143.0 -3.3087204 0.75497216 -3.7454367 -0.03357709 0.097020864 0.9946822 0.008184525
1541976472374410.0 -3.3110175 0.7694116 -3.7409158 -0.036390565 0.10053376 0.99417895 0.013301562
1541976472401542.0 -3.3302176 0.77767825 -3.7693393 -0.040231273 0.10315263 0.9937222 0.01604089
1541976472428547.0 -3.3618054 0.7842908 -3.8134613 -0.0452741 0.10445696 0.9933152 0.019075772
1541976472455436.0 -3.3972716 0.79294866 -3.8655732 -0.049967837 0.1045346 0.99299705 0.023080055
1541976472482216.0 -3.4252605 0.78694165 -3.8995383 -0.053286787 0.10469579 0.99274105 0.025779054
1541976472508901.0 -3.4304888 0.7899729 -3.921516 -0.058256604 0.10331477 0.992505 0.029430578
1541976472535485.0 -3.45185 0.79264843 -3.9527454 -0.06158524 0.10372101 0.9921938 0.03163362
1541976472561966.0 -3.4887733 0.7985854 -4.0062284 -0.0637032 0.10521996 0.99181646 0.034216736
1541976472588339.0 -3.5238752 0.7987236 -4.0519967 -0.06345104 0.10765955 0.9914788 0.036785707
1541976472614618.0 -3.5346456 0.8071146 -4.079482 -0.064559884 0.11090957 0.99097335 0.03876889
1541976472640824.0 -3.5488522 0.81524444 -4.099998 -0.06680969 0.111125804 0.99077797 0.03932737
1541976472666970.0 -3.5613303 0.8317645 -4.129051 -0.06887845 0.11086905 0.9905975 0.0409929
1541976472693066.0 -3.6051803 0.83634615 -4.197478 -0.06683766 0.10918238 0.9909274 0.040925775
1541976472719133.0 -3.6285522 0.84900993 -4.254147 -0.067896456 0.109777 0.99080926 0.040448815
1541976472745202.0 -3.6536427 0.8588011 -4.3013277 -0.06896348 0.109092064 0.9908742 0.038876444
1541976472771291.0 -3.6774461 0.87011725 -4.324753 -0.06888811 0.10718962 0.9911395 0.037515942
1541976472797406.0 -3.7095926 0.8927608 -4.368988 -0.0697027 0.10587593 0.991292 0.03566583
1541976472823559.0 -3.7648654 0.9309922 -4.4379153 -0.06953669 0.10706947 0.99121577 0.0345262
1541976472849771.0 -3.77673 0.95249164 -4.473446 -0.07049953 0.10803093 0.9911108 0.032534838
1541976472876067.0 -3.7989666 0.9622907 -4.49073 -0.06987425 0.10874 0.99116176 0.029861815
1541976472902459.0 -3.8108451 0.966166 -4.5336957 -0.06901371 0.10375723 0.99188775 0.025106288
1541976472928966.0 -3.8294609 0.9814159 -4.585242 -0.06986086 0.10040527 0.9922326 0.02264404
1541976472955606.0 -3.8877535 0.9989755 -4.6354437 -0.068984196 0.09711833 0.99262697 0.022381658
1541976472982396.0 -3.921102 1.0107647 -4.653632 -0.0689551 0.0920349 0.99314386 0.020980293
1541976473009346.0 -3.9543424 1.0184884 -4.6772666 -0.068764925 0.0853014 0.9938204 0.017776577
1541976473036440.0 -3.9974196 1.0351048 -4.701984 -0.07240844 0.07932759 0.99409306 0.015593501
1541976473063663.0 -4.055998 1.0502739 -4.7398863 -0.074389815 0.071919195 0.99456084 0.011945341
1541976473091019.0 -4.1227083 1.0674782 -4.769356 -0.075223036 0.06411665 0.9950818 0.006548384
1541976473118525.0 -4.155573 1.0871379 -4.782698 -0.07594492 0.06338253 0.9950902 0.0032591445
1541976473146206.0 -4.180077 1.0970874 -4.8116846 -0.07797527 0.06821967 0.9946181 0.00090134406
1541976473174097.0 -4.224623 1.0891367 -4.8378463 -0.0765173 0.070204705 0.9945935 -0.0005798477
1541976473202220.0 -4.2746334 1.0819784 -4.8596835 -0.078680746 0.066088684 0.99470675 0.0005272338
1541976473230559.0 -4.316088 1.0671909 -4.867626 -0.08296515 0.058955543 0.9948048 0.0021319161
1541976473259064.0 -4.3426385 1.0520729 -4.867493 -0.090274 0.053265646 0.9944786 0.0050832108
1541976473287657.0 -4.377527 1.0367587 -4.8568177 -0.09477283 0.046812635 0.9943669 0.007831252
1541976473316263.0 -4.407596 1.0183511 -4.842415 -0.09951987 0.04085204 0.9941361 0.01096984
1541976473344818.0 -4.4244094 0.99830717 -4.8228717 -0.1032452 0.033995904 0.99397504 0.014084826
1541976473373290.0 -4.4227376 0.9800948 -4.807 -0.10749811 0.028642602 0.99363405 0.017752033
1541976473401676.0 -4.417671 0.9602875 -4.7805586 -0.11091742 0.025196092 0.993291 0.020870432
1541976473429985.0 -4.410941 0.9543556 -4.7548623 -0.112851135 0.018229552 0.9932107 0.021562919
1541976473458223.0 -4.3973308 0.9425395 -4.7318664 -0.11399934 0.012925428 0.9931494 0.022170605
1541976473486406.0 -4.374136 0.93466234 -4.7060733 -0.115956955 0.0094496105 0.99290794 0.024467092
1541976473514569.0 -4.3446 0.9476973 -4.7026114 -0.11930276 0.0058727344 0.9925661 0.023344437
1541976473542745.0 -4.333363 0.9423336 -4.6599536 -0.11840428 0.00071198656 0.9927401 0.02114459
1541976473570950.0 -4.3094254 0.950911 -4.632555 -0.11841912 -0.003176877 0.9927704 0.01933732
1541976473599200.0 -4.269145 0.9525222 -4.5778418 -0.11810233 -0.0043781726 0.9928328 0.017773217
1541976473627527.0 -4.23553 0.9550589 -4.531021 -0.116835386 -0.0031618301 0.9930386 0.014627966
1541976473655955.0 -4.2035065 0.9602986 -4.4895616 -0.113572866 -0.0027592562 0.9934731 0.010238849
1541976473684489.0 -4.1697297 0.9682419 -4.445965 -0.11090595 -0.0007829047 0.99380773 0.0067449203
1541976473713120.0 -4.1389875 0.9756616 -4.409502 -0.10790176 0.0020380807 0.994152 0.0038497562
1541976473741840.0 -4.1086736 0.9845776 -4.376229 -0.10512213 0.004377686 0.9944495 0.0007135825
1541976473770642.0 -4.0745697 0.9954885 -4.331989 -0.10291691 0.009616526 0.99464107 -0.002195984
1541976473799509.0 -4.045337 1.0049533 -4.292338 -0.101314776 0.013938195 0.9947472 -0.004362636
1541976473828420.0 -4.020648 1.0135146 -4.2501736 -0.09968581 0.014997478 0.9948849 -0.0064743953
1541976473857363.0 -3.9999354 1.0209475 -4.2173934 -0.09875367 0.01474443 0.9949614 -0.0090699345
1541976473886330.0 -3.972857 1.0197375 -4.166617 -0.09848861 0.0150303105 0.99496466 -0.010932825
1541976473915317.0 -3.9465714 1.020609 -4.129981 -0.09740038 0.016576651 0.99502534 -0.012770444
1541976473944330.0 -3.9163265 1.0276316 -4.091787 -0.096096076 0.018611345 0.9951042 -0.01367443
1541976473973380.0 -3.8802235 1.0336999 -4.0520616 -0.095897466 0.022489594 0.99504745 -0.013358588
1541976474002468.0 -3.8450224 1.0299197 -4.016211 -0.09429942 0.025562536 0.99512804 -0.013205558
1541976474031574.0 -3.8046346 1.0331926 -3.9817116 -0.09321511 0.027422272 0.9951801 -0.0132536525
1541976474060687.0 -3.7678478 1.0363212 -3.9496062 -0.092375144 0.027601508 0.99524444 -0.013912867
1541976474089806.0 -3.7325077 1.0382947 -3.920612 -0.09117287 0.026994446 0.9953586 -0.014836342
1541976474118925.0 -3.6920836 1.0418965 -3.8885372 -0.09106674 0.026171861 0.9953969 -0.014383299
1541976474148048.0 -3.6503642 1.0526422 -3.8592463 -0.09238924 0.029065827 0.995222 -0.012357531
1541976474177174.0 -3.6170735 1.0600765 -3.837183 -0.09382252 0.03079626 0.99506074 -0.010151443
1541976474206297.0 -3.5883198 1.0645444 -3.8212306 -0.095178366 0.029438132 0.9949653 -0.010889516
1541976474235415.0 -3.5613852 1.0753877 -3.8034375 -0.099696405 0.026946018 0.9946233 -0.007688276
1541976474264522.0 -3.5383797 1.0913208 -3.7895908 -0.104056165 0.022725891 0.994301 -0.0046316846
1541976474293617.0 -3.516593 1.0996916 -3.7807121 -0.108337365 0.016523493 0.99397224 -0.0030391905
1541976474322703.0 -3.4948053 1.11082 -3.7756312 -0.11212684 0.012501246 0.9936146 -0.0011921284
1541976474351779.0 -3.4687815 1.1261592 -3.7688928 -0.11591239 0.008432435 0.9932236 0.00049374765
1541976474380847.0 -3.4588716 1.1310179 -3.7304578 -0.11924032 0.0071599623 0.9928367 0.0023907798
1541976474409904.0 -3.4346275 1.1394382 -3.7174296 -0.121977784 0.0016635007 0.9925291 0.0021812445
1541976474438963.0 -3.4059312 1.1495571 -3.6984959 -0.12466488 -0.0036921035 0.9921836 0.004100422
1541976474468049.0 -3.3623586 1.1495295 -3.6817057 -0.12740785 -0.007204517 0.9918114 0.0050566564
1541976474497181.0 -3.3274207 1.1473516 -3.6590314 -0.1293771 -0.010624463 0.99151385 0.0070107398
1541976474526367.0 -3.2864487 1.1533496 -3.6524575 -0.13077612 -0.016931977 0.99123687 0.007771158
1541976474555599.0 -3.251915 1.1542143 -3.6337738 -0.13192979 -0.022164246 0.9909751 0.008469407
1541976474584846.0 -3.207567 1.1535944 -3.6230495 -0.13186705 -0.02770636 0.9908384 0.009099901
1541976474614091.0 -3.1598785 1.1508831 -3.6089568 -0.13233604 -0.030628964 0.99065864 0.012024565
1541976474643332.0 -3.1150937 1.1554769 -3.5918193 -0.13253123 -0.035848532 0.9904459 0.012934291
1541976474672569.0 -3.090835 1.1652396 -3.5651777 -0.13245562 -0.03937525 0.9903074 0.014015003
1541976474701783.0 -3.051402 1.1692222 -3.5481808 -0.13006714 -0.044276927 0.9904112 0.014410522
1541976474730961.0 -2.9986038 1.1764389 -3.534921 -0.13111769 -0.049075063 0.9900549 0.013828087
1541976474760121.0 -2.9686027 1.1882232 -3.5221038 -0.12685217 -0.050926905 0.9905115 0.0142126465
1541976474789299.0 -2.9249125 1.1973304 -3.509148 -0.12424169 -0.055031937 0.9906544 0.011804284
1541976474818514.0 -2.8615873 1.206066 -3.5006797 -0.12271749 -0.05730216 0.9907346 0.010099629
1541976474847788.0 -2.816897 1.2161783 -3.4920409 -0.11780985 -0.057213508 0.991342 0.009413021
1541976474877149.0 -2.7778053 1.2334809 -3.4791539 -0.115378834 -0.05433859 0.99177074 0.01122161
1541976474906619.0 -2.7356226 1.2391388 -3.468079 -0.11422468 -0.057325747 0.9917427 0.010628881
1541976474936211.0 -2.7028823 1.2440679 -3.4704628 -0.10880923 -0.06139011 0.99213517 0.0077293497
1541976474965923.0 -2.6594033 1.2671801 -3.4491901 -0.108412884 -0.06431314 0.9919692 0.01037221
1541976474995759.0 -2.6217964 1.2734358 -3.4433985 -0.10589721 -0.06814315 0.99199766 0.009113224
1541976475025729.0 -2.597907 1.2732038 -3.4281392 -0.099690735 -0.07371069 0.99226743 0.005825047
1541976475055833.0 -2.6036716 1.2734263 -3.4354885 -0.09570251 -0.077523 0.99238366 0.0024238627
1541976475086059.0 -2.5730307 1.2811558 -3.4377587 -0.09669587 -0.07801857 0.9922451 0.0035697033
1541976475116406.0 -2.5216024 1.2847228 -3.3910608 -0.10833398 -0.072945006 0.9913455 0.0133032845
1541976475146869.0 -2.513143 1.265553 -3.3932772 -0.115926534 -0.07514532 0.99029475 0.015186775
1541976475177421.0 -2.5152366 1.2474984 -3.3841546 -0.12086102 -0.079532586 0.9893125 0.018108582
1541976475208003.0 -2.5239482 1.2328196 -3.3779294 -0.12698865 -0.08267831 0.98818904 0.022819024
