42592.61646234676 -0.0 -0.0 -0.0 -0.0 -0.0 1.0 -0.0
92609.61646234676 -0.0 -0.0 -0.0 -0.0 -0.0 1.0 -0.0
142626.61646234675 -0.0 -0.0 -0.0 -0.0 -0.0 1.0 -0.0
192643.61646234675 0.011523196 -7.7635166e-05 0.001406205 0.01400374 0.0034925074 0.99989563 -0.0007060981
242661.61646234675 0.011523196 -7.7635166e-05 0.001406205 0.01400374 0.0034925074 0.99989563 -0.0007060981
292678.61646234675 0.011523196 -7.7635166e-05 0.001406205 0.01400374 0.0034925074 0.99989563 -0.0007060981
342695.61646234675 0.017321527 -0.01156428 0.0043836394 0.024012871 0.005356866 0.99968535 0.0049045375
392712.61646234675 0.017321527 -0.01156428 0.0043836394 0.024012871 0.005356866 0.99968535 0.0049045375
442730.61646234675 0.014226556 -0.019769952 0.0041221003 0.022446632 0.0034186246 0.9996702 0.012000151
492747.61646234675 0.014226556 -0.019769952 0.0041221003 0.022446632 0.0034186246 0.9996702 0.012000151
542764.6164623467 0.008686881 -0.026684172 0.0074002715 0.012568222 0.0032737115 0.99973404 0.01905963
592781.6164623467 0.008686881 -0.026684172 0.0074002715 0.012568222 0.0032737115 0.99973404 0.01905963
642799.6164623467 5.0026127e-05 -0.031334456 0.011439085 -0.0019309627 0.0034433734 0.9996752 0.025179205
692816.6164623467 5.0026127e-05 -0.031334456 0.011439085 -0.0019309627 0.0034433734 0.9996752 0.025179205
742833.6164623467 -0.013726851 -0.033909135 0.013132429 -0.01728243 0.0011075068 0.99944556 0.028438013
792850.6164623467 -0.013726851 -0.033909135 0.013132429 -0.01728243 0.0011075068 0.99944556 0.028438013
842868.6164623467 -0.019829305 -0.035516284 0.015047338 -0.03647976 -0.0023888047 0.9989749 0.026696136
892885.6164623467 -0.022911707 -0.03211463 0.015291487 -0.0467994 -0.0047647147 0.9985263 0.027063992
942902.6164623467 -0.028172879 -0.03133518 0.01665189 -0.05523106 -0.0059887855 0.9981519 0.024626348
992919.6164623467 -0.03213929 -0.029767875 0.015234218 -0.06363196 -0.007104929 0.9977154 0.021552205
1042936.6164623467 -0.034290504 -0.02912545 0.015199012 -0.07188446 -0.009089376 0.9972405 0.016172362
1092954.6164623466 -0.037074193 -0.023343723 0.014103767 -0.07882084 -0.00950999 0.9967553 0.013257842
1142971.6164623466 -0.036520537 -0.017662304 0.010565436 -0.084631324 -0.010600496 0.996309 0.009673783
1192988.6164623466 -0.039121516 -0.012489456 0.009614991 -0.086336404 -0.010482941 0.9961963 0.005396926
1243005.6164623466 -0.043631844 -0.007279441 0.011475167 -0.080627985 -0.010412434 0.99668086 0.00423646
1293023.6164623466 -0.041343223 -0.0030540645 0.009829316 -0.08113261 -0.010323552 0.9966496 -0.0008033749
1343040.6164623466 -0.039260995 0.00076129707 0.011274725 -0.07886647 -0.010525397 0.9968167 -0.005076105
1393057.6164623466 -0.035386555 0.0049773906 0.010779208 -0.07663553 -0.008783533 0.9969897 -0.007833707
1443074.6164623466 -0.03484698 0.005593145 0.010379771 -0.069769554 -0.006866032 0.99746746 -0.011992731
1493092.6164623466 -0.032326926 0.009210629 0.011342604 -0.062260766 -0.004567391 0.9979611 -0.013284532
1543109.6164623466 -0.0253796 0.01293112 0.011570229 -0.056169447 -0.0017007965 0.99832296 -0.013906509
1593126.6164623466 -0.020185405 0.015259434 0.01134569 -0.047266237 0.00090908224 0.9987807 -0.01421736
1643143.6164623466 -0.009693691 0.018656727 0.0102074025 -0.04083514 0.004675346 0.9990757 -0.012583334
1693160.6164623466 -0.0021136298 0.01832805 0.009717205 -0.030948134 0.008153097 0.9994102 -0.012449222
1743178.6164623466 0.00685039 0.01930287 0.008768673 -0.020584553 0.010069101 0.99967885 -0.010823628
1793195.6164623466 0.011925406 0.019459842 0.008742225 -0.007881861 0.013730492 0.999829 -0.0095667355
1843212.6164623466 0.021099398 0.016227474 0.009568025 0.0014610549 0.017085202 0.9997995 -0.010341755
1893229.6164623466 0.027811058 0.014332064 0.009041085 0.010482034 0.019503245 0.99970335 -0.010148758
1943247.6164623466 0.03521923 0.009778796 0.009911143 0.017522708 0.021824773 0.9995469 -0.011076835
1993264.6164623466 0.040131528 0.006543097 0.009211739 0.023970472 0.024128735 0.9993727 -0.009869131
2043281.6164623466 0.045537725 0.004286638 0.010072969 0.027374424 0.0246977 0.99929506 -0.0070837364
2093298.6164623469 0.048155665 -0.0012834149 0.010020756 0.030255714 0.024808092 0.9992158 -0.006091764
2143316.616462347 0.048520815 -0.0056224125 0.0108610215 0.032792617 0.024153212 0.9991653 -0.0031732712
2193333.616462347 0.050342742 -0.011049524 0.011470988 0.03217994 0.02286334 0.99922043 -0.000569381
2243350.616462347 0.051185437 -0.01699263 0.009266005 0.03168063 0.019636855 0.9993044 0.0012452081
2293367.616462347 0.050937437 -0.02179143 0.010461745 0.029725688 0.01684697 0.999408 0.0040308503
2343385.616462347 0.048056826 -0.026987633 0.011597838 0.027918788 0.0135279475 0.9995011 0.0059222537
2393402.616462347 0.045346312 -0.032892484 0.013128217 0.023299843 0.010307092 0.9996581 0.005883762
2443419.616462347 0.040827822 -0.03691689 0.014811928 0.019164583 0.0075339447 0.99976623 0.0065983525
2493436.616462347 0.03329837 -0.03936258 0.015854642 0.015649958 0.0043906705 0.9998336 0.008284941
2543453.616462347 0.028809559 -0.043155845 0.017960487 0.008669195 0.0016221899 0.99992704 0.008261761
2593471.616462347 0.020622246 -0.04556509 0.019519717 0.0036936903 -0.0018989083 0.99994844 0.009268447
2643488.616462347 0.011665005 -0.048376825 0.02113361 -0.0025358284 -0.004510063 0.99994206 0.009442813
2693505.616462347 0.0066383225 -0.048412323 0.022254644 -0.011836398 -0.00736125 0.99984044 0.011172838
2743522.616462347 -0.0009176329 -0.04901499 0.023686219 -0.019583927 -0.010000115 0.9996857 0.012043587
2793540.616462347 -0.007001674 -0.048186176 0.024768779 -0.028299736 -0.011927179 0.99943924 0.013350186
2843557.616462347 -0.014168333 -0.047475535 0.025440851 -0.03511315 -0.013805358 0.9991866 0.014235525
2893574.616462347 -0.020644486 -0.04382595 0.026493905 -0.042273305 -0.014892457 0.9988758 0.015443001
2943591.616462347 -0.025675263 -0.039851587 0.027856324 -0.049844936 -0.01555994 0.99851346 0.015628584
2993609.616462347 -0.029863527 -0.037191764 0.028572982 -0.05741275 -0.015838807 0.9981157 0.0147633115
3043626.616462347 -0.035149913 -0.03352442 0.028399771 -0.06288808 -0.01589106 0.997804 0.0134076215
3093643.616462347 -0.038732 -0.02982728 0.028864965 -0.06872771 -0.016725367 0.9974317 0.0112607265
3143660.616462347 -0.039787777 -0.022617593 0.028910147 -0.07445118 -0.016899306 0.997017 0.011340194
3193677.616462347 -0.04338132 -0.020018026 0.028164048 -0.07444481 -0.016715992 0.99706286 0.0066535426
3243695.616462347 -0.043029964 -0.016186154 0.028523011 -0.07662784 -0.016802698 0.9969143 0.0027655563
3293712.616462347 -0.043260794 -0.011122635 0.027266568 -0.07532455 -0.016332597 0.9970253 0.00038718415
3343729.616462347 -0.042902607 -0.0060676057 0.026522847 -0.07323999 -0.01736521 0.99716026 -0.0024141574
3393746.616462347 -0.039937027 -0.0052775303 0.027677301 -0.06969199 -0.017531674 0.9973876 -0.007336287
3443764.616462347 -0.036563136 -0.0018288557 0.026811613 -0.065896854 -0.017614657 0.9976225 -0.009836071
3493781.616462347 -0.034230456 0.0006181305 0.026043339 -0.059724256 -0.01817872 0.9979702 -0.012569769
3543798.616462347 -0.028889714 0.004033881 0.02563274 -0.053913515 -0.017775916 0.9982945 -0.013622302
3593815.616462347 -0.021035042 0.005074467 0.025064971 -0.048899062 -0.016216222 0.998546 -0.015870772
3643833.616462347 -0.015919996 0.0054140743 0.023784846 -0.040172778 -0.015375414 0.9989089 -0.018192967
3693850.616462347 -0.0062170657 0.007841244 0.022340178 -0.033242863 -0.013658467 0.99920124 -0.017472558
3743867.616462347 0.0006530133 0.007933579 0.020501278 -0.023952622 -0.011811666 0.9994958 -0.017172508
3793884.616462347 0.004613176 0.00783039 0.019878352 -0.011895737 -0.009957881 0.99974555 -0.016377168
3843902.616462347 0.0141956555 0.0070722853 0.01857412 -0.004321849 -0.007790483 0.9998443 -0.015232941
3893919.616462347 0.020335035 0.004748066 0.0181663 0.0053032953 -0.0065843863 0.99986416 -0.014152536
3943936.616462347 0.026538443 0.003831802 0.016749728 0.0136432545 -0.0047409358 0.9998373 -0.01081154
3993953.616462347 0.032800473 -0.0002416159 0.01559858 0.020235881 -0.0032331978 0.99975395 -0.008495947
4043970.616462347 0.036879912 -0.0053283395 0.015925784 0.026670564 -0.0019363814 0.9996207 -0.006605218
4093988.616462347 0.041496444 -0.0074969605 0.01525799 0.030669909 -0.0019577825 0.99952704 -0.0011393813
4144005.616462347 0.0424475 -0.013954644 0.015232729 0.035759535 -0.0016319618 0.999358 0.001522796
4194022.6164623466 0.044170227 -0.017762747 0.013261836 0.03709336 -0.0009937558 0.9992855 0.007188282
4244039.616462346 0.045267344 -0.022529932 0.0128134275 0.036476143 -0.0011423579 0.99926555 0.011686372
4294057.616462346 0.043585464 -0.028685179 0.0120456135 0.036163136 -0.0018120585 0.99924177 0.014316192
4344074.616462346 0.04336242 -0.03451975 0.0127836885 0.03133909 -0.0016735016 0.999375 0.016273836
4394091.616462346 0.03873989 -0.039618813 0.01322537 0.028104346 -0.0021339227 0.9994525 0.017333753
4444108.616462346 0.0357779 -0.042487126 0.014604861 0.021743597 -0.0033366696 0.999567 0.0195454
4494126.616462346 0.028015211 -0.044581354 0.015508027 0.017127287 -0.0048912107 0.99959856 0.022034558
4544143.616462346 0.022572096 -0.04754958 0.016300514 0.008300989 -0.0066066277 0.9996692 0.023431202
4594160.616462346 0.014584332 -0.048569728 0.01713613 -0.00012222887 -0.008480645 0.9996312 0.025798682
4644177.616462346 0.007177028 -0.04831348 0.018084839 -0.008169143 -0.009913121 0.99951583 0.02833956
4694194.616462346 0.0003364741 -0.049677603 0.019275445 -0.01719994 -0.0115628075 0.9993906 0.028087614
4744212.616462346 -0.0062726615 -0.048142154 0.021014277 -0.026388189 -0.012703165 0.9991414 0.029306412
4794229.616462346 -0.011392398 -0.04803987 0.021558832 -0.037113383 -0.013212728 0.9988139 0.028613681
4844246.616462346 -0.019649375 -0.044008262 0.022425478 -0.044767275 -0.013188116 0.99846077 0.029969715
4894263.616462346 -0.024529615 -0.042336974 0.023053162 -0.054643523 -0.013658856 0.99801886 0.028034808
4944281.616462346 -0.031276166 -0.038452644 0.024590759 -0.062109113 -0.014468239 0.9976228 0.02611601
4994298.616462346 -0.035942137 -0.035133466 0.025245436 -0.07123372 -0.015170859 0.99708474 0.022751087
5044315.616462346 -0.040117253 -0.032083143 0.025195107 -0.07942998 -0.016049169 0.99654794 0.018046275
5094332.616462346 -0.04557194 -0.025698768 0.025749011 -0.08483548 -0.017047817 0.9961343 0.015129077
5144350.616462346 -0.049433626 -0.020621499 0.025628136 -0.08823402 -0.018186826 0.99587643 0.010686502
5194367.616462346 -0.05282468 -0.017000351 0.025316428 -0.08957409 -0.020319521 0.99576163 0.00474148
5244384.616462346 -0.0525755 -0.012688526 0.026516149 -0.09234186 -0.021053536 0.9955046 -0.0005802134
5294401.616462346 -0.051777758 -0.0051479656 0.025190976 -0.09284538 -0.020624183 0.9954633 -0.0026881248
5344419.616462346 -0.048160154 0.00023663513 0.024819845 -0.09280869 -0.02214198 0.9954183 -0.0062226052
5394436.616462346 -0.04630923 0.005150038 0.024338644 -0.087839566 -0.02228274 0.99584264 -0.009229879
5444453.616462346 -0.0424415 0.0073451675 0.023021892 -0.08179705 -0.022945255 0.99630135 -0.012897583
5494470.616462346 -0.037607327 0.01081841 0.02222625 -0.074094124 -0.021728056 0.996908 -0.014576207
5544487.616462346 -0.030581577 0.011951496 0.021627065 -0.06645728 -0.020123558 0.9974473 -0.016656836
5594505.616462346 -0.028876415 0.012245218 0.021647323 -0.053763356 -0.01914461 0.99819654 -0.01861968
5644522.616462346 -0.020425966 0.010943571 0.02051457 -0.04661688 -0.017198417 0.9985792 -0.019253792
5694539.616462346 -0.0142694665 0.010789867 0.019060131 -0.038557276 -0.015859105 0.9989667 -0.018095005
5744556.616462346 -0.0035642225 0.009786959 0.01785744 -0.03495931 -0.0135033075 0.9991656 -0.016237482
5794574.616462346 0.003518162 0.0068621268 0.01624947 -0.03066519 -0.011763292 0.99935347 -0.014625966
5844591.616462346 0.007769254 0.005256063 0.015188593 -0.026647454 -0.010387839 0.9995263 -0.011367605
5894608.616462346 0.0145189315 0.003984015 0.013333264 -0.027063848 -0.0098571265 0.99955505 -0.0077578006
5944625.616462346 0.01821403 0.0051762895 0.013240043 -0.027117584 -0.010002979 0.9995802 -0.0019975028
5994643.616462346 0.019462349 -0.0008569926 0.013931143 -0.028634856 -0.011612656 0.9995219 -0.0010693782
6044660.616462346 0.02493157 -0.0013638089 0.014095302 -0.03186449 -0.013557465 0.9993966 0.0026945996
6094677.616462346 0.02897536 -0.0019230925 0.0138679985 -0.033010613 -0.016049672 0.9993079 0.0060388977
6144694.616462346 0.03551145 -0.006092926 0.015219061 -0.03596859 -0.017816368 0.99917394 0.006356911
6194711.616462346 0.03597027 -0.008357769 0.018500153 -0.033668444 -0.02055554 0.9991985 0.0068085394
6244729.616462346 0.040041026 -0.011415027 0.018953856 -0.037532285 -0.021590939 0.99903584 0.0072521497
6294746.616462346 0.042038456 -0.012803607 0.022960212 -0.040005267 -0.025423385 0.998853 0.0067815008
6344763.616462346 0.046990108 -0.015204491 0.024120284 -0.04613235 -0.02642531 0.9985655 0.006370532
6394780.616462346 0.047428392 -0.015228507 0.028538542 -0.04628949 -0.02506809 0.99857306 0.008987798
6444798.616462346 0.053057026 -0.01586045 0.03375157 -0.04578109 -0.0243363 0.9986003 0.010456222
6494815.616462346 0.056471683 -0.01814479 0.03918204 -0.041581307 -0.021802973 0.998842 0.010503017
6544832.616462346 0.061853338 -0.020724444 0.04510624 -0.041791316 -0.019919904 0.99888146 0.009625817
6594849.616462346 0.059721846 -0.027360683 0.04914273 -0.04146005 -0.015465521 0.99901307 0.0038418288
6644867.616462346 0.057332978 -0.030831251 0.05395629 -0.039231308 -0.0109211495 0.9991698 0.0011813458
6694884.616462346 0.0615805 -0.030253379 0.056821615 -0.040287845 -0.008065739 0.9991506 0.0031764235
6744901.616462346 0.06189407 -0.034657367 0.059533138 -0.040434398 -0.0059715193 0.9991614 0.0024186403
6794918.616462346 0.06343372 -0.038520206 0.06306456 -0.042671427 -0.0046692733 0.99907565 0.0023073768
6844936.616462346 0.06247295 -0.044317532 0.06642817 -0.041510183 -0.004952852 0.99912506 0.0011942312
6894953.616462346 0.060849734 -0.046734303 0.06691951 -0.04083988 -0.00882687 0.9991214 0.0032530813
6944970.616462346 0.061453715 -0.051863857 0.06943702 -0.044278797 -0.014541553 0.9989091 0.0029156483
6994987.616462346 0.05612291 -0.05472948 0.07004026 -0.04479786 -0.01909736 0.9988055 0.0039987424
7045004.616462346 0.051858258 -0.055951845 0.07056697 -0.047497835 -0.02224975 0.9986126 0.004672884
7095022.616462346 0.050289217 -0.054423027 0.07019295 -0.053516593 -0.024006382 0.998256 0.0066817175
7145039.616462346 0.049365535 -0.054280575 0.07104483 -0.057925817 -0.02424307 0.9980048 0.0065874113
7195056.616462346 0.047295727 -0.050698303 0.07060498 -0.061253577 -0.021950373 0.99784756 0.008154789
7245073.616462346 0.04939995 -0.046169076 0.07166292 -0.066819966 -0.020595752 0.99751663 0.008459451
7295091.616462346 0.047051724 -0.039344933 0.07054658 -0.06596874 -0.016068192 0.9976526 0.008901318
7345108.616462346 0.048393477 -0.03339274 0.07032523 -0.06499045 -0.0122546945 0.9977857 0.007064741
7395125.616462346 0.050415624 -0.026947021 0.06969503 -0.061438657 -0.007392127 0.9980747 0.00418735
7445142.616462346 0.052951455 -0.022817587 0.06972906 -0.05426918 -0.0025872863 0.9985216 -0.0016460458
7495160.616462346 0.06122212 -0.016690124 0.069138005 -0.04950688 0.002939411 0.99875385 -0.0055825
7545177.616462346 0.06743126 -0.012760965 0.0691741 -0.039327797 0.008052702 0.99913067 -0.011242791
7595194.616462346 0.07303861 -0.00904073 0.06785168 -0.02649196 0.012377075 0.9994542 -0.015377341
7645211.616462346 0.085055955 -0.0040522804 0.06616941 -0.016374525 0.015468707 0.9996155 -0.01617404
7695228.616462346 0.092330545 -0.002282022 0.065315984 -0.0008503391 0.017355205 0.9996903 -0.017817998
7745246.616462346 0.10184366 0.00039687217 0.06402597 0.012410423 0.0184331 0.9996085 -0.016999243
7795263.616462346 0.11037821 0.0008340361 0.062290203 0.026996898 0.019720376 0.9993038 -0.016556887
7845280.616462346 0.11902416 0.00053534214 0.060963448 0.04095249 0.021496564 0.9987931 -0.016526261
7895297.616462346 0.12808423 -0.0006950764 0.05904102 0.053593926 0.023460945 0.9981564 -0.016159205
7945315.616462346 0.13630739 -0.00026957438 0.056158774 0.06499267 0.026053019 0.9974654 -0.012654398
7995332.616462346 0.14261012 -0.003534847 0.055010553 0.07615337 0.027546274 0.9966709 -0.009438874
8045349.616462346 0.14823498 -0.009032602 0.053168755 0.08469657 0.028683068 0.995977 -0.0058019008
8095366.616462346 0.152981 -0.013129249 0.05071004 0.09113578 0.027557705 0.9954566 0.0010630559
8145384.616462346 0.15713683 -0.018149894 0.048095413 0.095750704 0.026571061 0.9950088 0.009131429
8195401.616462346 0.15760292 -0.024832275 0.046595115 0.100282684 0.023984399 0.99453694 0.016261473
8245418.616462346 0.15753886 -0.03112314 0.04532252 0.101906344 0.021619067 0.994297 0.022827938
8295435.616462346 0.15808052 -0.036174666 0.042407744 0.09955051 0.017498165 0.9944458 0.029343447
8345453.616462346 0.15630877 -0.044129323 0.04258869 0.09785576 0.013550077 0.9945992 0.031828433
8395470.616462346 0.15411483 -0.05013559 0.042669237 0.09381044 0.009651542 0.9949397 0.034663938
8445487.616462346 0.150278 -0.05450353 0.04295297 0.08889075 0.006027263 0.99526 0.038983963
8495504.616462346 0.14670132 -0.058543555 0.04263092 0.08183887 0.0022768986 0.9957097 0.04312133
8545521.616462346 0.14187172 -0.06240211 0.04394346 0.07502471 -0.00046266188 0.9961068 0.0462865
8595539.616462346 0.13652432 -0.06367097 0.044262588 0.0660057 -0.0034604522 0.9965371 0.050448902
8645556.616462346 0.13011597 -0.06438875 0.046175998 0.05842995 -0.0058972356 0.99683374 0.05360736
8695573.616462346 0.12325723 -0.064369604 0.047157362 0.05022803 -0.0083351815 0.9971286 0.05605581
8745590.616462346 0.11808467 -0.06556086 0.048571203 0.04070974 -0.009736138 0.9975446 0.056149952
8795608.616462346 0.11292981 -0.06220089 0.050966408 0.031397358 -0.00927781 0.9978385 0.056978673
8845625.616462346 0.1065755 -0.061948635 0.053485397 0.024055613 -0.008132951 0.9982859 0.052730326
8895642.616462346 0.10023349 -0.058559813 0.055805825 0.01776361 -0.008118322 0.99861604 0.04883287
8945659.616462346 0.09530861 -0.05465186 0.0585595 0.011644017 -0.0074702147 0.99894077 0.043885622
8995677.616462346 0.09124706 -0.048856933 0.06118034 0.005742923 -0.0066832565 0.9991904 0.0392547
9045694.616462346 0.08762983 -0.04247183 0.06330968 0.0012718787 -0.005157516 0.9993701 0.03508932
9095711.616462346 0.08593374 -0.03616904 0.06498604 -0.002021088 -0.0032181763 0.999507 0.031165397
9145728.616462346 0.08518978 -0.029654399 0.06664918 -0.0030912778 -0.00085480267 0.99962544 0.027179437
9195745.616462346 0.08447503 -0.023963375 0.06783923 -0.0012147989 0.0016183521 0.9997597 0.021830507
9245763.616462346 0.084943905 -0.018042538 0.06933133 0.0011328382 0.005561281 0.999853 0.016179806
9295780.616462346 0.0864614 -0.012755994 0.07120031 0.0034043652 0.010007216 0.9999036 0.009004766
9345797.616462346 0.09021799 -0.008595243 0.07230652 0.0071165347 0.014280423 0.9998722 0.0010556314
9395814.616462346 0.095275596 -0.0037565674 0.07286349 0.0132859135 0.019088518 0.9997141 -0.0055569885
9445832.616462346 0.09998508 -0.0016467958 0.07310756 0.021889923 0.02345508 0.9994068 -0.012517975
9495849.616462346 0.10618947 0.0010819709 0.07363157 0.031371757 0.02764636 0.99897593 -0.017281432
9545866.616462346 0.11350203 0.002023877 0.07324696 0.041314337 0.031627927 0.9984089 -0.021735288
9595883.616462346 0.12122905 0.0036366123 0.0709425 0.052450567 0.035446744 0.9977145 -0.023626665
9645901.616462346 0.1280006 0.0036712931 0.06935024 0.06546009 0.038775895 0.9968041 -0.024352236
9695918.616462346 0.1360482 0.0020593805 0.06696361 0.07721956 0.041586533 0.99584097 -0.024669314
9745935.616462346 0.14377849 0.0024936954 0.0644348 0.08925484 0.04468521 0.9947592 -0.022156617
9795952.616462346 0.15011302 0.0011460453 0.062320944 0.10137091 0.047478925 0.9935215 -0.019615056
9845970.616462346 0.15727831 -0.0038719121 0.059616346 0.111407176 0.048299637 0.9924198 -0.018935723
9895987.616462346 0.16354226 -0.00695538 0.056795117 0.1200275 0.048970304 0.9914439 -0.015310916
9946004.616462346 0.16794822 -0.010358335 0.054883245 0.12666404 0.048888393 0.99068457 -0.010506032
9996021.616462346 0.17031287 -0.01626548 0.054098886 0.13112435 0.0459525 0.9902742 -0.0072058844
10046038.616462346 0.17120346 -0.021230144 0.051449925 0.13415731 0.04465599 0.9899524 -0.0014210053
10096056.616462346 0.16989174 -0.02604693 0.050114587 0.13419262 0.04093481 0.9900963 0.0051136245
10146073.616462346 0.16935614 -0.032863468 0.04817743 0.13016258 0.037347022 0.99073845 0.010010715
10196090.616462346 0.166317 -0.0390817 0.048051286 0.12504326 0.033037767 0.99148643 0.015083317
10246107.616462346 0.16372675 -0.04435189 0.046953835 0.11713576 0.028060291 0.9924935 0.021180864
10296125.616462346 0.15909803 -0.04879307 0.04706499 0.10886311 0.023483345 0.9934172 0.026827043
10346142.616462346 0.15330288 -0.0528726 0.047302835 0.0982768 0.019027168 0.99446404 0.031953882
10396159.616462346 0.14601257 -0.05670344 0.046749346 0.08631009 0.013844188 0.9955219 0.035986803
10446176.616462346 0.13905172 -0.0580704 0.04826892 0.074080996 0.009792572 0.9964239 0.039441902
10496194.616462346 0.1309194 -0.05917293 0.049706124 0.061819423 0.006270513 0.9971989 0.04163505
10546211.616462346 0.1227587 -0.059744213 0.05157226 0.049751915 0.0017862793 0.9978982 0.04148155
10596228.616462346 0.11549826 -0.058203302 0.053222347 0.03725321 -0.0014819216 0.9984638 0.04098964
10646245.616462346 0.10831809 -0.056415625 0.056537177 0.025023036 -0.0037197047 0.9989712 0.037637733
10696262.616462346 0.10110745 -0.054027665 0.059173014 0.0140511645 -0.005048586 0.9993438 0.033002447
10746280.616462346 0.09616866 -0.05054684 0.061663963 0.0018573387 -0.0066883694 0.99959195 0.027710875
10796297.616462346 0.088831566 -0.04670148 0.064479165 -0.0073280125 -0.006932702 0.99972194 0.021314695
10846314.616462346 0.086196214 -0.041057937 0.06682624 -0.017663589 -0.0068259267 0.99969983 0.01554394
10896331.616462346 0.08283266 -0.035527173 0.06855449 -0.025960755 -0.00678693 0.99960136 0.008780642
10946349.616462346 0.0809077 -0.029652791 0.07031214 -0.03346505 -0.005968188 0.99942017 0.001966381
10996366.616462346 0.07901418 -0.022539746 0.071647726 -0.038171776 -0.005211081 0.9992528 -0.0031258534
11046383.616462346 0.08048775 -0.016454196 0.07266588 -0.043066885 -0.0044334624 0.9990287 -0.008211351
11096400.616462346 0.08178274 -0.01101188 0.07371523 -0.043308325 -0.0037624226 0.9989551 -0.0141104115
11146418.616462346 0.08619784 -0.0061061485 0.07443531 -0.04259697 -0.0032145544 0.9988673 -0.020964116
11196435.616462346 0.08727006 -0.0026591937 0.07570782 -0.036432594 -0.0016286785 0.99893665 -0.028205786
11246452.616462346 0.09392446 0.0013053286 0.076372586 -0.031529002 0.0004076431 0.99889094 -0.03496851
11296469.616462346 0.09914229 0.0039632428 0.077253416 -0.022318833 0.0023329095 0.9988691 -0.04191619
11346487.616462346 0.10712491 0.0073379306 0.07704402 -0.01239633 0.0045735287 0.9988134 -0.046875488
11396504.616462346 0.11494642 0.007906358 0.07739276 -0.0015290056 0.0077042733 0.99867606 -0.05083729
11446521.616462346 0.12323794 0.0076677646 0.076605216 0.010212116 0.010582911 0.99850076 -0.05272532
11496538.616462346 0.1313291 0.005179473 0.07517198 0.021413838 0.014428479 0.9982988 -0.05227581
11546555.616462346 0.13887136 0.0026611453 0.07429029 0.032510936 0.016611278 0.9980976 -0.049681984
11596573.616462346 0.14548646 -0.0028001273 0.07343758 0.043247692 0.01862623 0.9978282 -0.046060637
11646590.616462346 0.15188202 -0.007104024 0.07070557 0.051792935 0.020600243 0.997633 -0.04026814
11696607.616462346 0.15547611 -0.013916147 0.06968144 0.05931449 0.021715859 0.9973693 -0.035562478
11746624.616462346 0.15816721 -0.020845652 0.06894946 0.064277925 0.022818439 0.99717647 -0.03141308
11796642.616462346 0.1594077 -0.027109416 0.06679869 0.0674427 0.023652341 0.9970947 -0.026350353
11846659.616462346 0.15805508 -0.033670913 0.06634302 0.06725371 0.023627903 0.9972317 -0.021157019
11896676.616462346 0.15743487 -0.041559502 0.06567473 0.063834235 0.022316493 0.99757487 -0.016481379
11946693.616462346 0.15403555 -0.049172036 0.06475447 0.059599467 0.020587545 0.99794906 -0.0110315485
11996711.616462346 0.14807458 -0.055970304 0.063875236 0.052534398 0.019246632 0.99842244 -0.004735301
12046728.616462346 0.14007054 -0.06100139 0.065522715 0.044378422 0.01796135 0.99885046 0.0023982949
12096745.616462346 0.13070227 -0.06589422 0.066626444 0.036849555 0.015906429 0.99916786 0.007262714
12146762.616462346 0.12038977 -0.06789103 0.06872371 0.030640284 0.015423898 0.9993431 0.011693272
12196779.616462346 0.11080107 -0.06955296 0.07093886 0.023048291 0.015736237 0.9995123 0.014014413
12246797.616462346 0.10126442 -0.069192894 0.07440541 0.015550576 0.016865278 0.9996059 0.01618112
12296814.616462346 0.09141494 -0.06712841 0.07820689 0.008068584 0.018153917 0.99965763 0.017033255
12346831.616462346 0.08421136 -0.06662739 0.0814748 -0.0004498791 0.018946255 0.99972606 0.013739294
12396848.616462346 0.07516516 -0.06262141 0.08537815 -0.0059804576 0.020217033 0.9997095 0.011684014
12446866.616462346 0.06619306 -0.059389163 0.08772726 -0.010793742 0.02120219 0.99968165 0.008398247
12496883.616462346 0.05800386 -0.05529224 0.089009225 -0.015493749 0.021055922 0.9996383 0.0063217278
12546900.616462346 0.049290743 -0.05188984 0.08956047 -0.020249778 0.02074085 0.99956733 0.0050092945
12596917.616462346 0.04362037 -0.048389494 0.088995665 -0.02751625 0.020012729 0.99941045 0.0045968886
12646935.616462346 0.03614236 -0.043263685 0.086831495 -0.03341821 0.019859672 0.99922645 0.0059490674
12696952.616462346 0.029843396 -0.041612674 0.085218884 -0.03802789 0.020491961 0.999062 0.0030315248
12746969.616462346 0.024487603 -0.03842951 0.08233475 -0.041424878 0.021704705 0.99890536 0.0010021396
12796986.616462346 0.02321255 -0.03600042 0.07786419 -0.044943314 0.021176957 0.9987625 -0.002254914
12847004.616462346 0.018881738 -0.032626674 0.07379322 -0.043678813 0.020617472 0.99882454 -0.004095301
12897021.616462346 0.015669849 -0.028106611 0.06620981 -0.04359136 0.020265717 0.9988384 -0.0033054329
12947038.616462346 0.009792007 -0.023788387 0.060017664 -0.041598096 0.018167237 0.99896306 -0.0035305999
12997055.616462346 0.008736721 -0.019167632 0.053927004 -0.043119483 0.016865632 0.99891835 -0.0042933263
13047072.616462346 0.0030493475 -0.014895258 0.04709394 -0.04123691 0.015198647 0.99901706 -0.005779822
13097090.616462346 0.00078748 -0.010472363 0.040912997 -0.04116645 0.0129430285 0.9990387 -0.00771372
13147107.616462346 -0.0037012787 -0.006659853 0.034127727 -0.037692826 0.010639463 0.9991814 -0.01012911
13197124.616462346 -0.0054686544 -0.0017705149 0.028286425 -0.03714882 0.008610828 0.9992092 -0.011259954
13247141.616462346 -0.00910875 -0.00067564356 0.022872575 -0.036359616 0.006470178 0.9992144 -0.014378057
13297159.616462346 -0.01301394 0.0014516078 0.017782193 -0.03734013 0.0041517653 0.9991692 -0.015797937
13347176.616462346 -0.015205675 0.0050794114 0.013336877 -0.041216403 0.0011338455 0.9990417 -0.014690343
13397193.616462346 -0.024114953 0.006867559 0.011249297 -0.039635275 -0.0021815195 0.9991023 -0.014796834
13447210.616462346 -0.03078027 0.011392728 0.007404577 -0.038366962 -0.0041896403 0.99919164 -0.011251739
13497228.616462346 -0.02523517 0.0044107577 0.0047296123 -0.045826964 -0.007471672 0.998794 -0.015959308
13547245.616462346 -0.030895991 0.004539775 0.0039987154 -0.046422955 -0.010492101 0.9987679 -0.0140527785
13597262.616462346 -0.035967052 0.0035561067 0.00365887 -0.048052214 -0.013572676 0.99867696 -0.012297549
13647279.616462346 -0.03688886 0.0033963593 0.0058255834 -0.052687816 -0.017072067 0.9984131 -0.010199345
13697296.616462346 -0.045807786 0.0025074081 0.009997264 -0.05070698 -0.017158654 0.9985337 -0.008056297
13747314.616462346 -0.047286388 0.0017783939 0.014054275 -0.053041663 -0.020460282 0.99836105 -0.00658288
13797331.616462346 -0.04378878 -0.0004328259 0.017466078 -0.06001916 -0.022761598 0.99792296 -0.0054291077
13847348.616462346 -0.04945303 -0.0011245675 0.023251334 -0.05847869 -0.025023827 0.9979723 -0.0023353284
13897365.616462346 -0.04963517 0.0002256127 0.030146765 -0.061134927 -0.027344208 0.99775374 0.0015212666
13947383.616462346 -0.05063779 -0.0026035637 0.03690357 -0.064197965 -0.028929938 0.9975156 0.0020663622
13997400.616462346 -0.05177193 -0.0076456526 0.046486452 -0.06649141 -0.029548021 0.9973492 0.0006296918
14047417.616462346 -0.05357944 -0.0073393043 0.05401514 -0.06819294 -0.030265845 0.99720836 0.003045378
14097434.616462346 -0.061092008 -0.009698976 0.063733034 -0.06259113 -0.030857192 0.9975564 0.0034032369
14147452.616462346 -0.05585666 -0.014244129 0.07474653 -0.06566018 -0.029026894 0.9974173 0.0022538006
14197469.616462346 -0.057418972 -0.01622822 0.085119195 -0.06381446 -0.027059454 0.99758875 0.00350088
14247486.616462346 -0.058328617 -0.014694489 0.09569816 -0.061208904 -0.025015203 0.9977804 0.007875546
14297503.616462346 -0.058295727 -0.018278155 0.10759548 -0.05802325 -0.024132853 0.99799216 0.007913009
14347521.616462346 -0.06015341 -0.018916573 0.118941136 -0.05352516 -0.0236676 0.9982342 0.01017239
14397538.616462346 -0.0626789 -0.023385007 0.12902884 -0.04805406 -0.02493242 0.99849904 0.008305382
14447555.616462346 -0.058361873 -0.021423938 0.13760024 -0.0507047 -0.028732633 0.998234 0.0115097985
14497572.616462346 -0.0613822 -0.019582672 0.14236408 -0.05001111 -0.03202714 0.998115 0.0154778445
14547589.616462346 -0.06288647 -0.020427926 0.1511752 -0.047425147 -0.03616201 0.99809366 0.015885454
14597607.616462346 -0.06180554 -0.02256358 0.15746625 -0.050239727 -0.04036725 0.9978126 0.014711115
14647624.616462346 -0.06340594 -0.023721525 0.16342573 -0.05208508 -0.042868443 0.99762887 0.013642412
14697641.616462346 -0.0644628 -0.021575134 0.16905785 -0.053767018 -0.04374235 0.9974836 0.014909816
14747658.616462346 -0.06322192 -0.020025264 0.17335874 -0.057884853 -0.04465454 0.99719864 0.015818723
14797676.616462346 -0.066892914 -0.019516777 0.17827855 -0.057444133 -0.044412598 0.9972534 0.014607527
14847693.616462346 -0.066089116 -0.024015032 0.18421876 -0.061331335 -0.044591047 0.99708426 0.008548452
14897710.616462346 -0.0674821 -0.021110395 0.18753435 -0.06069218 -0.044248354 0.9971383 0.008592381
14947727.616462346 -0.061114747 -0.019058896 0.18674964 -0.06506588 -0.044044428 0.9968738 0.008319516
14997745.616462346 -0.05989418 -0.018599475 0.1807281 -0.0684732 -0.040563498 0.9967556 0.012017171
15047762.616462346 -0.06566128 -0.025750022 0.17968708 -0.065216474 -0.04601468 0.9968046 0.0031796356
15097779.616462346 -0.06746536 -0.022197638 0.17673585 -0.0652773 -0.046099227 0.99677587 0.007190444
15147796.616462346 -0.069962725 -0.01995975 0.17139883 -0.061510496 -0.046526525 0.99698573 0.008438194
15197813.616462346 -0.072120085 -0.017709034 0.1625972 -0.058824662 -0.046146505 0.9971473 0.010368195
15247831.616462346 -0.07311867 -0.0123592615 0.15313521 -0.057032797 -0.04619334 0.9972038 0.014071525
15297848.616462346 -0.075556785 -0.01307201 0.1434426 -0.056233354 -0.049025297 0.9971494 0.011286137
15347865.616462346 -0.07498607 -0.011119681 0.13152331 -0.057851836 -0.049531482 0.9970278 0.011639887
15397882.616462346 -0.0789814 -0.0059885094 0.12075126 -0.05551239 -0.051795248 0.99702984 0.0129320435
15447900.616462346 -0.07473842 -0.0045377784 0.10766477 -0.05977798 -0.051015243 0.9968453 0.011118569
15497917.616462346 -0.0805777 -0.003316415 0.09708533 -0.055263847 -0.051214058 0.9971234 0.008243426
15547934.616462346 -0.08387341 0.0016317968 0.08456522 -0.052239414 -0.05138276 0.9972683 0.0093173245
15597951.616462346 -0.08339808 0.0048572896 0.0731879 -0.054023113 -0.051729493 0.9971553 0.009321818
15647969.616462346 -0.08465936 0.007369146 0.059745435 -0.05612029 -0.052159686 0.9970149 0.009550383
15697986.616462346 -0.08602273 0.008840577 0.049023755 -0.05797601 -0.051569417 0.99694985 0.008397281
15748003.616462346 -0.089251935 0.011695482 0.038016647 -0.057726465 -0.051220387 0.9969699 0.00976067
15798020.616462346 -0.0942669 0.01512321 0.028305097 -0.055975318 -0.049982414 0.9971058 0.012187481
15848038.616462346 -0.095925376 0.014061217 0.02022171 -0.05652654 -0.047961056 0.9971659 0.012831484
15898055.616462346 -0.101084664 0.018073583 0.012499546 -0.053884048 -0.045562845 0.99738336 0.015718427
15948072.616462346 -0.10634393 0.01876546 0.008133113 -0.053028066 -0.041759573 0.99759626 0.015681924
15998089.616462346 -0.113801144 0.018485097 0.004010711 -0.048676345 -0.040073767 0.9979222 0.013271442
16048106.616462346 -0.112079754 0.017084146 -0.0024325147 -0.050938744 -0.035071388 0.998015 0.011887482
16098124.616462346 -0.11933849 0.02100997 -0.0034248151 -0.046156414 -0.032521322 0.9983188 0.013100049
16148141.616462346 -0.12300781 0.016339496 -0.0057420065 -0.046592273 -0.030387118 0.99842185 0.0077186762
16198158.616462346 -0.12991363 0.01874339 -0.005420794 -0.044443615 -0.028065437 0.99858165 0.008478852
16248175.616462346 -0.1348856 0.017939145 -0.0040740543 -0.043763213 -0.026216978 0.99867487 0.0067878356
16298193.616462346 -0.14634053 0.014169691 -3.4611025e-05 -0.036669694 -0.023477716 0.9990459 0.0033874416
16348210.616462346 -0.15040016 0.010249674 0.0021600297 -0.036799554 -0.019451456 0.9991256 0.003932364
16398227.616462346 -0.15520489 0.0034882068 0.0045411717 -0.03335009 -0.015386404 0.99930906 0.005703867
16448244.616462346 -0.15869069 -0.0013000271 0.009039213 -0.02513982 -0.010960378 0.9995696 0.01041806
16498262.616462346 -0.1564351 -0.00419853 0.010350391 -0.018089283 -0.006010936 0.9996725 0.017078457
16548279.616462346 -0.15438199 -0.006000668 0.011950911 -0.009676029 -0.0005551081 0.9996745 0.023602592
16598296.616462346 -0.15275575 -0.010626751 0.013854736 0.000917117 0.0040260493 0.99961233 0.027536206
16648313.616462346 -0.15044473 -0.012217512 0.014966674 0.014600717 0.008021406 0.9993045 0.033363137
16698331.616462346 -0.15005328 -0.012903041 0.016077584 0.029208764 0.0106123835 0.99880767 0.037649512
16748348.616462346 -0.1480165 -0.013063546 0.016788268 0.041564286 0.014208911 0.9982552 0.039461825
16798365.616462346 -0.14634672 -0.009728297 0.019862242 0.05040882 0.016505342 0.99779546 0.03988375
16848382.616462346 -0.14419363 -0.0061373785 0.021138236 0.05559152 0.01920852 0.997559 0.0376396
16898399.616462346 -0.14407228 -0.0013245919 0.023957655 0.05965446 0.022512391 0.997428 0.032741122
16948417.616462346 -0.14257482 0.00275181 0.026868992 0.06051348 0.026337106 0.9974973 0.025371848
16998434.616462346 -0.14123929 0.007759624 0.030487744 0.062322956 0.030578915 0.99741787 0.018393874
17048451.616462346 -0.13989425 0.012772874 0.033988714 0.060196556 0.034796502 0.99747545 0.014435797
17098468.616462346 -0.1394935 0.019914713 0.03521379 0.05655228 0.03621989 0.9976548 0.013223555
17148486.616462346 -0.14129162 0.021844484 0.039799627 0.054256193 0.03607129 0.9978436 0.007962394
17198503.616462346 -0.14694281 0.025350679 0.04540591 0.0543707 0.03621921 0.9978587 0.003159946
17248520.616462346 -0.14892127 0.02934052 0.05021864 0.051492717 0.036808778 0.99799395 -0.0013261931
17298537.616462346 -0.1527926 0.031976312 0.055398125 0.048591632 0.036571227 0.9981296 -0.0062247785
17348555.616462346 -0.1582366 0.03402064 0.061586846 0.043671783 0.037298057 0.99830407 -0.00951731
17398572.616462346 -0.16335961 0.034191076 0.06523533 0.036673754 0.03664124 0.99859285 -0.01117305
17448589.616462346 -0.16845773 0.031026231 0.069952756 0.032259125 0.03528902 0.99876267 -0.013686143
17498606.616462346 -0.17460844 0.026566708 0.075143136 0.030241383 0.031585198 0.9989083 -0.016436946
17548623.616462346 -0.18278508 0.01925851 0.08163479 0.030391786 0.030040067 0.9989186 -0.018322684
17598641.616462346 -0.18818127 0.014126931 0.08537026 0.02610617 0.02804174 0.9991253 -0.016755437
17648658.616462346 -0.1917502 0.009664785 0.087225534 0.021169418 0.025003655 0.9993786 -0.013006604
17698675.616462346 -0.19665864 0.0043546115 0.08962438 0.017681506 0.020963928 0.9995926 -0.007912093
17748692.616462346 -0.20008348 -0.0007137001 0.08923791 0.014187201 0.015753688 0.99977237 -0.0024272548
17798710.616462346 -0.20268324 -0.0051215305 0.08862915 0.012393702 0.011575676 0.9998496 0.0036314705
17848727.616462346 -0.2034611 -0.010187109 0.09071671 0.011738952 0.008333284 0.9998623 0.008264197
17898744.616462346 -0.20166719 -0.01606183 0.08898739 0.012068038 0.005970643 0.9998386 0.011897734
17948761.616462346 -0.20233102 -0.020046782 0.087414816 0.016152747 0.0053611835 0.9997146 0.01676492
17998779.616462346 -0.19841042 -0.02231416 0.08474303 0.021503128 0.006426836 0.9994978 0.022373892
18048796.616462346 -0.1947621 -0.026486069 0.08443783 0.03150297 0.0075484607 0.9992038 0.023290096
18098813.616462346 -0.19197537 -0.025967741 0.08316542 0.043115605 0.008440527 0.9986817 0.026545662
18148830.616462346 -0.18696085 -0.026204351 0.081225224 0.051826186 0.01006718 0.99826664 0.026008403
18198847.616462346 -0.18206431 -0.020220486 0.080520324 0.060939837 0.011956965 0.99770236 0.02708083
18248865.616462346 -0.17763987 -0.017140409 0.08195838 0.068638206 0.014019182 0.9972968 0.022168294
18298882.616462346 -0.17529142 -0.012316174 0.08403412 0.07573543 0.017047228 0.99685764 0.015763046
18348899.616462346 -0.17215596 -0.006525981 0.0863893 0.07959269 0.021084739 0.99656755 0.0085782455
18398916.616462346 -0.16841474 0.00043710083 0.088910855 0.081754275 0.025430465 0.9963261 0.0019813008
18448934.616462346 -0.16657646 0.007542134 0.091658436 0.08499021 0.028410824 0.995969 -0.0039245416
18498951.616462346 -0.16520074 0.014681714 0.09562824 0.08528824 0.031258103 0.9958321 -0.008209146
18548968.616462346 -0.16534469 0.021853078 0.09989033 0.08352244 0.033253446 0.99588025 -0.011870737
18598985.616462346 -0.16727984 0.026149876 0.10345446 0.079760835 0.03514526 0.9960603 -0.016340153
18649003.616462346 -0.17087196 0.029725552 0.10711184 0.07290217 0.037403252 0.9964337 -0.020157726
18699020.616462346 -0.17628427 0.034161203 0.112577625 0.06758644 0.037266463 0.99677205 -0.022107622
18749037.616462346 -0.18126133 0.03323297 0.11741602 0.05760031 0.036473624 0.9973097 -0.026933366
18799054.616462346 -0.18659599 0.034250982 0.11988922 0.046517033 0.035053395 0.99789673 -0.028452385
18849072.616462346 -0.19355896 0.032154664 0.12353993 0.037670296 0.03208787 0.99831253 -0.03038979
18899089.616462346 -0.20030324 0.02868758 0.12680714 0.02938142 0.027600883 0.9986933 -0.031411007
18949106.616462346 -0.20618384 0.025585568 0.12815826 0.01990013 0.02252748 0.99910635 -0.029717071
18999123.616462346 -0.21244898 0.0213569 0.12925066 0.010880814 0.017044252 0.9994283 -0.027097221
19049140.616462346 -0.21708821 0.017239032 0.12903588 0.0020588837 0.012305852 0.99964124 -0.02370243
19099158.616462346 -0.22116855 0.010662262 0.12887292 -0.00488194 0.007679357 0.9997286 -0.021447364
19149175.616462346 -0.22430465 0.005446466 0.12763079 -0.0102898 0.004764849 0.9997978 -0.016606925
19199192.616462346 -0.22595432 -0.0023206975 0.12716451 -0.013333625 0.0019589574 0.9998176 -0.013532938
19249209.616462346 -0.22678952 -0.008654179 0.124808714 -0.014558122 -0.00011039191 0.9998551 -0.008826652
19299227.616462346 -0.22567216 -0.013534207 0.12173698 -0.014433816 8.955428e-05 0.9998924 -0.0026363905
19349244.616462346 -0.22213992 -0.018989284 0.11919423 -0.012641067 -0.0007215351 0.99991703 0.002396594
19399261.616462346 -0.21882579 -0.021848306 0.11542727 -0.0074498565 -0.0009683557 0.9999327 0.008837861
19449278.616462346 -0.21350898 -0.024294943 0.1122809 -0.0014838853 -0.0008250211 0.9999222 0.012358839
19499296.616462346 -0.20911829 -0.025685916 0.10958332 0.008994719 -0.0010253872 0.99986374 0.013803489
19549313.616462346 -0.20470047 -0.023867534 0.10778903 0.021781323 -0.0014655138 0.9996553 0.014584921
19599330.616462346 -0.20013227 -0.019621145 0.106213406 0.03270888 -0.0015389158 0.99936235 0.014235283
19649347.616462346 -0.1973695 -0.016780889 0.105725095 0.04188963 -0.001999922 0.9990784 0.009147146
19699364.616462346 -0.19311848 -0.012309071 0.105634436 0.047204975 -0.0007007142 0.99888134 0.0027209918
19749382.616462346 -0.19151767 -0.0055980566 0.10636664 0.05117022 0.0012678106 0.998683 -0.0035126237
19799399.616462346 -0.18820408 0.00112253 0.1069342 0.0497718 0.0047366507 0.99870056 -0.009881475
19849416.616462346 -0.1908601 0.007895665 0.109177664 0.05149765 0.0080455 0.9985296 -0.014899199
19899433.616462346 -0.19239393 0.014571165 0.111171745 0.04852988 0.010339649 0.998591 -0.018815627
19949451.616462346 -0.19488247 0.019377498 0.11321316 0.04160802 0.013003548 0.99878645 -0.022921849
19999468.616462346 -0.19918616 0.023004068 0.11551806 0.032990914 0.015007876 0.9989864 -0.026693735
20049485.616462346 -0.2042596 0.02475123 0.11793436 0.023749044 0.015503812 0.9991202 -0.030894171
20099502.616462346 -0.20981307 0.027496653 0.11976853 0.015831694 0.015644237 0.9992236 -0.032509394
20149520.616462346 -0.21611391 0.029090391 0.121828124 0.009297723 0.014604649 0.9992594 -0.03436333
20199537.616462346 -0.22278273 0.028151203 0.124856524 0.00414405 0.012948505 0.9992236 -0.036978874
20249554.616462346 -0.22894362 0.026287723 0.12702404 -0.0013989417 0.009472503 0.99920356 -0.038737077
20299571.616462346 -0.23484041 0.025904993 0.12798701 -0.0063298563 0.0054548024 0.9992706 -0.037262157
20349589.616462346 -0.24116778 0.022535834 0.12925927 -0.010836085 -0.00025912368 0.9992698 -0.036639597
20399606.616462346 -0.24504034 0.016620535 0.1306604 -0.015885944 -0.004970216 0.9991958 -0.03648072
20449623.616462346 -0.2491458 0.0120976465 0.13123263 -0.020419106 -0.009394505 0.9991392 -0.034868475
20499640.616462346 -0.25174993 0.0055210143 0.13218705 -0.026984144 -0.0141427545 0.99892753 -0.034866437
20549657.616462346 -0.25424355 -0.00060967484 0.13095894 -0.032724462 -0.018110689 0.9987598 -0.032862164
20599675.616462346 -0.25546172 -0.0064442474 0.13050547 -0.03676454 -0.021141473 0.9986599 -0.029663108
20649692.616462346 -0.25551507 -0.0130097065 0.12757352 -0.03844626 -0.023918325 0.9986526 -0.025356367
20699709.616462346 -0.25499046 -0.019011578 0.12374611 -0.036489103 -0.026387382 0.9988019 -0.019158835
20749726.616462346 -0.25229114 -0.025082778 0.123321384 -0.03325937 -0.027289074 0.9989763 -0.013981771
20799744.616462346 -0.24662323 -0.029630689 0.11958573 -0.029061709 -0.02741498 0.99916774 -0.008235856
20849761.616462346 -0.2404398 -0.03221064 0.11487372 -0.022191318 -0.025006797 0.99943745 -0.002658847
20899778.616462346 -0.23297237 -0.033145912 0.11084859 -0.012856182 -0.021794064 0.9996794 0.0009380711
20949795.616462346 -0.2262912 -0.03450411 0.10857491 0.00031883267 -0.016889792 0.9998569 0.0009891454
20999813.616462346 -0.21931177 -0.031197889 0.10702035 0.012570166 -0.012843887 0.9998364 0.0020930457
21049830.616462346 -0.21278441 -0.027067533 0.10585528 0.021690764 -0.007978184 0.999733 -1.8575498e-06
21099847.616462346 -0.20573334 -0.020809295 0.10528815 0.029351527 -0.002979076 0.9995578 -0.0037227003
21149864.616462346 -0.19937798 -0.013406901 0.10564763 0.038194202 0.0012020763 0.99922633 -0.009301761
21199881.616462346 -0.19524746 -0.00596117 0.10816588 0.04816231 0.0044381064 0.9987046 -0.015807306
21249899.616462346 -0.19163783 0.0018313476 0.10965044 0.052487735 0.00926508 0.9983503 -0.021351226
21299916.616462346 -0.1898957 0.008615383 0.11218265 0.05589886 0.012355033 0.9979505 -0.028591594
21349933.616462346 -0.18852513 0.016531676 0.11466299 0.054141123 0.017023975 0.9978273 -0.033462442
21399950.616462346 -0.1898846 0.021781957 0.11774698 0.051190726 0.020110372 0.99768865 -0.03990587
21449968.616462346 -0.19233292 0.02630012 0.119978696 0.044738453 0.024179764 0.997691 -0.045017947
21499985.616462346 -0.19465522 0.030095508 0.12258142 0.03519539 0.027737217 0.9977872 -0.04911982
21550002.616462346 -0.20008215 0.03025669 0.1255325 0.024043372 0.0315663 0.9977342 -0.054332476
21600019.616462346 -0.20440824 0.030726017 0.12683995 0.012680316 0.034102097 0.9977315 -0.05664106
21650037.616462346 -0.208769 0.027767345 0.12814799 0.0042142207 0.03377392 0.9976803 -0.058954816
21700054.616462346 -0.21349953 0.02388225 0.12879105 -0.0019037453 0.03174249 0.9977285 -0.05938564
21750071.616462346 -0.21797928 0.020302787 0.13012396 -0.0055482183 0.028425377 0.99794465 -0.05716421
21800088.616462346 -0.2220999 0.01269061 0.13217431 -0.008718821 0.023280634 0.99808776 -0.056593828
21850106.616462346 -0.22483853 0.005103292 0.13252938 -0.012097356 0.017303716 0.9983225 -0.053912308
21900123.616462346 -0.2269523 -0.0021949562 0.13289753 -0.014640624 0.01061587 0.9986257 -0.049189758
21950140.616462346 -0.22775951 -0.010229828 0.132838 -0.016301734 0.00399188 0.9989219 -0.043283235
22000157.616462346 -0.22763778 -0.017929612 0.13213517 -0.017431479 -0.003128295 0.99919206 -0.03607781
22050174.616462346 -0.22840515 -0.025927732 0.13235871 -0.01605753 -0.009453446 0.99939555 -0.029351367
22100192.616462346 -0.22832538 -0.033314604 0.13251919 -0.012301732 -0.014555436 0.99955386 -0.022998976
22150209.616462346 -0.22525862 -0.03916702 0.13170971 -0.009788915 -0.01810165 0.99964947 -0.016662102
22200226.616462346 -0.22030638 -0.045696735 0.13136575 -0.0055944542 -0.019497978 0.9997161 -0.012504114
22250243.616462346 -0.21424113 -0.050886188 0.13035643 0.0029099141 -0.019830987 0.99977005 -0.0076274252
22300261.616462346 -0.20716155 -0.055632286 0.12893175 0.012034693 -0.019886564 0.99972016 -0.004412909
22350278.616462346 -0.2008569 -0.05878543 0.12821423 0.021459857 -0.018589035 0.9995955 -0.0016485373
22400295.616462346 -0.19454053 -0.060860686 0.12620763 0.02909438 -0.01580923 0.9994517 6.4285654e-05
22450312.616462346 -0.18658455 -0.060364977 0.12398627 0.03681062 -0.0122368755 0.99924487 0.002216316
22500330.616462346 -0.17960848 -0.06073886 0.1230449 0.04675786 -0.0083069 0.9988717 0.0003654411
22550347.616462346 -0.17173423 -0.059094068 0.12265803 0.05286961 -0.00351999 0.99859524 -0.00031633885
22600364.616462346 -0.16463327 -0.05546846 0.12091737 0.057514545 0.0013143757 0.99834317 -0.0011498464
22650381.616462346 -0.15901123 -0.051109694 0.121059895 0.063225806 0.006732478 0.99797314 -0.0026079835
22700398.616462346 -0.15170878 -0.045294937 0.119760364 0.06455924 0.011984394 0.99783754 -0.002960304
22750416.616462346 -0.14845365 -0.039659753 0.11824013 0.06538605 0.016021745 0.997724 -0.0038447771
22800433.616462346 -0.14295077 -0.033324156 0.116039135 0.0612058 0.020449262 0.99790996 -0.0033725793
22850450.616462346 -0.14133665 -0.027023058 0.11649282 0.057085615 0.022945845 0.9981032 -0.0021933906
22900467.616462346 -0.13811193 -0.02069787 0.113969326 0.04775046 0.02548702 0.99853367 -0.00094856496
22950485.616462346 -0.13628466 -0.017327582 0.11237562 0.036449693 0.027940275 0.9989413 -0.0026574745
23000502.616462346 -0.13377698 -0.013812712 0.10956957 0.023149928 0.029969743 0.9992762 -0.003614343
23050519.616462346 -0.13049681 -0.011144505 0.10663283 0.007897424 0.031429436 0.9994583 -0.0057389354
23100536.616462346 -0.124788396 -0.008959843 0.102034666 -0.0052952855 0.032813117 0.9994206 -0.007336891
23150554.616462346 -0.1185588 -0.005228611 0.09586579 -0.013641342 0.032824147 0.9993422 -0.0071926797
23200571.616462346 -0.113436826 -0.004396317 0.090456545 -0.017683 0.028087964 0.99940884 -0.008970469
23250588.616462346 -0.10720427 -0.0019396713 0.08615841 -0.02057368 0.025997948 0.9994088 -0.009111472
23300605.616462346 -0.100606866 -0.0015282675 0.08416532 -0.020648483 0.022212114 0.9994778 -0.011156176
23350623.616462346 -0.092860125 0.0016453024 0.081545 -0.019045886 0.01763504 0.99958897 -0.01217155
23400640.616462346 -0.08391752 0.0038998725 0.07838754 -0.018177267 0.013402593 0.99965316 -0.013551897
23450657.616462346 -0.07525584 0.006150596 0.07532211 -0.01694635 0.010388445 0.9996915 -0.014892545
23500674.616462346 -0.06703063 0.0063558607 0.07413506 -0.0143482275 0.0076474 0.99971366 -0.01755762
23550691.616462346 -0.06094026 0.0072241356 0.073118575 -0.010756795 0.004850187 0.9997571 -0.018614873
23600709.616462346 -0.05325268 0.008011911 0.07239276 -0.009947151 0.0009834853 0.99976724 -0.019121062
23650726.616462346 -0.043984268 0.008693615 0.06971288 -0.01124435 -0.002530091 0.999763 -0.01846999
23700743.616462346 -0.040152673 0.0075852596 0.07009802 -0.009366985 -0.006077014 0.99978805 -0.01729941
23750760.616462346 -0.03485981 0.008414767 0.06683555 -0.010003102 -0.008150135 0.9998322 -0.013005625
23800778.616462346 -0.03132588 0.005608382 0.06625734 -0.011041411 -0.00943235 0.99982744 -0.0115864705
23850795.616462346 -0.030616304 0.0042168936 0.06562357 -0.008581659 -0.011480011 0.9998552 -0.009174614
23900812.616462346 -0.028243512 0.00089414895 0.06653811 -0.008205735 -0.011320428 0.9998692 -0.008129542
23950829.616462346 -0.024478028 -0.00053938344 0.06555326 -0.008682167 -0.0103457235 0.99989295 -0.0056341356
24000847.616462346 -0.027509617 -0.0021897259 0.06728299 -0.003623247 -0.0060512987 0.9999683 -0.0037054662
24050864.616462346 -0.030083759 -0.0047992985 0.06897097 -0.0009196318 -0.00017670072 0.99999577 -0.0027730626
24100881.616462346 -0.031400062 -0.0061732964 0.070545875 -0.00020690371 0.007095269 0.99997467 0.00058619236
24150898.616462346 -0.030989433 -0.007818887 0.07188222 -0.0030881828 0.015622712 0.9998657 0.0038644974
24200915.616462346 -0.037479386 -0.009900936 0.07494048 -0.0008418247 0.022949819 0.9997171 0.0061915587
24250933.616462346 -0.041302525 -0.012343736 0.07770267 0.0022570682 0.027390577 0.9995887 0.008187292
24300950.616462346 -0.046869174 -0.013575981 0.07942857 0.004927619 0.031098578 0.9994547 0.009945011
24350967.616462346 -0.05534627 -0.011220451 0.08359048 0.009334523 0.031108415 0.99940604 0.0115228165
24400984.616462346 -0.058625463 -0.015265428 0.08778673 0.008417681 0.032023005 0.9994212 0.007810107
24451002.616462346 -0.06597324 -0.012802153 0.09109428 0.010112178 0.030888109 0.9994394 0.008030831
24501019.616462346 -0.08033702 -0.01303354 0.0970223 0.018434891 0.031039458 0.9993235 0.007021998
24551036.616462346 -0.08787562 -0.011970054 0.09943526 0.01972026 0.031307165 0.9992897 0.0071554054
24601053.616462346 -0.098234035 -0.015588211 0.103934936 0.020545106 0.03163728 0.99928164 0.0036425022
24651071.616462346 -0.108396806 -0.01676323 0.10816259 0.020604568 0.032857444 0.9992456 0.0020449522
24701088.616462346 -0.12061286 -0.017465422 0.11340996 0.02121038 0.034329787 0.99918544 0.00024814683
24751105.616462346 -0.13345748 -0.0181517 0.11790335 0.021912413 0.03493381 0.9991459 -0.002633185
24801122.616462346 -0.144786 -0.018853214 0.12303809 0.022258049 0.034816593 0.9991345 -0.004767979
24851140.616462346 -0.15536931 -0.020153668 0.12750553 0.020663185 0.033801913 0.9991836 -0.007918265
24901157.616462346 -0.16669905 -0.021514362 0.13292666 0.017980257 0.032916006 0.99924076 -0.010544441
24951174.616462346 -0.17613174 -0.023160445 0.13705406 0.014676014 0.031797215 0.9992996 -0.0131869605
25001191.616462346 -0.1845446 -0.024262728 0.140829 0.01195374 0.029862244 0.9993737 -0.014751935
25051208.616462346 -0.1928421 -0.025969895 0.14376959 0.007857462 0.027326722 0.9994674 -0.01601922
25101226.616462346 -0.200505 -0.028688159 0.1471692 0.00393756 0.024893662 0.9995301 -0.017449424
25151243.616462346 -0.20697029 -0.031575166 0.14867389 0.0004923503 0.019636553 0.99963844 -0.018364381
25201260.616462346 -0.21171021 -0.035610903 0.14966094 -0.0039706794 0.01363511 0.9996979 -0.020060113
25251277.616462346 -0.21719545 -0.039928194 0.15092258 -0.0042967894 0.006835164 0.99974436 -0.021122828
25301295.616462346 -0.21870309 -0.04179676 0.15006639 -0.0053355414 0.0014820965 0.9998218 -0.018046562
25351312.616462346 -0.21920943 -0.044124424 0.14983249 -0.0042834394 -0.002785482 0.9998817 -0.0145132225
25401329.616462346 -0.22054698 -0.04500666 0.14716572 -0.0012702985 -0.0052788537 0.99994415 -0.009071996
25451346.616462346 -0.21933435 -0.046793096 0.14329763 0.0035566832 -0.0071482444 0.9999567 -0.0047819917
25501364.616462346 -0.21815856 -0.044688437 0.13944913 0.01307307 -0.007895042 0.99988216 0.0016027346
25551381.616462346 -0.21787174 -0.0442038 0.13718782 0.02275713 -0.007902689 0.9997005 0.0043121176
25601398.616462346 -0.21897882 -0.042113014 0.13602531 0.0301841 -0.008858963 0.9994932 0.004894267
25651415.616462346 -0.21991622 -0.035857297 0.13589938 0.033621244 -0.010223837 0.99936116 0.006516464
25701432.616462346 -0.22311772 -0.031987052 0.13694225 0.036043026 -0.01050954 0.9992937 0.0016406688
25751450.616462346 -0.22559376 -0.02690304 0.13999426 0.03578768 -0.010821611 0.99929065 -0.0045164744
25801467.616462346 -0.22751758 -0.021117816 0.14253041 0.033474777 -0.009659821 0.9993362 -0.010646247
25851484.616462346 -0.230745 -0.01581165 0.14724626 0.0343916 -0.008346816 0.9992344 -0.016680801
25901501.616462346 -0.23577997 -0.0126210125 0.15404947 0.035376057 -0.0074257823 0.99906945 -0.023531815
25951519.616462346 -0.24055596 -0.008703052 0.16089629 0.033389144 -0.0060336813 0.9989734 -0.0300163
26001536.616462346 -0.24507937 -0.007134476 0.16715972 0.031400327 -0.00494845 0.99879456 -0.037403937
26051553.616462346 -0.24979323 -0.005860344 0.17290759 0.028059639 -0.0038365535 0.99866533 -0.043191846
26101570.616462346 -0.25482607 -0.0065028835 0.17976502 0.024747565 -0.0033293092 0.99844307 -0.049879964
26151588.616462346 -0.25875187 -0.0074144406 0.18529941 0.023208113 -0.004397048 0.99821883 -0.05478411
26201605.616462346 -0.260512 -0.011194896 0.18896264 0.017847067 -0.00639721 0.9981072 -0.058502946
26251622.616462346 -0.26436672 -0.015107333 0.19264853 0.014104195 -0.011017367 0.99806225 -0.05959534
26301639.616462346 -0.2651799 -0.01904435 0.19509843 0.015702289 -0.017491315 0.9980534 -0.057767604
26351657.616462346 -0.26477084 -0.021789731 0.19632456 0.022453679 -0.026013687 0.9979503 -0.05398484
26401674.616462346 -0.26384833 -0.025267765 0.19627057 0.02774476 -0.033446964 0.9977418 -0.051213775
26451691.616462346 -0.26216626 -0.028099364 0.19419818 0.028331075 -0.039484207 0.9975912 -0.049500354
26501708.616462346 -0.26151243 -0.030433027 0.19518486 0.029759055 -0.044857137 0.997341 -0.049125865
26551725.616462346 -0.25889316 -0.028666135 0.19478883 0.029777784 -0.05015538 0.997207 -0.04664871
26601743.616462346 -0.2582976 -0.027921252 0.19245838 0.03199252 -0.05478416 0.99690366 -0.046457123
26651760.616462346 -0.25509933 -0.024859736 0.1920388 0.03210744 -0.058546998 0.99672127 -0.045697514
26701777.616462346 -0.25298303 -0.024334207 0.19221367 0.03281907 -0.06005837 0.9964936 -0.048130814
26751794.616462346 -0.24793486 -0.023550645 0.18835072 0.027504534 -0.059408996 0.9966006 -0.050012402
26801812.616462346 -0.24375135 -0.020957308 0.18404928 0.022120073 -0.054972608 0.9970055 -0.04968726
26851829.616462346 -0.24297659 -0.01883925 0.18210341 0.018864661 -0.049557302 0.9973017 -0.050769154
26901846.616462346 -0.23807432 -0.015775204 0.17867813 0.013771757 -0.042431615 0.99773574 -0.050333805
26951863.616462346 -0.2331738 -0.013203349 0.17485477 0.007862437 -0.035280857 0.9980957 -0.049984977
27001881.616462346 -0.229121 -0.009983736 0.1722084 0.0032727825 -0.027877586 0.99843085 -0.048457254
27051898.616462346 -0.22082078 -0.0068595456 0.16595 -0.0024071247 -0.02159553 0.9986867 -0.046399012
27101915.616462346 -0.21379022 -0.0045120744 0.16316882 -0.004292611 -0.018444495 0.99876386 -0.045958854
27151932.616462346 -0.2059632 -0.0009810742 0.15950453 -0.003306378 -0.014388987 0.9988904 -0.044720728
27201949.616462346 -0.19713338 0.0012001868 0.15535673 0.00055506517 -0.010519574 0.99893177 -0.044992726
27251967.616462346 -0.18805028 0.002316343 0.15196012 0.007004488 -0.009125715 0.9989005 -0.045447912
27301984.616462346 -0.17918421 0.0042598173 0.14812216 0.014541053 -0.007188575 0.99886036 -0.044887375
27352001.616462346 -0.17065519 0.0043040267 0.14554115 0.024577145 -0.0050565554 0.99867415 -0.044949774
27402018.616462346 -0.16026188 0.0016918939 0.14147227 0.032380868 -0.0037908987 0.99841154 -0.04595203
27452036.616462346 -0.15180992 0.00022672981 0.13864775 0.04036159 -0.0025324617 0.9981956 -0.044385917
27502053.616462346 -0.14497502 -0.004517201 0.13575472 0.046871733 -0.0017270866 0.9979572 -0.043375574
27552070.616462346 -0.13955921 -0.009858151 0.13413091 0.052877136 -0.00084360794 0.9977665 -0.040808626
27602087.616462346 -0.1355719 -0.015738988 0.132661 0.058393504 -0.0018301712 0.9976158 -0.036736578
27652105.616462346 -0.13268153 -0.020560844 0.13208775 0.06290421 -0.0037069689 0.99751955 -0.031371765
27702122.616462346 -0.13349703 -0.026285296 0.13228571 0.06653049 -0.0050157737 0.9974211 -0.026453016
27752139.616462346 -0.13130815 -0.029495616 0.13251099 0.064363964 -0.006305053 0.9976951 -0.020547593
27802156.616462346 -0.13123706 -0.03350832 0.13250118 0.061694108 -0.0069418545 0.9979491 -0.015594613
27852174.616462346 -0.13210253 -0.035324525 0.13475853 0.05779281 -0.0058673043 0.99825454 -0.010652715
27902191.616462346 -0.13387544 -0.034956407 0.13642146 0.05318399 -0.0044876 0.99855727 -0.005904051
27952208.616462346 -0.13422915 -0.034502037 0.13884181 0.046802267 -0.0014599827 0.9988926 -0.004586498
28002225.616462346 -0.13263564 -0.029166814 0.14198914 0.040793013 0.0023653007 0.9991644 -0.00096782093
28052242.616462346 -0.13331635 -0.028207617 0.14648932 0.038957376 0.006454551 0.9992118 -0.00408085
28102260.616462346 -0.13292013 -0.02816509 0.1506724 0.041751105 0.01073744 0.99902266 -0.009764621
28152277.616462346 -0.13012604 -0.025611252 0.15457422 0.04556973 0.01444015 0.9987635 -0.0136541305
28202294.616462346 -0.12516606 -0.023449168 0.1570879 0.047822718 0.017654194 0.9985404 -0.01784275
28252311.616462346 -0.120397605 -0.020843687 0.15928581 0.04988463 0.01982937 0.9983455 -0.020607585
28302329.616462346 -0.11559091 -0.02008196 0.16086565 0.05335171 0.020262215 0.99809086 -0.02361603
28352346.616462346 -0.11059354 -0.017867189 0.16145822 0.05944233 0.020550342 0.99771416 -0.024714727
28402363.616462346 -0.10427636 -0.018293515 0.16118285 0.06723702 0.020304205 0.99718344 -0.026308335
28452380.616462346 -0.09873744 -0.018261097 0.16077419 0.077343866 0.020631952 0.9964487 -0.026121046
28502398.616462346 -0.091260485 -0.017949846 0.15934604 0.08479229 0.022329122 0.99583286 -0.02507358
28552415.616462346 -0.083467044 -0.018136272 0.15771133 0.09031183 0.023932215 0.9953284 -0.024341617
