# timestamp[secs] tx ty tz qx qy qz qw
0.042592616462346765 -0.0 -0.0 -0.0 -0.0 -0.0 -0.0 1.0
0.09260961646234676 -0.0 -0.0 -0.0 -0.0 -0.0 -0.0 1.0
0.14262661646234676 -0.0 -0.0 -0.0 -0.0 -0.0 -0.0 1.0
0.19264361646234676 0.011523195542395115 -7.763516623526812e-05 0.0014062050031498075 -0.0007060981006361544 0.014003739692270756 0.0034925073850899935 0.9998956322669983
0.24266161646234674 0.011523195542395115 -7.763516623526812e-05 0.0014062050031498075 -0.0007060981006361544 0.014003739692270756 0.0034925073850899935 0.9998956322669983
0.2926786164623468 0.011523195542395115 -7.763516623526812e-05 0.0014062050031498075 -0.0007060981006361544 0.014003739692270756 0.0034925073850899935 0.9998956322669983
0.34269561646234675 0.017321527004241943 -0.011564279906451702 0.004383639432489872 0.004904537461698055 0.024012871086597443 0.005356865935027599 0.9996853470802307
0.39271261646234673 0.017321527004241943 -0.011564279906451702 0.004383639432489872 0.004904537461698055 0.024012871086597443 0.005356865935027599 0.9996853470802307
0.44273061646234674 0.014226555824279785 -0.019769951701164246 0.004122100304812193 0.012000150978565216 0.022446632385253906 0.003418624633923173 0.9996702075004578
0.49274761646234677 0.014226555824279785 -0.019769951701164246 0.004122100304812193 0.012000150978565216 0.022446632385253906 0.003418624633923173 0.9996702075004578
0.5427646164623467 0.008686880581080914 -0.026684172451496124 0.007400271482765675 0.01905963011085987 0.012568222358822823 0.0032737115398049355 0.9997340440750122
0.5927816164623467 0.008686880581080914 -0.026684172451496124 0.007400271482765675 0.01905963011085987 0.012568222358822823 0.0032737115398049355 0.9997340440750122
0.6427996164623467 5.002612670068629e-05 -0.03133445605635643 0.011439085006713867 0.02517920546233654 -0.001930962665937841 0.003443373367190361 0.9996752142906189
0.6928166164623467 5.002612670068629e-05 -0.03133445605635643 0.011439085006713867 0.02517920546233654 -0.001930962665937841 0.003443373367190361 0.9996752142906189
0.7428336164623468 -0.013726850971579552 -0.033909134566783905 0.013132428750395775 0.028438013046979904 -0.017282430082559586 0.0011075068032369018 0.9994455575942993
0.7928506164623468 -0.013726850971579552 -0.033909134566783905 0.013132428750395775 0.028438013046979904 -0.017282430082559586 0.0011075068032369018 0.9994455575942993
0.8428686164623468 -0.01982930488884449 -0.03551628440618515 0.015047337859869003 0.026696136221289635 -0.03647975996136665 -0.0023888046853244305 0.9989749193191528
0.8928856164623468 -0.022911706939339638 -0.032114628702402115 0.015291486866772175 0.027063991874456406 -0.046799398958683014 -0.004764714743942022 0.9985262751579285
0.9429026164623467 -0.028172878548502922 -0.03133517876267433 0.01665188930928707 0.024626348167657852 -0.055231060832738876 -0.005988785531371832 0.9981518983840942
0.9929196164623467 -0.03213929012417793 -0.029767874628305435 0.01523421797901392 0.021552205085754395 -0.06363195925951004 -0.007104929070919752 0.997715413570404
1.0429366164623468 -0.03429050371050835 -0.029125450178980827 0.015199012123048306 0.016172362491488457 -0.07188446074724197 -0.009089375846087933 0.9972404837608337
1.0929546164623467 -0.037074193358421326 -0.023343723267316818 0.014103767462074757 0.01325784157961607 -0.0788208395242691 -0.009509989991784096 0.9967553019523621
1.1429716164623467 -0.03652053698897362 -0.017662303522229195 0.010565436445176601 0.009673782624304295 -0.08463132381439209 -0.010600496083498001 0.9963089823722839
1.1929886164623467 -0.039121516048908234 -0.012489455752074718 0.009614991024136543 0.0053969258442521095 -0.0863364040851593 -0.010482940822839737 0.9961963295936584
1.2430056164623466 -0.043631844222545624 -0.007279441226273775 0.011475167237222195 0.004236460197716951 -0.08062798529863358 -0.010412434116005898 0.9966808557510376
1.2930236164623465 -0.04134322330355644 -0.003054064465686679 0.009829316288232803 -0.0008033749181777239 -0.08113261312246323 -0.010323552414774895 0.9966496229171753
1.3430406164623467 -0.039260994642972946 0.0007612970657646656 0.011274725198745728 -0.005076104775071144 -0.07886646687984467 -0.010525397025048733 0.9968166947364807
1.3930576164623467 -0.03538655489683151 0.004977390635758638 0.010779207572340965 -0.007833707146346569 -0.07663553208112717 -0.008783533237874508 0.9969897270202637
1.4430746164623467 -0.03484698012471199 0.005593144800513983 0.010379770770668983 -0.011992731131613255 -0.06976955384016037 -0.006866031792014837 0.9974674582481384
1.4930926164623466 -0.03232692554593086 0.009210629388689995 0.011342603713274002 -0.013284532353281975 -0.062260765582323074 -0.004567390773445368 0.9979611039161682
1.5431096164623466 -0.025379600003361702 0.01293111965060234 0.011570229195058346 -0.013906508684158325 -0.05616944655776024 -0.0017007965361699462 0.9983229637145996
1.5931266164623465 -0.020185405388474464 0.015259433537721634 0.011345690116286278 -0.014217359945178032 -0.04726623743772507 0.0009090822422876954 0.9987807273864746
1.6431436164623465 -0.009693690575659275 0.01865672692656517 0.010207402519881725 -0.012583333998918533 -0.04083513841032982 0.004675345961004496 0.999075710773468
1.6931606164623467 -0.0021136298310011625 0.018328050151467323 0.009717204608023167 -0.012449221685528755 -0.030948134139180183 0.00815309677273035 0.9994102120399475
1.7431786164623466 0.00685039022937417 0.019302869215607643 0.008768673054873943 -0.010823627933859825 -0.020584553480148315 0.010069101117551327 0.9996788501739502
1.7931956164623466 0.011925405822694302 0.019459841772913933 0.008742225356400013 -0.009566735476255417 -0.007881861180067062 0.013730492442846298 0.9998289942741394
1.8432126164623466 0.021099397912621498 0.016227474436163902 0.00956802535802126 -0.010341755114495754 0.0014610548969358206 0.017085202038288116 0.9997994899749756
1.8932296164623466 0.02781105786561966 0.014332064427435398 0.00904108490794897 -0.010148758068680763 0.010482033714652061 0.019503245130181313 0.9997033476829529
1.9432476164623467 0.0352192297577858 0.009778795763850212 0.009911143220961094 -0.011076834984123707 0.01752270758152008 0.021824773401021957 0.9995468854904175
1.9932646164623467 0.04013152793049812 0.006543097086250782 0.009211738593876362 -0.00986913125962019 0.0239704716950655 0.024128735065460205 0.9993727207183838
2.043281616462347 0.04553772509098053 0.004286637995392084 0.010072968900203705 -0.00708373636007309 0.027374424040317535 0.024697700515389442 0.9992950558662415
2.093298616462347 0.04815566539764404 -0.0012834148947149515 0.010020756162703037 -0.006091764196753502 0.030255714431405067 0.024808092042803764 0.9992157816886902
2.143316616462347 0.04852081462740898 -0.005622412543743849 0.010861021466553211 -0.00317327119410038 0.03279261663556099 0.02415321208536625 0.9991652965545654
2.193333616462347 0.05034274235367775 -0.011049523949623108 0.011470988392829895 -0.0005693809944204986 0.03217994049191475 0.022863339632749557 0.9992204308509827
2.243350616462347 0.05118543654680252 -0.016992630437016487 0.009266004897654057 0.0012452080845832825 0.031680628657341 0.0196368545293808 0.9993044137954712
2.293367616462347 0.050937436521053314 -0.021791430190205574 0.010461744852364063 0.004030850250273943 0.029725687578320503 0.016846969723701477 0.9994080066680908
2.343385616462347 0.04805682599544525 -0.026987632736563683 0.011597838252782822 0.005922253709286451 0.02791878767311573 0.01352794747799635 0.99950110912323
2.393402616462347 0.04534631222486496 -0.032892484217882156 0.013128217309713364 0.005883762147277594 0.023299843072891235 0.01030709221959114 0.9996581077575684
2.443419616462347 0.04082782194018364 -0.03691688925027847 0.014811928384006023 0.006598352454602718 0.01916458271443844 0.0075339446775615215 0.9997662305831909
2.493436616462347 0.033298369497060776 -0.039362579584121704 0.015854641795158386 0.00828494131565094 0.015649957582354546 0.0043906704522669315 0.9998335838317871
2.543453616462347 0.0288095586001873 -0.04315584525465965 0.01796048693358898 0.00826176069676876 0.008669194765388966 0.0016221898840740323 0.9999270439147949
2.593471616462347 0.020622245967388153 -0.04556509107351303 0.019519716501235962 0.009268446825444698 0.0036936902906745672 -0.0018989082891494036 0.9999484419822693
2.643488616462347 0.01166500523686409 -0.04837682470679283 0.021133609116077423 0.009442812763154507 -0.0025358283892273903 -0.004510063212364912 0.9999420642852783
2.693505616462347 0.006638322491198778 -0.048412322998046875 0.022254643961787224 0.01117283757776022 -0.011836398392915726 -0.007361249998211861 0.9998404383659363
2.743522616462347 -0.0009176328894682229 -0.04901498928666115 0.02368621900677681 0.012043586932122707 -0.0195839274674654 -0.010000115260481834 0.9996857047080994
2.793540616462347 -0.007001673802733421 -0.048186175525188446 0.024768779054284096 0.013350185938179493 -0.028299735859036446 -0.01192717906087637 0.9994392395019531
2.843557616462347 -0.014168333262205124 -0.04747553542256355 0.025440851226449013 0.014235525391995907 -0.035113148391246796 -0.013805357739329338 0.9991865754127502
2.893574616462347 -0.02064448595046997 -0.04382595047354698 0.02649390511214733 0.015443000942468643 -0.04227330535650253 -0.0148924570530653 0.9988757967948914
2.943591616462347 -0.02567526325583458 -0.039851587265729904 0.02785632386803627 0.01562858372926712 -0.04984493553638458 -0.015559939667582512 0.9985134601593018
2.993609616462347 -0.029863527044653893 -0.037191763520240784 0.02857298217713833 0.014763311482965946 -0.05741275101900101 -0.015838807448744774 0.9981157183647156
3.043626616462347 -0.035149913281202316 -0.033524420112371445 0.028399771079421043 0.013407621532678604 -0.06288807839155197 -0.01589106023311615 0.9978039860725403
3.093643616462347 -0.038731999695301056 -0.029827279970049858 0.028864964842796326 0.011260726489126682 -0.06872770935297012 -0.016725366935133934 0.9974316954612732
3.143660616462347 -0.03978777676820755 -0.02261759340763092 0.02891014702618122 0.011340194381773472 -0.07445117831230164 -0.01689930632710457 0.9970170259475708
3.193677616462347 -0.04338131844997406 -0.02001802623271942 0.028164047747850418 0.006653542630374432 -0.07444480806589127 -0.016715992242097855 0.9970628619194031
3.243695616462347 -0.043029963970184326 -0.016186153516173363 0.02852301113307476 0.0027655563317239285 -0.07662784308195114 -0.016802698373794556 0.9969143271446228
3.293712616462347 -0.04326079413294792 -0.011122634634375572 0.027266567572951317 0.00038718414725735784 -0.07532455027103424 -0.01633259654045105 0.9970253109931946
3.343729616462347 -0.04290260747075081 -0.006067605689167976 0.026522846892476082 -0.0024141573812812567 -0.07323998957872391 -0.017365209758281708 0.9971602559089661
3.393746616462347 -0.03993702679872513 -0.005277530290186405 0.027677301317453384 -0.007336286827921867 -0.06969199329614639 -0.01753167435526848 0.9973875880241394
3.443764616462347 -0.03656313568353653 -0.001828855718486011 0.026811612769961357 -0.00983607117086649 -0.06589685380458832 -0.017614657059311867 0.9976224899291992
3.493781616462347 -0.03423045575618744 0.0006181304925121367 0.02604333870112896 -0.012569769285619259 -0.05972425639629364 -0.018178720027208328 0.9979702234268188
3.543798616462347 -0.028889713808894157 0.004033880773931742 0.025632740929722786 -0.013622301630675793 -0.05391351506114006 -0.017775915563106537 0.998294472694397
3.593815616462347 -0.02103504166007042 0.005074467044323683 0.025064971297979355 -0.015870772302150726 -0.04889906197786331 -0.016216222196817398 0.9985460042953491
3.6438336164623473 -0.015919996425509453 0.005414074286818504 0.02378484606742859 -0.018192967399954796 -0.04017277806997299 -0.015375413931906223 0.9989088773727417
3.6938506164623472 -0.00621706573292613 0.007841244339942932 0.02234017848968506 -0.017472557723522186 -0.03324286267161369 -0.013658466748893261 0.999201238155365
3.7438676164623472 0.0006530132959596813 0.007933579385280609 0.020501278340816498 -0.01717250794172287 -0.023952621966600418 -0.011811666190624237 0.999495804309845
3.793884616462347 0.004613175988197327 0.007830389775335789 0.01987835206091404 -0.016377167776226997 -0.011895736679434776 -0.009957880713045597 0.9997455477714539
3.843902616462347 0.014195655472576618 0.007072285283356905 0.018574120476841927 -0.015232941135764122 -0.004321848973631859 -0.007790483068674803 0.9998443126678467
3.8939196164623473 0.020335035398602486 0.004748065955936909 0.018166299909353256 -0.014152536168694496 0.005303295329213142 -0.006584386341273785 0.9998641610145569
3.9439366164623473 0.026538442820310593 0.003831801936030388 0.016749728471040726 -0.01081154029816389 0.013643254525959492 -0.004740935750305653 0.9998372793197632
3.9939536164623473 0.032800473272800446 -0.0002416158968117088 0.015598580241203308 -0.00849594734609127 0.020235881209373474 -0.003233197843655944 0.9997539520263672
4.043970616462347 0.03687991201877594 -0.005328339524567127 0.015925783663988113 -0.006605218164622784 0.026670563966035843 -0.0019363814499229193 0.9996206760406494
4.093988616462347 0.04149644449353218 -0.007496960461139679 0.01525798998773098 -0.0011393813183531165 0.030669908970594406 -0.001957782544195652 0.9995270371437073
4.144005616462347 0.04244749993085861 -0.013954644091427326 0.01523272879421711 0.0015227959956973791 0.03575953468680382 -0.0016319617861881852 0.9993579983711243
4.194022616462346 0.04417022690176964 -0.017762746661901474 0.013261836022138596 0.00718828197568655 0.03709335997700691 -0.0009937557624652982 0.9992855191230774
4.244039616462346 0.045267343521118164 -0.022529931738972664 0.012813427485525608 0.011686371639370918 0.03647614270448685 -0.0011423579417169094 0.9992655515670776
4.2940576164623465 0.04358546435832977 -0.028685178607702255 0.01204561349004507 0.014316191896796227 0.03616313636302948 -0.001812058500945568 0.9992417693138123
4.344074616462346 0.04336242005228996 -0.034519750624895096 0.012783688493072987 0.01627383567392826 0.03133909031748772 -0.0016735015669837594 0.9993749856948853
4.3940916164623465 0.0387398898601532 -0.03961881250143051 0.013225370086729527 0.017333753407001495 0.028104346245527267 -0.002133922651410103 0.9994524717330933
4.444108616462346 0.035777900367975235 -0.04248712584376335 0.014604860916733742 0.019545400515198708 0.021743597462773323 -0.0033366696443408728 0.9995669722557068
4.494126616462347 0.02801521122455597 -0.04458135366439819 0.01550802681595087 0.022034557536244392 0.01712728664278984 -0.004891210701316595 0.9995985627174377
4.544143616462346 0.022572096437215805 -0.04754957929253578 0.016300514340400696 0.02343120239675045 0.00830098893493414 -0.006606627721339464 0.9996691942214966
4.5941606164623465 0.014584331773221493 -0.048569727689027786 0.01713613048195839 0.025798682123422623 -0.00012222887016832829 -0.008480644784867764 0.9996312260627747
4.644177616462346 0.007177027873694897 -0.048313479870557785 0.01808483898639679 0.028339559212327003 -0.008169143460690975 -0.009913121350109577 0.9995158314704895
4.6941946164623465 0.00033647409873083234 -0.04967760294675827 0.019275445491075516 0.028087614104151726 -0.017199939116835594 -0.011562807485461235 0.9993906021118164
4.744212616462346 -0.006272661499679089 -0.04814215376973152 0.021014276891946793 0.029306411743164062 -0.02638818882405758 -0.012703165411949158 0.9991413950920105
4.794229616462347 -0.011392397806048393 -0.04803986847400665 0.02155883237719536 0.028613680973649025 -0.037113383412361145 -0.013212728314101696 0.9988139271736145
4.844246616462346 -0.01964937523007393 -0.04400826245546341 0.02242547832429409 0.0299697145819664 -0.04476727545261383 -0.013188116252422333 0.9984607696533203
4.8942636164623465 -0.02452961541712284 -0.042336974292993546 0.023053161799907684 0.028034808114171028 -0.05464352294802666 -0.01365885604172945 0.9980188608169556
4.944281616462346 -0.031276166439056396 -0.038452643901109695 0.024590758606791496 0.026116009801626205 -0.06210911273956299 -0.014468238689005375 0.9976227879524231
4.994298616462346 -0.035942137241363525 -0.03513346612453461 0.025245435535907745 0.022751087322831154 -0.07123371958732605 -0.015170859172940254 0.9970847368240356
5.044315616462346 -0.04011725261807442 -0.032083142548799515 0.025195106863975525 0.018046274781227112 -0.0794299766421318 -0.01604916900396347 0.9965479373931885
5.094332616462347 -0.045571938157081604 -0.025698767974972725 0.02574901096522808 0.01512907724827528 -0.0848354771733284 -0.017047816887497902 0.9961342811584473
5.144350616462346 -0.0494336262345314 -0.02062149904668331 0.025628136470913887 0.010686501860618591 -0.08823402225971222 -0.01818682625889778 0.9958764314651489
5.194367616462346 -0.052824679762125015 -0.01700035110116005 0.025316428393125534 0.004741480108350515 -0.08957409113645554 -0.02031952142715454 0.9957616329193115
5.244384616462346 -0.052575498819351196 -0.012688525952398777 0.026516148820519447 -0.000580213381908834 -0.09234186261892319 -0.021053535863757133 0.99550461769104
5.294401616462346 -0.051777757704257965 -0.005147965624928474 0.02519097551703453 -0.0026881247758865356 -0.0928453803062439 -0.020624183118343353 0.9954633116722107
5.344419616462346 -0.04816015437245369 0.00023663512547500432 0.02481984533369541 -0.006222605239599943 -0.09280869364738464 -0.02214198000729084 0.9954183101654053
5.394436616462346 -0.046309228986501694 0.005150037817656994 0.02433864399790764 -0.009229878894984722 -0.08783956617116928 -0.022282740101218224 0.9958426356315613
5.444453616462346 -0.04244149848818779 0.007345167454332113 0.023021891713142395 -0.012897582724690437 -0.0817970484495163 -0.022945255041122437 0.9963013529777527
5.494470616462346 -0.03760732710361481 0.010818409733474255 0.022226249799132347 -0.014576206915080547 -0.07409412413835526 -0.02172805555164814 0.9969080090522766
5.544487616462346 -0.030581576749682426 0.01195149589329958 0.021627064794301987 -0.01665683649480343 -0.06645727902650833 -0.0201235581189394 0.9974473118782043
5.594505616462346 -0.02887641452252865 0.012245218269526958 0.021647322922945023 -0.018619680777192116 -0.05376335605978966 -0.019144609570503235 0.998196542263031
5.644522616462346 -0.020425966009497643 0.010943571105599403 0.02051457017660141 -0.019253792241215706 -0.04661687836050987 -0.017198417335748672 0.998579204082489
5.694539616462346 -0.014269466511905193 0.01078986655920744 0.019060131162405014 -0.018095005303621292 -0.038557276129722595 -0.015859104692935944 0.9989666938781738
5.744556616462346 -0.0035642224829643965 0.009786958806216717 0.017857439815998077 -0.01623748242855072 -0.03495930880308151 -0.013503307476639748 0.9991655945777893
5.794574616462346 0.0035181620623916388 0.0068621267564594746 0.01624947041273117 -0.014625965617597103 -0.030665190890431404 -0.011763292364776134 0.9993534684181213
5.844591616462346 0.00776925403624773 0.005256062839180231 0.015188593417406082 -0.011367605067789555 -0.026647454127669334 -0.010387838818132877 0.99952632188797
5.894608616462346 0.01451893150806427 0.003984014969319105 0.01333326380699873 -0.007757800631225109 -0.027063848450779915 -0.009857126511633396 0.9995550513267517
5.944625616462346 0.0182140301913023 0.005176289472728968 0.013240043073892593 -0.001997502753511071 -0.02711758390069008 -0.010002979077398777 0.9995802044868469
5.994643616462346 0.019462348893284798 -0.0008569926139898598 0.01393114309757948 -0.0010693782242015004 -0.028634855523705482 -0.011612655594944954 0.9995219111442566
6.044660616462346 0.024931570515036583 -0.0013638088712468743 0.014095301739871502 0.002694599563255906 -0.03186449036002159 -0.013557464815676212 0.9993966221809387
6.094677616462346 0.028975360095500946 -0.0019230925245210528 0.013867998495697975 0.006038897670805454 -0.033010613173246384 -0.016049671918153763 0.9993078708648682
6.144694616462346 0.03551144897937775 -0.006092926021665335 0.015219060704112053 0.006356910802423954 -0.0359685905277729 -0.017816368490457535 0.9991739392280579
6.194711616462346 0.03597027063369751 -0.008357768878340721 0.018500152975320816 0.0068085393868386745 -0.03366844356060028 -0.020555540919303894 0.9991984963417053
6.2447296164623465 0.04004102572798729 -0.0114150270819664 0.018953856080770493 0.007252149749547243 -0.03753228485584259 -0.021590938791632652 0.9990358352661133
6.294746616462346 0.0420384556055069 -0.012803606688976288 0.02296021208167076 0.006781500764191151 -0.040005266666412354 -0.025423385202884674 0.9988530278205872
6.344763616462346 0.046990107744932175 -0.015204491093754768 0.024120284244418144 0.006370531860738993 -0.046132348477840424 -0.026425309479236603 0.9985654950141907
6.394780616462346 0.04742839187383652 -0.015228507108986378 0.028538541868329048 0.008987798355519772 -0.046289488673210144 -0.025068089365959167 0.9985730648040771
6.4447986164623465 0.053057026118040085 -0.01586044952273369 0.03375156968832016 0.010456222109496593 -0.04578109085559845 -0.024336300790309906 0.9986003041267395
6.494815616462346 0.05647168308496475 -0.018144790083169937 0.039182040840387344 0.010503017343580723 -0.04158130660653114 -0.02180297300219536 0.9988420009613037
6.5448326164623465 0.06185333803296089 -0.020724443718791008 0.04510623961687088 0.009625816717743874 -0.041791316121816635 -0.019919903948903084 0.998881459236145
6.594849616462346 0.059721846133470535 -0.02736068330705166 0.04914272949099541 0.0038418287876993418 -0.04146004840731621 -0.01546552125364542 0.9990130662918091
6.644867616462347 0.057332977652549744 -0.03083125129342079 0.053956288844347 0.0011813457822427154 -0.0392313078045845 -0.010921149514615536 0.9991698265075684
6.694884616462346 0.06158050149679184 -0.030253378674387932 0.056821614503860474 0.0031764234881848097 -0.040287844836711884 -0.008065738715231419 0.9991505742073059
6.7449016164623465 0.061894070357084274 -0.03465736657381058 0.05953313782811165 0.0024186403024941683 -0.040434397757053375 -0.005971519276499748 0.999161422252655
6.794918616462346 0.06343372166156769 -0.0385202057659626 0.0630645602941513 0.0023073768243193626 -0.04267142713069916 -0.004669273272156715 0.9990756511688232
6.844936616462346 0.06247295066714287 -0.04431753233075142 0.06642816960811615 0.0011942312121391296 -0.04151018336415291 -0.00495285214856267 0.999125063419342
6.894953616462346 0.06084973365068436 -0.04673430323600769 0.06691951304674149 0.0032530813477933407 -0.04083988070487976 -0.008826869539916515 0.9991214275360107
6.944970616462347 0.06145371496677399 -0.05186385661363602 0.06943701952695847 0.002915648277848959 -0.04427879676222801 -0.01454155333340168 0.9989091157913208
6.994987616462346 0.05612291023135185 -0.05472948029637337 0.070040263235569 0.003998742438852787 -0.0447978600859642 -0.019097359851002693 0.9988055229187012
7.0450046164623465 0.05185825750231743 -0.05595184490084648 0.07056696712970734 0.0046728840097785 -0.047497835010290146 -0.022249750792980194 0.9986125826835632
7.095022616462346 0.05028921738266945 -0.054423026740550995 0.07019294798374176 0.006681717466562986 -0.05351659283041954 -0.024006381630897522 0.9982560276985168
7.145039616462346 0.049365535378456116 -0.05428057536482811 0.07104483246803284 0.006587411276996136 -0.057925816625356674 -0.02424306981265545 0.9980047941207886
7.195056616462346 0.04729572683572769 -0.05069830268621445 0.07060497999191284 0.008154788985848427 -0.06125357747077942 -0.02195037342607975 0.9978475570678711
7.245073616462347 0.04939994961023331 -0.04616907611489296 0.07166291773319244 0.008459450677037239 -0.06681996583938599 -0.020595751702785492 0.9975166320800781
7.295091616462346 0.047051724046468735 -0.03934493288397789 0.07054658234119415 0.008901317603886127 -0.06596873700618744 -0.016068192198872566 0.9976525902748108
7.345108616462346 0.048393476754426956 -0.03339273855090141 0.07032523304224014 0.007064741104841232 -0.06499045342206955 -0.012254694476723671 0.9977856874465942
7.395125616462346 0.05041562393307686 -0.026947021484375 0.06969503313302994 0.004187350161373615 -0.061438657343387604 -0.007392127066850662 0.9980747103691101
7.445142616462346 0.05295145511627197 -0.022817587479948997 0.06972905993461609 -0.0016460458282381296 -0.054269179701805115 -0.002587286289781332 0.998521625995636
7.495160616462346 0.06122212111949921 -0.016690123826265335 0.06913800537586212 -0.005582499783486128 -0.04950688034296036 0.002939410973340273 0.9987538456916809
7.545177616462346 0.0674312636256218 -0.012760965153574944 0.06917410343885422 -0.011242791078984737 -0.039327796548604965 0.008052702061831951 0.9991306662559509
7.595194616462346 0.07303860783576965 -0.009040730074048042 0.06785167753696442 -0.015377340838313103 -0.026491960510611534 0.012377074919641018 0.9994542002677917
7.645211616462346 0.08505595475435257 -0.004052280448377132 0.06616941094398499 -0.016174040734767914 -0.01637452468276024 0.01546870730817318 0.999615490436554
7.695228616462346 0.09233054518699646 -0.0022820220328867435 0.06531598418951035 -0.017817998304963112 -0.000850339129101485 0.01735520549118519 0.9996902942657471
7.745246616462346 0.10184366255998611 0.00039687217213213444 0.06402596831321716 -0.016999242827296257 0.012410422787070274 0.01843309961259365 0.9996085166931152
7.795263616462346 0.1103782132267952 0.0008340360946021974 0.06229020282626152 -0.016556886956095695 0.026996897533535957 0.019720375537872314 0.9993038177490234
7.845280616462346 0.11902415752410889 0.0005353421438485384 0.06096344813704491 -0.01652626134455204 0.04095248878002167 0.021496564149856567 0.9987931251525879
7.895297616462346 0.1280842274427414 -0.0006950764218345284 0.05904101952910423 -0.01615920476615429 0.05359392613172531 0.02346094511449337 0.9981564283370972
7.945315616462346 0.13630738854408264 -0.0002695743751246482 0.056158773601055145 -0.012654397636651993 0.06499267369508743 0.026053018867969513 0.9974653720855713
7.995332616462346 0.1426101177930832 -0.0035348469391465187 0.05501055344939232 -0.009438874199986458 0.07615336775779724 0.027546273544430733 0.9966709017753601
8.045349616462346 0.14823497831821442 -0.009032602421939373 0.053168755024671555 -0.005801900755614042 0.08469656854867935 0.028683068230748177 0.995976984500885
8.095366616462346 0.1529809981584549 -0.013129249215126038 0.0507100410759449 0.0010630559409037232 0.09113577753305435 0.027557704597711563 0.9954565763473511
8.145384616462346 0.15713682770729065 -0.01814989373087883 0.04809541255235672 0.00913142878562212 0.09575070440769196 0.026571061462163925 0.9950088262557983
8.195401616462346 0.157602921128273 -0.02483227476477623 0.04659511521458626 0.016261473298072815 0.100282683968544 0.023984398692846298 0.9945369362831116
8.245418616462347 0.15753886103630066 -0.031123140826821327 0.045322518795728683 0.022827938199043274 0.10190634429454803 0.02161906659603119 0.9942970275878906
8.295435616462346 0.15808051824569702 -0.03617466613650322 0.042407743632793427 0.02934344671666622 0.0995505079627037 0.017498165369033813 0.99444580078125
8.345453616462347 0.15630877017974854 -0.044129323214292526 0.04258868843317032 0.03182843327522278 0.09785576164722443 0.013550076633691788 0.9945992231369019
8.395470616462346 0.15411482751369476 -0.05013559013605118 0.04266923666000366 0.034663937985897064 0.09381043910980225 0.009651541709899902 0.9949396848678589
8.445487616462346 0.1502780020236969 -0.05450353026390076 0.042952969670295715 0.038983963429927826 0.08889075368642807 0.00602726312354207 0.9952600002288818
8.495504616462346 0.14670132100582123 -0.058543555438518524 0.04263091832399368 0.0431213304400444 0.08183886855840683 0.00227689859457314 0.9957097172737122
8.545521616462347 0.14187172055244446 -0.062402110546827316 0.043943461030721664 0.04628650099039078 0.07502470910549164 -0.00046266187564469874 0.9961068034172058
8.595539616462347 0.13652431964874268 -0.06367097049951553 0.044262588024139404 0.05044890195131302 0.06600569933652878 -0.0034604521933943033 0.9965370893478394
8.645556616462347 0.13011597096920013 -0.06438875198364258 0.0461759977042675 0.053607359528541565 0.05842994898557663 -0.005897235590964556 0.9968337416648865
8.695573616462346 0.12325722724199295 -0.06436960399150848 0.04715736210346222 0.056055810302495956 0.05022802948951721 -0.008335181511938572 0.9971286058425903
8.745590616462346 0.11808466911315918 -0.06556086242198944 0.04857120290398598 0.05614995211362839 0.04070974141359329 -0.0097361383959651 0.9975445866584778
8.795608616462346 0.1129298135638237 -0.062200888991355896 0.05096640810370445 0.05697867274284363 0.03139735758304596 -0.009277810342609882 0.9978384971618652
8.845625616462346 0.10657549649477005 -0.061948634684085846 0.05348539724946022 0.05273032560944557 0.024055613204836845 -0.008132951334118843 0.9982858896255493
8.895642616462347 0.10023348778486252 -0.05855981260538101 0.05580582469701767 0.04883287101984024 0.017763610929250717 -0.008118322119116783 0.9986160397529602
8.945659616462347 0.09530860930681229 -0.054651860147714615 0.05855949968099594 0.043885622173547745 0.011644016951322556 -0.007470214739441872 0.9989407658576965
8.995677616462347 0.09124705940485 -0.048856932669878006 0.06118033826351166 0.039254698902368546 0.005742922890931368 -0.0066832564771175385 0.9991903901100159
9.045694616462345 0.08762983232736588 -0.04247182980179787 0.0633096769452095 0.03508932143449783 0.0012718787183985114 -0.005157515872269869 0.9993700981140137
9.095711616462346 0.08593373745679855 -0.03616904094815254 0.06498604267835617 0.03116539679467678 -0.002021088032051921 -0.003218176309019327 0.9995070099830627
9.145728616462346 0.08518978208303452 -0.029654398560523987 0.0666491836309433 0.02717943675816059 -0.003091277787461877 -0.0008548026671633124 0.9996254444122314
9.195745616462347 0.08447503298521042 -0.02396337501704693 0.06783922761678696 0.02183050662279129 -0.0012147988891229033 0.0016183521365746856 0.9997596740722656
9.245763616462346 0.08494390547275543 -0.018042538315057755 0.0693313330411911 0.016179805621504784 0.0011328381951898336 0.005561280995607376 0.9998530149459839
9.295780616462347 0.08646140247583389 -0.012755993753671646 0.07120031118392944 0.009004766121506691 0.0034043651539832354 0.010007215663790703 0.9999036192893982
9.345797616462345 0.09021799266338348 -0.008595243096351624 0.07230652123689651 0.0010556314373388886 0.007116534747183323 0.01428042259067297 0.9998722076416016
9.395814616462346 0.09527559578418732 -0.003756567370146513 0.07286348938941956 -0.005556988529860973 0.01328591350466013 0.019088517874479294 0.9997140765190125
9.445832616462345 0.09998507797718048 -0.0016467957757413387 0.07310756295919418 -0.012517974711954594 0.02188992314040661 0.023455079644918442 0.9994068145751953
9.495849616462346 0.10618946701288223 0.00108197086956352 0.07363156974315643 -0.017281431704759598 0.03137175738811493 0.02764636091887951 0.998975932598114
9.545866616462346 0.11350203305482864 0.0020238771103322506 0.07324696332216263 -0.021735288202762604 0.04131433740258217 0.03162792697548866 0.9984089136123657
9.595883616462347 0.12122905254364014 0.0036366123240441084 0.07094249874353409 -0.02362666465342045 0.05245056748390198 0.03544674441218376 0.9977145195007324
9.645901616462346 0.12800060212612152 0.0036712931469082832 0.0693502426147461 -0.024352235719561577 0.06546009331941605 0.03877589479088783 0.9968041181564331
9.695918616462347 0.13604819774627686 0.0020593805238604546 0.06696361303329468 -0.024669313803315163 0.07721956074237823 0.041586533188819885 0.9958409667015076
9.745935616462345 0.1437784880399704 0.002493695355951786 0.06443479657173157 -0.022156616672873497 0.08925484120845795 0.04468521103262901 0.994759202003479
9.795952616462346 0.15011301636695862 0.0011460452806204557 0.06232094392180443 -0.01961505599319935 0.1013709083199501 0.04747892543673515 0.993521511554718
9.845970616462346 0.15727831423282623 -0.0038719121366739273 0.059616345912218094 -0.01893572323024273 0.11140717566013336 0.0482996366918087 0.9924197793006897
9.895987616462346 0.1635422557592392 -0.006955380085855722 0.056795116513967514 -0.015310916118323803 0.12002749741077423 0.0489703044295311 0.9914438724517822
9.946004616462346 0.16794821619987488 -0.010358335450291634 0.05488324537873268 -0.010506032034754753 0.12666404247283936 0.04888839274644852 0.9906845688819885
9.996021616462347 0.17031286656856537 -0.01626547984778881 0.054098885506391525 -0.00720588443800807 0.131124347448349 0.04595249891281128 0.99027419090271
10.046038616462345 0.17120346426963806 -0.021230144426226616 0.05144992470741272 -0.001421005348674953 0.13415731489658356 0.04465598985552788 0.9899523854255676
10.096056616462347 0.16989174485206604 -0.026046929880976677 0.05011458694934845 0.005113624501973391 0.13419261574745178 0.04093480855226517 0.9900962710380554
10.146073616462346 0.16935613751411438 -0.032863467931747437 0.04817742854356766 0.010010714642703533 0.1301625818014145 0.03734702244400978 0.9907384514808655
10.196090616462346 0.16631700098514557 -0.03908170014619827 0.04805128648877144 0.015083316713571548 0.12504325807094574 0.03303776681423187 0.9914864301681519
10.246107616462346 0.16372674703598022 -0.04435189068317413 0.04695383459329605 0.021180864423513412 0.11713576316833496 0.028060290962457657 0.9924935102462769
10.296125616462346 0.15909802913665771 -0.04879307001829147 0.04706498980522156 0.026827042922377586 0.10886310786008835 0.02348334528505802 0.9934172034263611
10.346142616462346 0.1533028781414032 -0.05287259817123413 0.04730283468961716 0.03195388242602348 0.09827680140733719 0.019027167931199074 0.9944640398025513
10.396159616462347 0.1460125744342804 -0.056703440845012665 0.04674934595823288 0.035986803472042084 0.08631008863449097 0.013844188302755356 0.9955219030380249
10.446176616462346 0.13905172049999237 -0.05807039886713028 0.04826892167329788 0.039441902190446854 0.07408099621534348 0.009792571887373924 0.9964239001274109
10.496194616462347 0.13091939687728882 -0.05917292833328247 0.049706123769283295 0.04163505136966705 0.061819422990083694 0.006270512938499451 0.9971988797187805
10.546211616462346 0.12275870144367218 -0.0597442127764225 0.05157225951552391 0.04148155078291893 0.04975191503763199 0.001786279259249568 0.9978982210159302
10.596228616462346 0.11549825966358185 -0.05820330232381821 0.05322234705090523 0.04098964110016823 0.037253208458423615 -0.0014819216448813677 0.9984638094902039
10.646245616462346 0.10831809043884277 -0.0564156249165535 0.05653717741370201 0.03763773292303085 0.02502303570508957 -0.0037197046913206577 0.9989712238311768
10.696262616462347 0.10110744833946228 -0.05402766540646553 0.059173014014959335 0.033002447336912155 0.014051164500415325 -0.005048586055636406 0.9993438124656677
10.746280616462347 0.09616865962743759 -0.05054683983325958 0.06166396290063858 0.027710875496268272 0.0018573387060314417 -0.006688369438052177 0.9995919466018677
10.796297616462347 0.08883156627416611 -0.04670147970318794 0.06447916477918625 0.021314695477485657 -0.007328012492507696 -0.006932701915502548 0.9997219443321228
10.846314616462346 0.08619621396064758 -0.04105793684720993 0.0668262392282486 0.015543939545750618 -0.017663588747382164 -0.006825926713645458 0.9996998310089111
10.896331616462346 0.08283265680074692 -0.035527173429727554 0.06855449080467224 0.008780642412602901 -0.025960754603147507 -0.006786929909139872 0.9996013641357422
10.946349616462346 0.08090770244598389 -0.0296527910977602 0.07031214237213135 0.0019663809798657894 -0.03346505016088486 -0.005968187935650349 0.999420166015625
10.996366616462346 0.07901418209075928 -0.022539746016263962 0.07164772599935532 -0.00312585337087512 -0.03817177563905716 -0.005211080890148878 0.9992527961730957
11.046383616462347 0.08048775047063828 -0.016454195603728294 0.07266587764024734 -0.008211350999772549 -0.04306688532233238 -0.004433462396264076 0.9990286827087402
11.096400616462347 0.0817827433347702 -0.01101187989115715 0.07371523231267929 -0.014110411517322063 -0.043308325111866 -0.0037624225951731205 0.9989550709724426
11.146418616462347 0.08619783818721771 -0.006106148473918438 0.07443530857563019 -0.020964115858078003 -0.0425969697535038 -0.0032145543955266476 0.9988672733306885
11.196435616462345 0.08727005869150162 -0.002659193705767393 0.0757078230381012 -0.028205785900354385 -0.03643259406089783 -0.0016286785248667002 0.998936653137207
11.246452616462346 0.09392446279525757 0.0013053285656496882 0.07637258619070053 -0.03496851027011871 -0.03152900189161301 0.0004076430923305452 0.9988909363746643
11.296469616462346 0.09914229065179825 0.0039632427506148815 0.07725341618061066 -0.04191619157791138 -0.022318832576274872 0.0023329094983637333 0.9988691210746765
11.346487616462346 0.10712490975856781 0.007337930612266064 0.07704401761293411 -0.0468754880130291 -0.012396330013871193 0.004573528654873371 0.9988133907318115
11.396504616462346 0.11494641751050949 0.007906357757747173 0.07739275693893433 -0.05083728954195976 -0.0015290055889636278 0.007704273331910372 0.998676061630249
11.446521616462347 0.12323793768882751 0.00766776455566287 0.07660521566867828 -0.05272531881928444 0.010212115943431854 0.010582910850644112 0.9985007643699646
11.496538616462345 0.13132910430431366 0.005179473198950291 0.07517197728157043 -0.05227581039071083 0.021413838490843773 0.014428478665649891 0.9982988238334656
11.546555616462346 0.13887135684490204 0.0026611452922225 0.07429029047489166 -0.04968198388814926 0.03251093626022339 0.01661127805709839 0.9980975985527039
11.596573616462345 0.14548645913600922 -0.0028001272585242987 0.07343757897615433 -0.04606063663959503 0.04324769228696823 0.018626229837536812 0.9978281855583191
11.646590616462346 0.15188202261924744 -0.007104023825377226 0.07070557028055191 -0.04026814177632332 0.0517929345369339 0.020600242540240288 0.9976329803466797
11.696607616462346 0.15547610819339752 -0.01391614694148302 0.06968144327402115 -0.03556247800588608 0.05931448936462402 0.021715858951210976 0.9973692893981934
11.746624616462347 0.15816721320152283 -0.020845651626586914 0.06894946098327637 -0.03141307830810547 0.06427792459726334 0.022818438708782196 0.997176468372345
11.796642616462346 0.15940770506858826 -0.0271094162017107 0.06679868698120117 -0.02635035291314125 0.06744270026683807 0.023652341216802597 0.9970946907997131
11.846659616462347 0.15805508196353912 -0.03367091342806816 0.06634301692247391 -0.021157018840312958 0.0672537088394165 0.023627903312444687 0.9972317218780518
11.896676616462345 0.1574348658323288 -0.041559502482414246 0.06567472964525223 -0.01648137904703617 0.06383423507213593 0.022316493093967438 0.9975748658180237
11.946693616462346 0.1540355533361435 -0.04917203634977341 0.06475447118282318 -0.011031548492610455 0.05959946662187576 0.02058754488825798 0.9979490637779236
11.996711616462346 0.14807458221912384 -0.05597030371427536 0.0638752356171608 -0.004735300783067942 0.052534397691488266 0.019246632233262062 0.9984224438667297
12.046728616462346 0.14007054269313812 -0.06100139021873474 0.06552271544933319 0.002398294862359762 0.04437842220067978 0.017961349338293076 0.9988504648208618
12.096745616462346 0.13070227205753326 -0.065894216299057 0.06662644445896149 0.007262714207172394 0.036849554628133774 0.015906428918242455 0.9991678595542908
12.146762616462347 0.12038976699113846 -0.06789103150367737 0.06872370839118958 0.011693271808326244 0.030640283599495888 0.01542389765381813 0.9993430972099304
12.196779616462345 0.11080107092857361 -0.0695529580116272 0.07093886286020279 0.01401441264897585 0.023048290982842445 0.015736237168312073 0.9995123147964478
12.246797616462347 0.10126441717147827 -0.06919289380311966 0.07440540939569473 0.01618112064898014 0.015550576150417328 0.016865277662873268 0.9996058940887451
12.296814616462346 0.09141494333744049 -0.06712841242551804 0.07820688933134079 0.017033254727721214 0.008068583905696869 0.01815391704440117 0.9996576309204102
12.346831616462346 0.08421135693788528 -0.0666273906826973 0.08147480338811874 0.013739294372498989 -0.00044987909495830536 0.01894625462591648 0.9997260570526123
12.396848616462346 0.07516516000032425 -0.06262140721082687 0.08537814766168594 0.011684014461934566 -0.00598045764490962 0.020217033103108406 0.9997094869613647
12.446866616462346 0.06619305908679962 -0.05938916280865669 0.08772726356983185 0.008398246951401234 -0.010793741792440414 0.021202189847826958 0.9996816515922546
12.496883616462346 0.05800386145710945 -0.055292241275310516 0.08900922536849976 0.006321727763861418 -0.01549374870955944 0.0210559219121933 0.9996383190155029
12.546900616462347 0.049290742725133896 -0.05188984051346779 0.08956047147512436 0.0050092944875359535 -0.020249778404831886 0.020740849897265434 0.9995673298835754
12.596917616462346 0.04362037032842636 -0.0483894944190979 0.08899566531181335 0.004596888553351164 -0.02751624956727028 0.02001272886991501 0.9994104504585266
12.646935616462347 0.03614236041903496 -0.04326368495821953 0.08683149516582489 0.005949067417532206 -0.033418208360672 0.019859671592712402 0.999226450920105
12.696952616462346 0.029843395575881004 -0.04161267355084419 0.0852188840508461 0.0030315248295664787 -0.038027890026569366 0.020491961389780045 0.9990620017051697
12.746969616462346 0.024487603455781937 -0.03842950984835625 0.08233474940061569 0.0010021396446973085 -0.04142487794160843 0.02170470543205738 0.9989053606987
12.796986616462346 0.023212550207972527 -0.03600041940808296 0.07786419242620468 -0.002254914026707411 -0.04494331404566765 0.021176956593990326 0.9987624883651733
12.847004616462346 0.01888173818588257 -0.032626673579216 0.07379321753978729 -0.004095301032066345 -0.04367881268262863 0.020617472007870674 0.9988245368003845
12.897021616462347 0.015669848769903183 -0.028106611222028732 0.0662098079919815 -0.003305432852357626 -0.04359136149287224 0.020265717059373856 0.9988384246826172
12.947038616462347 0.009792006574571133 -0.023788386955857277 0.0600176639854908 -0.0035305998753756285 -0.04159809648990631 0.01816723681986332 0.9989630579948425
12.997055616462346 0.008736721239984035 -0.01916763186454773 0.05392700433731079 -0.004293326288461685 -0.043119482696056366 0.016865631565451622 0.998918354511261
13.047072616462346 0.003049347549676895 -0.014895257540047169 0.047093939036130905 -0.005779821891337633 -0.041236910969018936 0.015198647044599056 0.999017059803009
13.097090616462346 0.0007874799775891006 -0.010472362861037254 0.04091299697756767 -0.007713720202445984 -0.04116645082831383 0.012943028472363949 0.9990386962890625
13.147107616462346 -0.003701278707012534 -0.006659852806478739 0.03412772715091705 -0.0101291099563241 -0.037692826241254807 0.010639462620019913 0.9991813898086548
13.197124616462347 -0.0054686544463038445 -0.0017705148784443736 0.02828642539680004 -0.011259954422712326 -0.037148818373680115 0.008610827848315239 0.9992092251777649
13.247141616462347 -0.009108750149607658 -0.0006756435614079237 0.022872574627399445 -0.014378056861460209 -0.03635961562395096 0.006470177788287401 0.9992144107818604
13.297159616462347 -0.013013940304517746 0.0014516077935695648 0.017782192677259445 -0.015797937288880348 -0.037340130656957626 0.0041517652571201324 0.9991691708564758
13.347176616462345 -0.015205674804747105 0.005079411435872316 0.013336877338588238 -0.014690343290567398 -0.0412164032459259 0.001133845536969602 0.9990416765213013
13.397193616462346 -0.024114953354001045 0.006867559161037207 0.011249297298491001 -0.01479683443903923 -0.039635274559259415 -0.0021815195214003325 0.9991022944450378
13.447210616462346 -0.03078027069568634 0.011392728425562382 0.007404576987028122 -0.011251739226281643 -0.03836696222424507 -0.004189640283584595 0.9991916418075562
13.497228616462346 -0.025235170498490334 0.0044107576832175255 0.00472961226478219 -0.015959307551383972 -0.04582696408033371 -0.0074716717936098576 0.9987940192222595
13.547245616462346 -0.030895991250872612 0.00453977519646287 0.003998715430498123 -0.014052778482437134 -0.04642295464873314 -0.010492101311683655 0.9987679123878479
13.597262616462347 -0.03596705198287964 0.0035561067052185535 0.0036588700022548437 -0.012297549284994602 -0.048052214086055756 -0.013572676107287407 0.9986769556999207
13.647279616462345 -0.036888860166072845 0.003396359272301197 0.005825583357363939 -0.010199344716966152 -0.05268781632184982 -0.01707206666469574 0.9984130859375
13.697296616462346 -0.04580778628587723 0.0025074081495404243 0.009997263550758362 -0.008056296966969967 -0.050706978887319565 -0.01715865358710289 0.9985337257385254
13.747314616462345 -0.04728638753294945 0.0017783938674256206 0.01405427511781454 -0.006582879927009344 -0.05304166302084923 -0.020460281521081924 0.9983610510826111
13.797331616462346 -0.04378877952694893 -0.00043282590922899544 0.017466077581048012 -0.005429107695817947 -0.06001916155219078 -0.022761598229408264 0.997922956943512
13.847348616462346 -0.04945303127169609 -0.001124567468650639 0.023251334205269814 -0.0023353283759206533 -0.058478690683841705 -0.025023827329277992 0.997972309589386
13.897365616462347 -0.04963516816496849 0.0002256127045257017 0.03014676459133625 0.0015212666476145387 -0.06113492697477341 -0.02734420821070671 0.9977537393569946
13.947383616462346 -0.05063778907060623 -0.0026035637129098177 0.03690357133746147 0.0020663621835410595 -0.06419796496629715 -0.0289299376308918 0.9975156188011169
13.997400616462347 -0.05177193135023117 -0.007645652629435062 0.04648645222187042 0.0006296918145380914 -0.06649141013622284 -0.029548021033406258 0.997349202632904
14.047417616462345 -0.05357943847775459 -0.0073393043130636215 0.0540151409804821 0.0030453780200332403 -0.06819293648004532 -0.030265845358371735 0.9972083568572998
14.097434616462346 -0.06109200790524483 -0.009698975831270218 0.06373303383588791 0.0034032368566840887 -0.06259112805128098 -0.03085719235241413 0.9975563883781433
14.147452616462346 -0.05585666000843048 -0.014244128949940205 0.0747465267777443 0.002253800630569458 -0.06566017866134644 -0.02902689389884472 0.9974172711372375
14.197469616462346 -0.05741897225379944 -0.016228219494223595 0.08511919528245926 0.0035008799750357866 -0.06381446123123169 -0.02705945447087288 0.9975887537002563
14.247486616462346 -0.05832861736416817 -0.014694488607347012 0.09569816291332245 0.007875545881688595 -0.061208903789520264 -0.025015203282237053 0.9977803826332092
14.297503616462347 -0.05829572677612305 -0.018278155475854874 0.10759548097848892 0.007913009263575077 -0.058023251593112946 -0.024132853373885155 0.9979921579360962
14.347521616462346 -0.06015340983867645 -0.018916573375463486 0.11894113570451736 0.010172390379011631 -0.053525160998106 -0.023667600005865097 0.998234212398529
14.397538616462347 -0.06267890334129333 -0.023385006934404373 0.12902884185314178 0.0083053819835186 -0.04805406183004379 -0.024932419881224632 0.9984990358352661
14.447555616462346 -0.05836187303066254 -0.021423937752842903 0.13760024309158325 0.011509798467159271 -0.050704699009656906 -0.028732633218169212 0.99823397397995
14.497572616462346 -0.06138220056891441 -0.01958267204463482 0.14236408472061157 0.015477844513952732 -0.05001110956072807 -0.03202714025974274 0.9981150031089783
14.547589616462346 -0.06288646906614304 -0.020427925512194633 0.15117520093917847 0.015885453671216965 -0.04742514714598656 -0.036162011325359344 0.9980936646461487
14.597607616462346 -0.06180553883314133 -0.02256358042359352 0.15746624767780304 0.014711114577949047 -0.05023972690105438 -0.0403672493994236 0.9978126287460327
14.647624616462346 -0.06340593844652176 -0.023721525445580482 0.1634257286787033 0.013642411679029465 -0.05208507925271988 -0.042868442833423615 0.9976288676261902
14.697641616462347 -0.0644628033041954 -0.021575134247541428 0.16905784606933594 0.014909815974533558 -0.053767018020153046 -0.0437423512339592 0.9974836111068726
14.747658616462346 -0.06322191655635834 -0.020025264471769333 0.1733587384223938 0.015818722546100616 -0.05788485333323479 -0.044654540717601776 0.9971986413002014
14.797676616462347 -0.06689291447401047 -0.019516777247190475 0.17827855050563812 0.014607527293264866 -0.05744413286447525 -0.04441259801387787 0.99725341796875
14.847693616462346 -0.06608911603689194 -0.02401503175497055 0.18421876430511475 0.008548451587557793 -0.061331335455179214 -0.04459104686975479 0.9970842599868774
14.897710616462346 -0.0674820989370346 -0.021110394969582558 0.18753434717655182 0.00859238114207983 -0.06069217994809151 -0.04424835368990898 0.9971383213996887
14.947727616462346 -0.06111474707722664 -0.019058896228671074 0.1867496371269226 0.008319515734910965 -0.0650658831000328 -0.04404442757368088 0.9968737959861755
14.997745616462346 -0.05989418178796768 -0.01859947480261326 0.18072809278964996 0.012017170898616314 -0.0684731975197792 -0.04056349769234657 0.9967555999755859
15.047762616462347 -0.06566128134727478 -0.025750022381544113 0.17968708276748657 0.0031796356197446585 -0.06521647423505783 -0.046014681458473206 0.9968045949935913
15.097779616462347 -0.06746535748243332 -0.02219763770699501 0.17673584818840027 0.00719044404104352 -0.06527730077505112 -0.0460992269217968 0.9967758655548096
15.147796616462346 -0.06996272504329681 -0.019959749653935432 0.1713988333940506 0.008438194170594215 -0.06151049584150314 -0.04652652516961098 0.9969857335090637
15.197813616462346 -0.07212008535861969 -0.0177090335637331 0.162597194314003 0.010368195362389088 -0.05882466211915016 -0.04614650458097458 0.9971473217010498
15.247831616462346 -0.0731186717748642 -0.012359261512756348 0.15313521027565002 0.014071525074541569 -0.05703279748558998 -0.04619333893060684 0.9972038269042969
15.297848616462346 -0.07555678486824036 -0.01307201012969017 0.14344260096549988 0.011286136694252491 -0.05623335391283035 -0.04902529716491699 0.9971494078636169
15.347865616462347 -0.07498607039451599 -0.011119681410491467 0.13152331113815308 0.011639886535704136 -0.05785183608531952 -0.0495314821600914 0.9970278143882751
15.397882616462347 -0.07898139953613281 -0.005988509394228458 0.1207512617111206 0.01293204352259636 -0.05551239103078842 -0.051795247942209244 0.9970298409461975
15.447900616462347 -0.07473842054605484 -0.004537778440862894 0.10766477137804031 0.011118569411337376 -0.05977797880768776 -0.05101524293422699 0.9968453049659729
15.497917616462345 -0.08057770133018494 -0.0033164150081574917 0.09708532691001892 0.008243425749242306 -0.05526384711265564 -0.051214057952165604 0.9971234202384949
15.547934616462346 -0.08387341350317001 0.0016317968256771564 0.08456522226333618 0.009317324496805668 -0.05223941430449486 -0.05138276144862175 0.9972683191299438
15.597951616462346 -0.08339808136224747 0.004857289604842663 0.07318790256977081 0.009321818128228188 -0.05402311310172081 -0.05172949284315109 0.9971553087234497
15.647969616462346 -0.08465936034917831 0.007369146216660738 0.059745434671640396 0.009550383314490318 -0.056120291352272034 -0.052159685641527176 0.9970148801803589
15.697986616462346 -0.08602272719144821 0.008840576745569706 0.04902375489473343 0.008397281169891357 -0.05797601118683815 -0.051569417119026184 0.9969498515129089
15.748003616462347 -0.08925193548202515 0.011695481836795807 0.03801664710044861 0.009760670363903046 -0.05772646516561508 -0.05122038722038269 0.9969698786735535
15.798020616462345 -0.09426689893007278 0.015123209916055202 0.028305096551775932 0.012187480926513672 -0.05597531795501709 -0.04998241364955902 0.9971057772636414
15.848038616462347 -0.09592537581920624 0.014061217196285725 0.020221710205078125 0.012831483967602253 -0.0565265417098999 -0.04796105623245239 0.9971659183502197
15.898055616462345 -0.10108466446399689 0.018073583021759987 0.012499545700848103 0.015718426555395126 -0.05388404801487923 -0.04556284472346306 0.9973833560943604
15.948072616462346 -0.10634393244981766 0.018765460699796677 0.008133113384246826 0.015681924298405647 -0.05302806571125984 -0.04175957292318344 0.997596263885498
15.998089616462346 -0.11380114406347275 0.018485097214579582 0.0040107108652591705 0.01327144168317318 -0.048676345497369766 -0.04007376730442047 0.9979221820831299
16.048106616462345 -0.11207975447177887 0.017084145918488503 -0.0024325146805495024 0.01188748236745596 -0.050938744097948074 -0.03507138788700104 0.9980149865150452
16.098124616462346 -0.1193384900689125 0.02100997045636177 -0.003424815135076642 0.013100049458444118 -0.04615641385316849 -0.0325213223695755 0.9983187913894653
16.148141616462347 -0.12300781160593033 0.0163394957780838 -0.005742006469517946 0.0077186762355268 -0.04659227281808853 -0.030387118458747864 0.998421847820282
16.198158616462347 -0.12991362810134888 0.01874339021742344 -0.005420793779194355 0.008478851988911629 -0.04444361478090286 -0.028065437451004982 0.9985816478729248
16.248175616462348 -0.13488559424877167 0.017939144745469093 -0.004074054304510355 0.006787835620343685 -0.043763212859630585 -0.026216978207230568 0.9986748695373535
16.298193616462346 -0.1463405340909958 0.014169691130518913 -3.461102460278198e-05 0.00338744162581861 -0.036669693887233734 -0.023477716371417046 0.9990459084510803
16.348210616462346 -0.15040016174316406 0.010249674320220947 0.0021600297186523676 0.003932363819330931 -0.03679955378174782 -0.019451456144452095 0.999125599861145
16.398227616462346 -0.1552048921585083 0.003488206770271063 0.0045411717146635056 0.005703866947442293 -0.03335009142756462 -0.015386403538286686 0.9993090629577637
16.448244616462347 -0.1586906909942627 -0.0013000271283090115 0.009039212949573994 0.01041806023567915 -0.02513981983065605 -0.010960377752780914 0.9995695948600769
16.498262616462345 -0.15643510222434998 -0.004198530223220587 0.010350391268730164 0.01707845740020275 -0.018089283257722855 -0.0060109361074864864 0.9996724724769592
16.548279616462345 -0.15438199043273926 -0.0060006678104400635 0.011950911022722721 0.023602591827511787 -0.009676028974354267 -0.0005551081267185509 0.9996744990348816
16.598296616462346 -0.1527557522058487 -0.010626750998198986 0.01385473646223545 0.02753620594739914 0.0009171169949695468 0.0040260492824018 0.9996123313903809
16.648313616462346 -0.15044473111629486 -0.012217512354254723 0.014966674149036407 0.033363137394189835 0.014600717462599277 0.008021405898034573 0.999304473400116
16.698331616462347 -0.15005327761173248 -0.012903041206300259 0.01607758365571499 0.03764951229095459 0.02920876443386078 0.010612383484840393 0.9988076686859131
16.748348616462348 -0.14801649749279022 -0.013063546270132065 0.016788268461823463 0.03946182504296303 0.04156428575515747 0.01420891098678112 0.99825519323349
16.798365616462345 -0.14634671807289124 -0.009728296659886837 0.01986224204301834 0.039883751422166824 0.05040882155299187 0.016505341976881027 0.9977954626083374
16.848382616462345 -0.144193634390831 -0.006137378513813019 0.021138235926628113 0.03763959929347038 0.05559151992201805 0.019208520650863647 0.9975590109825134
16.898399616462346 -0.1440722793340683 -0.001324591925367713 0.02395765483379364 0.03274112194776535 0.05965445935726166 0.022512391209602356 0.9974279999732971
16.948417616462347 -0.14257481694221497 0.002751810010522604 0.026868991553783417 0.025371847674250603 0.06051348149776459 0.02633710578083992 0.9974973201751709
16.998434616462347 -0.14123928546905518 0.007759624160826206 0.030487744137644768 0.018393874168395996 0.0623229555785656 0.030578915029764175 0.9974178671836853
17.048451616462348 -0.1398942470550537 0.012772873975336552 0.03398871421813965 0.01443579699844122 0.06019655615091324 0.03479650244116783 0.9974754452705383
17.098468616462345 -0.13949349522590637 0.019914712756872177 0.03521379083395004 0.013223554939031601 0.056552279740571976 0.03621989116072655 0.9976547956466675
17.148486616462346 -0.14129161834716797 0.02184448391199112 0.03979962691664696 0.007962393574416637 0.054256193339824677 0.0360712893307209 0.9978436231613159
17.198503616462347 -0.14694280922412872 0.025350678712129593 0.04540590941905975 0.0031599460635334253 0.0543707013130188 0.03621920943260193 0.9978587031364441
17.248520616462347 -0.14892126619815826 0.02934052050113678 0.05021864175796509 -0.0013261931017041206 0.05149271711707115 0.03680877760052681 0.9979939460754395
17.298537616462347 -0.15279260277748108 0.03197631239891052 0.0553981252014637 -0.006224778480827808 0.04859163239598274 0.03657122701406479 0.9981296062469482
17.348555616462345 -0.15823659300804138 0.03402063995599747 0.06158684566617012 -0.009517310187220573 0.043671783059835434 0.0372980572283268 0.9983040690422058
17.398572616462346 -0.1633596122264862 0.0341910757124424 0.06523533165454865 -0.011173049919307232 0.03667375445365906 0.03664124011993408 0.9985928535461426
17.448589616462346 -0.1684577316045761 0.03102623112499714 0.06995275616645813 -0.013686142861843109 0.032259125262498856 0.03528901934623718 0.9987626671791077
17.498606616462347 -0.17460843920707703 0.026566708460450172 0.07514313608407974 -0.016436945647001266 0.030241383239626884 0.031585197895765305 0.998908281326294
17.548623616462347 -0.18278507888317108 0.019258510321378708 0.08163478970527649 -0.01832268387079239 0.030391786247491837 0.030040066689252853 0.9989185929298401
17.598641616462345 -0.18818126618862152 0.014126931317150593 0.0853702574968338 -0.01675543747842312 0.02610616944730282 0.028041740879416466 0.9991253018379211
17.648658616462345 -0.1917501986026764 0.009664785116910934 0.0872255340218544 -0.0130066042765975 0.021169418469071388 0.02500365488231182 0.9993786215782166
17.698675616462346 -0.1966586410999298 0.0043546115048229694 0.08962438255548477 -0.007912092842161655 0.017681505531072617 0.02096392773091793 0.9995926022529602
17.748692616462346 -0.20008347928524017 -0.0007137000793591142 0.08923791348934174 -0.002427254803478718 0.014187200926244259 0.015753688290715218 0.9997723698616028
17.798710616462348 -0.2026832401752472 -0.005121530499309301 0.08862914890050888 0.0036314704921096563 0.012393701821565628 0.011575675569474697 0.9998496174812317
17.848727616462345 -0.20346109569072723 -0.010187109000980854 0.09071671217679977 0.008264197036623955 0.011738952249288559 0.00833328440785408 0.9998623132705688
17.898744616462345 -0.2016671895980835 -0.016061829403042793 0.08898738771677017 0.011897734366357327 0.012068037874996662 0.005970642901957035 0.9998385906219482
17.948761616462345 -0.20233102142810822 -0.02004678174853325 0.08741481602191925 0.016764920204877853 0.016152746975421906 0.005361183546483517 0.9997146129608154
17.998779616462347 -0.19841042160987854 -0.02231415919959545 0.08474303036928177 0.02237389236688614 0.021503128111362457 0.006426835898309946 0.9994977712631226
18.048796616462347 -0.19476209580898285 -0.026486068964004517 0.08443783223628998 0.02329009585082531 0.031502969563007355 0.007548460736870766 0.9992038011550903
18.098813616462348 -0.19197537004947662 -0.025967741385102272 0.08316542208194733 0.026545662432909012 0.04311560466885567 0.008440527133643627 0.9986817240715027
18.148830616462345 -0.1869608461856842 -0.02620435133576393 0.08122522383928299 0.026008402928709984 0.05182618647813797 0.010067179799079895 0.9982666373252869
18.198847616462345 -0.18206430971622467 -0.02022048644721508 0.08052032440900803 0.027080830186605453 0.060939837247133255 0.011956964619457722 0.9977023601531982
18.248865616462346 -0.17763987183570862 -0.017140408977866173 0.08195838332176208 0.022168293595314026 0.06863820552825928 0.014019181951880455 0.9972968101501465
18.298882616462347 -0.17529141902923584 -0.012316173873841763 0.08403412252664566 0.015763046219944954 0.0757354274392128 0.017047228291630745 0.9968576431274414
18.348899616462347 -0.17215596139431 -0.0065259807743132114 0.08638930320739746 0.008578245528042316 0.07959268987178802 0.02108473889529705 0.9965675473213196
18.398916616462348 -0.16841474175453186 0.00043710082536563277 0.08891085535287857 0.0019813007675111294 0.08175427466630936 0.0254304651170969 0.9963260889053345
18.448934616462346 -0.16657646000385284 0.007542133796960115 0.09165843576192856 -0.003924541641026735 0.08499021083116531 0.02841082401573658 0.9959689974784851
18.498951616462346 -0.16520074009895325 0.014681713655591011 0.09562823921442032 -0.00820914562791586 0.08528824150562286 0.031258102506399155 0.995832085609436
18.548968616462346 -0.16534468531608582 0.02185307815670967 0.0998903289437294 -0.011870737187564373 0.08352243900299072 0.033253446221351624 0.9958802461624146
18.598985616462347 -0.16727983951568604 0.026149876415729523 0.10345446318387985 -0.01634015329182148 0.0797608345746994 0.03514526039361954 0.996060311794281
18.649003616462345 -0.17087195813655853 0.02972555160522461 0.1071118414402008 -0.020157726481556892 0.07290217280387878 0.037403251975774765 0.996433675289154
18.699020616462345 -0.17628426849842072 0.03416120260953903 0.11257762461900711 -0.022107621654868126 0.06758643686771393 0.03726646304130554 0.996772050857544
18.749037616462346 -0.1812613308429718 0.03323296830058098 0.11741601675748825 -0.026933366432785988 0.05760030820965767 0.03647362440824509 0.997309684753418
18.799054616462346 -0.18659599125385284 0.034250982105731964 0.11988922208547592 -0.02845238521695137 0.046517033129930496 0.03505339473485947 0.9978967308998108
18.849072616462347 -0.1935589611530304 0.032154664397239685 0.12353993207216263 -0.03038978949189186 0.03767029568552971 0.03208786994218826 0.9983125329017639
18.899089616462348 -0.20030324161052704 0.028687579557299614 0.12680713832378387 -0.031411007046699524 0.029381420463323593 0.027600882574915886 0.9986932873725891
18.949106616462345 -0.20618383586406708 0.025585567578673363 0.12815825641155243 -0.02971707098186016 0.019900130107998848 0.022527480497956276 0.9991063475608826
18.999123616462345 -0.21244898438453674 0.021356899291276932 0.1292506605386734 -0.027097221463918686 0.01088081393390894 0.017044251784682274 0.9994282722473145
19.049140616462346 -0.21708820760250092 0.017239032313227654 0.12903587520122528 -0.023702429607510567 0.002058883663266897 0.0123058520257473 0.9996412396430969
19.099158616462347 -0.22116854786872864 0.010662262327969074 0.12887291610240936 -0.02144736424088478 -0.004881939850747585 0.007679357193410397 0.9997286200523376
19.149175616462347 -0.22430464625358582 0.005446466151624918 0.1276307851076126 -0.016606925055384636 -0.010289800353348255 0.004764848854392767 0.9997978210449219
19.199192616462348 -0.2259543240070343 -0.002320697531104088 0.12716451287269592 -0.013532938435673714 -0.01333362516015768 0.0019589574076235294 0.9998176097869873
19.249209616462345 -0.22678951919078827 -0.00865417905151844 0.12480871379375458 -0.008826651610434055 -0.01455812156200409 -0.00011039191304007545 0.999855101108551
19.299227616462346 -0.2256721556186676 -0.01353420689702034 0.12173698097467422 -0.0026363905053585768 -0.014433816075325012 8.955428347690031e-05 0.9998924136161804
19.349244616462347 -0.22213992476463318 -0.018989283591508865 0.11919423192739487 0.0023965940345078707 -0.012641066685318947 -0.0007215351215563715 0.9999170303344727
19.399261616462347 -0.2188257873058319 -0.02184830605983734 0.11542727053165436 0.008837861008942127 -0.007449856493622065 -0.0009683556854724884 0.9999327063560486
19.449278616462347 -0.2135089784860611 -0.024294942617416382 0.11228089779615402 0.012358838692307472 -0.0014838853385299444 -0.0008250211249105632 0.9999222159385681
19.499296616462345 -0.2091182917356491 -0.02568591572344303 0.10958331823348999 0.013803488574922085 0.00899471901357174 -0.0010253872023895383 0.9998637437820435
19.549313616462346 -0.20470046997070312 -0.0238675344735384 0.10778903216123581 0.014584921300411224 0.021781323477625847 -0.0014655138365924358 0.9996553063392639
19.599330616462346 -0.20013226568698883 -0.019621144980192184 0.10621340572834015 0.014235283248126507 0.03270887956023216 -0.0015389157924801111 0.9993623495101929
19.649347616462347 -0.1973695009946823 -0.01678088866174221 0.10572509467601776 0.00914714578539133 0.041889630258083344 -0.0019999220967292786 0.9990783929824829
19.699364616462347 -0.19311848282814026 -0.01230907067656517 0.10563443601131439 0.002720991848036647 0.04720497503876686 -0.0007007141830399632 0.9988813400268555
19.749382616462345 -0.1915176659822464 -0.005598056595772505 0.10636664181947708 -0.003512623719871044 0.051170218735933304 0.0012678105849772692 0.998682975769043
19.799399616462345 -0.1882040798664093 0.001122529967688024 0.10693419724702835 -0.009881475009024143 0.04977180063724518 0.004736650735139847 0.9987005591392517
19.849416616462346 -0.1908600926399231 0.007895665243268013 0.10917766392230988 -0.014899198897182941 0.051497649401426315 0.00804550014436245 0.9985296130180359
19.899433616462346 -0.1923939287662506 0.014571164734661579 0.11117174476385117 -0.018815627321600914 0.04852987825870514 0.010339649394154549 0.9985910058021545
19.949451616462348 -0.19488246738910675 0.01937749795615673 0.11321315914392471 -0.0229218490421772 0.041608020663261414 0.013003547675907612 0.998786449432373
19.999468616462345 -0.19918616116046906 0.023004068061709404 0.11551806330680847 -0.026693735271692276 0.03299091383814812 0.015007875859737396 0.9989864230155945
20.049485616462345 -0.20425960421562195 0.02475122921168804 0.11793436110019684 -0.030894171446561813 0.02374904416501522 0.01550381164997816 0.9991201758384705
20.099502616462345 -0.20981307327747345 0.02749665267765522 0.11976853013038635 -0.032509393990039825 0.01583169400691986 0.015644237399101257 0.9992235898971558
20.149520616462347 -0.21611391007900238 0.029090391471982002 0.1218281239271164 -0.03436332941055298 0.009297722950577736 0.01460464857518673 0.9992594122886658
20.199537616462347 -0.22278273105621338 0.02815120294690132 0.12485652416944504 -0.03697887435555458 0.004144050180912018 0.012948504649102688 0.9992235898971558
20.249554616462348 -0.2289436161518097 0.02628772333264351 0.12702403962612152 -0.03873707726597786 -0.0013989417348057032 0.009472503326833248 0.9992035627365112
20.299571616462345 -0.23484040796756744 0.02590499259531498 0.12798701226711273 -0.03726215660572052 -0.006329856347292662 0.005454802419990301 0.9992706179618835
20.349589616462346 -0.24116778373718262 0.022535834461450577 0.12925927340984344 -0.03663959726691246 -0.010836085304617882 -0.0002591236843727529 0.9992697834968567
20.399606616462346 -0.24504034221172333 0.016620535403490067 0.13066039979457855 -0.03648072108626366 -0.015885943546891212 -0.004970216192305088 0.9991958141326904
20.449623616462347 -0.24914580583572388 0.012097646482288837 0.1312326341867447 -0.034868475049734116 -0.020419105887413025 -0.009394505061209202 0.9991391897201538
20.499640616462347 -0.2517499327659607 0.005521014332771301 0.13218705356121063 -0.03486643731594086 -0.026984144002199173 -0.01414275448769331 0.9989275336265564
20.549657616462348 -0.25424355268478394 -0.00060967484023422 0.1309589445590973 -0.032862164080142975 -0.03272446244955063 -0.018110688775777817 0.9987598061561584
20.599675616462346 -0.255461722612381 -0.00644424743950367 0.13050547242164612 -0.02966310828924179 -0.036764539778232574 -0.021141473203897476 0.9986599087715149
20.649692616462346 -0.25551506876945496 -0.013009706512093544 0.12757351994514465 -0.025356367230415344 -0.03844625875353813 -0.02391832508146763 0.9986525774002075
20.699709616462346 -0.25499045848846436 -0.01901157759130001 0.1237461119890213 -0.01915883459150791 -0.036489102989435196 -0.026387382298707962 0.9988018870353699
20.749726616462347 -0.25229114294052124 -0.025082778185606003 0.12332138419151306 -0.013981770724058151 -0.03325936943292618 -0.027289073914289474 0.9989762902259827
20.799744616462345 -0.246623232960701 -0.029630688950419426 0.11958573013544083 -0.008235855959355831 -0.029061708599328995 -0.02741497941315174 0.9991677403450012
20.849761616462345 -0.24043980240821838 -0.032210640609264374 0.1148737221956253 -0.0026588470209389925 -0.02219131775200367 -0.025006797164678574 0.9994374513626099
20.899778616462346 -0.23297236859798431 -0.03314591199159622 0.11084859073162079 0.000938071112614125 -0.01285618171095848 -0.021794063970446587 0.9996793866157532
20.949795616462346 -0.22629119455814362 -0.03450411185622215 0.10857491195201874 0.000989145366474986 0.0003188326663803309 -0.016889791935682297 0.9998568892478943
20.999813616462347 -0.21931177377700806 -0.031197888776659966 0.10702034831047058 0.0020930457394570112 0.012570166029036045 -0.012843887321650982 0.9998363852500916
21.049830616462348 -0.21278440952301025 -0.027067532762885094 0.10585527867078781 -1.857549818851112e-06 0.021690763533115387 -0.007978184148669243 0.9997329711914062
21.099847616462345 -0.20573334395885468 -0.020809294655919075 0.10528814792633057 -0.0037227002903819084 0.029351526871323586 -0.002979076001793146 0.9995577931404114
21.149864616462345 -0.19937798380851746 -0.013406900689005852 0.10564763098955154 -0.009301761165261269 0.0381942018866539 0.001202076324261725 0.9992263317108154
21.199881616462346 -0.19524745643138885 -0.005961169954389334 0.10816588252782822 -0.01580730639398098 0.0481623113155365 0.004438106436282396 0.9987046122550964
21.249899616462347 -0.1916378289461136 0.0018313475884497166 0.10965044051408768 -0.021351225674152374 0.05248773470520973 0.009265080094337463 0.9983503222465515
21.299916616462347 -0.18989570438861847 0.008615382947027683 0.11218264698982239 -0.028591593727469444 0.05589886009693146 0.012355033308267593 0.9979504942893982
21.349933616462348 -0.18852512538433075 0.016531676054000854 0.11466298997402191 -0.033462442457675934 0.054141122847795486 0.017023975029587746 0.9978272914886475
21.399950616462345 -0.18988460302352905 0.021781956776976585 0.1177469789981842 -0.03990586847066879 0.05119072645902634 0.020110372453927994 0.9976886510848999
21.449968616462346 -0.192332923412323 0.02630011923611164 0.11997869610786438 -0.045017946511507034 0.04473845288157463 0.024179764091968536 0.9976909756660461
21.499985616462347 -0.19465522468090057 0.030095508322119713 0.12258142232894897 -0.049119818955659866 0.03519539162516594 0.027737217023968697 0.9977871775627136
21.550002616462347 -0.20008215308189392 0.030256690457463264 0.12553249299526215 -0.05433247610926628 0.0240433719009161 0.03156629949808121 0.9977341890335083
21.600019616462347 -0.20440824329853058 0.03072601743042469 0.12683995068073273 -0.05664106085896492 0.012680316343903542 0.034102097153663635 0.9977315068244934
21.650037616462345 -0.20876899361610413 0.027767345309257507 0.12814798951148987 -0.058954816311597824 0.004214220680296421 0.03377392143011093 0.9976803064346313
21.700054616462346 -0.2134995311498642 0.023882249370217323 0.12879104912281036 -0.05938563868403435 -0.0019037453457713127 0.03174249082803726 0.9977285265922546
21.750071616462346 -0.2179792821407318 0.02030278742313385 0.13012395799160004 -0.057164210826158524 -0.005548218265175819 0.02842537686228752 0.9979446530342102
21.800088616462347 -0.2220999002456665 0.012690610252320766 0.1321743130683899 -0.05659382790327072 -0.008718821220099926 0.023280633613467216 0.9980877637863159
21.850106616462345 -0.224838525056839 0.005103291943669319 0.1325293779373169 -0.05391230806708336 -0.012097355909645557 0.017303716391324997 0.9983224868774414
21.900123616462345 -0.22695229947566986 -0.0021949561778455973 0.1328975260257721 -0.04918975755572319 -0.014640623703598976 0.010615870356559753 0.9986256957054138
21.950140616462345 -0.22775951027870178 -0.010229827836155891 0.13283799588680267 -0.043283235281705856 -0.016301734372973442 0.003991879988461733 0.9989218711853027
22.000157616462346 -0.22763778269290924 -0.01792961172759533 0.13213516771793365 -0.03607780858874321 -0.017431478947401047 -0.0031282950658351183 0.9991920590400696
22.050174616462346 -0.2284051477909088 -0.02592773176729679 0.13235871493816376 -0.02935136668384075 -0.016057530418038368 -0.009453445672988892 0.9993955492973328
22.100192616462348 -0.22832538187503815 -0.03331460431218147 0.1325191855430603 -0.022998975589871407 -0.0123017318546772 -0.014555435627698898 0.9995538592338562
22.150209616462345 -0.22525861859321594 -0.039167020469903946 0.13170970976352692 -0.016662102192640305 -0.00978891458362341 -0.0181016493588686 0.9996494650840759
22.200226616462345 -0.2203063815832138 -0.04569673538208008 0.13136574625968933 -0.012504113838076591 -0.005594454240053892 -0.019497977569699287 0.9997161030769348
22.250243616462345 -0.2142411321401596 -0.050886187702417374 0.13035643100738525 -0.007627425249665976 0.0029099141247570515 -0.019830986857414246 0.9997700452804565
22.300261616462347 -0.207161545753479 -0.05563228577375412 0.12893174588680267 -0.004412909038364887 0.01203469280153513 -0.019886564463377 0.9997201561927795
22.350278616462347 -0.20085689425468445 -0.05878543108701706 0.12821422517299652 -0.0016485373489558697 0.021459857001900673 -0.01858903467655182 0.9995955228805542
22.400295616462348 -0.19454053044319153 -0.060860686004161835 0.126207634806633 6.428565393434837e-05 0.029094379395246506 -0.015809230506420135 0.9994516968727112
22.450312616462345 -0.18658454716205597 -0.0603649765253067 0.12398626655340195 0.0022163160610944033 0.03681062161922455 -0.012236875481903553 0.9992448687553406
22.500330616462346 -0.17960847914218903 -0.06073886156082153 0.12304490059614182 0.00036544111208058894 0.046757858246564865 -0.008306900039315224 0.9988716840744019
22.550347616462346 -0.17173422873020172 -0.05909406766295433 0.12265802919864655 -0.0003163388464599848 0.052869610488414764 -0.0035199900157749653 0.9985952377319336
22.600364616462347 -0.16463327407836914 -0.05546845868229866 0.12091737240552902 -0.001149846357293427 0.05751454457640648 0.0013143756659701467 0.9983431696891785
22.650381616462347 -0.15901122987270355 -0.05110969394445419 0.12105989456176758 -0.002607983537018299 0.06322580575942993 0.006732477806508541 0.9979731440544128
22.700398616462348 -0.15170878171920776 -0.04529493674635887 0.11976036429405212 -0.002960304031148553 0.06455924361944199 0.011984393931925297 0.9978375434875488
22.750416616462346 -0.14845365285873413 -0.03965975344181061 0.11824013292789459 -0.0038447771221399307 0.06538604944944382 0.016021745279431343 0.9977239966392517
22.800433616462346 -0.14295077323913574 -0.03332415595650673 0.11603913456201553 -0.0033725793473422527 0.061205800622701645 0.020449262112379074 0.9979099631309509
22.850450616462346 -0.14133664965629578 -0.027023058384656906 0.11649282276630402 -0.0021933906245976686 0.057085614651441574 0.022945845499634743 0.9981032013893127
22.900467616462347 -0.1381119340658188 -0.02069786936044693 0.11396932601928711 -0.0009485649643465877 0.04775046184659004 0.025487020611763 0.9985336661338806
22.950485616462345 -0.13628466427326202 -0.017327582463622093 0.11237561702728271 -0.002657474484294653 0.03644969314336777 0.02794027514755726 0.9989413022994995
23.000502616462345 -0.1337769776582718 -0.013812712393701077 0.10956957191228867 -0.0036143430043011904 0.023149928078055382 0.02996974252164364 0.9992762207984924
23.050519616462346 -0.1304968148469925 -0.011144504882395267 0.10663282871246338 -0.005738935433328152 0.007897423580288887 0.031429436057806015 0.9994583129882812
23.100536616462346 -0.12478839606046677 -0.008959842845797539 0.10203466564416885 -0.0073368907906115055 -0.005295285489410162 0.032813116908073425 0.9994205832481384
23.150554616462347 -0.11855880171060562 -0.005228611174970865 0.09586579352617264 -0.007192679680883884 -0.013641341589391232 0.03282414749264717 0.9993422031402588
23.200571616462348 -0.11343682557344437 -0.004396317061036825 0.09045654535293579 -0.008970469236373901 -0.0176829993724823 0.02808796428143978 0.9994088411331177
23.250588616462345 -0.10720427334308624 -0.0019396713469177485 0.08615840971469879 -0.00911147240549326 -0.020573679357767105 0.02599794790148735 0.9994087815284729
23.300605616462345 -0.10060686618089676 -0.001528267515823245 0.08416531980037689 -0.011156176216900349 -0.02064848318696022 0.022212114185094833 0.9994778037071228
23.350623616462347 -0.09286012500524521 0.0016453023999929428 0.08154500275850296 -0.0121715497225523 -0.019045885652303696 0.0176350399851799 0.9995889663696289
23.400640616462347 -0.0839175209403038 0.003899872535839677 0.0783875435590744 -0.013551897369325161 -0.018177267163991928 0.013402593322098255 0.999653160572052
23.450657616462347 -0.07525584101676941 0.006150595843791962 0.07532210648059845 -0.014892544597387314 -0.016946349292993546 0.010388445109128952 0.9996914863586426
23.500674616462348 -0.06703063100576401 0.006355860736221075 0.07413505762815475 -0.017557619139552116 -0.01434822753071785 0.007647399790585041 0.999713659286499
23.550691616462345 -0.06094025820493698 0.0072241355665028095 0.07311857491731644 -0.01861487329006195 -0.010756795294582844 0.004850186873227358 0.9997571110725403
23.600709616462346 -0.053252678364515305 0.008011911064386368 0.07239276170730591 -0.019121062010526657 -0.009947150945663452 0.0009834852535277605 0.9997672438621521
23.650726616462347 -0.043984267860651016 0.008693614974617958 0.06971287727355957 -0.01846998929977417 -0.011244350112974644 -0.0025300909765064716 0.999763011932373
23.700743616462347 -0.04015267267823219 0.00758525962010026 0.07009802013635635 -0.017299409955739975 -0.009366985410451889 -0.006077013909816742 0.9997880458831787
23.750760616462347 -0.03485981002449989 0.008414766751229763 0.06683555245399475 -0.013005625456571579 -0.010003102011978626 -0.008150135166943073 0.9998322129249573
23.800778616462345 -0.03132588043808937 0.005608382169157267 0.06625734269618988 -0.011586470529437065 -0.011041411198675632 -0.009432350285351276 0.9998274445533752
23.850795616462346 -0.03061630390584469 0.0042168935760855675 0.06562356650829315 -0.00917461421340704 -0.008581658825278282 -0.01148001104593277 0.9998552203178406
23.900812616462346 -0.02824351191520691 0.0008941489504650235 0.06653811037540436 -0.008129541762173176 -0.008205735124647617 -0.011320427991449833 0.9998692274093628
23.950829616462347 -0.02447802759706974 -0.0005393834435380995 0.06555326282978058 -0.005634135566651821 -0.008682167157530785 -0.01034572347998619 0.9998929500579834
24.000847616462345 -0.027509616687893867 -0.0021897258702665567 0.06728298962116241 -0.003705466166138649 -0.0036232469137758017 -0.006051298696547747 0.9999682903289795
24.050864616462345 -0.030083758756518364 -0.0047992984764277935 0.06897097080945969 -0.0027730625588446856 -0.0009196317987516522 -0.00017670071974862367 0.999995768070221
24.100881616462345 -0.03140006214380264 -0.006173296365886927 0.07054587453603745 0.0005861923564225435 -0.00020690371457021683 0.007095268927514553 0.9999746680259705
24.150898616462346 -0.030989432707428932 -0.007818887010216713 0.0718822181224823 0.003864497411996126 -0.003088182769715786 0.01562271174043417 0.999865710735321
24.200915616462346 -0.03747938573360443 -0.009900935925543308 0.07494048029184341 0.006191558670252562 -0.0008418246870860457 0.022949818521738052 0.999717116355896
24.250933616462348 -0.041302524507045746 -0.012343736365437508 0.07770267128944397 0.008187292143702507 0.0022570681758224964 0.027390576899051666 0.9995887279510498
24.300950616462345 -0.046869173645973206 -0.013575981371104717 0.07942856848239899 0.009945010766386986 0.004927618894726038 0.03109857812523842 0.99945467710495
24.350967616462345 -0.05534626916050911 -0.011220451444387436 0.08359047770500183 0.011522816494107246 0.009334523230791092 0.031108414754271507 0.9994060397148132
24.400984616462345 -0.058625463396310806 -0.015265428461134434 0.0877867266535759 0.0078101069666445255 0.008417680859565735 0.032023005187511444 0.9994211792945862
24.451002616462347 -0.06597323715686798 -0.012802152894437313 0.09109427779912949 0.008030830882489681 0.010112177580595016 0.030888108536601067 0.9994394183158875
24.501019616462347 -0.08033701777458191 -0.013033539988100529 0.09702230244874954 0.007021998055279255 0.01843489147722721 0.031039457768201828 0.9993234872817993
24.551036616462348 -0.0878756195306778 -0.011970054358243942 0.09943526238203049 0.007155405357480049 0.019720260053873062 0.0313071645796299 0.9992896914482117
24.601053616462345 -0.09823403507471085 -0.01558821089565754 0.10393493622541428 0.0036425022408366203 0.020545106381177902 0.0316372811794281 0.999281644821167
24.651071616462346 -0.10839680582284927 -0.0167632307857275 0.10816258937120438 0.002044952241703868 0.020604567602276802 0.032857444137334824 0.9992455840110779
24.701088616462346 -0.12061285972595215 -0.017465421929955482 0.11340995877981186 0.0002481468254700303 0.021210379898548126 0.03432978689670563 0.9991854429244995
24.751105616462347 -0.1334574818611145 -0.018151700496673584 0.11790335178375244 -0.0026331848930567503 0.021912412717938423 0.03493380919098854 0.9991459250450134
24.801122616462347 -0.14478600025177002 -0.018853213638067245 0.12303809076547623 -0.00476797902956605 0.022258048877120018 0.034816592931747437 0.9991344809532166
24.851140616462345 -0.15536931157112122 -0.020153667777776718 0.12750552594661713 -0.007918264716863632 0.0206631850451231 0.033801913261413574 0.9991835951805115
24.901157616462346 -0.16669905185699463 -0.02151436172425747 0.13292665779590607 -0.01054444070905447 0.01798025704920292 0.032916005700826645 0.9992407560348511
24.951174616462346 -0.1761317402124405 -0.02316044457256794 0.13705405592918396 -0.013186960481107235 0.014676013961434364 0.03179721534252167 0.9992995858192444
25.001191616462346 -0.18454459309577942 -0.024262728169560432 0.14082899689674377 -0.014751935377717018 0.011953740380704403 0.029862243682146072 0.9993736743927002
25.051208616462347 -0.19284209609031677 -0.025969894602894783 0.14376959204673767 -0.016019219532608986 0.007857462391257286 0.02732672169804573 0.9994673728942871
25.101226616462345 -0.20050500333309174 -0.028688158839941025 0.14716920256614685 -0.017449423670768738 0.003937560133635998 0.024893661960959435 0.9995300769805908
25.151243616462345 -0.20697028934955597 -0.03157516568899155 0.1486738920211792 -0.018364381045103073 0.0004923503147438169 0.019636552780866623 0.9996384382247925
25.201260616462346 -0.21171021461486816 -0.035610903054475784 0.14966094493865967 -0.020060112699866295 -0.003970679361373186 0.01363511011004448 0.9996979236602783
25.251277616462346 -0.21719545125961304 -0.039928194135427475 0.15092258155345917 -0.021122828125953674 -0.004296789411455393 0.006835164036601782 0.9997443556785583
25.301295616462347 -0.21870309114456177 -0.04179675877094269 0.15006639063358307 -0.018046561628580093 -0.005335541442036629 0.0014820965006947517 0.9998217821121216
25.351312616462348 -0.2192094326019287 -0.04412442445755005 0.14983248710632324 -0.014513222500681877 -0.004283439368009567 -0.0027854819782078266 0.9998816847801208
25.401329616462345 -0.22054697573184967 -0.045006658881902695 0.1471657156944275 -0.009071996435523033 -0.0012702984968200326 -0.005278853699564934 0.9999441504478455
25.451346616462345 -0.21933434903621674 -0.046793095767498016 0.14329762756824493 -0.004781991709023714 0.0035566831938922405 -0.007148244418203831 0.9999567270278931
25.501364616462347 -0.218158558011055 -0.04468843713402748 0.1394491344690323 0.001602734555490315 0.013073069974780083 -0.007895042188465595 0.999882161617279
25.551381616462347 -0.2178717404603958 -0.04420379921793938 0.13718782365322113 0.004312117584049702 0.02275712974369526 -0.007902689278125763 0.9997004866600037
25.601398616462347 -0.21897882223129272 -0.042113013565540314 0.1360253095626831 0.004894266836345196 0.030184099450707436 -0.008858962915837765 0.9994931817054749
25.651415616462348 -0.2199162244796753 -0.035857297480106354 0.1358993798494339 0.006516464054584503 0.03362124413251877 -0.01022383663803339 0.9993611574172974
25.701432616462345 -0.22311772406101227 -0.03198705241084099 0.13694225251674652 0.0016406688373535872 0.03604302555322647 -0.01050954032689333 0.9992936849594116
25.751450616462346 -0.22559376060962677 -0.02690304070711136 0.13999426364898682 -0.004516474436968565 0.0357876792550087 -0.010821610689163208 0.9992906451225281
25.801467616462347 -0.22751757502555847 -0.021117815747857094 0.1425304114818573 -0.010646247304975986 0.03347477689385414 -0.009659821167588234 0.9993361830711365
25.851484616462347 -0.23074500262737274 -0.015811650082468987 0.14724625647068024 -0.016680801287293434 0.034391600638628006 -0.008346815593540668 0.9992343783378601
25.901501616462347 -0.23577997088432312 -0.012621012516319752 0.15404947102069855 -0.02353181503713131 0.03537605702877045 -0.007425782270729542 0.9990694522857666
25.951519616462345 -0.24055595695972443 -0.008703052066266537 0.16089628636837006 -0.030016299337148666 0.0333891436457634 -0.006033681333065033 0.9989734292030334
26.001536616462346 -0.24507936835289001 -0.007134476210922003 0.16715972125530243 -0.03740393742918968 0.031400326639413834 -0.004948449786752462 0.9987945556640625
26.051553616462346 -0.24979323148727417 -0.005860344041138887 0.17290759086608887 -0.04319184646010399 0.028059639036655426 -0.003836553543806076 0.9986653327941895
26.101570616462347 -0.25482606887817383 -0.00650288350880146 0.1797650158405304 -0.04987996444106102 0.024747565388679504 -0.003329309169203043 0.998443067073822
26.151588616462345 -0.25875186920166016 -0.0074144406244158745 0.18529941141605377 -0.05478411167860031 0.02320811338722706 -0.004397048149257898 0.998218834400177
26.201605616462345 -0.26051199436187744 -0.011194895952939987 0.1889626383781433 -0.05850294604897499 0.01784706674516201 -0.00639721006155014 0.9981071949005127
26.251622616462345 -0.2643667161464691 -0.015107332728803158 0.1926485300064087 -0.05959533900022507 0.014104194939136505 -0.011017367243766785 0.998062252998352
26.301639616462346 -0.26517990231513977 -0.01904435083270073 0.19509842991828918 -0.057767603546381 0.01570228859782219 -0.017491314560174942 0.9980533719062805
26.351657616462347 -0.26477083563804626 -0.021789731457829475 0.19632455706596375 -0.05398483946919441 0.022453678771853447 -0.026013687252998352 0.9979503154754639
26.401674616462348 -0.26384833455085754 -0.025267764925956726 0.19627057015895844 -0.05121377483010292 0.027744760736823082 -0.033446963876485825 0.9977418184280396
26.451691616462345 -0.26216626167297363 -0.028099363669753075 0.19419817626476288 -0.04950035363435745 0.028331074863672256 -0.03948420658707619 0.9975911974906921
26.501708616462345 -0.26151242852211 -0.03043302707374096 0.1951848566532135 -0.04912586510181427 0.029759055003523827 -0.04485713690519333 0.997340977191925
26.551725616462345 -0.2588931620121002 -0.028666134923696518 0.1947888284921646 -0.04664871096611023 0.029777783900499344 -0.05015537887811661 0.99720698595047
26.601743616462347 -0.2582975924015045 -0.027921251952648163 0.192458376288414 -0.04645712301135063 0.03199252113699913 -0.05478416010737419 0.996903657913208
26.651760616462347 -0.2550993263721466 -0.024859735742211342 0.19203880429267883 -0.04569751396775246 0.03210743889212608 -0.0585469976067543 0.9967212677001953
26.701777616462348 -0.252983033657074 -0.02433420717716217 0.19221366941928864 -0.048130813986063004 0.03281906992197037 -0.06005837023258209 0.9964935779571533
26.751794616462345 -0.24793486297130585 -0.023550644516944885 0.18835072219371796 -0.05001240223646164 0.027504533529281616 -0.059408996254205704 0.9966006278991699
26.801812616462346 -0.24375134706497192 -0.020957307890057564 0.18404927849769592 -0.049687258899211884 0.022120073437690735 -0.054972607642412186 0.9970055222511292
26.851829616462346 -0.2429765909910202 -0.01883924938738346 0.18210341036319733 -0.050769153982400894 0.01886466145515442 -0.04955730214715004 0.9973016977310181
26.901846616462347 -0.23807431757450104 -0.015775203704833984 0.17867812514305115 -0.05033380538225174 0.013771756552159786 -0.04243161529302597 0.9977357387542725
26.951863616462347 -0.23317380249500275 -0.013203348964452744 0.17485477030277252 -0.04998497664928436 0.007862436585128307 -0.03528085723519325 0.998095691204071
27.001881616462345 -0.22912099957466125 -0.009983736090362072 0.17220839858055115 -0.048457253724336624 0.0032727825455367565 -0.02787758596241474 0.9984308481216431
27.051898616462346 -0.22082078456878662 -0.006859545595943928 0.1659500002861023 -0.046399012207984924 -0.0024071247316896915 -0.021595530211925507 0.998686671257019
27.101915616462346 -0.21379022300243378 -0.004512074403464794 0.16316881775856018 -0.045958854258060455 -0.0042926110327243805 -0.018444495275616646 0.9987638592720032
27.151932616462346 -0.20596319437026978 -0.0009810741757974029 0.15950453281402588 -0.04472072795033455 -0.003306377911940217 -0.014388986863195896 0.9988903999328613
27.201949616462347 -0.1971333771944046 0.001200186787173152 0.1553567349910736 -0.04499272629618645 0.0005550651694647968 -0.010519574396312237 0.9989317655563354
27.251967616462345 -0.1880502849817276 0.0023163428995758295 0.1519601196050644 -0.04544791206717491 0.007004487793892622 -0.009125715121626854 0.9989004731178284
27.301984616462345 -0.1791842132806778 0.00425981730222702 0.1481221616268158 -0.044887375086545944 0.014541053213179111 -0.007188574876636267 0.9988603591918945
27.352001616462346 -0.17065519094467163 0.00430402671918273 0.14554114639759064 -0.04494977369904518 0.024577144533395767 -0.005056555382907391 0.9986741542816162
27.402018616462346 -0.16026188433170319 0.001691893907263875 0.14147226512432098 -0.04595202952623367 0.03238086774945259 -0.0037908987142145634 0.9984115362167358
27.452036616462347 -0.1518099159002304 0.00022672981140203774 0.13864775002002716 -0.044385917484760284 0.040361590683460236 -0.0025324616581201553 0.9981955885887146
27.502053616462348 -0.14497502148151398 -0.004517200868576765 0.13575471937656403 -0.04337557405233383 0.04687173292040825 -0.0017270866082981229 0.9979572296142578
27.552070616462345 -0.13955920934677124 -0.009858150966465473 0.13413091003894806 -0.040808625519275665 0.05287713557481766 -0.0008436079369857907 0.9977664947509766
27.602087616462345 -0.1355718970298767 -0.015738988295197487 0.13266099989414215 -0.03673657774925232 0.05839350447058678 -0.0018301712116226554 0.9976158142089844
27.652105616462347 -0.13268153369426727 -0.020560843870043755 0.13208775222301483 -0.031371764838695526 0.06290420889854431 -0.003706968855112791 0.9975195527076721
27.702122616462347 -0.13349702954292297 -0.02628529630601406 0.1322857141494751 -0.026453016325831413 0.0665304884314537 -0.005015773698687553 0.9974210858345032
27.752139616462348 -0.1313081532716751 -0.029495615512132645 0.1325109899044037 -0.020547593012452126 0.06436396390199661 -0.006305052898824215 0.9976950883865356
27.802156616462348 -0.13123705983161926 -0.03350831940770149 0.13250118494033813 -0.015594612807035446 0.061694107949733734 -0.006941854488104582 0.9979491233825684
27.852174616462346 -0.13210253417491913 -0.03532452508807182 0.13475853204727173 -0.010652715340256691 0.05779280886054039 -0.005867304280400276 0.9982545375823975
27.902191616462346 -0.13387544453144073 -0.03495640680193901 0.13642145693302155 -0.005904051009565592 0.053183991461992264 -0.004487600177526474 0.9985572695732117
27.952208616462347 -0.1342291533946991 -0.03450203686952591 0.13884180784225464 -0.004586497787386179 0.04680226743221283 -0.0014599827118217945 0.998892605304718
28.002225616462347 -0.13263563811779022 -0.0291668139398098 0.14198914170265198 -0.0009678209316916764 0.04079301282763481 0.002365300664678216 0.9991644024848938
28.052242616462348 -0.13331635296344757 -0.02820761688053608 0.14648932218551636 -0.004080850165337324 0.0389573760330677 0.006454551126807928 0.9992117881774902
28.102260616462345 -0.13292013108730316 -0.028165090829133987 0.15067240595817566 -0.009764621034264565 0.04175110533833504 0.01073743961751461 0.9990226626396179
28.152277616462346 -0.13012604415416718 -0.02561125159263611 0.1545742154121399 -0.013654130510985851 0.045569729059934616 0.014440150000154972 0.9987635016441345
28.202294616462346 -0.12516605854034424 -0.023449167609214783 0.15708790719509125 -0.017842749133706093 0.04782271757721901 0.017654193565249443 0.9985404014587402
28.252311616462347 -0.12039760500192642 -0.020843686535954475 0.15928581357002258 -0.020607585087418556 0.049884628504514694 0.019829370081424713 0.9983454942703247
28.302329616462345 -0.1155909076333046 -0.020081959664821625 0.1608656495809555 -0.02361603081226349 0.053351711481809616 0.0202622152864933 0.9980908632278442
28.352346616462345 -0.11059354245662689 -0.017867188900709152 0.16145822405815125 -0.024714726954698563 0.05944233015179634 0.02055034227669239 0.9977141618728638
28.402363616462345 -0.10427635908126831 -0.018293514847755432 0.16118285059928894 -0.0263083353638649 0.0672370195388794 0.020304204896092415 0.9971834421157837
28.452380616462346 -0.0987374410033226 -0.018261097371578217 0.16077418625354767 -0.026121046394109726 0.07734386622905731 0.020631952211260796 0.9964486956596375
28.502398616462347 -0.09126048535108566 -0.017949845641851425 0.15934604406356812 -0.0250735804438591 0.08479229360818863 0.022329121828079224 0.9958328604698181
28.552415616462348 -0.0834670439362526 -0.018136272206902504 0.15771132707595825 -0.02434161677956581 0.09031183272600174 0.023932214826345444 0.995328426361084
