1541978820368298.2 -0.0 -0.0 -0.0 -0.0 -0.0 1.0 -0.0
1541978820400231.2 -0.16118973 -0.23340572 -0.09511678 0.037077997 0.021898832 0.99430805 -0.097453356
1541978820432229.2 -0.19201577 -0.24095464 -0.12176726 0.07605626 0.029114548 0.9941393 -0.07109762
1541978820464276.2 -0.22924803 -0.24715911 -0.16019855 0.1272309 0.015232982 0.99153703 -0.020847207
1541978820496331.2 -0.24283302 -0.2494516 -0.1579213 0.1422523 0.012076118 0.98961776 -0.016588442
1541978820528393.2 -0.2816993 -0.2331553 -0.21883926 0.15404418 0.032246485 0.9844885 -0.077543154
1541978820560535.2 -0.33458233 -0.22804862 -0.25805408 0.17128326 0.061326247 0.97886574 -0.09339728
1541978820592820.2 -0.36478415 -0.24034147 -0.3020734 0.21554483 0.055149812 0.9723951 -0.07033281
1541978820625138.2 -0.38608474 -0.24347569 -0.29873696 0.24469316 0.04761408 0.9667452 -0.057113867
1541978820657374.2 -0.43106169 -0.25922456 -0.37887388 0.2644556 0.04581135 0.95623446 -0.116534494
1541978820689527.2 -0.43247223 -0.252812 -0.38728836 0.2795021 0.06191171 0.9514475 -0.11310687
1541978820721625.2 -0.44754314 -0.2795729 -0.40419823 0.32078552 0.0366044 0.94254524 -0.085821174
1541978820753688.2 -0.4726556 -0.27264753 -0.40387166 0.3474129 0.032898076 0.93466604 -0.06798165
1541978820785734.2 -0.49077374 -0.29359394 -0.47649574 0.3582033 0.05240117 0.92453104 -0.11910856
1541978820817772.2 -0.52003676 -0.28789282 -0.47181058 0.375322 0.068437226 0.9148852 -0.13204102
1541978820849804.2 -0.30720267 -0.2626591 -0.72802484 0.37046042 0.043697603 0.92382234 -0.086034544
1541978820881800.2 -0.31585538 -0.26555532 -0.72069097 0.39484844 0.02553209 0.91619796 -0.063437
1541978820913754.2 -0.19833009 -0.26939344 -0.9721496 0.3699227 0.057801638 0.9215958 -0.10235966
1541978820945625.2 -0.20950599 -0.26892814 -0.9751406 0.38139287 0.090485655 0.9110655 -0.12771638
1541978820977375.2 -0.10032941 -0.25791666 -1.186445 0.3757382 0.07268303 0.91906947 -0.09407131
1541978821008977.2 -0.10884471 -0.26354116 -1.1802706 0.39913306 0.040811 0.91395944 -0.060872037
1541978821040484.2 -0.16974574 -0.2785744 -1.2354046 0.41424263 0.04502041 0.9051803 -0.083814465
1541978821071932.2 0.031889856 -0.21780187 -1.4918389 0.38053727 0.09015196 0.91214937 -0.12266872
1541978821103254.2 0.010363787 -0.22370657 -1.5082076 0.39894602 0.10003804 0.9041505 -0.1155264
1541978821134389.2 0.037734628 -0.21748415 -1.6173083 0.4042303 0.0711517 0.90807116 -0.0833192
1541978821165361.2 0.021998763 -0.21853751 -1.6339242 0.41864815 0.05438861 0.90214586 -0.088929355
1541978821196292.2 0.014282405 -0.21584533 -1.6632875 0.4220804 0.083484866 0.89645165 -0.10607942
1541978821227151.2 -0.0346016 -0.22081053 -1.8027166 0.42178828 0.09811641 0.8962889 -0.09557249
1541978821257868.2 0.049934387 -0.17424884 -1.9506083 0.4154737 0.062470783 0.90215224 -0.09798115
1541978821288487.2 0.020023286 -0.14226663 -2.0356565 0.41954264 0.060692836 0.89908147 -0.10932922
1541978821319072.2 -0.005535066 -0.107781366 -2.1098924 0.41169354 0.09564695 0.89841 -0.11924558
1541978821349608.2 -0.069131345 -0.09397158 -2.1698854 0.4078234 0.09712125 0.8994417 -0.123499826
1541978821380056.2 -0.114901066 -0.07998255 -2.1941526 0.41277027 0.056360435 0.90142906 -0.11777076
1541978821410449.2 -0.13958701 -0.024189964 -2.2811527 0.41148138 0.022209119 0.9039008 -0.11468749
1541978821440866.2 -0.20260623 0.053008765 -2.3145063 0.40569335 0.059944976 0.8960555 -0.17001174
1541978821471305.2 -0.26911968 0.16426504 -2.3913088 0.39931804 0.108984955 0.8832071 -0.22048284
1541978821501697.2 -0.3714459 0.17977262 -2.4001086 0.4002993 0.12373784 0.88118017 -0.21902297
1541978821531995.2 -0.41326725 0.173518 -2.4685454 0.3942298 0.094882764 0.89108163 -0.20384704
1541978821562233.2 -0.49161834 0.18417248 -2.4916356 0.38950336 0.06510198 0.8986496 -0.19099195
1541978821592506.2 -0.5997491 0.22078434 -2.5256033 0.38083753 0.060608298 0.9017819 -0.195138
1541978821622819.2 -0.6731735 0.26091856 -2.5716808 0.365533 0.08032288 0.89726824 -0.23418717
1541978821653175.2 -0.7777252 0.30214852 -2.6000896 0.3570159 0.09731148 0.8952662 -0.24813037
1541978821683580.2 -0.86226356 0.28101912 -2.6008484 0.35181475 0.08693604 0.90381175 -0.22758035
1541978821713969.2 -0.9246304 0.27503693 -2.5933685 0.35346252 0.029421115 0.90742165 -0.22535472
1541978821744335.2 -0.98267645 0.27676737 -2.6494215 0.34769797 -0.002263565 0.90745586 -0.23584935
1541978821774697.2 -1.0170059 0.3213787 -2.701164 0.33408675 0.040782474 0.89530694 -0.29180184
1541978821805014.2 -1.0980527 0.33823675 -2.7225976 0.33243334 0.06939541 0.88416934 -0.3208067
1541978821835236.2 -1.1516021 0.31642103 -2.7311597 0.33460233 0.0613007 0.88631195 -0.31422082
1541978821865354.2 -1.1919638 0.32836944 -2.7593906 0.3289317 0.025143344 0.895185 -0.29969263
1541978821895583.2 -1.2459036 0.30385283 -2.7728639 0.3154605 0.000820398 0.90146255 -0.29639387
1541978821926078.2 -1.3099605 0.31509227 -2.7863243 0.30395976 -0.0015212919 0.895722 -0.32448173
1541978821956694.2 -1.3686343 0.3063885 -2.8208752 0.29776073 0.018127203 0.883674 -0.36073568
1541978821987339.2 -1.4163172 0.28823012 -2.8428197 0.29553428 0.029740669 0.8788882 -0.37327015
1541978822017966.2 -1.4752566 0.2990296 -2.8649516 0.29101664 0.013026678 0.8870643 -0.3581293
1541978822048570.2 -1.5289794 0.31389743 -2.876325 0.2781595 -0.024317741 0.8998559 -0.33510506
1541978822079290.2 -1.5112549 0.2210696 -2.9478817 0.25169986 -0.05552114 0.907514 -0.33163705
1541978822110104.2 -1.5311016 0.23549852 -2.959224 0.24111007 -0.069340885 0.90268964 -0.3495842
1541978822140846.2 -1.517852 0.303442 -3.0400271 0.23023729 -0.05369449 0.89295405 -0.3830676
1541978822171502.2 -1.5573082 0.28697604 -3.0522013 0.22791407 -0.02787121 0.87864137 -0.4186499
1541978822202126.2 -1.6024811 0.28454763 -3.081091 0.22557138 -0.03452969 0.8742954 -0.4284074
1541978822232724.2 -1.6606097 0.34280634 -3.0719957 0.22149771 -0.058646258 0.88732576 -0.40019056
1541978822263419.2 -1.6569837 0.33959368 -3.0735087 0.20044777 -0.09032674 0.9030637 -0.3689686
1541978822294334.2 -1.6548655 0.37087464 -3.0941544 0.17980045 -0.12404744 0.9109924 -0.3498242
1541978822325346.2 -1.7004943 0.44995075 -3.0490458 0.1776303 -0.13492417 0.9041614 -0.36432847
1541978822356300.2 -1.7226706 0.53452194 -3.0661674 0.1799079 -0.1316662 0.89198947 -0.3932581
1541978822387222.2 -1.7808369 0.63314927 -3.0349417 0.18235618 -0.11743215 0.89181966 -0.39700592
1541978822418120.2 -1.8165841 0.6816911 -2.9957666 0.17436025 -0.11672473 0.90004444 -0.38196057
1541978822448987.2 -1.8554311 0.6944219 -2.922541 0.16200581 -0.13130356 0.910902 -0.35604903
1541978822479909.2 -1.9060626 0.6827829 -2.8397932 0.15074189 -0.14682087 0.920716 -0.32863754
1541978822510898.2 -1.9360131 0.7363363 -2.7956676 0.14601713 -0.1530721 0.9231305 -0.32105762
1541978822541822.2 -1.9726298 0.8771628 -2.7553923 0.15155414 -0.13449517 0.9205087 -0.33407518
1541978822572637.2 -2.0433023 0.95154434 -2.6898537 0.15200086 -0.102988906 0.9219272 -0.34108555
1541978822603397.2 -2.1101456 1.0136182 -2.6023211 0.14834757 -0.09917741 0.9277918 -0.3276574
1541978822634129.2 -2.1271157 1.0067276 -2.5176475 0.14255834 -0.11700398 0.93484277 -0.30340782
1541978822664896.2 -2.1357694 0.96288395 -2.4097779 0.14225882 -0.13179025 0.93921876 -0.28330544
1541978822695748.2 -2.1423264 1.014764 -2.314358 0.15084559 -0.13459793 0.9375584 -0.28304276
1541978822726631.2 -2.165812 1.1001794 -2.256326 0.15387687 -0.10762388 0.9358153 -0.29830983
1541978822757502.2 -2.1792347 1.1398401 -2.1715047 0.14673595 -0.07001922 0.9375773 -0.30743244
1541978822788352.2 -2.2198627 1.1193316 -2.0857491 0.14303176 -0.063717805 0.9438864 -0.29079276
1541978822819168.2 -2.292516 0.96117383 -1.9346075 0.14405945 -0.08301364 0.9504829 -0.26256037
1541978822850026.2 -2.3354456 0.81465745 -1.8063293 0.14376727 -0.11133904 0.9561077 -0.22976674
1541978822880960.2 -2.3683765 0.72895193 -1.7151029 0.14431217 -0.1257538 0.96034867 -0.2027077
1541978822911855.2 -2.4333773 0.68346715 -1.613116 0.15196691 -0.11857091 0.95936817 -0.20605783
1541978822942617.2 -2.4508953 0.7340316 -1.56268 0.15485448 -0.104878314 0.9560203 -0.22593336
1541978822973243.2 -2.4524755 0.7229178 -1.4864395 0.15050492 -0.088636674 0.95812637 -0.2269048
1541978823003777.2 -2.5287886 0.6653482 -1.3983002 0.15243623 -0.09220061 0.9618205 -0.20775877
1541978823034258.2 -2.5727212 0.5376521 -1.3212664 0.1544847 -0.107433766 0.9648305 -0.18356055
1541978823064728.2 -2.5813558 0.44651008 -1.262246 0.15965906 -0.11794333 0.9678362 -0.15456875
1541978823095188.2 -2.5724576 0.38836166 -1.2187363 0.16653994 -0.11138324 0.9699457 -0.13807125
1541978823125647.2 -2.5728343 0.42226958 -1.1796746 0.17356817 -0.09800098 0.9693197 -0.14383769
1541978823156127.2 -2.5913303 0.48812443 -1.1519778 0.17558181 -0.07536444 0.9675202 -0.16551743
1541978823186626.2 -2.589725 0.5157371 -1.1465396 0.17134097 -0.06362593 0.9686906 -0.16802578
1541978823217106.2 -2.6416316 0.47378948 -1.109549 0.17585975 -0.073247604 0.97040117 -0.1484243
1541978823247545.2 -2.4845943 0.27385724 -1.1433 0.16433251 -0.09280297 0.97313136 -0.13190125
1541978823277961.2 -2.5052383 0.2134892 -1.146198 0.17333476 -0.114446335 0.9720773 -0.109192155
1541978823308378.2 -2.4846635 0.22036044 -1.1426631 0.18461047 -0.11195968 0.97110885 -0.10164523
1541978823338822.2 -2.3052454 0.20137627 -1.2114168 0.18116665 -0.07251634 0.9730227 -0.12307301
1541978823369281.2 -2.201459 0.3163433 -1.2784882 0.18820159 -0.03795826 0.9709164 -0.14304094
1541978823399687.2 -2.1195462 0.39331132 -1.3487053 0.19272225 -0.013780802 0.96944386 -0.15115209
1541978823430028.2 -2.0557115 0.37767518 -1.3957226 0.19653036 -0.014625926 0.9681033 -0.15471876
1541978823460377.2 -1.9998804 0.34154114 -1.4519213 0.19558474 -0.031248754 0.96871275 -0.14955178
1541978823490799.2 -1.9913464 0.27436066 -1.4674027 0.1963418 -0.053479563 0.9682935 -0.14490566
1541978823521332.2 -1.9577012 0.22820117 -1.5273272 0.19508222 -0.07817954 0.96717745 -0.14282429
1541978823551987.2 -1.9433471 0.20839715 -1.5902106 0.1991094 -0.08648186 0.96567684 -0.14263481
1541978823582762.2 -1.8659103 0.24636272 -1.6628029 0.20522179 -0.07700678 0.9645418 -0.14701395
1541978823613663.2 -1.7715474 0.27467525 -1.7901409 0.21304779 -0.0576984 0.96178794 -0.16200517
1541978823644701.2 -1.6624198 0.3266804 -1.9285343 0.22193609 -0.039792176 0.95842326 -0.17488836
1541978823675827.2 -1.5823662 0.3526612 -2.069342 0.23489262 -0.030061444 0.95281625 -0.18990257
1541978823706960.2 -1.5355558 0.35930553 -2.1785753 0.24852198 -0.024678515 0.9468662 -0.20266291
1541978823738034.2 -1.5446625 0.36623317 -2.2731876 0.2558683 -0.01673222 0.9438984 -0.20810425
1541978823769004.2 -1.5657489 0.41045457 -2.332975 0.25832695 -0.017329272 0.94161594 -0.21523556
1541978823799870.2 -1.598977 0.4535753 -2.3920238 0.2569105 -0.015930539 0.9412053 -0.21880537
1541978823830688.2 -1.6720285 0.48828438 -2.3954234 0.25516403 -0.011246071 0.942124 -0.21718048
1541978823861488.2 -1.7214911 0.5800884 -2.420384 0.24457939 -0.014684076 0.9461242 -0.21169405
1541978823892282.2 -1.8423666 0.66235805 -2.3758073 0.23524402 -0.01752375 0.9493346 -0.20764631
1541978823923072.2 -1.9552077 0.7980423 -2.3346257 0.22152883 -0.018981785 0.9538777 -0.2016979
1541978823953833.2 -2.0715828 0.89316785 -2.2866466 0.21469612 -0.015759861 0.95637643 -0.19748792
1541978823984542.2 -2.1790202 0.9244806 -2.226774 0.21418203 -0.01079831 0.95767754 -0.19199823
1541978824015192.2 -2.1894515 0.8555649 -2.1986742 0.21404357 -0.003984173 0.9593232 -0.1840339
1541978824045836.2 -2.1912115 0.7413641 -2.2104044 0.21771874 -0.0016935138 0.95944434 -0.17905943
1541978824076531.2 -2.1643858 0.62213343 -2.1998188 0.22491717 -0.00044314508 0.95886445 -0.17317933
1541978824107284.2 -2.1671052 0.6006981 -2.1794367 0.23118143 0.010034036 0.96024346 -0.15616313
1541978824138052.2 -2.190248 0.5642204 -2.1695795 0.23131782 0.023415754 0.9602944 -0.15420283
1541978824168802.2 -2.2292752 0.6977347 -2.1461017 0.22836615 0.029935867 0.9619627 -0.14690326
1541978824199552.2 -2.2687697 0.7379732 -2.1535795 0.21912093 0.044923805 0.9631097 -0.14962552
1541978824230304.2 -2.385791 0.8810255 -2.1315858 0.21701409 0.04668379 0.9632296 -0.15137482
1541978824261006.2 -2.4266088 1.0726588 -2.133454 0.21282828 0.037833493 0.96398175 -0.15495819
1541978824291603.2 -2.456988 1.2291335 -2.1517515 0.21281129 0.024712669 0.96294105 -0.163845
