# timestamp[secs] tx ty tz qx qy qz qw
1541976487.281394 -0.0 -0.0 -0.0 -0.0 -0.0 -0.0 1.0
1541976487.319053 -0.00907261110842228 -0.016258681192994118 -0.0071084811352193356 -0.0005293189315125346 0.006214175373315811 0.005927057005465031 0.9999629855155945
1541976487.357078 -0.00397006468847394 -0.016998663544654846 -0.021026955917477608 0.0031325460877269506 0.008880051784217358 0.004757714923471212 0.9999443888664246
1541976487.395299 -0.0002025931898970157 -0.023639729246497154 -0.02716236747801304 0.0065167550928890705 0.011252226307988167 0.005139196757227182 0.9999023079872131
1541976487.433468 -0.0002025931898970157 -0.023639729246497154 -0.02716236747801304 0.0065167550928890705 0.011252226307988167 0.005139196757227182 0.9999023079872131
1541976487.471305 -0.0009350613108836114 -0.02267189882695675 -0.03843822702765465 0.0071632880717515945 0.019246291369199753 0.0050126975402235985 0.9997765421867371
1541976487.508613 -0.00213811662979424 -0.021018335595726967 -0.040684811770915985 0.012829219922423363 0.02486231178045273 0.008091723546385765 0.9995758533477783
1541976487.545374 -0.004097866825759411 -0.018270496279001236 -0.04687553271651268 0.011642353609204292 0.03443839028477669 0.010951392352581024 0.9992790222167969
1541976487.581677 -0.006563974544405937 -0.017586927860975266 -0.05784439668059349 -0.0007797804428264499 0.049191463738679886 0.00891974475234747 0.9987492561340332
1541976487.617607 -0.01653728075325489 0.010363936424255371 -0.08622479438781738 0.001227264292538166 0.05772180110216141 0.01797032356262207 0.9981701970100403
1541976487.653273 -0.019707633182406425 0.013619926758110523 -0.09203384816646576 -0.0004956075572408736 0.06689151376485825 0.028889382258057594 0.9973418712615967
1541976487.688864 -0.023327574133872986 0.017319323495030403 -0.09714341163635254 -0.002294889185577631 0.07739397138357162 0.03951853886246681 0.9962144494056702
1541976487.724557 -0.026809316128492355 0.021918240934610367 -0.10298452526330948 -0.00624821987003088 0.08825962990522385 0.04957909509539604 0.9948432445526123
1541976487.760434 -0.04362538456916809 0.03561845049262047 -0.12288609892129898 -0.009205294772982597 0.09649311006069183 0.06175535172224045 0.9933733940124512
1541976487.796502 -0.044641293585300446 0.036347974091768265 -0.12440986931324005 -0.00620119646191597 0.10157138854265213 0.07376034557819366 0.992070734500885
1541976487.832734 -0.04609454423189163 0.03650931268930435 -0.126657634973526 -0.003976176027208567 0.1078290268778801 0.0788690373301506 0.9910281896591187
1541976487.869067 -0.049213606864213943 0.036396369338035583 -0.12936098873615265 0.00017734627181198448 0.11059148609638214 0.08672218024730682 0.9900751709938049
1541976487.905376 -0.0527949184179306 0.035627420991659164 -0.13294772803783417 0.005943862721323967 0.11092595010995865 0.08979877829551697 0.9897456169128418
1541976487.9415 -0.057804372161626816 0.03597832843661308 -0.13823933899402618 0.011381987482309341 0.10760398954153061 0.09187886118888855 0.9898738265037537
1541976487.977321 -0.06552556902170181 0.036353159695863724 -0.14582860469818115 0.015898117795586586 0.10342222452163696 0.09379640221595764 0.9900774359703064
1541976488.012768 -0.06975334137678146 0.03727484494447708 -0.1491154134273529 0.020463993772864342 0.09876522421836853 0.09725577384233475 0.9901353716850281
1541976488.047852 -0.07217830419540405 0.03869309648871422 -0.1516793817281723 0.02699092961847782 0.09349936246871948 0.09828350692987442 0.9903887510299683
1541976488.082661 -0.07462441921234131 0.04075431451201439 -0.15722998976707458 0.030464157462120056 0.08719870448112488 0.09719144552946091 0.9909703731536865
1541976488.117302 -0.14336219429969788 0.037863560020923615 -0.2165929228067398 0.0258463304489851 0.08533831685781479 0.09999769926071167 0.9909842610359192
1541976488.151827 -0.1479511260986328 0.03978956118226051 -0.221109077334404 0.027799418196082115 0.08092764019966125 0.10363463312387466 0.9909277558326721
1541976488.186252 -0.15214568376541138 0.04067934677004814 -0.221226766705513 0.028612064197659492 0.07839268445968628 0.10667265951633453 0.9907860159873962
1541976488.22062 -0.164218008518219 0.04130997881293297 -0.22608999907970428 0.03014775738120079 0.07774624228477478 0.11278378963470459 0.9901143908500671
1541976488.255012 -0.1861324906349182 0.04113044962286949 -0.2373020350933075 0.030108336359262466 0.07946329563856125 0.12136261910200119 0.9889642000198364
1541976488.289561 -0.18946972489356995 0.041740380227565765 -0.24190635979175568 0.03229003772139549 0.0834183543920517 0.1352098286151886 0.9867710471153259
1541976488.324368 -0.18552963435649872 0.04275975376367569 -0.24072694778442383 0.03179696947336197 0.08917668461799622 0.14975912868976593 0.9841792583465576
1541976488.359371 -0.202584370970726 0.06003529950976372 -0.2784283757209778 0.029554160311818123 0.09359841793775558 0.16101734340190887 0.9820587635040283
1541976488.394403 -0.20978175103664398 0.05774901807308197 -0.28258299827575684 0.029772818088531494 0.10376054048538208 0.17282047867774963 0.9790201783180237
1541976488.42932 -0.21810640394687653 0.05512025207281113 -0.2872619926929474 0.033384282141923904 0.11446763575077057 0.1958821564912796 0.9733513593673706
1541976488.464017 -0.2206907421350479 0.047613851726055145 -0.32044291496276855 0.033393241465091705 0.11923574656248093 0.21951282024383545 0.9677199721336365
1541976488.498392 -0.2272936850786209 0.04398820549249649 -0.3216773271560669 0.0380781814455986 0.12495911866426468 0.23266269266605377 0.9637444615364075
1541976488.53234 -0.23386986553668976 0.040394555777311325 -0.3238862156867981 0.03999284654855728 0.12988179922103882 0.2373390942811966 0.9618740081787109
1541976488.565806 -0.23893992602825165 0.037025704979896545 -0.3236846327781677 0.041518308222293854 0.13408973813056946 0.24332600831985474 0.9597336649894714
1541976488.5988 -0.24414286017417908 0.03390859439969063 -0.32479724287986755 0.04328121617436409 0.13096743822097778 0.2504934072494507 0.958241879940033
1541976488.631347 -0.24925711750984192 0.030357912182807922 -0.3236634433269501 0.04375114291906357 0.1267164796590805 0.25455495715141296 0.9577215313911438
1541976488.663508 -0.2534084916114807 0.02648867666721344 -0.32181042432785034 0.0444074310362339 0.1245904415845871 0.25328966975212097 0.9583055973052979
1541976488.695378 -0.24869860708713531 0.02287016436457634 -0.313073068857193 0.04817400872707367 0.12253662943840027 0.25115564465522766 0.9589499235153198
1541976488.727067 -0.26843830943107605 -0.08064500242471695 -0.2963857352733612 0.03855404257774353 0.12732407450675964 0.2522379755973816 0.9584770798683167
1541976488.758647 -0.26580506563186646 -0.08337987959384918 -0.29185083508491516 0.03688802942633629 0.1270117312669754 0.2439810037612915 0.9607188105583191
1541976488.790108 -0.2625087797641754 -0.08605848252773285 -0.28773602843284607 0.034107036888599396 0.12988613545894623 0.23984336853027344 0.9614788293838501
1541976488.821388 -0.2590382695198059 -0.08821143209934235 -0.28435659408569336 0.03295726701617241 0.13235008716583252 0.2414611428976059 0.9607776999473572
1541976488.852453 -0.256513774394989 -0.09025006741285324 -0.2819727063179016 0.03465975448489189 0.1374264359474182 0.24545466899871826 0.958991527557373
1541976488.883306 -0.25286030769348145 -0.09276396781206131 -0.27947935461997986 0.034893933683633804 0.1428247094154358 0.24856728315353394 0.9573912024497986
1541976488.913956 -0.1436944156885147 -0.17437204718589783 -0.1899547129869461 0.030597200617194176 0.14498558640480042 0.24220062792301178 0.9588440656661987
1541976488.944391 -0.13859988749027252 -0.17736205458641052 -0.18583759665489197 0.027614763006567955 0.1485317498445511 0.24240818619728088 0.958339273929596
1541976488.974585 -0.12217264622449875 -0.1842683106660843 -0.1738075613975525 0.023225339129567146 0.15238717198371887 0.24244046211242676 0.9578421115875244
1541976489.004494 -0.08986924588680267 -0.1965775191783905 -0.14894644916057587 0.018748866394162178 0.1569974273443222 0.24564456939697266 0.956378161907196
1541976489.034117 -0.04762070253491402 -0.21210654079914093 -0.11069599539041519 0.009826614521443844 0.16137471795082092 0.24975840747356415 0.9547159075737
1541976489.063483 -0.0304523054510355 -0.21458177268505096 -0.09063271433115005 9.607943502487615e-05 0.16497382521629333 0.2551623582839966 0.9527202844619751
1541976489.09263 -0.0061277709901332855 -0.21316708624362946 -0.07727688550949097 -0.006510434206575155 0.16785025596618652 0.26138705015182495 0.9505054950714111
1541976489.121623 0.008861444890499115 -0.21618255972862244 -0.05651022493839264 -0.009440908208489418 0.1720511019229889 0.2693653106689453 0.9474976062774658
1541976489.150557 0.02619820460677147 -0.21888767182826996 -0.04120831564068794 -0.01210661418735981 0.1756034642457962 0.2746027410030365 0.9453096389770508
1541976489.179511 0.045416511595249176 -0.21938598155975342 -0.02313244715332985 -0.015017006546258926 0.17793601751327515 0.27791935205459595 0.9438613057136536
1541976489.208519 0.06260038912296295 -0.2225228250026703 -0.0033241380006074905 -0.018955174833536148 0.1786375194787979 0.2810921370983124 0.9427176117897034
1541976489.237567 0.08299848437309265 -0.22260308265686035 0.015793241560459137 -0.023023368790745735 0.17889603972434998 0.28425332903862 0.9416295886039734
1541976489.266606 0.09957136958837509 -0.22273766994476318 0.03725023567676544 -0.025237515568733215 0.18057797849178314 0.28774493932724 0.9401901960372925
1541976489.295598 0.1201198622584343 -0.22311724722385406 0.05581299215555191 -0.028285570442676544 0.1810074746608734 0.2893451750278473 0.939529538154602
1541976489.324536 0.14125771820545197 -0.2220381796360016 0.07838548719882965 -0.03041640855371952 0.181979700922966 0.2905944883823395 0.9388893246650696
1541976489.35342 0.16682495176792145 -0.2171136438846588 0.09782654047012329 -0.03252215310931206 0.18385185301303864 0.2918665409088135 0.9380590319633484
1541976489.382254 0.19258855283260345 -0.21417772769927979 0.11773018538951874 -0.03250584006309509 0.1864052265882492 0.2933838963508606 0.9370818734169006
1541976489.411041 0.22147352993488312 -0.20968526601791382 0.13523660600185394 -0.03358854353427887 0.18809831142425537 0.29333752393722534 0.9367198348045349
1541976489.439776 0.2503099739551544 -0.20534585416316986 0.15618616342544556 -0.03672618046402931 0.19021059572696686 0.29207149147987366 0.9365710616111755
1541976489.468451 0.2781083285808563 -0.19861263036727905 0.17459149658679962 -0.04064308479428291 0.1914512813091278 0.2909719944000244 0.936498761177063
1541976489.497079 0.30899152159690857 -0.18939101696014404 0.19510233402252197 -0.041700053960084915 0.19304442405700684 0.29265379905700684 0.9356006979942322
1541976489.525679 0.3386286199092865 -0.1788535863161087 0.21076296269893646 -0.04315797984600067 0.19478942453861237 0.29454177618026733 0.9345799088478088
1541976489.554256 0.36770761013031006 -0.16866275668144226 0.22386771440505981 -0.04525541886687279 0.19591638445854187 0.2975575029850006 0.9332889914512634
1541976489.582802 0.39630454778671265 -0.15818274021148682 0.23536312580108643 -0.047509513795375824 0.19771265983581543 0.30124524235725403 0.9316136240959167
1541976489.611344 0.42796996235847473 -0.14698049426078796 0.24442049860954285 -0.05130333825945854 0.19991646707057953 0.3022754192352295 0.9306078553199768
1541976489.639952 0.4581245183944702 -0.13581004738807678 0.25314971804618835 -0.052145879715681076 0.2017645686864853 0.3038412630558014 0.9296517968177795
1541976489.668701 0.4866243600845337 -0.12725774943828583 0.2585557699203491 -0.05154167860746384 0.20198705792427063 0.30862364172935486 0.9280604720115662
1541976489.697617 0.5128080248832703 -0.11818930506706238 0.26676565408706665 -0.051906928420066833 0.20261822640895844 0.31238681077957153 0.9266424179077148
1541976489.72666 0.541056752204895 -0.11011135578155518 0.27782589197158813 -0.04979674890637398 0.20225563645362854 0.31515613198280334 0.9258993864059448
1541976489.755778 0.5678021907806396 -0.10711553692817688 0.2825404107570648 -0.048294223845005035 0.20234523713588715 0.3146762251853943 0.9261226058006287
1541976489.784952 0.5943211317062378 -0.10602505505084991 0.28965431451797485 -0.046594928950071335 0.20127566158771515 0.31319108605384827 0.9269457459449768
1541976489.814193 0.618413507938385 -0.10984688997268677 0.2937338650226593 -0.047145988792181015 0.20035821199417114 0.3086298406124115 0.9286450147628784
1541976489.843509 0.6431769132614136 -0.11382752656936646 0.2995147109031677 -0.046248625963926315 0.198662668466568 0.3029710650444031 0.9309150576591492
1541976489.872892 0.6660507917404175 -0.11890816688537598 0.30298954248428345 -0.04417389631271362 0.1971890777349472 0.2972330152988434 0.9331761598587036
1541976489.902328 0.689702033996582 -0.12834973633289337 0.3066787123680115 -0.043280161917209625 0.19553647935390472 0.29302313923835754 0.9348955750465393
1541976489.931785 0.7077476978302002 -0.13317246735095978 0.3150853216648102 -0.04276765137910843 0.1949453204870224 0.28913480043411255 0.9362522959709167
1541976489.961235 0.7253246307373047 -0.13826864957809448 0.3195412755012512 -0.04328814893960953 0.19452731311321259 0.28566116094589233 0.9373809099197388
1541976489.990664 0.7418191432952881 -0.14161452651023865 0.3235431909561157 -0.04187355935573578 0.19448265433311462 0.28372853994369507 0.9380412101745605
1541976490.020058 0.7556887269020081 -0.14867787063121796 0.32236456871032715 -0.041841015219688416 0.1936805248260498 0.2815600335597992 0.938861608505249
1541976490.049421 0.7670443654060364 -0.15247006714344025 0.3262190520763397 -0.04138955846428871 0.19316603243350983 0.2799878716468811 0.9394575953483582
1541976490.078748 0.7746462225914001 -0.15618646144866943 0.33058786392211914 -0.04177186265587807 0.193600133061409 0.2787935435771942 0.9397065043449402
1541976490.108038 0.784143328666687 -0.1601901650428772 0.3321225047111511 -0.04203672334551811 0.19383206963539124 0.27763235569000244 0.9399906396865845
1541976490.137299 0.7889934182167053 -0.16467705368995667 0.32879018783569336 -0.041869089007377625 0.1937292516231537 0.277681827545166 0.9400047063827515
1541976490.166534 0.7934602499008179 -0.16759055852890015 0.32843467593193054 -0.040619876235723495 0.19317938387393951 0.278255820274353 0.9400029182434082
1541976490.195749 0.7909319996833801 -0.1723010390996933 0.32138559222221375 -0.0409565232694149 0.1928403675556183 0.2771873474121094 0.9403735399246216
1541976490.22495 0.7909093499183655 -0.17790716886520386 0.3134285509586334 -0.0414273664355278 0.19164365530014038 0.2755911648273468 0.9410664439201355
1541976490.254138 0.7836214303970337 -0.1843988299369812 0.3076600134372711 -0.041941702365875244 0.1912011057138443 0.2740408182144165 0.9415862560272217
1541976490.283317 0.7753375768661499 -0.18804100155830383 0.30488860607147217 -0.04180498793721199 0.18969744443893433 0.27451470494270325 0.9417584538459778
1541976490.312478 0.7656242251396179 -0.19093173742294312 0.3003550171852112 -0.04427747800946236 0.18905995786190033 0.27376583218574524 0.9419916272163391
1541976490.341608 0.7530204057693481 -0.19310709834098816 0.2970261573791504 -0.0444364994764328 0.18704529106616974 0.2742004692554474 0.9422598481178284
1541976490.370703 0.7347356677055359 -0.19375480711460114 0.28606653213500977 -0.044752564281225204 0.18377676606178284 0.27429625391960144 0.9428600072860718
1541976490.399781 0.7188613414764404 -0.1961602419614792 0.28152787685394287 -0.0466495156288147 0.18303529918193817 0.2739347517490387 0.9430173635482788
1541976490.428859 0.70346599817276 -0.19636723399162292 0.2728501558303833 -0.04837588965892792 0.18092896044254303 0.2734614312648773 0.9434740543365479
1541976490.457952 0.6906735301017761 -0.20243652164936066 0.27290597558021545 -0.04889410734176636 0.17992179095745087 0.2747752368450165 0.9432582259178162
1541976490.487068 0.6759625673294067 -0.2053353488445282 0.2727394104003906 -0.048436522483825684 0.17963503301143646 0.27562132477760315 0.9430896043777466
1541976490.516202 0.6589033603668213 -0.20605404675006866 0.26840996742248535 -0.04930702969431877 0.17889468371868134 0.27497151494026184 0.9433749318122864
1541976490.545352 0.6463019847869873 -0.20880815386772156 0.26802802085876465 -0.05077614635229111 0.1784982979297638 0.2736785113811493 0.9437480568885803
1541976490.574515 0.6325777769088745 -0.208441823720932 0.2664424180984497 -0.0508914440870285 0.1775583028793335 0.2733080983161926 0.9440264105796814
1541976490.603686 0.618812620639801 -0.2094065397977829 0.2615048587322235 -0.051524568349123 0.17676901817321777 0.2722238302230835 0.9444534182548523
1541976490.63286 0.6084802746772766 -0.2102217972278595 0.25785234570503235 -0.053430844098329544 0.17597028613090515 0.2691863179206848 0.9453667998313904
1541976490.662047 0.5982825756072998 -0.21371203660964966 0.25567302107810974 -0.05578165128827095 0.17619439959526062 0.26753783226013184 0.9456571936607361
1541976490.691263 0.5913800001144409 -0.21248064935207367 0.24999229609966278 -0.05647885426878929 0.17605330049991608 0.26544055342674255 0.9462329745292664
1541976490.720511 0.5872368812561035 -0.21834218502044678 0.24354395270347595 -0.059273794293403625 0.17552150785923004 0.2656482458114624 0.946102499961853
1541976490.74978 0.5836142301559448 -0.21661972999572754 0.23956391215324402 -0.05852119252085686 0.17582286894321442 0.26347509026527405 0.9467008709907532
1541976490.779062 0.5820939540863037 -0.2187526822090149 0.23455309867858887 -0.06054553762078285 0.1758219301700592 0.2608014643192291 0.9473138451576233
1541976490.808356 0.5803679823875427 -0.21908852458000183 0.22861380875110626 -0.060686592012643814 0.17627181112766266 0.259640097618103 0.9475402235984802
1541976490.837662 0.5860939025878906 -0.21498697996139526 0.22538235783576965 -0.05887333303689957 0.17550036311149597 0.2582869529724121 0.9481673836708069
1541976490.866977 0.580951988697052 -0.21831026673316956 0.21696752309799194 -0.060865603387355804 0.1762935072183609 0.2573557198047638 0.948147714138031
1541976490.896295 0.5837458968162537 -0.21956834197044373 0.216053307056427 -0.060261089354753494 0.1772381216287613 0.25680026412010193 0.9481608271598816
1541976490.925614 0.5903920531272888 -0.22144457697868347 0.20877203345298767 -0.06049363687634468 0.17692707479000092 0.25517958402633667 0.9486415386199951
1541976490.954927 0.5943220257759094 -0.22164496779441833 0.19752421975135803 -0.05940606817603111 0.17565225064754486 0.25467047095298767 0.9490839242935181
1541976490.984232 0.6017346978187561 -0.22223463654518127 0.1916773021221161 -0.0592932291328907 0.17635051906108856 0.2536311745643616 0.9492397308349609
1541976491.013521 0.6098884344100952 -0.22735698521137238 0.18430210649967194 -0.06006501615047455 0.17621178925037384 0.25237831473350525 0.9495508670806885
1541976491.042792 0.6133644580841064 -0.2297121286392212 0.17690199613571167 -0.05955510959029198 0.17855635285377502 0.2506992816925049 0.9495897889137268
1541976491.072049 0.6197524070739746 -0.23333510756492615 0.1731640100479126 -0.05802357941865921 0.17950579524040222 0.25055792927742004 0.9495429396629333
1541976491.101295 0.6256784200668335 -0.23533815145492554 0.16854488849639893 -0.05813223123550415 0.17934119701385498 0.24933281540870667 0.9498897790908813
1541976491.13052 0.6306173205375671 -0.23729285597801208 0.16689234972000122 -0.058243513107299805 0.1806126832962036 0.24920015037059784 0.9496768712997437
1541976491.159718 0.6348377466201782 -0.23785574734210968 0.16136106848716736 -0.057543445378541946 0.1807299554347992 0.24891579151153564 0.9497717618942261
1541976491.188884 0.6361744403839111 -0.24164794385433197 0.15544256567955017 -0.05656109005212784 0.1815672218799591 0.24920105934143066 0.9495962262153625
1541976491.218022 0.6376672387123108 -0.24421542882919312 0.1492803990840912 -0.05667918547987938 0.18209794163703918 0.24922986328601837 0.9494800567626953
