1541976487281394.0 -0.0 -0.0 -0.0 -0.0 -0.0 1.0 -0.0
1541976487319053.0 -0.009072611 -0.016258681 -0.007108481 0.0062141754 0.005927057 0.999963 -0.00052931893
1541976487357078.0 -0.0039700647 -0.016998664 -0.021026956 0.008880052 0.004757715 0.9999444 0.003132546
1541976487395299.0 -0.00020259319 -0.02363973 -0.027162367 0.011252226 0.0051391968 0.9999023 0.006516755
1541976487433468.0 -0.00020259319 -0.02363973 -0.027162367 0.011252226 0.0051391968 0.9999023 0.006516755
1541976487471305.0 -0.0009350613 -0.022671899 -0.038438227 0.019246291 0.0050126975 0.99977654 0.007163288
1541976487508613.0 -0.0021381166 -0.021018336 -0.04068481 0.024862312 0.008091724 0.99957585 0.01282922
1541976487545374.0 -0.004097867 -0.018270496 -0.046875533 0.03443839 0.010951392 0.999279 0.011642354
1541976487581677.0 -0.0065639745 -0.017586928 -0.057844397 0.049191464 0.008919745 0.99874926 -0.00077978044
1541976487617607.0 -0.01653728 0.010363936 -0.086224794 0.0577218 0.017970324 0.9981702 0.0012272643
1541976487653273.0 -0.019707633 0.013619927 -0.09203385 0.066891514 0.028889382 0.9973419 -0.00049560756
1541976487688864.0 -0.023327574 0.017319323 -0.09714341 0.07739397 0.03951854 0.99621445 -0.0022948892
1541976487724557.0 -0.026809316 0.021918241 -0.102984525 0.08825963 0.049579095 0.99484324 -0.00624822
1541976487760434.0 -0.043625385 0.03561845 -0.1228861 0.09649311 0.06175535 0.9933734 -0.009205295
1541976487796502.0 -0.044641294 0.036347974 -0.12440987 0.10157139 0.073760346 0.99207073 -0.0062011965
1541976487832734.0 -0.046094544 0.036509313 -0.12665763 0.10782903 0.07886904 0.9910282 -0.003976176
1541976487869067.0 -0.049213607 0.03639637 -0.12936099 0.110591486 0.08672218 0.9900752 0.00017734627
1541976487905376.0 -0.05279492 0.03562742 -0.13294773 0.11092595 0.08979878 0.9897456 0.0059438627
1541976487941500.0 -0.057804372 0.03597833 -0.13823934 0.10760399 0.09187886 0.9898738 0.0113819875
1541976487977321.0 -0.06552557 0.03635316 -0.1458286 0.103422225 0.0937964 0.99007744 0.015898118
1541976488012768.0 -0.06975334 0.037274845 -0.14911541 0.098765224 0.097255774 0.9901354 0.020463994
1541976488047852.0 -0.072178304 0.038693096 -0.15167938 0.09349936 0.09828351 0.99038875 0.02699093
1541976488082661.0 -0.07462442 0.040754315 -0.15722999 0.087198704 0.097191446 0.9909704 0.030464157
1541976488117302.0 -0.1433622 0.03786356 -0.21659292 0.08533832 0.0999977 0.99098426 0.02584633
1541976488151827.0 -0.14795113 0.03978956 -0.22110908 0.08092764 0.10363463 0.99092776 0.027799418
1541976488186252.0 -0.15214568 0.040679347 -0.22122677 0.078392684 0.10667266 0.990786 0.028612064
1541976488220620.0 -0.16421801 0.04130998 -0.22609 0.07774624 0.11278379 0.9901144 0.030147757
1541976488255012.0 -0.18613249 0.04113045 -0.23730204 0.079463296 0.12136262 0.9889642 0.030108336
1541976488289561.0 -0.18946972 0.04174038 -0.24190636 0.083418354 0.13520983 0.98677105 0.032290038
1541976488324368.0 -0.18552963 0.042759754 -0.24072695 0.089176685 0.14975913 0.98417926 0.03179697
1541976488359371.0 -0.20258437 0.0600353 -0.27842838 0.09359842 0.16101734 0.98205876 0.02955416
1541976488394403.0 -0.20978175 0.057749018 -0.282583 0.10376054 0.17282048 0.9790202 0.029772818
1541976488429320.0 -0.2181064 0.055120252 -0.287262 0.114467636 0.19588216 0.97335136 0.033384282
1541976488464017.0 -0.22069074 0.04761385 -0.32044291 0.11923575 0.21951282 0.96772 0.03339324
1541976488498392.0 -0.22729369 0.043988205 -0.32167733 0.12495912 0.2326627 0.96374446 0.03807818
1541976488532340.0 -0.23386987 0.040394556 -0.32388622 0.1298818 0.2373391 0.961874 0.039992847
1541976488565806.0 -0.23893993 0.037025705 -0.32368463 0.13408974 0.24332601 0.95973366 0.04151831
1541976488598800.0 -0.24414286 0.033908594 -0.32479724 0.13096744 0.2504934 0.9582419 0.043281216
1541976488631347.0 -0.24925712 0.030357912 -0.32366344 0.12671648 0.25455496 0.95772153 0.043751143
1541976488663508.0 -0.2534085 0.026488677 -0.32181042 0.12459044 0.25328967 0.9583056 0.04440743
1541976488695378.0 -0.2486986 0.022870164 -0.31307307 0.12253663 0.25115564 0.9589499 0.04817401
1541976488727067.0 -0.2684383 -0.080645 -0.29638574 0.12732407 0.25223798 0.9584771 0.038554043
1541976488758647.0 -0.26580507 -0.08337988 -0.29185084 0.12701173 0.243981 0.9607188 0.03688803
1541976488790108.0 -0.26250878 -0.08605848 -0.28773603 0.12988614 0.23984337 0.9614788 0.034107037
1541976488821388.0 -0.25903827 -0.08821143 -0.2843566 0.13235009 0.24146114 0.9607777 0.032957267
1541976488852453.0 -0.25651377 -0.09025007 -0.2819727 0.13742644 0.24545467 0.9589915 0.034659754
1541976488883306.0 -0.2528603 -0.09276397 -0.27947935 0.14282471 0.24856728 0.9573912 0.034893934
1541976488913956.0 -0.14369442 -0.17437205 -0.18995471 0.14498559 0.24220063 0.95884407 0.0305972
1541976488944391.0 -0.13859989 -0.17736205 -0.1858376 0.14853175 0.24240819 0.9583393 0.027614763
1541976488974585.0 -0.122172646 -0.18426831 -0.17380756 0.15238717 0.24244046 0.9578421 0.02322534
1541976489004494.0 -0.089869246 -0.19657752 -0.14894645 0.15699743 0.24564457 0.95637816 0.018748866
1541976489034117.0 -0.047620703 -0.21210654 -0.110695995 0.16137472 0.24975841 0.9547159 0.0098266145
1541976489063483.0 -0.030452305 -0.21458177 -0.090632714 0.16497383 0.25516236 0.9527203 9.6079435e-05
1541976489092630.0 -0.006127771 -0.21316709 -0.077276886 0.16785026 0.26138705 0.9505055 -0.006510434
1541976489121623.0 0.008861445 -0.21618256 -0.056510225 0.1720511 0.2693653 0.9474976 -0.009440908
1541976489150557.0 0.026198205 -0.21888767 -0.041208316 0.17560346 0.27460274 0.94530964 -0.012106614
1541976489179511.0 0.04541651 -0.21938598 -0.023132447 0.17793602 0.27791935 0.9438613 -0.015017007
1541976489208519.0 0.06260039 -0.22252283 -0.003324138 0.17863752 0.28109214 0.9427176 -0.018955175
1541976489237567.0 0.082998484 -0.22260308 0.015793242 0.17889604 0.28425333 0.9416296 -0.023023369
1541976489266606.0 0.09957137 -0.22273767 0.037250236 0.18057798 0.28774494 0.9401902 -0.025237516
1541976489295598.0 0.12011986 -0.22311725 0.055812992 0.18100747 0.28934518 0.93952954 -0.02828557
1541976489324536.0 0.14125772 -0.22203818 0.07838549 0.1819797 0.2905945 0.9388893 -0.030416409
1541976489353420.0 0.16682495 -0.21711364 0.09782654 0.18385185 0.29186654 0.93805903 -0.032522153
1541976489382254.0 0.19258855 -0.21417773 0.117730185 0.18640523 0.2933839 0.9370819 -0.03250584
1541976489411041.0 0.22147353 -0.20968527 0.1352366 0.18809831 0.29333752 0.93671983 -0.033588544
1541976489439776.0 0.25030997 -0.20534585 0.15618616 0.1902106 0.2920715 0.93657106 -0.03672618
1541976489468451.0 0.27810833 -0.19861263 0.1745915 0.19145128 0.290972 0.93649876 -0.040643085
1541976489497079.0 0.30899152 -0.18939102 0.19510233 0.19304442 0.2926538 0.9356007 -0.041700054
1541976489525679.0 0.33862862 -0.17885359 0.21076296 0.19478942 0.29454178 0.9345799 -0.04315798
1541976489554256.0 0.3677076 -0.16866276 0.22386771 0.19591638 0.2975575 0.933289 -0.04525542
1541976489582802.0 0.39630455 -0.15818274 0.23536313 0.19771266 0.30124524 0.9316136 -0.047509514
1541976489611344.0 0.42796996 -0.1469805 0.2444205 0.19991647 0.30227542 0.93060786 -0.05130334
1541976489639952.0 0.45812452 -0.13581005 0.25314972 0.20176457 0.30384126 0.9296518 -0.05214588
1541976489668701.0 0.48662436 -0.12725775 0.25855577 0.20198706 0.30862364 0.9280605 -0.05154168
1541976489697617.0 0.512808 -0.118189305 0.26676565 0.20261823 0.3123868 0.9266424 -0.05190693
1541976489726660.0 0.54105675 -0.110111356 0.2778259 0.20225564 0.31515613 0.9258994 -0.04979675
1541976489755778.0 0.5678022 -0.10711554 0.2825404 0.20234524 0.31467623 0.9261226 -0.048294224
1541976489784952.0 0.59432113 -0.106025055 0.2896543 0.20127566 0.3131911 0.92694575 -0.04659493
1541976489814193.0 0.6184135 -0.10984689 0.29373387 0.20035821 0.30862984 0.928645 -0.04714599
1541976489843509.0 0.6431769 -0.11382753 0.2995147 0.19866267 0.30297107 0.93091506 -0.046248626
1541976489872892.0 0.6660508 -0.11890817 0.30298954 0.19718908 0.29723302 0.93317616 -0.044173896
1541976489902328.0 0.68970203 -0.12834974 0.3066787 0.19553648 0.29302314 0.9348956 -0.043280162
1541976489931785.0 0.7077477 -0.13317247 0.31508532 0.19494532 0.2891348 0.9362523 -0.04276765
1541976489961235.0 0.72532463 -0.13826865 0.31954128 0.19452731 0.28566116 0.9373809 -0.04328815
1541976489990664.0 0.74181914 -0.14161453 0.3235432 0.19448265 0.28372854 0.9380412 -0.04187356
1541976490020058.0 0.7556887 -0.14867787 0.32236457 0.19368052 0.28156003 0.9388616 -0.041841015
1541976490049421.0 0.76704437 -0.15247007 0.32621905 0.19316603 0.27998787 0.9394576 -0.04138956
1541976490078748.0 0.7746462 -0.15618646 0.33058786 0.19360013 0.27879354 0.9397065 -0.041771863
1541976490108038.0 0.7841433 -0.16019017 0.3321225 0.19383207 0.27763236 0.93999064 -0.042036723
1541976490137299.0 0.7889934 -0.16467705 0.3287902 0.19372925 0.27768183 0.9400047 -0.04186909
1541976490166534.0 0.79346025 -0.16759056 0.32843468 0.19317938 0.27825582 0.9400029 -0.040619876
1541976490195749.0 0.790932 -0.17230104 0.3213856 0.19284037 0.27718735 0.94037354 -0.040956523
1541976490224950.0 0.79090935 -0.17790717 0.31342855 0.19164366 0.27559116 0.94106644 -0.041427366
1541976490254138.0 0.78362143 -0.18439883 0.30766 0.1912011 0.27404082 0.94158626 -0.041941702
1541976490283317.0 0.7753376 -0.188041 0.3048886 0.18969744 0.2745147 0.94175845 -0.041804988
1541976490312478.0 0.7656242 -0.19093174 0.30035502 0.18905996 0.27376583 0.9419916 -0.044277478
1541976490341608.0 0.7530204 -0.1931071 0.29702616 0.18704529 0.27420047 0.94225985 -0.0444365
1541976490370703.0 0.73473567 -0.1937548 0.28606653 0.18377677 0.27429625 0.94286 -0.044752564
1541976490399781.0 0.71886134 -0.19616024 0.28152788 0.1830353 0.27393475 0.94301736 -0.046649516
1541976490428859.0 0.703466 -0.19636723 0.27285016 0.18092896 0.27346143 0.94347405 -0.04837589
1541976490457952.0 0.69067353 -0.20243652 0.27290598 0.17992179 0.27477524 0.9432582 -0.048894107
1541976490487068.0 0.67596257 -0.20533535 0.2727394 0.17963503 0.27562132 0.9430896 -0.048436522
1541976490516202.0 0.65890336 -0.20605405 0.26840997 0.17889468 0.27497151 0.94337493 -0.04930703
1541976490545352.0 0.646302 -0.20880815 0.26802802 0.1784983 0.2736785 0.94374806 -0.050776146
1541976490574515.0 0.6325778 -0.20844182 0.26644242 0.1775583 0.2733081 0.9440264 -0.050891444
1541976490603686.0 0.6188126 -0.20940654 0.26150486 0.17676902 0.27222383 0.9444534 -0.05152457
1541976490632860.0 0.6084803 -0.2102218 0.25785235 0.17597029 0.26918632 0.9453668 -0.053430844
1541976490662047.0 0.5982826 -0.21371204 0.25567302 0.1761944 0.26753783 0.9456572 -0.05578165
1541976490691263.0 0.59138 -0.21248065 0.2499923 0.1760533 0.26544055 0.946233 -0.056478854
1541976490720511.0 0.5872369 -0.21834219 0.24354395 0.17552151 0.26564825 0.9461025 -0.059273794
1541976490749780.0 0.58361423 -0.21661973 0.23956391 0.17582287 0.2634751 0.9467009 -0.058521193
1541976490779062.0 0.58209395 -0.21875268 0.2345531 0.17582193 0.26080146 0.94731385 -0.060545538
1541976490808356.0 0.580368 -0.21908852 0.22861381 0.17627181 0.2596401 0.9475402 -0.060686592
1541976490837662.0 0.5860939 -0.21498698 0.22538236 0.17550036 0.25828695 0.9481674 -0.058873333
1541976490866977.0 0.580952 -0.21831027 0.21696752 0.1762935 0.25735572 0.9481477 -0.060865603
1541976490896295.0 0.5837459 -0.21956834 0.2160533 0.17723812 0.25680026 0.9481608 -0.06026109
1541976490925614.0 0.59039205 -0.22144458 0.20877203 0.17692707 0.25517958 0.94864154 -0.060493637
1541976490954927.0 0.594322 -0.22164497 0.19752422 0.17565225 0.25467047 0.9490839 -0.05940607
1541976490984232.0 0.6017347 -0.22223464 0.1916773 0.17635052 0.25363117 0.94923973 -0.05929323
1541976491013521.0 0.60988843 -0.22735699 0.1843021 0.17621179 0.2523783 0.94955087 -0.060065016
1541976491042792.0 0.61336446 -0.22971213 0.176902 0.17855635 0.25069928 0.9495898 -0.05955511
1541976491072049.0 0.6197524 -0.23333511 0.17316401 0.1795058 0.25055793 0.94954294 -0.05802358
1541976491101295.0 0.6256784 -0.23533815 0.16854489 0.1793412 0.24933282 0.9498898 -0.05813223
1541976491130520.0 0.6306173 -0.23729286 0.16689235 0.18061268 0.24920015 0.9496769 -0.058243513
1541976491159718.0 0.63483775 -0.23785575 0.16136107 0.18072996 0.24891579 0.94977176 -0.057543445
1541976491188884.0 0.63617444 -0.24164794 0.15544257 0.18156722 0.24920106 0.9495962 -0.05656109
1541976491218022.0 0.63766724 -0.24421543 0.1492804 0.18209794 0.24922986 0.94948006 -0.056679185
