# timestamp[secs] tx ty tz qx qy qz qw
0.04299869345238096 -0.0 -0.0 -0.0 -0.0 -0.0 -0.0 1.0
0.07443269345238095 0.035350501537323 0.0023086953442543745 -0.009850168600678444 0.0032468284480273724 -0.007020117715001106 0.02172115072607994 0.9997341632843018
0.10564769345238095 0.07320845872163773 0.013523700647056103 -0.016464604064822197 0.007758839055895805 -0.013246830552816391 0.062420181930065155 0.9979318976402283
0.13664869345238095 0.09592542797327042 0.020896142348647118 -0.021974094212055206 0.0161703173071146 -0.0201328806579113 0.11407136917114258 0.9931369423866272
0.16740069345238096 0.11542556434869766 0.027143754065036774 -0.028447918593883514 0.018132159486413002 -0.02683204598724842 0.14910638332366943 0.9882907271385193
0.19790769345238093 0.14315944910049438 0.033979568630456924 -0.033513616770505905 0.018716560676693916 -0.03382444381713867 0.1727941483259201 0.984199047088623
0.22822269345238094 0.17890913784503937 0.04401610791683197 -0.034900836646556854 0.018811024725437164 -0.03757235035300255 0.19096419215202332 0.9806972742080688
0.2583946934523809 0.21379782259464264 0.04637681692838669 -0.03811550885438919 0.016435187309980392 -0.04460951313376427 0.21781063079833984 0.9748324751853943
0.2884866934523809 0.24716322124004364 0.038544025272130966 -0.04349930211901665 0.016434859484434128 -0.054713621735572815 0.2419307976961136 0.9686102271080017
0.31858569345238097 0.27845829725265503 0.03372068703174591 -0.045406222343444824 0.016298383474349976 -0.06177156791090965 0.24465101957321167 0.9675043225288391
0.34880769345238094 0.31008008122444153 0.02877480909228325 -0.04604421183466911 0.013476548716425896 -0.06772012263536453 0.23429174721240997 0.969711184501648
0.37924569345238096 0.3448544442653656 0.023016057908535004 -0.044222235679626465 0.011524842120707035 -0.07281239330768585 0.22123776376247406 0.972429633140564
0.40991569345238094 0.38188818097114563 0.009632539935410023 -0.04311336576938629 0.009090377949178219 -0.08032124489545822 0.22296756505966187 0.9714686870574951
0.44079369345238095 0.41652345657348633 -0.005047319456934929 -0.04187624529004097 0.00757863512262702 -0.08951539546251297 0.23715604841709137 0.9673089981079102
0.47185369345238093 0.4450232684612274 -0.011035382747650146 -0.03992559388279915 0.00513719767332077 -0.09904089570045471 0.2521023154258728 0.9626052975654602
0.503078693452381 0.4730050265789032 -0.008095692843198776 -0.03603656589984894 0.0019057727186009288 -0.10812565684318542 0.2601613402366638 0.959490180015564
0.5344306934523809 0.5026541352272034 -0.0029438622295856476 -0.029641659930348396 -0.0008278730092570186 -0.1170712485909462 0.2663072943687439 0.9567518830299377
0.5658316934523809 0.5297609567642212 0.0016753338277339935 -0.023571856319904327 -0.0031075929291546345 -0.12637698650360107 0.272390753030777 0.9538462162017822
0.5971856934523809 0.5541592240333557 0.010667163878679276 -0.016021540388464928 -0.004113723989576101 -0.13441000878810883 0.2706225514411926 0.9532473683357239
0.6284306934523809 0.5784854292869568 0.022960659116506577 -0.006485244259238243 -0.003911056090146303 -0.14220845699310303 0.2604442238807678 0.9549504518508911
0.659556693452381 0.6032543778419495 0.030642902478575706 0.003132270649075508 -0.004989264532923698 -0.14920426905155182 0.2580702006816864 0.954522430896759
0.6905606934523809 0.6270769238471985 0.03619403392076492 0.012415288016200066 -0.00586704071611166 -0.1564197838306427 0.2652510702610016 0.9513886570930481
0.721441693452381 0.6474684476852417 0.04164574667811394 0.021525759249925613 -0.005981530528515577 -0.16109193861484528 0.2753104567527771 0.9477435350418091
0.752202693452381 0.666070282459259 0.048875682055950165 0.030978195369243622 -0.0060137249529361725 -0.16520744562149048 0.28301364183425903 0.9447612166404724
0.782871693452381 0.6826583743095398 0.054084256291389465 0.03923158347606659 -0.007497885264456272 -0.16878600418567657 0.2901098430156708 0.9419614672660828
0.8134876934523809 0.6981849670410156 0.056505292654037476 0.04690556228160858 -0.00822271965444088 -0.17179328203201294 0.29239729046821594 0.9407035708427429
0.8440896934523809 0.7139248847961426 0.057479143142700195 0.05497892200946808 -0.008550305850803852 -0.1734350174665451 0.2910180389881134 0.9408271908760071
0.874711693452381 0.7313581705093384 0.05626507103443146 0.06318452954292297 -0.009936176240444183 -0.17573334276676178 0.2973787486553192 0.9383949637413025
0.9053616934523809 0.7465596795082092 0.05335274338722229 0.07090350240468979 -0.01141601987183094 -0.17598268389701843 0.31196320056915283 0.9335838556289673
0.9359786934523809 0.7613818645477295 0.048848703503608704 0.07775354385375977 -0.014902736060321331 -0.17510005831718445 0.32725954055786133 0.9284498691558838
0.9664676934523809 0.7756734490394592 0.04796552658081055 0.08465588092803955 -0.017654292285442352 -0.17221805453300476 0.33532699942588806 0.9260589480400085
0.996746693452381 0.7854659557342529 0.05017201602458954 0.09062173217535019 -0.01825488545000553 -0.166239932179451 0.34640204906463623 0.9230583906173706
1.026747693452381 0.790342390537262 0.05365137755870819 0.09611904621124268 -0.015544680878520012 -0.15862850844860077 0.3649132251739502 0.9172969460487366
1.056424693452381 0.7946898341178894 0.049558743834495544 0.09778080880641937 -0.0163394995033741 -0.15058311820030212 0.39458146691322327 0.9062909483909607
1.085782693452381 0.7936652898788452 0.04773353040218353 0.09958447515964508 -0.015031612478196621 -0.13880738615989685 0.4175665080547333 0.8978556394577026
1.114849693452381 0.7835699319839478 0.046399980783462524 0.09860663115978241 -0.016875237226486206 -0.12178738415241241 0.4274739921092987 0.8956277966499329
1.1436426934523811 0.7715263366699219 0.042528510093688965 0.09662182629108429 -0.01693352498114109 -0.10866396129131317 0.4475175440311432 0.8874871730804443
1.1721746934523811 0.7626894116401672 0.03628283739089966 0.09062106907367706 -0.021392976865172386 -0.10658450424671173 0.4639888405799866 0.8791453242301941
1.200493693452381 0.7516054511070251 0.029969006776809692 0.08473782241344452 -0.02123699150979519 -0.10188724100589752 0.4822971820831299 0.8698031306266785
1.228681693452381 0.7364931106567383 0.02346193790435791 0.08159206062555313 -0.018759947270154953 -0.09131404012441635 0.49777746200561523 0.8622803688049316
1.256827693452381 0.7198840379714966 0.014842063188552856 0.07607606053352356 -0.018975557759404182 -0.08429483324289322 0.5107290148735046 0.8553889989852905
1.284986693452381 0.7011180520057678 0.004977822303771973 0.06983427703380585 -0.020297182723879814 -0.07825477421283722 0.5223490595817566 0.8488909006118774
1.313176693452381 0.6800828576087952 -0.0018428266048431396 0.06599226593971252 -0.019603878259658813 -0.0692363902926445 0.5306081175804138 0.8445573449134827
1.341416693452381 0.6582062244415283 -0.008609116077423096 0.061196453869342804 -0.02073538489639759 -0.061461884528398514 0.5385913848876953 0.8400665521621704
1.3697446934523811 0.6357666254043579 -0.018155664205551147 0.056052640080451965 -0.021064694970846176 -0.05410530045628548 0.5501423478126526 0.8330500721931458
1.398192693452381 0.611156165599823 -0.026174306869506836 0.05150933563709259 -0.02220245823264122 -0.04697227105498314 0.5542417168617249 0.8307327032089233
1.426786693452381 0.5871586799621582 -0.035388559103012085 0.04734145104885101 -0.023047732189297676 -0.03868873789906502 0.5563345551490784 0.8297372460365295
1.455527693452381 0.5644652843475342 -0.04543408751487732 0.04339223355054855 -0.021445970982313156 -0.030084341764450073 0.5629177689552307 0.8256868124008179
1.4844206934523811 0.5397709608078003 -0.0577525794506073 0.039693623781204224 -0.02008575014770031 -0.020793719217181206 0.5718713402748108 0.8198338150978088
1.513485693452381 0.5136170387268066 -0.07327160239219666 0.035520292818546295 -0.020525580272078514 -0.012989130802452564 0.5805389285087585 0.8138701319694519
1.5427346934523811 0.4858061671257019 -0.08929216861724854 0.032581936568021774 -0.020306194201111794 -0.00471970671787858 0.5835762023925781 0.8117907643318176
1.5721736934523811 0.45800280570983887 -0.11006847023963928 0.03064512088894844 -0.01973723992705345 0.006187045015394688 0.5881259441375732 0.8085048794746399
1.601832693452381 0.43196311593055725 -0.13201212882995605 0.027559394016861916 -0.020079847425222397 0.01352065708488226 0.5928788185119629 0.8049278259277344
1.631746693452381 0.4045545756816864 -0.1555825173854828 0.025081809610128403 -0.021617785096168518 0.02185237593948841 0.598200261592865 0.8007569313049316
1.661948693452381 0.37462756037712097 -0.1832696795463562 0.02271496132016182 -0.02253996953368187 0.031151719391345978 0.6093138456344604 0.7919963002204895
1.6924416934523812 0.33832448720932007 -0.21197590231895447 0.02093511074781418 -0.022830531001091003 0.03979835286736488 0.6212894916534424 0.7822367548942566
1.7231926934523811 0.2996857464313507 -0.24084314703941345 0.0212344229221344 -0.022657833993434906 0.05137057602405548 0.6313654780387878 0.7734502553939819
1.7541296934523811 0.2609853148460388 -0.2691269516944885 0.023531392216682434 -0.019734486937522888 0.06322328746318817 0.6454352140426636 0.7609381675720215
1.7851686934523812 0.21502651274204254 -0.29901260137557983 0.02824726328253746 -0.016539229080080986 0.07633040845394135 0.6601932644844055 0.7470241189002991
1.816261693452381 0.1611710488796234 -0.32704538106918335 0.03534931689500809 -0.012763552367687225 0.08875187486410141 0.6726168394088745 0.7345385551452637
1.8473986934523812 0.10545441508293152 -0.3488568365573883 0.04419359192252159 -0.009741288609802723 0.10042432695627213 0.6794701814651489 0.7267326712608337
1.878574693452381 0.0523320734500885 -0.3721325695514679 0.054162513464689255 -0.00599505752325058 0.11201095581054688 0.6874127388000488 0.7175524234771729
1.9097906934523812 -0.00461190938949585 -0.3997001051902771 0.0682675689458847 0.0009944165358319879 0.12397560477256775 0.6924612522125244 0.7107225656509399
1.941063693452381 -0.07358264923095703 -0.4296356439590454 0.08212069422006607 -0.0006691931048408151 0.1305888295173645 0.6829103231430054 0.7187348008155823
1.972411693452381 -0.1417783796787262 -0.46644794940948486 0.10207867622375488 0.00011897230433532968 0.13894549012184143 0.6745872497558594 0.7250008583068848
2.0038476934523812 -0.2074427604675293 -0.4951711893081665 0.12385083734989166 0.0008798066410236061 0.14493396878242493 0.6609779596328735 0.7362754940986633
2.035431693452381 -0.26342952251434326 -0.5047875642776489 0.14164768159389496 0.005307988729327917 0.1433037668466568 0.649691641330719 0.7465498447418213
2.067250693452381 -0.3131090998649597 -0.5204352140426636 0.15814140439033508 0.009174284525215626 0.14470069110393524 0.6462135910987854 0.7492566704750061
2.0993166934523813 -0.3627634048461914 -0.5233905911445618 0.17342780530452728 0.005644867662340403 0.15033966302871704 0.6320226192474365 0.7602063417434692
2.1315006934523812 -0.42117083072662354 -0.5163533687591553 0.1903756707906723 -0.0004332333628553897 0.1549723893404007 0.6119243502616882 0.7755849361419678
2.163516693452381 -0.4999081492424011 -0.5080611109733582 0.20596715807914734 -0.014539328403770924 0.1568119078874588 0.58339524269104 0.7967739701271057
2.194811693452381 -0.5848827362060547 -0.49965745210647583 0.22397971153259277 -0.026198415085673332 0.1594514548778534 0.5461652874946594 0.8219443559646606
2.224540693452381 -0.6554368734359741 -0.48586171865463257 0.23311534523963928 -0.054578572511672974 0.14900097250938416 0.4890698790550232 0.8576891422271729
2.252038693452381 -0.763403058052063 -0.4601803421974182 0.24122409522533417 -0.07559386640787125 0.16420532763004303 0.41555434465408325 0.8914240598678589
2.277405693452381 -0.8354175686836243 -0.42117422819137573 0.25156813859939575 -0.09564538300037384 0.16667023301124573 0.3345775902271271 0.9225675463676453
2.301533693452381 -0.8879982233047485 -0.37029263377189636 0.2623520493507385 -0.10998128354549408 0.1610133796930313 0.2476947009563446 0.9490132927894592
2.325342693452381 -0.9197686910629272 -0.31694942712783813 0.26388877630233765 -0.12896737456321716 0.15153208374977112 0.15628208220005035 0.967461347579956
2.349274693452381 -0.9332624673843384 -0.2659752666950226 0.2584017813205719 -0.14830990135669708 0.13809505105018616 0.07528936862945557 0.9763531684875488
2.373502693452381 -0.9486122131347656 -0.22038719058036804 0.252214640378952 -0.1617279201745987 0.12592366337776184 0.014120334759354591 0.9786664247512817
2.398081693452381 -0.9689627885818481 -0.16156989336013794 0.24211753904819489 -0.16848821938037872 0.11884022504091263 -0.03562789410352707 0.9778648018836975
2.4230666934523812 -0.968947172164917 -0.10196077823638916 0.21586494147777557 -0.18587219715118408 0.11057262122631073 -0.09634577482938766 0.9715671539306641
2.448586693452381 -0.9537883996963501 -0.03823137283325195 0.1870536208152771 -0.19555296003818512 0.09995348751544952 -0.16070537269115448 0.9622589349746704
2.4747806934523813 -0.9478548765182495 0.01880405843257904 0.1598476618528366 -0.20364989340305328 0.09340033680200577 -0.21188659965991974 0.9512660503387451
2.501727693452381 -0.9324482083320618 0.07077737152576447 0.12770363688468933 -0.20595766603946686 0.08481045812368393 -0.2488625943660736 0.9425795078277588
2.529446693452381 -0.8910256028175354 0.10857034474611282 0.08916199952363968 -0.20680423080921173 0.0699676126241684 -0.28147193789482117 0.934403657913208
2.557930693452381 -0.8429012298583984 0.14590637385845184 0.04992086440324783 -0.2061428278684616 0.06075890362262726 -0.3134145438671112 0.9249783158302307
2.587182693452381 -0.7945621013641357 0.18641449511051178 0.016321584582328796 -0.20108921825885773 0.05217289179563522 -0.34050309658050537 0.9170053601264954
2.617182693452381 -0.7572840452194214 0.21717111766338348 -0.012311004102230072 -0.19630225002765656 0.04673391580581665 -0.3582509458065033 0.9115578532218933
2.6478816934523812 -0.723082423210144 0.2499598264694214 -0.0372772179543972 -0.18906386196613312 0.04169653356075287 -0.3708658516407013 0.9082812070846558
2.679174693452381 -0.6770485639572144 0.29017484188079834 -0.06731334328651428 -0.18046219646930695 0.03364678844809532 -0.3847121000289917 0.9045982360839844
2.710911693452381 -0.6362947225570679 0.3395850360393524 -0.09596365690231323 -0.1700553148984909 0.029766054823994637 -0.3970666825771332 0.9014062881469727
2.742948693452381 -0.6011892557144165 0.3807758688926697 -0.12076249718666077 -0.16252274811267853 0.026016753166913986 -0.40415847301483154 0.8997585773468018
2.775166693452381 -0.5711109638214111 0.41717085242271423 -0.1451350599527359 -0.1575268805027008 0.026855699717998505 -0.41219690442085266 0.8969714641571045
2.807488693452381 -0.534034252166748 0.46288737654685974 -0.17204876244068146 -0.14944738149642944 0.029085339978337288 -0.41956526041030884 0.8948656916618347
2.839870693452381 -0.5020005702972412 0.49703356623649597 -0.19297420978546143 -0.14398129284381866 0.03016648441553116 -0.42694756388664246 0.8922304511070251
2.872278693452381 -0.4676610231399536 0.531105101108551 -0.2171473503112793 -0.13619163632392883 0.031892891973257065 -0.4335594177246094 0.8902028203010559
2.904684693452381 -0.44160911440849304 0.5567958950996399 -0.242343932390213 -0.13450920581817627 0.03396749868988991 -0.43766385316848755 0.888371467590332
2.937061693452381 -0.4193573594093323 0.5820180773735046 -0.2674536108970642 -0.13172239065170288 0.03479946032166481 -0.4376625120639801 0.8887574672698975
2.969383693452381 -0.40428560972213745 0.6207106709480286 -0.2875886559486389 -0.12009145319461823 0.037247706204652786 -0.43299171328544617 0.8925854563713074
3.001629693452381 -0.39259812235832214 0.6414993405342102 -0.31429535150527954 -0.1172480434179306 0.038185201585292816 -0.4277470111846924 0.8954481482505798
3.033797693452381 -0.37280750274658203 0.6885752081871033 -0.33489906787872314 -0.10108241438865662 0.04068797454237938 -0.4201669692993164 0.9008809924125671
3.065883693452381 -0.36255449056625366 0.7136269211769104 -0.37203526496887207 -0.09958197921514511 0.04552042484283447 -0.41089245676994324 0.9050849676132202
3.097876693452381 -0.3459540605545044 0.7679803371429443 -0.392841100692749 -0.08295285701751709 0.048775557428598404 -0.39883047342300415 0.9119616746902466
3.129774693452381 -0.33650314807891846 0.7995576858520508 -0.42625588178634644 -0.07901401072740555 0.05019465461373329 -0.3845283091068268 0.9183546900749207
3.161583693452381 -0.31294140219688416 0.8546631336212158 -0.4495285749435425 -0.06651593744754791 0.046864431351423264 -0.3638455867767334 0.9278985857963562
3.193318693452381 -0.2960611879825592 0.8924447298049927 -0.4821034073829651 -0.06073634698987007 0.04328780621290207 -0.34337279200553894 0.9362331032752991
3.224995693452381 -0.28603556752204895 0.9242895841598511 -0.5127685070037842 -0.05247120186686516 0.040849536657333374 -0.3157413899898529 0.9465122818946838
3.256630693452381 -0.2870030403137207 0.9427931904792786 -0.5457437634468079 -0.0450456365942955 0.03883231431245804 -0.28074222803115845 0.9579388499259949
3.2882496934523813 -0.2877368628978729 0.9553976058959961 -0.5815852880477905 -0.03432845324277878 0.0334789864718914 -0.2520619332790375 0.9665224552154541
3.3198936934523813 -0.30168893933296204 0.9586883187294006 -0.6169319152832031 -0.02165871113538742 0.027647975832223892 -0.22362329065799713 0.9740427136421204
3.351582693452381 -0.2919168472290039 0.9587885737419128 -0.6666511297225952 -0.005514476448297501 0.0046250480227172375 -0.1923094540834427 0.9813079833984375
3.383324693452381 -0.3017600178718567 0.9594253897666931 -0.7143823504447937 0.008504164405167103 -0.006112746428698301 -0.15786442160606384 0.9874053001403809
3.415118693452381 -0.29240912199020386 0.9732988476753235 -0.7287595868110657 0.02629607357084751 -0.0166544858366251 -0.1305135041475296 0.9909578561782837
3.446954693452381 -0.2897433042526245 0.97940993309021 -0.771170973777771 0.03710778057575226 -0.022618219256401062 -0.10416020452976227 0.993610680103302
3.478826693452381 -0.30170774459838867 0.9932910799980164 -0.7752016186714172 0.05262408405542374 -0.02679852768778801 -0.0757954940199852 0.9953731894493103
3.510733693452381 -0.29866352677345276 0.99824059009552 -0.8199915289878845 0.06412028521299362 -0.033338844776153564 -0.03613583743572235 0.9967303276062012
3.542655693452381 -0.3071742355823517 0.987384021282196 -0.8087649345397949 0.0742276981472969 -0.03097548894584179 0.009065231308341026 0.9967188835144043
3.574533693452381 -0.29255029559135437 0.991095244884491 -0.8402479887008667 0.08163007348775864 -0.026274623349308968 0.03647684305906296 0.9956483244895935
3.6062806934523812 -0.3292875289916992 0.9677744507789612 -0.8392161130905151 0.08008886873722076 0.004945109598338604 0.061059657484292984 0.994903564453125
3.637839693452381 -0.3227342367172241 0.9681657552719116 -0.8688417673110962 0.0947570949792862 0.01493903435766697 0.09493862837553024 0.9908505082130432
3.669201693452381 -0.21741144359111786 0.9412036538124084 -0.8907991647720337 0.08563321828842163 0.0004747237544506788 0.11573217809200287 0.9895821213722229
3.700390693452381 -0.21436439454555511 0.9450276494026184 -0.9028578996658325 0.087095245718956 0.013138772919774055 0.12884442508220673 0.9877454042434692
3.731449693452381 -0.21418353915214539 0.9479880332946777 -0.9100466966629028 0.09110131859779358 0.023022521287202835 0.1424882560968399 0.9853261709213257
3.762428693452381 -0.22286978363990784 0.9454124569892883 -0.9140540957450867 0.09484493732452393 0.03217332065105438 0.15481597185134888 0.9828537106513977
3.793393693452381 -0.10044795274734497 0.925473690032959 -0.964755654335022 0.07815346121788025 0.006891148630529642 0.16441209614276886 0.9832666516304016
3.8244206934523812 -0.10157136619091034 0.926411509513855 -0.96868497133255 0.07445890456438065 0.007812310941517353 0.1750050187110901 0.9817169308662415
3.855547693452381 -0.09477280080318451 0.9446008801460266 -0.9835132360458374 0.06902143359184265 0.003891090163961053 0.17742551863193512 0.9817032217979431
3.886768693452381 -0.11103814095258713 0.9422987699508667 -0.9389585852622986 0.06582581996917725 -0.001976083731278777 0.19091686606407166 0.9793946146965027
3.918053693452381 -0.1385764330625534 0.9309645295143127 -0.9591400623321533 0.07065777480602264 -0.012829513289034367 0.20497551560401917 0.9761291146278381
3.949377693452381 -0.1468619704246521 0.9215372800827026 -0.979315459728241 0.07592394948005676 -0.02375846914947033 0.212428018450737 0.9739330410957336
3.980729693452381 -0.36545810103416443 0.8566941618919373 -0.9254989624023438 0.08761823922395706 0.020583562552928925 0.23814567923545837 0.9670501947402954
4.012061693452381 -0.42501774430274963 0.809867262840271 -0.9131898283958435 0.09169302135705948 0.021928435191512108 0.26074934005737305 0.960792064666748
4.043325693452381 -0.49272751808166504 0.7560790777206421 -0.8954871296882629 0.0997496247291565 0.023682907223701477 0.2830578684806824 0.9536075592041016
4.074496693452381 -0.5627970695495605 0.7067272663116455 -0.8836089968681335 0.10243657976388931 0.023952476680278778 0.29758569598197937 0.9488813877105713
4.105553693452381 -0.6392664313316345 0.6584221124649048 -0.8650239706039429 0.10634750872850418 0.025537505745887756 0.3136434555053711 0.9432210326194763
4.136468693452381 -0.7094358205795288 0.6158826351165771 -0.8543227314949036 0.10723766684532166 0.024671554565429688 0.32535645365715027 0.9391669631004333
4.167221693452381 -0.793358564376831 0.5737656950950623 -0.8309133052825928 0.10319335013628006 0.02980273962020874 0.32446205615997314 0.9397804737091064
4.19780869345238 -0.8561267256736755 0.5439472198486328 -0.8163659572601318 0.09976861625909805 0.03092316724359989 0.313222736120224 0.9439182281494141
4.22823969345238 -0.9233127236366272 0.493958055973053 -0.8036656975746155 0.09450298547744751 0.034145209938287735 0.30308449268341064 0.9476513862609863
4.258540693452381 -0.9695860743522644 0.47213613986968994 -0.8004917502403259 0.08666515350341797 0.03319835290312767 0.2864803373813629 0.9535806179046631
4.288749693452381 -0.9656548500061035 0.47438710927963257 -0.8195649981498718 0.07207102328538895 0.022917022928595543 0.26776227355003357 0.9605123400688171
4.31888869345238 -1.0058563947677612 0.47200870513916016 -0.808169424533844 0.06269287317991257 0.025604264810681343 0.25009140372276306 0.9658511281013489
4.34897669345238 -1.122687816619873 0.5179691314697266 -0.7235082387924194 0.07039199024438858 0.04316636919975281 0.2251044511795044 0.9708293676376343
4.379071693452381 -1.1470760107040405 0.5579081773757935 -0.7075802683830261 0.061513278633356094 0.04208817705512047 0.19754303991794586 0.9774566888809204
4.40923869345238 -1.1502217054367065 0.5527054667472839 -0.7413981556892395 0.03948809206485748 0.0382845439016819 0.1812092661857605 0.981905460357666
4.439520693452381 -1.1609574556350708 0.5814522504806519 -0.7433637380599976 0.02773122489452362 0.03705781698226929 0.16237692534923553 0.9856427311897278
4.46994769345238 -1.1790406703948975 0.640106737613678 -0.7523739337921143 0.016825014725327492 0.04071947559714317 0.13822735846042633 0.9894201159477234
4.500547693452381 -1.1748563051223755 0.6793113350868225 -0.758385956287384 0.007994722574949265 0.041987527161836624 0.11727599054574966 0.9921791553497314
4.531326693452381 -1.1629130840301514 0.6937814950942993 -0.7665006518363953 0.00251241447404027 0.043026965111494064 0.10904470086097717 0.9931020140647888
4.562297693452381 -1.160687804222107 0.6935185790061951 -0.762293815612793 -0.009688361547887325 0.048817556351423264 0.10452867299318314 0.9932757616043091
4.59348669345238 -1.1458748579025269 0.7366743087768555 -0.775231659412384 -0.0224906112998724 0.05078507587313652 0.08173614740371704 0.9951051473617554
4.624922693452381 -1.1460776329040527 0.73778235912323 -0.786475419998169 -0.03654687479138374 0.05920255929231644 0.07405699789524078 0.9948241114616394
4.65660269345238 -1.1252657175064087 0.7576322555541992 -0.7967056632041931 -0.041754160076379776 0.062270648777484894 0.06889499723911285 0.9948027729988098
4.688537693452381 -1.1086368560791016 0.7750610709190369 -0.8119173049926758 -0.05122114345431328 0.06657432019710541 0.0608782134950161 0.9946045279502869
4.720757693452381 -1.0780117511749268 0.8015053868293762 -0.8254517316818237 -0.05757410079240799 0.07007686793804169 0.05038170889019966 0.9946035742759705
4.753261693452381 -1.0491777658462524 0.8010022044181824 -0.8415818810462952 -0.06645570695400238 0.07212816178798676 0.043307457119226456 0.9942362308502197
4.786009693452381 -0.9871166348457336 0.8291130065917969 -0.8571768999099731 -0.0674518495798111 0.0687096044421196 0.036881089210510254 0.9946702718734741
4.81893969345238 -0.9276698231697083 0.8384751081466675 -0.8772706389427185 -0.07393775880336761 0.0650271624326706 0.024096904322504997 0.9948487281799316
4.851990693452381 -0.8561791181564331 0.8362893462181091 -0.8902455568313599 -0.07691240310668945 0.059252601116895676 0.0164549071341753 0.9951395988464355
4.885091693452381 -0.8284727931022644 0.8204676508903503 -0.8813671469688416 -0.08410600572824478 0.06091244891285896 0.00932086817920208 0.9945496320724487
4.918184693452381 -0.754161536693573 0.8240704536437988 -0.8815978169441223 -0.0873195007443428 0.05772627890110016 0.0016238661482930183 0.9945051074028015
4.951251693452381 -0.6965181827545166 0.8141012787818909 -0.8791975378990173 -0.09330190718173981 0.057208381593227386 -0.006226079538464546 0.9939734935760498
4.98428269345238 -0.6036394834518433 0.8065478205680847 -0.8765511512756348 -0.10043469071388245 0.05333149433135986 -0.025291256606578827 0.9931913614273071
5.0172626934523805 -0.581515908241272 0.784496545791626 -0.8513720035552979 -0.10112684965133667 0.05241043493151665 -0.0349656343460083 0.9928766489028931
5.0501646934523805 -0.5600497126579285 0.7614331245422363 -0.8372777104377747 -0.10676032304763794 0.054259445518255234 -0.04234662279486656 0.9918996691703796
5.082974693452381 -0.5249232649803162 0.7248331308364868 -0.812421441078186 -0.11037109792232513 0.05555224418640137 -0.046596914529800415 0.9912421107292175
5.115715693452381 -0.5326265692710876 0.6722056865692139 -0.7778694033622742 -0.11490367352962494 0.058451127260923386 -0.04972848296165466 0.9904078245162964
5.14839369345238 -0.5618847012519836 0.6090893745422363 -0.7364700436592102 -0.11989174038171768 0.06100829690694809 -0.050667859613895416 0.9896144270896912
