# timestamp[secs] tx ty tz qx qy qz qw
0.012403 0.0 -0.0 0.0 -0.0 0.0 -0.0 1.0
0.017402 -0.001179 -0.001054 0.002144 -0.000906 -0.001433 -0.002441 0.999996
0.022408 -0.002342 -0.002139 0.004304 -0.001815 -0.002966 -0.004798 0.999982
0.02743 -0.003499 -0.003257 0.006491 -0.002768 -0.00457 -0.007029 0.999961
0.03245 -0.005813 -0.005459 0.010843 -0.004768 -0.007854 -0.011642 0.99989
0.037472 -0.008112 -0.007772 0.015274 -0.007077 -0.011281 -0.01622 0.99978
0.042503 -0.010404 -0.010187 0.019789 -0.009728 -0.014703 -0.020481 0.999635
0.047529 -0.013814 -0.014083 0.026761 -0.0148 -0.02019 -0.026579 0.999333
0.052545 -0.016107 -0.016776 0.031476 -0.018525 -0.023748 -0.030469 0.999082
0.05755 -0.018437 -0.019572 0.036272 -0.02276 -0.027135 -0.034402 0.99878
0.062544 -0.020799 -0.022479 0.041154 -0.027392 -0.030293 -0.038246 0.998433
0.067528 -0.022048 -0.024021 0.043663 -0.029958 -0.031403 -0.040196 0.998249
0.072506 -0.024536 -0.027044 0.04865 -0.034993 -0.033602 -0.044091 0.997849
0.07748 -0.027088 -0.030143 0.053685 -0.040154 -0.035252 -0.047868 0.997423
0.082453 -0.029738 -0.033308 0.058776 -0.045602 -0.036365 -0.05188 0.996949
0.087431 -0.03248 -0.036526 0.063899 -0.051329 -0.03705 -0.056195 0.996411
0.092416 -0.035319 -0.039791 0.069047 -0.057231 -0.03709 -0.060891 0.995812
0.097409 -0.036706 -0.041412 0.071625 -0.060072 -0.037288 -0.063107 0.995499
0.102407 -0.039647 -0.044726 0.076778 -0.066827 -0.037214 -0.069083 0.994674
0.107408 -0.042667 -0.048049 0.081898 -0.07381 -0.036949 -0.075911 0.993692
0.112409 -0.045727 -0.051404 0.086996 -0.08096 -0.036699 -0.083348 0.992548
0.117417 -0.050369 -0.056439 0.094592 -0.091858 -0.036752 -0.095453 0.990505
0.12243 -0.053454 -0.059783 0.099536 -0.099035 -0.037562 -0.104906 0.988826
0.127446 -0.05652 -0.063102 0.104399 -0.105817 -0.03841 -0.114669 0.987005
0.132463 -0.059517 -0.066355 0.109134 -0.112034 -0.040034 -0.124657 0.985041
0.137474 -0.062494 -0.069568 0.113802 -0.117133 -0.041057 -0.133885 0.983193
0.142494 -0.065385 -0.072714 0.11838 -0.121635 -0.042266 -0.142666 0.981359
0.147511 -0.068212 -0.075777 0.122853 -0.125535 -0.043378 -0.15095 0.979578
0.152523 -0.070946 -0.078775 0.127208 -0.128943 -0.044537 -0.15884 0.977834
0.157529 -0.074887 -0.083177 0.13353 -0.133542 -0.045539 -0.169488 0.97538
0.162529 -0.077453 -0.086105 0.137686 -0.136457 -0.046239 -0.1761 0.973771
0.167534 -0.079969 -0.089039 0.141789 -0.139292 -0.046625 -0.182293 0.972211
0.172532 -0.082425 -0.091977 0.145828 -0.142091 -0.04693 -0.188005 0.970702
0.177522 -0.083617 -0.093485 0.147803 -0.143521 -0.046863 -0.190469 0.970014
0.182509 -0.086012 -0.096476 0.151788 -0.146256 -0.046909 -0.195683 0.968564
0.187494 -0.088365 -0.099525 0.155747 -0.149172 -0.046965 -0.200576 0.967115
0.192475 -0.090685 -0.102636 0.159706 -0.15221 -0.04681 -0.205026 0.965715
0.197458 -0.092956 -0.105821 0.163656 -0.155523 -0.046827 -0.209071 0.964318
0.202444 -0.095199 -0.109063 0.167612 -0.159044 -0.04683 -0.212882 0.962909
0.207435 -0.096335 -0.110656 0.169584 -0.160675 -0.046758 -0.214906 0.962192
0.212433 -0.098535 -0.114004 0.173549 -0.164621 -0.046685 -0.218291 0.960765
0.217436 -0.100722 -0.117431 0.177534 -0.168874 -0.046445 -0.221534 0.959295
0.222436 -0.102884 -0.120931 0.181534 -0.173512 -0.046106 -0.224695 0.957747
0.22744 -0.106115 -0.126262 0.187536 -0.180799 -0.045588 -0.229208 0.955352
0.232449 -0.108252 -0.1299 0.191528 -0.185997 -0.045132 -0.23226 0.953637
0.23746 -0.110368 -0.133554 0.195507 -0.191256 -0.044638 -0.235546 0.951812
0.24247 -0.112458 -0.137241 0.199464 -0.196506 -0.044156 -0.238856 0.949939
0.247482 -0.116436 -0.144577 0.207268 -0.206541 -0.043912 -0.246731 0.945799
0.252489 -0.117453 -0.146415 0.20923 -0.209054 -0.043787 -0.248563 0.944773
0.257491 -0.119339 -0.15008 0.213104 -0.213917 -0.044259 -0.252604 0.942588
0.262489 -0.121136 -0.153721 0.216967 -0.218665 -0.045082 -0.256807 0.940321
0.267483 -0.122815 -0.157354 0.220799 -0.223212 -0.046443 -0.260881 0.938062
0.272474 -0.123515 -0.15916 0.222695 -0.22534 -0.047673 -0.262707 0.936981
0.277464 -0.125019 -0.162752 0.226507 -0.229701 -0.049644 -0.266836 0.934651
0.282454 -0.126384 -0.166322 0.2303 -0.233909 -0.052072 -0.270781 0.932337
0.287447 -0.127117 -0.168117 0.232205 -0.235978 -0.053083 -0.272825 0.931162
0.292444 -0.128265 -0.171645 0.235958 -0.240118 -0.056481 -0.276408 0.928845
0.297446 -0.129287 -0.175152 0.239677 -0.244067 -0.060083 -0.279584 0.926636
0.302449 -0.130208 -0.17862 0.243349 -0.247716 -0.063544 -0.282425 0.924573
0.307449 -0.130564 -0.180344 0.24513 -0.249394 -0.065078 -0.283238 0.923766
0.312452 -0.132105 -0.187242 0.252353 -0.256604 -0.072203 -0.287943 0.919799
0.317463 -0.132667 -0.190683 0.255839 -0.259878 -0.075193 -0.288969 0.918317
0.322475 -0.133177 -0.194116 0.259257 -0.263059 -0.077767 -0.28964 0.916985
0.327486 -0.133639 -0.197564 0.262626 -0.26605 -0.079785 -0.289713 0.915925
0.332495 -0.134065 -0.20101 0.265949 -0.269212 -0.081592 -0.289279 0.914978
0.337491 -0.134406 -0.204467 0.269229 -0.272241 -0.083314 -0.288241 0.914254
0.342485 -0.13471 -0.207896 0.272479 -0.275247 -0.084842 -0.287206 0.913539
0.34752 -0.134983 -0.211341 0.27574 -0.278337 -0.086022 -0.285549 0.913012
0.352539 -0.135282 -0.216576 0.280601 -0.283104 -0.087851 -0.281821 0.91253
0.357553 -0.135459 -0.220045 0.28381 -0.286234 -0.088948 -0.279315 0.912218
0.362556 -0.135602 -0.22354 0.28701 -0.28935 -0.089912 -0.276771 0.911916
0.367552 -0.135697 -0.22706 0.290198 -0.292426 -0.090832 -0.274135 0.91164
0.372535 -0.135715 -0.228838 0.291781 -0.29401 -0.091303 -0.272805 0.911482
0.377513 -0.135767 -0.230593 0.293388 -0.295622 -0.091787 -0.27148 0.911308
0.382527 -0.135787 -0.234172 0.296574 -0.298841 -0.092855 -0.268668 0.910983
0.387528 -0.135777 -0.237766 0.299756 -0.30207 -0.094005 -0.266133 0.910544
0.392521 -0.135749 -0.24137 0.302937 -0.305327 -0.095222 -0.263745 0.910026
0.397536 -0.135687 -0.246794 0.307734 -0.310334 -0.097158 -0.260666 0.909014
0.402576 -0.135598 -0.250461 0.310971 -0.313852 -0.098862 -0.258617 0.908207
0.407608 -0.135343 -0.257795 0.317514 -0.320779 -0.103968 -0.255581 0.906074
0.412647 -0.135279 -0.259636 0.319149 -0.322547 -0.105072 -0.254755 0.905551
0.417665 -0.135164 -0.263269 0.322446 -0.325992 -0.107804 -0.253771 0.904272
0.422651 -0.13507 -0.26686 0.325727 -0.329284 -0.110761 -0.253148 0.902895
0.427609 -0.135093 -0.266801 0.325723 -0.329117 -0.110972 -0.254015 0.902687
0.432547 -0.134974 -0.272164 0.330642 -0.333941 -0.115424 -0.253567 0.90048
0.43749 -0.134943 -0.275669 0.333894 -0.336827 -0.118417 -0.253883 0.898926
0.442453 -0.134959 -0.27913 0.337121 -0.339612 -0.121471 -0.254527 0.897287
0.447443 -0.135008 -0.282578 0.340322 -0.34233 -0.124457 -0.25534 0.895613
0.452419 -0.135097 -0.285994 0.343475 -0.344851 -0.127382 -0.256407 0.893928
0.457393 -0.135147 -0.287681 0.345078 -0.34623 -0.128744 -0.257189 0.892975
0.462363 -0.135326 -0.291042 0.348151 -0.348568 -0.131421 -0.258756 0.891221
0.467384 -0.135563 -0.294394 0.351174 -0.350787 -0.133875 -0.260456 0.889488
0.472412 -0.13586 -0.297733 0.354126 -0.352817 -0.136266 -0.261846 0.887912
0.477439 -0.136395 -0.30271 0.358483 -0.355821 -0.139588 -0.264298 0.885468
0.482463 -0.136848 -0.306008 0.361313 -0.357873 -0.141519 -0.266093 0.883795
0.487486 -0.137383 -0.309268 0.36409 -0.359697 -0.143173 -0.267996 0.882212
0.492561 -0.138011 -0.312499 0.366822 -0.361459 -0.144448 -0.269745 0.880749
0.497687 -0.138706 -0.315723 0.36954 -0.363382 -0.145516 -0.271492 0.879244
0.502775 -0.139922 -0.320499 0.373602 -0.366426 -0.146226 -0.273879 0.877121
0.507814 -0.140786 -0.323671 0.376316 -0.368641 -0.146564 -0.275596 0.875597
0.512829 -0.141698 -0.326828 0.379026 -0.370908 -0.146662 -0.277203 0.874114
0.517798 -0.142654 -0.329967 0.381732 -0.37318 -0.146709 -0.27859 0.872697
0.522727 -0.143181 -0.331509 0.383094 -0.374458 -0.146598 -0.279369 0.871919
0.527653 -0.144203 -0.334592 0.385805 -0.376853 -0.146431 -0.281048 0.870375
0.532559 -0.145254 -0.337657 0.388535 -0.37939 -0.1463 -0.282731 0.868748
0.537446 -0.146331 -0.340702 0.39126 -0.381913 -0.146283 -0.284319 0.867125
0.54233 -0.147418 -0.343727 0.393972 -0.384415 -0.146394 -0.286007 0.865444
0.547256 -0.148516 -0.346732 0.396674 -0.386924 -0.146692 -0.287676 0.863721
0.552215 -0.149072 -0.34823 0.398032 -0.388163 -0.146665 -0.288477 0.862902
0.557206 -0.150187 -0.351185 0.400717 -0.390562 -0.147076 -0.290115 0.861199
0.562227 -0.15132 -0.354106 0.403374 -0.39286 -0.147433 -0.29195 0.859471
0.567254 -0.152449 -0.357012 0.406019 -0.395025 -0.147796 -0.293603 0.857851
0.572311 -0.154153 -0.361363 0.409966 -0.39835 -0.148428 -0.29594 0.855398
0.577387 -0.155288 -0.364229 0.412554 -0.400389 -0.148663 -0.297469 0.853874
0.582482 -0.156445 -0.367074 0.415132 -0.402393 -0.148679 -0.298795 0.852465
0.587544 -0.158183 -0.371343 0.418955 -0.405513 -0.148504 -0.30006 0.85057
0.59257 -0.159361 -0.374166 0.421483 -0.407593 -0.148118 -0.300939 0.849332
0.597566 -0.160534 -0.376988 0.423997 -0.409609 -0.147636 -0.301389 0.848286
0.602538 -0.161729 -0.379786 0.426499 -0.411774 -0.146861 -0.301752 0.847242
0.607485 -0.162341 -0.381172 0.427736 -0.412935 -0.14614 -0.301641 0.846842
0.612421 -0.163535 -0.383961 0.430195 -0.415021 -0.145293 -0.301649 0.845964
0.617375 -0.164742 -0.38674 0.432656 -0.417112 -0.14409 -0.301358 0.845245
0.622358 -0.165948 -0.389506 0.435102 -0.419298 -0.142865 -0.300984 0.844504
0.627334 -0.166562 -0.390882 0.436329 -0.420389 -0.142137 -0.300948 0.844098
0.632321 -0.167783 -0.393635 0.438775 -0.422631 -0.140682 -0.300361 0.843431
0.637309 -0.168992 -0.396395 0.441217 -0.424858 -0.139362 -0.299643 0.842786
0.642333 -0.170206 -0.399143 0.443667 -0.427164 -0.137928 -0.299036 0.842071
0.647383 -0.171999 -0.403296 0.447331 -0.430515 -0.1363 -0.297981 0.841003
0.652443 -0.173225 -0.406038 0.449805 -0.432847 -0.135032 -0.297667 0.840122
0.657483 -0.174446 -0.408776 0.452279 -0.435227 -0.134084 -0.297573 0.839076
0.662502 -0.175639 -0.411545 0.454771 -0.437632 -0.13344 -0.297265 0.838037
0.667502 -0.17684 -0.414296 0.457275 -0.440096 -0.132819 -0.297259 0.836847
0.672509 -0.178046 -0.417041 0.459781 -0.442522 -0.132282 -0.297481 0.835572
0.677538 -0.179263 -0.419766 0.462281 -0.444985 -0.131875 -0.298046 0.834126
0.682543 -0.180493 -0.422456 0.464778 -0.447479 -0.131498 -0.298989 0.832512
0.687579 -0.182324 -0.426539 0.468522 -0.451502 -0.131475 -0.300318 0.829861
0.692603 -0.183549 -0.429254 0.470995 -0.454173 -0.131583 -0.301308 0.828025
0.697596 -0.184792 -0.431935 0.473437 -0.456684 -0.131547 -0.302726 0.826131
0.702587 -0.186023 -0.434606 0.475841 -0.459021 -0.131739 -0.304119 0.824291
0.707549 -0.186636 -0.43593 0.477024 -0.460191 -0.131908 -0.304834 0.823347
0.712499 -0.187865 -0.438582 0.47941 -0.462709 -0.13228 -0.30637 0.821304
0.717445 -0.189099 -0.441233 0.48178 -0.465211 -0.132767 -0.307865 0.81925
0.722398 -0.190327 -0.443862 0.48411 -0.467591 -0.133349 -0.309401 0.81722
0.727346 -0.190944 -0.445185 0.485284 -0.468794 -0.133608 -0.310155 0.816202
0.732324 -0.192166 -0.447766 0.487566 -0.471009 -0.134072 -0.311862 0.814197
0.737337 -0.193388 -0.450325 0.489829 -0.473281 -0.13453 -0.313586 0.812139
0.742367 -0.19462 -0.452857 0.49208 -0.475594 -0.134891 -0.31522 0.810093
0.747455 -0.196469 -0.456633 0.495427 -0.479175 -0.135515 -0.317855 0.806843
0.752533 -0.197693 -0.459102 0.497624 -0.481473 -0.135713 -0.319453 0.804808
0.75759 -0.198891 -0.461535 0.499769 -0.48361 -0.135804 -0.321046 0.802875
0.762632 -0.200102 -0.463934 0.501907 -0.485766 -0.135503 -0.322709 0.800955
0.76771 -0.201276 -0.466319 0.504008 -0.487938 -0.135415 -0.324222 0.799036
0.772758 -0.202919 -0.469867 0.507113 -0.491061 -0.135282 -0.326132 0.796364
0.77783 -0.203977 -0.472221 0.509157 -0.493187 -0.135382 -0.327408 0.794508
0.782852 -0.204994 -0.474531 0.511166 -0.495114 -0.13535 -0.328805 0.792736
0.787822 -0.205967 -0.476799 0.51314 -0.496806 -0.135163 -0.330281 0.791093
0.792744 -0.206366 -0.477946 0.514114 -0.497789 -0.13539 -0.330682 0.790269
0.797683 -0.207244 -0.480198 0.516063 -0.499613 -0.135365 -0.332026 0.788556
0.802585 -0.208023 -0.482468 0.518005 -0.501533 -0.135618 -0.332816 0.78696
0.80747 -0.208758 -0.484681 0.519909 -0.503301 -0.135611 -0.333799 0.785415
0.812397 -0.209426 -0.486874 0.5218 -0.505096 -0.135676 -0.334512 0.783946
0.817333 -0.210031 -0.489037 0.523656 -0.506834 -0.135549 -0.335213 0.782546
0.822274 -0.21056 -0.491182 0.525496 -0.508625 -0.135465 -0.335673 0.7812
0.827224 -0.211004 -0.493339 0.527346 -0.51058 -0.135379 -0.33555 0.779991
0.832204 -0.211246 -0.494428 0.528272 -0.511614 -0.13542 -0.335588 0.77929
0.837194 -0.211624 -0.496511 0.530072 -0.513469 -0.134989 -0.335657 0.778114
0.842195 -0.211917 -0.498621 0.531878 -0.515553 -0.134858 -0.335106 0.776996
0.847224 -0.212174 -0.500684 0.533649 -0.517548 -0.134656 -0.334801 0.775835
0.852259 -0.212476 -0.503808 0.536331 -0.520803 -0.134429 -0.33377 0.774139
0.857295 -0.212584 -0.505879 0.538108 -0.523079 -0.134638 -0.332904 0.77294
0.862321 -0.212697 -0.50788 0.539874 -0.525178 -0.134468 -0.332476 0.77173
0.867337 -0.212779 -0.509881 0.541628 -0.527502 -0.134752 -0.332265 0.770184
0.87236 -0.212825 -0.511875 0.543377 -0.529927 -0.135208 -0.332131 0.768495
0.877383 -0.212878 -0.513814 0.545103 -0.532325 -0.135646 -0.332283 0.766693
0.882408 -0.2129 -0.515756 0.546824 -0.534947 -0.136372 -0.332434 0.764671
0.887428 -0.212911 -0.517647 0.548505 -0.537509 -0.137239 -0.332991 0.762474
0.892442 -0.212909 -0.520407 0.55093 -0.541261 -0.138814 -0.334365 0.758925
0.897448 -0.212852 -0.522267 0.552533 -0.543957 -0.140323 -0.335013 0.75643
0.902444 -0.212801 -0.524059 0.554077 -0.546519 -0.14182 -0.336044 0.753843
0.907435 -0.212718 -0.525832 0.555586 -0.549094 -0.143436 -0.336947 0.751258
0.912425 -0.212642 -0.526684 0.556299 -0.550338 -0.14441 -0.337408 0.749953
0.917413 -0.212504 -0.528418 0.557749 -0.552845 -0.146227 -0.338317 0.747343
0.922406 -0.212362 -0.530083 0.559145 -0.555263 -0.148014 -0.339396 0.744705
0.927394 -0.212296 -0.530937 0.559859 -0.55645 -0.14894 -0.339915 0.743397
0.932391 -0.212114 -0.532544 0.561178 -0.558923 -0.151006 -0.341096 0.740578
0.937396 -0.21189 -0.534132 0.562458 -0.561522 -0.153083 -0.341904 0.737807
0.942406 -0.211657 -0.535654 0.563669 -0.564171 -0.155114 -0.343043 0.734828
0.94742 -0.211298 -0.537845 0.565416 -0.567782 -0.15768 -0.344622 0.73075
0.952433 -0.211034 -0.539217 0.566472 -0.570321 -0.159089 -0.345577 0.728011
0.957447 -0.210745 -0.540543 0.567479 -0.573114 -0.160661 -0.346257 0.725144
0.96246 -0.210425 -0.541842 0.568429 -0.575926 -0.161899 -0.346607 0.722469
0.96747 -0.210108 -0.543061 0.569312 -0.578709 -0.162675 -0.346829 0.71996
0.972478 -0.209631 -0.544742 0.570444 -0.583033 -0.163472 -0.347176 0.716113
0.977482 -0.209326 -0.545799 0.571123 -0.585822 -0.163785 -0.347362 0.713671
0.982478 -0.209006 -0.546791 0.571715 -0.58877 -0.16412 -0.347602 0.711047
0.987475 -0.20868 -0.547728 0.572223 -0.591933 -0.164484 -0.347839 0.708215
0.99247 -0.208523 -0.548116 0.572372 -0.593522 -0.164645 -0.348145 0.706695
0.997463 -0.208215 -0.548929 0.572727 -0.596492 -0.164697 -0.348749 0.70388
1.002453 -0.208067 -0.549348 0.572931 -0.597947 -0.164724 -0.349083 0.702472
1.007453 -0.207595 -0.550327 0.573106 -0.602268 -0.164882 -0.350422 0.698063
1.012454 -0.207292 -0.550905 0.573127 -0.605038 -0.164953 -0.351542 0.695081
1.017455 -0.20697 -0.551434 0.573052 -0.607838 -0.165181 -0.35252 0.692082
1.022453 -0.206783 -0.551625 0.572891 -0.609141 -0.165473 -0.353081 0.690579
1.027451 -0.206229 -0.552328 0.572606 -0.613296 -0.166351 -0.354497 0.68595
1.032448 -0.205831 -0.55267 0.57221 -0.61578 -0.167268 -0.355819 0.682809
1.037447 -0.205395 -0.552956 0.571712 -0.618241 -0.168393 -0.357153 0.679605
1.042446 -0.204933 -0.553168 0.571078 -0.6205 -0.169807 -0.358746 0.676348
1.047444 -0.204721 -0.553301 0.570807 -0.621753 -0.170374 -0.359387 0.674713
1.052443 -0.20419 -0.553429 0.57001 -0.623952 -0.172567 -0.361252 0.67112
1.057442 -0.20361 -0.553514 0.569111 -0.626179 -0.175236 -0.363055 0.667371
1.062443 -0.203002 -0.553513 0.568068 -0.628219 -0.178144 -0.365239 0.66348
1.067445 -0.202064 -0.553434 0.566355 -0.631168 -0.182838 -0.368784 0.657416
1.07245 -0.201408 -0.553265 0.564984 -0.632918 -0.185928 -0.37127 0.653455
1.077454 -0.200727 -0.553052 0.563474 -0.634592 -0.189049 -0.373771 0.649498
1.082457 -0.200001 -0.552836 0.561867 -0.636526 -0.192337 -0.375871 0.645417
1.087462 -0.199263 -0.552592 0.560147 -0.638399 -0.195236 -0.377501 0.641734
1.092466 -0.198153 -0.552081 0.557196 -0.640988 -0.198166 -0.380086 0.63671
1.097468 -0.197405 -0.551724 0.555138 -0.642795 -0.199735 -0.381541 0.63352
1.102468 -0.196665 -0.551291 0.552935 -0.644482 -0.200554 -0.383079 0.630612
1.107466 -0.195906 -0.550841 0.55061 -0.646088 -0.201129 -0.384484 0.627925
1.112463 -0.195531 -0.550569 0.549304 -0.646761 -0.201014 -0.385281 0.626779
1.11746 -0.194738 -0.550099 0.546803 -0.648333 -0.201582 -0.386361 0.624303
1.122457 -0.193949 -0.549555 0.544143 -0.649497 -0.201656 -0.387845 0.622145
1.127454 -0.193132 -0.54901 0.541372 -0.650671 -0.201912 -0.389203 0.619984
1.132452 -0.192726 -0.548761 0.540044 -0.651421 -0.201964 -0.389646 0.6189
1.137445 -0.191869 -0.548207 0.537095 -0.65228 -0.202553 -0.391016 0.616936
1.142441 -0.190958 -0.547674 0.534045 -0.652905 -0.203555 -0.392215 0.615181
1.147449 -0.190008 -0.547163 0.530874 -0.653375 -0.205174 -0.393456 0.613349
1.152457 -0.188546 -0.546335 0.525981 -0.653761 -0.207684 -0.39563 0.610689
1.157464 -0.187537 -0.545735 0.522514 -0.653432 -0.209478 -0.397872 0.608969
1.162469 -0.185941 -0.544807 0.517144 -0.652857 -0.212461 -0.400828 0.60661
1.167472 -0.184857 -0.544155 0.513479 -0.652303 -0.214438 -0.403076 0.605019
1.172473 -0.183744 -0.54345 0.509722 -0.651551 -0.216163 -0.40567 0.603478
1.177469 -0.182611 -0.542715 0.505886 -0.650764 -0.217831 -0.408388 0.601892
1.182464 -0.182002 -0.542336 0.503914 -0.650346 -0.218723 -0.409646 0.601166
1.187459 -0.180801 -0.541583 0.50002 -0.649584 -0.220571 -0.412111 0.599628
1.192454 -0.180199 -0.541243 0.498094 -0.649263 -0.221647 -0.413153 0.598861
1.197449 -0.17893 -0.540504 0.494141 -0.64872 -0.224035 -0.415071 0.597233
1.202444 -0.177657 -0.539708 0.490096 -0.648268 -0.226642 -0.417579 0.594987
1.207451 -0.176348 -0.538894 0.485991 -0.647757 -0.229497 -0.42018 0.592613
1.212459 -0.174348 -0.537638 0.47978 -0.64704 -0.233693 -0.423945 0.589065
1.217465 -0.17299 -0.536725 0.475565 -0.646651 -0.2365 -0.426545 0.586489
1.22247 -0.170854 -0.535335 0.469141 -0.646189 -0.240505 -0.429794 0.582988
1.227473 -0.169415 -0.534376 0.464796 -0.64582 -0.243015 -0.431965 0.580746
1.232473 -0.167948 -0.533379 0.460396 -0.64541 -0.245182 -0.434254 0.57858
1.23747 -0.166432 -0.532379 0.455964 -0.644758 -0.246871 -0.436175 0.577142
1.242465 -0.165639 -0.531859 0.453678 -0.644397 -0.247652 -0.437085 0.576522
1.247458 -0.164047 -0.530858 0.449151 -0.643578 -0.249312 -0.438777 0.575436
1.25245 -0.162424 -0.529839 0.444581 -0.642734 -0.25097 -0.440293 0.574499
1.257442 -0.161614 -0.529357 0.442326 -0.642444 -0.251922 -0.440869 0.573965
1.262437 -0.159893 -0.528342 0.437641 -0.641555 -0.253629 -0.442389 0.573037
1.267434 -0.158132 -0.527319 0.432885 -0.640465 -0.255436 -0.443962 0.572237
1.272443 -0.15636 -0.526237 0.428048 -0.639093 -0.257032 -0.44594 0.571518
1.27745 -0.153663 -0.524608 0.420737 -0.636876 -0.259399 -0.448669 0.570786
1.282455 -0.151833 -0.523517 0.415803 -0.635431 -0.261018 -0.450395 0.5703
1.28746 -0.150008 -0.522378 0.410822 -0.63395 -0.262619 -0.452548 0.569508
1.292467 -0.147257 -0.520634 0.403276 -0.631691 -0.26468 -0.455437 0.56876
1.29747 -0.145452 -0.519418 0.39821 -0.630011 -0.265931 -0.457663 0.568253
1.302471 -0.143694 -0.51815 0.393094 -0.628513 -0.267215 -0.459968 0.567448
1.307471 -0.141906 -0.516919 0.387999 -0.627348 -0.268547 -0.461862 0.566568
1.312466 -0.141011 -0.516284 0.385434 -0.626933 -0.269296 -0.462613 0.566061
1.317461 -0.139221 -0.51501 0.380279 -0.625735 -0.270433 -0.464477 0.565316
1.322453 -0.137426 -0.513684 0.375094 -0.624415 -0.271295 -0.466488 0.564707
1.327442 -0.135629 -0.512359 0.36991 -0.623245 -0.272195 -0.467991 0.564323
1.332435 -0.133852 -0.51097 0.364681 -0.621942 -0.272907 -0.469975 0.563767
1.337427 -0.132961 -0.510292 0.36207 -0.621389 -0.273487 -0.470967 0.563268
1.342426 -0.13116 -0.508887 0.356838 -0.620247 -0.274258 -0.472478 0.562886
1.347429 -0.129328 -0.50745 0.351599 -0.618922 -0.274613 -0.474042 0.562857
1.352435 -0.127503 -0.505952 0.346315 -0.617313 -0.274974 -0.47585 0.562921
1.357446 -0.124725 -0.503669 0.338371 -0.614932 -0.275666 -0.478789 0.562697
1.362456 -0.122833 -0.502124 0.333082 -0.613499 -0.276572 -0.480458 0.562393
1.367464 -0.120941 -0.500498 0.327762 -0.611844 -0.277336 -0.482701 0.5619
1.372482 -0.119007 -0.498883 0.322441 -0.610289 -0.278392 -0.484583 0.561448
1.377496 -0.116087 -0.496411 0.314419 -0.607803 -0.28007 -0.487823 0.560504
1.382501 -0.114131 -0.494739 0.309056 -0.606037 -0.280928 -0.490025 0.560066
1.387507 -0.11216 -0.493081 0.303692 -0.604272 -0.281772 -0.491918 0.559889
1.392507 -0.110179 -0.491415 0.298306 -0.602339 -0.282318 -0.493776 0.560063
1.397491 -0.109179 -0.490582 0.295611 -0.601493 -0.282299 -0.494541 0.560305
1.402472 -0.107178 -0.488894 0.29023 -0.59976 -0.282558 -0.496275 0.5605
1.407452 -0.105167 -0.487219 0.284858 -0.598076 -0.282597 -0.497786 0.56094
1.412434 -0.103158 -0.485491 0.2795 -0.596434 -0.282183 -0.499367 0.561491
1.41742 -0.101123 -0.483744 0.274158 -0.594889 -0.281569 -0.500751 0.562205
1.422412 -0.100116 -0.482885 0.271468 -0.594001 -0.281273 -0.501464 0.562656
1.427409 -0.098062 -0.481129 0.266172 -0.592584 -0.280728 -0.502591 0.563417
1.43241 -0.096022 -0.479315 0.260893 -0.591344 -0.280169 -0.503625 0.564074
1.437411 -0.093969 -0.477456 0.255635 -0.590102 -0.279567 -0.504792 0.56463
1.442416 -0.090847 -0.474678 0.2478 -0.588186 -0.279183 -0.506437 0.565346
1.447424 -0.088759 -0.472778 0.242621 -0.587081 -0.279256 -0.507506 0.5655
1.452435 -0.086653 -0.470923 0.237477 -0.586025 -0.279813 -0.508247 0.565655
1.457446 -0.084543 -0.469069 0.232349 -0.584912 -0.280691 -0.508964 0.565726
1.462457 -0.082427 -0.46719 0.227222 -0.583676 -0.281538 -0.509918 0.565722
1.467467 -0.080265 -0.465333 0.22212 -0.582502 -0.282441 -0.511149 0.565372
1.472484 -0.078108 -0.463523 0.217051 -0.581312 -0.283701 -0.511889 0.565296
1.477497 -0.073839 -0.459731 0.206868 -0.578269 -0.284744 -0.51489 0.565167
1.482501 -0.072761 -0.458807 0.20433 -0.577584 -0.285211 -0.515426 0.565143
1.487502 -0.070592 -0.456952 0.199243 -0.575972 -0.286179 -0.516825 0.565021
1.492497 -0.068429 -0.455062 0.194157 -0.57429 -0.286669 -0.518636 0.564826
1.497498 -0.066245 -0.45323 0.189089 -0.572641 -0.287592 -0.520053 0.564729
1.502493 -0.065126 -0.452327 0.186545 -0.571627 -0.28813 -0.520752 0.564837
1.507494 -0.062893 -0.450531 0.181476 -0.569847 -0.289288 -0.522083 0.564815
1.512493 -0.060654 -0.448703 0.1764 -0.567856 -0.29014 -0.523643 0.564939
1.517489 -0.058361 -0.446941 0.171329 -0.565856 -0.291328 -0.524832 0.565231
1.522482 -0.056038 -0.445218 0.166292 -0.564006 -0.292773 -0.525666 0.565559
1.527473 -0.053696 -0.443483 0.161253 -0.561938 -0.293915 -0.526668 0.566092
1.532464 -0.051329 -0.441735 0.156214 -0.55981 -0.294764 -0.52782 0.566686
1.537451 -0.048922 -0.440024 0.151208 -0.557821 -0.295784 -0.528623 0.567367
1.54244 -0.046473 -0.438308 0.14623 -0.555862 -0.296568 -0.529375 0.568178
1.547432 -0.044013 -0.436587 0.141279 -0.553832 -0.29723 -0.53011 0.56913
1.552428 -0.042797 -0.435717 0.138786 -0.552713 -0.297477 -0.530476 0.569746
1.557423 -0.04027 -0.434015 0.133885 -0.550759 -0.298203 -0.530975 0.570793
1.562421 -0.037716 -0.432308 0.129016 -0.548769 -0.29907 -0.531465 0.5718
1.567425 -0.035143 -0.430564 0.124157 -0.546602 -0.299668 -0.532283 0.5728
1.572441 -0.031247 -0.42794 0.116958 -0.543631 -0.300785 -0.532927 0.574441
1.577457 -0.028606 -0.426169 0.112196 -0.541495 -0.302028 -0.533321 0.57544
1.582471 -0.02597 -0.424359 0.107436 -0.539397 -0.303502 -0.533956 0.576045
1.587482 -0.023246 -0.422589 0.102718 -0.537658 -0.305819 -0.534227 0.576194
1.592489 -0.019136 -0.419826 0.095681 -0.535012 -0.308856 -0.534824 0.576484
1.597493 -0.016393 -0.417912 0.090977 -0.533037 -0.310418 -0.535443 0.5769
1.602492 -0.013622 -0.415967 0.0863 -0.531117 -0.311774 -0.535649 0.577748
1.607488 -0.010818 -0.414015 0.081614 -0.529269 -0.313287 -0.5359 0.578392
1.612478 -0.00938 -0.413003 0.079281 -0.528324 -0.313811 -0.535954 0.578921
1.617472 -0.006535 -0.410999 0.074606 -0.52643 -0.315064 -0.536133 0.579799
1.622465 -0.003658 -0.408958 0.069943 -0.524522 -0.316144 -0.536214 0.580865
1.62746 -0.000779 -0.406864 0.065276 -0.522599 -0.316954 -0.536395 0.581989
1.632445 0.002121 -0.404733 0.060593 -0.520612 -0.317876 -0.536718 0.582968
1.637429 0.005049 -0.402564 0.055901 -0.518636 -0.318924 -0.537058 0.583843
1.642415 0.008001 -0.400387 0.051212 -0.516724 -0.320261 -0.537291 0.584592
1.647408 0.00947 -0.39932 0.048876 -0.51588 -0.320996 -0.537393 0.584841
1.652406 0.012438 -0.397077 0.044169 -0.513892 -0.322541 -0.53796 0.585219
1.657405 0.0154 -0.394799 0.039445 -0.511891 -0.324145 -0.538598 0.585499
1.662407 0.018391 -0.392493 0.034706 -0.509809 -0.325973 -0.539274 0.585679
1.667414 0.022886 -0.388971 0.027544 -0.506413 -0.328761 -0.540655 0.585793
1.672423 0.025891 -0.386543 0.022715 -0.503911 -0.330396 -0.541671 0.586093
1.677435 0.028892 -0.38405 0.017835 -0.501169 -0.331787 -0.543083 0.586352
1.682447 0.031896 -0.381524 0.012921 -0.498443 -0.333471 -0.544514 0.586393
1.687462 0.034912 -0.378953 0.007969 -0.495567 -0.33492 -0.545865 0.586748
1.692478 0.037997 -0.376366 0.002961 -0.492641 -0.336887 -0.547302 0.586747
1.69749 0.041075 -0.373702 -0.002097 -0.489534 -0.338582 -0.548972 0.586813
1.702497 0.045656 -0.369507 -0.009756 -0.484812 -0.340447 -0.551451 0.587329
1.707513 0.048692 -0.366649 -0.01488 -0.481742 -0.341844 -0.55286 0.587718
1.712512 0.051713 -0.363706 -0.020005 -0.478735 -0.342955 -0.554228 0.58824
1.717505 0.054728 -0.360681 -0.025145 -0.475774 -0.343874 -0.555558 0.58885
1.722495 0.056223 -0.359079 -0.027719 -0.474255 -0.344247 -0.556288 0.589169
1.727483 0.059251 -0.35596 -0.032865 -0.471339 -0.345403 -0.557643 0.589551
1.732469 0.062236 -0.35273 -0.038016 -0.468285 -0.345995 -0.559113 0.590245
1.737455 0.065231 -0.349466 -0.04318 -0.465443 -0.346926 -0.56048 0.59065
1.742442 0.068215 -0.346166 -0.048341 -0.462784 -0.348308 -0.561844 0.59063
1.74743 0.069697 -0.3445 -0.050919 -0.461337 -0.348608 -0.562504 0.590957
1.752421 0.072706 -0.341139 -0.056096 -0.458548 -0.349907 -0.564033 0.590902
1.757425 0.075706 -0.337762 -0.061306 -0.455887 -0.351711 -0.565486 0.590502
1.762431 0.078682 -0.334324 -0.066563 -0.453047 -0.353365 -0.567231 0.590026
1.767439 0.083139 -0.329139 -0.074486 -0.448961 -0.356011 -0.570034 0.588856
1.772459 0.086057 -0.325597 -0.079872 -0.446092 -0.357573 -0.572311 0.587881
1.777477 0.088934 -0.322006 -0.08532 -0.443029 -0.358945 -0.574764 0.586966
1.782491 0.091831 -0.318399 -0.090832 -0.439777 -0.360257 -0.577335 0.586084
1.787501 0.096084 -0.312851 -0.099277 -0.434459 -0.361175 -0.581508 0.58536
1.792506 0.098944 -0.309126 -0.104975 -0.430519 -0.361577 -0.58452 0.585023
1.797505 0.103183 -0.303471 -0.113648 -0.424376 -0.36166 -0.588856 0.585112
1.802499 0.103211 -0.303515 -0.113578 -0.424678 -0.361871 -0.588892 0.584726
1.807488 0.104594 -0.301591 -0.116521 -0.422397 -0.361723 -0.590235 0.585115
1.812473 0.107378 -0.297778 -0.122377 -0.418019 -0.361792 -0.592928 0.585494
1.817508 0.111535 -0.291989 -0.131212 -0.411329 -0.361486 -0.597089 0.586192
1.822535 0.11554 -0.286053 -0.140141 -0.40472 -0.361497 -0.601196 0.586587
1.827547 0.11817 -0.282067 -0.14609 -0.400456 -0.361589 -0.603785 0.586798
1.832545 0.120734 -0.278037 -0.152023 -0.396561 -0.361574 -0.606221 0.586942
1.837526 0.123249 -0.273943 -0.157978 -0.392486 -0.361483 -0.6086 0.587274
1.842498 0.124464 -0.27187 -0.160928 -0.390793 -0.361333 -0.609676 0.587379
1.847468 0.126928 -0.267751 -0.166837 -0.387302 -0.361227 -0.611911 0.587433
1.85244 0.129338 -0.263568 -0.172733 -0.383724 -0.360698 -0.614036 0.587888
1.857416 0.131705 -0.259379 -0.17859 -0.380377 -0.360192 -0.61597 0.58835
1.862403 0.132903 -0.257285 -0.181531 -0.378566 -0.359935 -0.616944 0.588655
1.867393 0.135236 -0.25307 -0.18734 -0.375526 -0.35929 -0.618829 0.589018
1.872391 0.137548 -0.248832 -0.193127 -0.372416 -0.358603 -0.620626 0.58952
1.877395 0.139825 -0.244553 -0.19888 -0.369048 -0.357972 -0.622442 0.590106
1.882405 0.143217 -0.238136 -0.207443 -0.364247 -0.357256 -0.625139 0.590672
1.88742 0.145475 -0.233845 -0.213079 -0.360847 -0.357089 -0.627049 0.590835
1.892437 0.147743 -0.229571 -0.218667 -0.357636 -0.357412 -0.629114 0.590397
1.897453 0.150009 -0.225258 -0.224227 -0.354075 -0.357747 -0.631116 0.590203
1.902467 0.152285 -0.220937 -0.229763 -0.350281 -0.358292 -0.632943 0.59018
1.907477 0.154579 -0.216617 -0.235258 -0.346608 -0.358906 -0.634706 0.590083
1.912484 0.159259 -0.208067 -0.246206 -0.339253 -0.359588 -0.637012 0.591455
1.917491 0.160422 -0.205916 -0.24894 -0.337395 -0.359815 -0.63772 0.591617
1.922493 0.162793 -0.201619 -0.254426 -0.333361 -0.359638 -0.638711 0.59294
1.927491 0.165186 -0.197347 -0.259903 -0.329442 -0.359305 -0.639249 0.594751
1.932486 0.167616 -0.193072 -0.265393 -0.325437 -0.358666 -0.639782 0.596766
1.937473 0.168852 -0.19094 -0.268149 -0.323282 -0.35805 -0.639858 0.598223
1.942459 0.17129 -0.186672 -0.273646 -0.319057 -0.35703 -0.640004 0.600939
1.947449 0.173741 -0.182406 -0.279143 -0.314497 -0.355779 -0.640037 0.604042
1.95244 0.176193 -0.178137 -0.28462 -0.309805 -0.354432 -0.63996 0.60733
1.957427 0.178636 -0.173901 -0.290078 -0.305187 -0.353285 -0.639771 0.610528
1.962415 0.181059 -0.169696 -0.295492 -0.300707 -0.352483 -0.639379 0.613616
1.96741 0.183458 -0.165517 -0.300856 -0.296097 -0.351786 -0.638849 0.616802
1.972402 0.18468 -0.163395 -0.303571 -0.29364 -0.351213 -0.638687 0.618468
1.977399 0.18703 -0.159251 -0.308867 -0.288748 -0.350814 -0.637848 0.621856
1.982397 0.189343 -0.155133 -0.314094 -0.283813 -0.350668 -0.636994 0.625076
1.987397 0.191621 -0.151067 -0.319239 -0.279063 -0.350795 -0.636003 0.628145
1.992402 0.1927 -0.14906 -0.32174 -0.276717 -0.35076 -0.635448 0.629762
1.997408 0.197102 -0.141015 -0.331846 -0.267482 -0.351399 -0.633024 0.635808
2.002417 0.199187 -0.137008 -0.336766 -0.262492 -0.350722 -0.631676 0.639592
2.007432 0.201207 -0.133032 -0.341627 -0.257763 -0.35001 -0.630074 0.643473
2.012452 0.203159 -0.129101 -0.346429 -0.253365 -0.34933 -0.628246 0.647365
2.017472 0.205031 -0.12522 -0.351162 -0.249279 -0.348373 -0.62612 0.651513
2.022493 0.206812 -0.121323 -0.355845 -0.245048 -0.346743 -0.624195 0.655821
2.027509 0.209313 -0.115589 -0.362684 -0.239199 -0.344471 -0.621273 0.661924
2.032519 0.210935 -0.111797 -0.36718 -0.235256 -0.342917 -0.619462 0.66583
2.037515 0.212493 -0.108064 -0.371592 -0.231695 -0.341893 -0.617601 0.669325
2.042507 0.213997 -0.104356 -0.37594 -0.22795 -0.340931 -0.616093 0.672483
2.047496 0.214698 -0.102536 -0.378027 -0.225973 -0.340383 -0.615755 0.673737
2.052483 0.216141 -0.09889 -0.382244 -0.222165 -0.339491 -0.614579 0.676521
2.057462 0.217527 -0.095245 -0.386394 -0.218275 -0.338545 -0.613826 0.678941
2.062442 0.218882 -0.091651 -0.390463 -0.21449 -0.338072 -0.613199 0.680947
2.067424 0.22018 -0.088081 -0.394452 -0.210848 -0.337571 -0.612532 0.68293
2.072409 0.220856 -0.086292 -0.396472 -0.208857 -0.337373 -0.612155 0.683977
2.0774 0.222089 -0.082741 -0.400358 -0.205151 -0.336815 -0.611651 0.685821
2.082398 0.223265 -0.079198 -0.404172 -0.201391 -0.335858 -0.611133 0.687865
2.087402 0.224393 -0.075709 -0.407887 -0.198305 -0.335039 -0.610244 0.689947
2.092411 0.224895 -0.073977 -0.409654 -0.197171 -0.334486 -0.609653 0.691062
2.097424 0.226982 -0.066976 -0.416886 -0.191719 -0.33239 -0.607723 0.695294
2.102439 0.227909 -0.063523 -0.420334 -0.189895 -0.330993 -0.605923 0.698027
2.107454 0.228812 -0.060057 -0.42372 -0.188147 -0.329475 -0.604202 0.700704
2.112472 0.22966 -0.05658 -0.427046 -0.186662 -0.327732 -0.602282 0.703566
2.117487 0.230496 -0.053093 -0.430333 -0.185339 -0.326024 -0.600261 0.706431
2.122497 0.231693 -0.047757 -0.43523 -0.183024 -0.322903 -0.597145 0.711093
2.127503 0.23248 -0.044128 -0.438507 -0.181239 -0.320424 -0.595073 0.714401
2.132503 0.233263 -0.040444 -0.441785 -0.179177 -0.317678 -0.592923 0.717926
2.137495 0.234038 -0.03672 -0.445072 -0.177168 -0.314643 -0.590783 0.721517
2.14248 0.234408 -0.03477 -0.44674 -0.175834 -0.312444 -0.589545 0.723808
2.147464 0.235164 -0.030947 -0.450054 -0.173472 -0.308714 -0.587119 0.727939
2.152451 0.235912 -0.027042 -0.453376 -0.170844 -0.304477 -0.584659 0.732311
2.157434 0.236667 -0.023085 -0.456698 -0.167825 -0.299873 -0.581912 0.737082
2.162412 0.237443 -0.01906 -0.460014 -0.164303 -0.294782 -0.57898 0.74222
2.167396 0.238249 -0.014994 -0.463327 -0.160489 -0.289734 -0.575867 0.747446
2.172386 0.238629 -0.01298 -0.464987 -0.158768 -0.287221 -0.574207 0.750056
2.177381 0.239476 -0.008892 -0.468231 -0.155021 -0.282148 -0.570632 0.755473
2.182384 0.24035 -0.004734 -0.471432 -0.150734 -0.276834 -0.566909 0.761089
2.187395 0.241266 -0.000554 -0.474591 -0.146186 -0.271604 -0.563056 0.7667
2.19241 0.242677 0.005757 -0.479235 -0.138631 -0.263485 -0.556751 0.775491
2.197429 0.243679 0.009977 -0.482231 -0.133808 -0.258337 -0.552161 0.781329
2.20245 0.244728 0.014202 -0.485173 -0.129068 -0.253442 -0.5472 0.787198
2.207468 0.245798 0.018428 -0.488031 -0.124288 -0.248174 -0.54162 0.793479
2.212483 0.246894 0.022654 -0.490853 -0.11907 -0.242786 -0.535135 0.800317
2.217494 0.248601 0.028933 -0.494928 -0.111627 -0.234505 -0.523627 0.811395
2.2225 0.249747 0.03309 -0.497579 -0.106711 -0.229022 -0.515254 0.818948
2.227501 0.250924 0.037245 -0.500158 -0.101972 -0.223614 -0.50616 0.826681
2.232497 0.25211 0.041416 -0.502665 -0.096948 -0.217927 -0.496418 0.834673
2.237484 0.252685 0.043442 -0.503837 -0.09485 -0.214785 -0.490831 0.83902
2.242469 0.253837 0.047537 -0.506206 -0.090076 -0.208848 -0.479821 0.847373
2.247454 0.254986 0.051592 -0.508487 -0.085361 -0.20298 -0.468039 0.855834
2.252441 0.256133 0.05562 -0.510675 -0.080672 -0.197084 -0.455793 0.864235
2.25743 0.257278 0.059607 -0.512764 -0.076088 -0.191189 -0.442951 0.872612
2.262422 0.258429 0.063565 -0.514755 -0.07141 -0.185341 -0.429467 0.880969
2.267418 0.259015 0.065578 -0.515771 -0.068821 -0.182693 -0.422654 0.885015
2.272414 0.260174 0.069449 -0.517618 -0.064157 -0.177154 -0.408329 0.893178
2.277414 0.261345 0.073254 -0.519364 -0.059434 -0.171848 -0.393253 0.90127
2.282417 0.262512 0.07705 -0.521007 -0.054578 -0.166392 -0.377916 0.909128
2.287427 0.264326 0.082699 -0.523356 -0.046656 -0.159083 -0.354103 0.920395
2.292438 0.265535 0.086402 -0.524778 -0.041386 -0.15418 -0.337597 0.927655
2.29745 0.266726 0.090083 -0.526119 -0.035916 -0.149364 -0.320753 0.934622
2.302461 0.26788 0.093723 -0.527375 -0.030403 -0.144625 -0.303398 0.941334
2.30748 0.269019 0.097309 -0.528542 -0.024813 -0.140085 -0.285399 0.947791
2.312495 0.270094 0.100845 -0.52963 -0.019279 -0.135453 -0.266977 0.953941
2.317506 0.271492 0.10602 -0.531077 -0.011548 -0.128209 -0.238905 0.962473
2.322512 0.272329 0.109415 -0.531971 -0.006324 -0.123345 -0.219833 0.967688
2.327506 0.273034 0.112715 -0.532784 -0.001215 -0.118108 -0.200433 0.972561
2.332499 0.273608 0.115922 -0.533519 0.00367 -0.112638 -0.180933 0.977017
2.337489 0.273734 0.117414 -0.533824 0.005714 -0.10939 -0.171401 0.979093
2.342478 0.274107 0.120448 -0.534461 0.010326 -0.103825 -0.151921 0.98287
2.347459 0.274326 0.123389 -0.535039 0.014766 -0.097958 -0.132835 0.986175
2.352443 0.274396 0.12623 -0.535547 0.018999 -0.091872 -0.114254 0.989012
2.357429 0.274329 0.128954 -0.536 0.023281 -0.085662 -0.09606 0.991409
2.362422 0.274126 0.131566 -0.536391 0.027434 -0.079558 -0.078497 0.993356
2.367417 0.274065 0.132886 -0.536592 0.029499 -0.076564 -0.069232 0.994221
2.372414 0.273686 0.13535 -0.536901 0.033633 -0.070486 -0.052917 0.99554
2.377414 0.273186 0.137712 -0.53716 0.037886 -0.064476 -0.037467 0.996496
2.382419 0.272574 0.139998 -0.537376 0.042258 -0.058586 -0.023008 0.997122
2.387426 0.271507 0.143324 -0.537622 0.048958 -0.049821 -0.002706 0.997554
2.392435 0.270606 0.145402 -0.537715 0.053742 -0.04407 0.009441 0.997537
2.397444 0.269611 0.147385 -0.537767 0.05862 -0.038335 0.021065 0.997322
2.402443 0.268482 0.149234 -0.537755 0.063274 -0.032247 0.032298 0.996952
2.407445 0.26722 0.150983 -0.537704 0.067852 -0.025902 0.043186 0.996424
2.412448 0.265863 0.152603 -0.537596 0.072187 -0.019511 0.05414 0.995729
2.417453 0.264385 0.154056 -0.537412 0.076152 -0.012471 0.065408 0.99487
2.422458 0.262822 0.155356 -0.537173 0.079825 -0.005268 0.077121 0.993807
2.427466 0.261164 0.156467 -0.53685 0.083003 0.002572 0.089456 0.992523
2.432473 0.25944 0.157434 -0.536457 0.085734 0.010583 0.102159 0.99101
2.437476 0.256803 0.158555 -0.535712 0.089558 0.022398 0.122267 0.988194
2.442476 0.255012 0.159174 -0.535124 0.091777 0.03041 0.13592 0.985991
2.447478 0.253209 0.159704 -0.534472 0.094039 0.038326 0.149647 0.983511
2.452477 0.251399 0.160158 -0.533752 0.096352 0.045983 0.163181 0.980803
2.457473 0.250475 0.160323 -0.53331 0.097713 0.049836 0.1696 0.97939
2.462466 0.248662 0.160632 -0.532475 0.100093 0.057344 0.182851 0.97635
2.467459 0.246875 0.160885 -0.531581 0.102624 0.064411 0.195609 0.973168
2.472451 0.245082 0.161041 -0.530601 0.105185 0.07149 0.207864 0.969855
2.477443 0.243285 0.161122 -0.529546 0.107781 0.078541 0.219536 0.966446
2.482435 0.242388 0.161189 -0.529039 0.108981 0.08197 0.225598 0.964629
2.48743 0.240636 0.161158 -0.52791 0.111865 0.088507 0.236391 0.96113
2.49243 0.238905 0.161013 -0.526717 0.114639 0.094918 0.246547 0.957634
2.497433 0.23722 0.16074 -0.525467 0.117276 0.10106 0.256189 0.954149
2.502438 0.234755 0.16019 -0.523519 0.121014 0.10997 0.269747 0.948946
2.507445 0.233188 0.159633 -0.522125 0.123212 0.115651 0.27755 0.945732
2.512452 0.231682 0.158937 -0.520693 0.125169 0.12104 0.284862 0.942622
2.517458 0.230228 0.158083 -0.519198 0.126757 0.126354 0.291634 0.939637
2.522474 0.228856 0.157114 -0.517669 0.128046 0.131214 0.29786 0.936839
2.527487 0.227559 0.15599 -0.516095 0.128926 0.135801 0.303799 0.934153
2.532495 0.225797 0.153945 -0.513671 0.128941 0.141877 0.312062 0.930517
2.537498 0.224668 0.15247 -0.512022 0.128575 0.145845 0.31749 0.928115
2.542499 0.223558 0.150843 -0.510327 0.127766 0.149846 0.322699 0.92579
2.547496 0.222519 0.149129 -0.508619 0.126716 0.153414 0.327722 0.923583
2.552489 0.222027 0.148168 -0.507735 0.125953 0.155103 0.330078 0.922566
2.55748 0.221 0.146313 -0.505977 0.124627 0.158685 0.334766 0.920445
2.56247 0.219977 0.144373 -0.504182 0.123102 0.162295 0.339168 0.918407
2.567458 0.218966 0.142366 -0.502355 0.121396 0.165894 0.343265 0.916467
2.572446 0.217942 0.140314 -0.500484 0.119691 0.169719 0.347161 0.914521
2.577434 0.216944 0.138275 -0.498608 0.118096 0.173143 0.350841 0.91268
2.582424 0.215936 0.136199 -0.496682 0.116636 0.176774 0.354381 0.910803
2.587417 0.215447 0.135164 -0.495741 0.115881 0.178415 0.356162 0.909883
2.592413 0.214436 0.133074 -0.493768 0.114451 0.18211 0.359425 0.908048
2.597414 0.213437 0.130998 -0.49177 0.113129 0.185726 0.362489 0.906261
2.602418 0.212489 0.128959 -0.489773 0.111835 0.188932 0.36545 0.904568
2.607425 0.211132 0.125952 -0.486773 0.110054 0.193189 0.369998 0.902035
2.612434 0.210262 0.123974 -0.484725 0.109025 0.195825 0.372766 0.900451
2.617444 0.209371 0.121975 -0.482618 0.108028 0.198699 0.37531 0.898883
2.622464 0.208532 0.120032 -0.480533 0.107056 0.200899 0.377506 0.89759
2.627481 0.207713 0.118122 -0.478442 0.106273 0.202805 0.37947 0.896425
2.632494 0.206495 0.115302 -0.475247 0.1052 0.205169 0.381752 0.895044
2.637501 0.20565 0.113407 -0.473074 0.104468 0.206944 0.383032 0.894174
2.642502 0.204772 0.111494 -0.470859 0.103677 0.208951 0.38407 0.893354
2.647499 0.203884 0.109606 -0.46864 0.103 0.21066 0.384898 0.892674
2.652492 0.203403 0.108662 -0.467502 0.102648 0.21155 0.385129 0.892404
2.657478 0.202474 0.106788 -0.465257 0.102031 0.213155 0.385755 0.891823
2.662462 0.201468 0.10489 -0.46296 0.101401 0.215114 0.386162 0.891248
2.667448 0.200442 0.102986 -0.460635 0.100662 0.217083 0.38661 0.89066
2.672435 0.199352 0.101062 -0.458262 0.099857 0.2194 0.38703 0.89
2.677425 0.198209 0.099126 -0.455853 0.099061 0.221892 0.387433 0.889295
2.682418 0.197054 0.097212 -0.453434 0.098317 0.224188 0.387931 0.888585
2.68741 0.196483 0.09626 -0.452236 0.097957 0.225284 0.388108 0.88827
2.692407 0.195244 0.09434 -0.449761 0.097281 0.227822 0.388631 0.887468
2.697409 0.193976 0.092424 -0.447253 0.096587 0.230414 0.389181 0.886633
2.702418 0.192686 0.090503 -0.444703 0.095779 0.233164 0.38986 0.885703
2.707439 0.190753 0.087662 -0.440868 0.094764 0.236951 0.391048 0.884282
2.712457 0.18943 0.085796 -0.438261 0.094219 0.239537 0.391751 0.883332
2.717473 0.188061 0.083888 -0.435523 0.093461 0.243276 0.392489 0.882062
2.722486 0.186696 0.081994 -0.43276 0.09272 0.246883 0.39321 0.880816
2.727493 0.184697 0.079204 -0.428587 0.0917 0.251687 0.394115 0.879158
2.732498 0.183367 0.077364 -0.425789 0.091085 0.254765 0.394555 0.878137
2.737501 0.182042 0.075546 -0.422975 0.090539 0.257677 0.394791 0.877237
2.742499 0.180725 0.073725 -0.420137 0.089864 0.260545 0.394904 0.876408
2.747493 0.180095 0.072846 -0.418742 0.089596 0.261292 0.394826 0.876248
2.752485 0.178797 0.071051 -0.415887 0.08894 0.263732 0.394746 0.87562
2.75747 0.177532 0.069302 -0.413093 0.088409 0.265164 0.394497 0.875354
2.762454 0.176277 0.067551 -0.410282 0.087834 0.266474 0.394333 0.875088
2.767438 0.174994 0.065795 -0.407415 0.087151 0.268049 0.393935 0.874854
2.772415 0.173678 0.064031 -0.404494 0.086359 0.269862 0.39337 0.87463
2.777392 0.172381 0.062258 -0.401573 0.085539 0.271402 0.393083 0.874362
2.782376 0.171741 0.061374 -0.400128 0.085143 0.272107 0.392907 0.874261
2.787369 0.170408 0.059594 -0.397141 0.084253 0.273843 0.392513 0.873982
2.792371 0.169074 0.057796 -0.394137 0.083252 0.275477 0.392335 0.873645
2.797381 0.167723 0.056011 -0.391109 0.082336 0.277072 0.392198 0.873288
2.802396 0.165643 0.053311 -0.3865 0.080819 0.279815 0.391908 0.872686
2.807414 0.164235 0.051508 -0.383374 0.079706 0.281771 0.391823 0.872196
2.812431 0.162828 0.049725 -0.380245 0.078718 0.283473 0.391841 0.871726
2.817445 0.161383 0.04795 -0.377053 0.077639 0.28546 0.391563 0.8713
2.822457 0.159952 0.046194 -0.373868 0.076666 0.287135 0.391447 0.870887
2.827466 0.157832 0.043577 -0.369037 0.075154 0.289401 0.391533 0.87023
2.832464 0.156446 0.041837 -0.365806 0.07404 0.290704 0.391745 0.869796
2.837462 0.15509 0.040121 -0.362576 0.072997 0.291695 0.392106 0.86939
2.842459 0.153748 0.038457 -0.359332 0.072105 0.292474 0.392367 0.869085
2.847455 0.153139 0.037592 -0.357754 0.07152 0.292087 0.393205 0.868884
2.852452 0.151887 0.035892 -0.354568 0.070468 0.291828 0.394411 0.868511
2.85745 0.15064 0.034196 -0.351362 0.06944 0.291497 0.395744 0.868098
2.862449 0.149409 0.032503 -0.348133 0.068348 0.291022 0.397214 0.867673
2.867447 0.148193 0.030847 -0.344886 0.067307 0.290405 0.398636 0.867308
2.872444 0.147581 0.030012 -0.343268 0.066777 0.290154 0.399336 0.867112
2.877443 0.146345 0.028345 -0.339963 0.065661 0.289703 0.400727 0.866706
2.882442 0.145084 0.02669 -0.33661 0.064519 0.289397 0.401883 0.866358
2.887445 0.143812 0.024999 -0.333218 0.06325 0.28912 0.403166 0.865948
2.89245 0.141823 0.022547 -0.327978 0.061495 0.28986 0.403994 0.865441
2.897456 0.140487 0.020944 -0.324435 0.060317 0.290218 0.404285 0.865268
2.902461 0.138424 0.018565 -0.318989 0.058554 0.29122 0.404236 0.865076
2.907467 0.137029 0.016986 -0.315337 0.057443 0.29179 0.404061 0.86504
2.912467 0.135644 0.015446 -0.311668 0.056385 0.292057 0.403829 0.865128
2.91746 0.134255 0.013912 -0.307952 0.055333 0.292375 0.403611 0.86519
2.922451 0.133554 0.013162 -0.306053 0.054775 0.292485 0.403393 0.86529
2.927439 0.132171 0.011666 -0.302296 0.053715 0.292635 0.403062 0.86546
2.932424 0.130788 0.010189 -0.298487 0.05266 0.292822 0.402677 0.86564
2.93741 0.129388 0.008743 -0.294633 0.051691 0.29301 0.402078 0.865914
2.942398 0.128015 0.007336 -0.290768 0.05077 0.292799 0.401472 0.866321
2.94739 0.127318 0.006613 -0.288842 0.050272 0.292794 0.401183 0.866485
2.952385 0.125961 0.005247 -0.284888 0.049276 0.292796 0.400465 0.866874
2.957384 0.124629 0.003912 -0.280906 0.048344 0.292617 0.399743 0.86732
2.962386 0.123308 0.002634 -0.276876 0.047473 0.292421 0.398818 0.86786
2.967391 0.122653 0.002026 -0.274807 0.047126 0.292306 0.398294 0.868158
2.972403 0.120055 -0.000418 -0.266674 0.045773 0.291205 0.396266 0.869527
2.977416 0.118218 -0.002128 -0.260451 0.044778 0.289376 0.394815 0.870849
2.982423 0.116967 -0.003252 -0.256233 0.044103 0.288505 0.393628 0.871709
2.987423 0.115731 -0.004333 -0.252019 0.043444 0.287026 0.392224 0.872863
2.992414 0.11448 -0.005386 -0.247739 0.042607 0.285743 0.390401 0.874141
2.997406 0.113855 -0.005916 -0.245555 0.042099 0.284975 0.389512 0.874813
3.0024 0.112652 -0.006953 -0.241259 0.041246 0.283082 0.387917 0.876176
3.007396 0.112057 -0.007469 -0.239134 0.040849 0.282039 0.387149 0.87687
3.012394 0.110851 -0.008491 -0.234766 0.03988 0.280193 0.385482 0.87824
3.017395 0.109611 -0.009484 -0.230308 0.038753 0.278872 0.383118 0.879744
3.022398 0.108425 -0.010452 -0.225839 0.037712 0.277082 0.380952 0.881294
3.027404 0.106613 -0.011954 -0.219049 0.035999 0.274605 0.377976 0.88342
3.032414 0.105451 -0.012952 -0.214499 0.035111 0.272429 0.376552 0.884737
3.037425 0.104276 -0.013943 -0.209882 0.034032 0.270452 0.374953 0.886063
3.042433 0.103052 -0.01497 -0.205192 0.03294 0.268726 0.373381 0.887292
3.047439 0.101847 -0.015993 -0.200472 0.03166 0.266914 0.371761 0.888565
3.052443 0.100008 -0.01759 -0.193321 0.029658 0.26399 0.369931 0.89027
3.057444 0.098724 -0.018695 -0.188483 0.028102 0.262499 0.368625 0.891302
3.062443 0.097464 -0.019764 -0.183643 0.026407 0.260821 0.367053 0.892495
3.067439 0.096812 -0.020318 -0.181194 0.025523 0.260259 0.366279 0.893003
3.072436 0.096127 -0.020874 -0.178691 0.024632 0.259947 0.365394 0.893481
3.077436 0.094807 -0.021937 -0.17375 0.022854 0.25885 0.363526 0.894608
3.082441 0.093452 -0.023007 -0.168738 0.020964 0.258294 0.361568 0.895608
3.087445 0.091423 -0.024588 -0.161207 0.018363 0.257116 0.358689 0.89716
3.092448 0.090063 -0.025578 -0.156124 0.016882 0.256532 0.356537 0.898213
3.09745 0.088757 -0.026512 -0.151063 0.015459 0.255633 0.354403 0.899339
3.102452 0.087425 -0.027431 -0.145938 0.014274 0.254938 0.352118 0.900453
3.107452 0.086157 -0.028295 -0.140837 0.013071 0.253731 0.349779 0.901723
3.112455 0.08488 -0.029174 -0.135686 0.012027 0.252666 0.347524 0.902908
3.117457 0.083651 -0.030021 -0.130543 0.011033 0.251219 0.345209 0.904211
3.122463 0.082399 -0.030885 -0.125346 0.009937 0.25014 0.342759 0.905454
3.127468 0.081169 -0.03177 -0.120118 0.008543 0.249119 0.340345 0.90666
3.132471 0.0793 -0.033102 -0.112198 0.006432 0.247814 0.336284 0.908548
3.137471 0.07806 -0.033997 -0.106895 0.004895 0.24703 0.333561 0.909774
3.142476 0.076811 -0.034893 -0.101564 0.003418 0.246302 0.330726 0.911013
3.147472 0.075581 -0.035789 -0.096213 0.001816 0.245578 0.327844 0.912253
3.152467 0.074962 -0.036238 -0.09351 0.001072 0.245283 0.326378 0.91286
3.157461 0.073734 -0.037141 -0.088118 -0.000439 0.244633 0.323549 0.914041
3.162454 0.072538 -0.038035 -0.082705 -0.002079 0.243981 0.320706 0.915214
3.167447 0.071333 -0.038921 -0.077262 -0.003537 0.243391 0.317761 0.916393
3.17244 0.070163 -0.0398 -0.071803 -0.004956 0.24269 0.314925 0.917551
3.177439 0.069555 -0.040252 -0.069067 -0.005726 0.242482 0.313491 0.918092
3.182439 0.068435 -0.041126 -0.063565 -0.007174 0.241895 0.3108 0.919151
3.187438 0.067333 -0.042007 -0.058028 -0.00861 0.241491 0.308312 0.920082
3.192438 0.066271 -0.042844 -0.052487 -0.009995 0.24096 0.305425 0.92117
3.197442 0.064735 -0.044081 -0.044136 -0.012199 0.240218 0.301131 0.92275
3.202447 0.063763 -0.044856 -0.038546 -0.013549 0.239708 0.29794 0.923898
3.207451 0.062885 -0.045592 -0.032968 -0.014946 0.238817 0.294821 0.925107
3.212459 0.062065 -0.046288 -0.027374 -0.016506 0.237923 0.291363 0.926406
3.217468 0.061287 -0.046943 -0.021785 -0.018003 0.23674 0.287476 0.927894
3.222477 0.060578 -0.047549 -0.016179 -0.019658 0.23547 0.283092 0.92953
3.227485 0.059939 -0.048156 -0.010553 -0.02135 0.234084 0.278876 0.931116
3.232494 0.059365 -0.048727 -0.00492 -0.023098 0.232469 0.274272 0.932845
3.237505 0.058861 -0.049288 0.000739 -0.025091 0.230782 0.269455 0.934615
3.242523 0.058256 -0.050058 0.009271 -0.028196 0.22799 0.261453 0.937479
3.247535 0.057888 -0.050551 0.01498 -0.030299 0.226094 0.255925 0.939397
3.252535 0.057579 -0.051021 0.020714 -0.032479 0.224195 0.250385 0.94127
3.257529 0.057332 -0.051456 0.026457 -0.034659 0.222115 0.244694 0.94318
3.262518 0.057253 -0.051616 0.029346 -0.035708 0.221141 0.24171 0.944139
3.2675 0.057086 -0.051972 0.03511 -0.037916 0.21904 0.235935 0.946001
3.272482 0.056977 -0.05227 0.040878 -0.040102 0.216838 0.230124 0.947848
3.277462 0.056918 -0.052504 0.046653 -0.042171 0.214609 0.224396 0.949637
3.282446 0.056905 -0.052686 0.05244 -0.044132 0.21243 0.218828 0.951336
3.28743 0.056964 -0.052777 0.058219 -0.045952 0.210124 0.213352 0.953004
3.29242 0.05697 -0.052861 0.061112 -0.04695 0.208981 0.210582 0.953823
3.297416 0.057123 -0.052828 0.066883 -0.048583 0.206605 0.205194 0.955432
3.302415 0.057326 -0.052704 0.072661 -0.050127 0.204236 0.199823 0.956998
3.307424 0.057598 -0.052522 0.078449 -0.05164 0.201888 0.194678 0.958475
3.312439 0.058094 -0.052131 0.087106 -0.053573 0.198156 0.187118 0.960652
3.317453 0.058543 -0.051739 0.092876 -0.054656 0.195537 0.182186 0.962074
3.322472 0.059073 -0.05126 0.098616 -0.055665 0.192621 0.177162 0.963542
3.327492 0.059653 -0.050729 0.104362 -0.056664 0.189661 0.172201 0.964969
3.332508 0.060296 -0.050125 0.110102 -0.057477 0.186571 0.167216 0.966399
3.337519 0.061414 -0.049093 0.118672 -0.058412 0.181609 0.159969 0.968512
3.342524 0.062211 -0.048346 0.124367 -0.058897 0.178013 0.155018 0.969955
3.347523 0.063021 -0.047558 0.130087 -0.059363 0.174729 0.14992 0.971324
3.35252 0.063888 -0.046742 0.135796 -0.059773 0.171181 0.144896 0.972692
3.357516 0.064357 -0.046308 0.13867 -0.059976 0.169539 0.142382 0.973338
3.362506 0.065263 -0.04547 0.144427 -0.060465 0.166332 0.137468 0.974567
3.367493 0.06622 -0.044606 0.150186 -0.060943 0.163052 0.132467 0.975783
3.372479 0.067219 -0.043749 0.155961 -0.061597 0.159719 0.127536 0.976949
3.377466 0.068255 -0.042884 0.161755 -0.062233 0.156455 0.122674 0.978059
3.382455 0.069322 -0.042034 0.167563 -0.063022 0.153153 0.117931 0.979114
3.387448 0.06984 -0.041606 0.17047 -0.06339 0.151597 0.115547 0.979617
3.392444 0.070964 -0.040767 0.176298 -0.064263 0.148343 0.110939 0.98059
3.397444 0.072113 -0.03993 0.182136 -0.065322 0.145205 0.106363 0.981496
3.402446 0.073287 -0.039095 0.187983 -0.066482 0.1422 0.101817 0.98234
3.40745 0.075101 -0.037854 0.196742 -0.068417 0.137452 0.095153 0.983551
3.412456 0.076333 -0.037022 0.202583 -0.069787 0.134645 0.091067 0.984229
3.417462 0.077567 -0.036177 0.20842 -0.071281 0.13209 0.087004 0.984836
3.422461 0.078825 -0.035323 0.214244 -0.072729 0.129693 0.083258 0.985372
3.427462 0.08009 -0.034465 0.220068 -0.074392 0.127494 0.079643 0.985834
3.432462 0.081369 -0.033596 0.225888 -0.075909 0.125349 0.076147 0.986269
3.437463 0.082654 -0.032746 0.231706 -0.077464 0.123372 0.073107 0.986628
3.442467 0.083936 -0.031896 0.237533 -0.078995 0.121703 0.07008 0.986933
3.447475 0.085237 -0.031054 0.24335 -0.080493 0.119916 0.067106 0.987237
3.452482 0.086554 -0.030215 0.249157 -0.081948 0.118046 0.06404 0.987547
3.457486 0.088562 -0.028943 0.257847 -0.084183 0.115152 0.058853 0.988023
3.462488 0.089901 -0.028103 0.263638 -0.085587 0.113185 0.055328 0.988333
3.467489 0.091245 -0.027265 0.269429 -0.087137 0.111432 0.051599 0.988599
3.47249 0.092609 -0.026429 0.275201 -0.08871 0.109441 0.047645 0.98888
3.477486 0.093304 -0.026011 0.27807 -0.08956 0.108345 0.045408 0.989029
3.48248 0.094686 -0.02518 0.283817 -0.091122 0.106165 0.041176 0.989308
3.487468 0.096062 -0.024356 0.289566 -0.092854 0.104141 0.036584 0.989543
3.492457 0.097439 -0.023544 0.295312 -0.094639 0.10219 0.031801 0.989742
3.497445 0.098828 -0.02275 0.30104 -0.0965 0.100049 0.026763 0.98993
3.502437 0.100208 -0.021974 0.306771 -0.098418 0.097953 0.021507 0.990079
3.50743 0.101606 -0.021264 0.312509 -0.100538 0.095893 0.01631 0.990167
3.512428 0.102303 -0.020889 0.315372 -0.101532 0.09477 0.013784 0.990212
3.517424 0.103707 -0.020216 0.321092 -0.103631 0.092539 0.008153 0.990268
3.52242 0.105096 -0.019579 0.326821 -0.105806 0.09044 0.002435 0.990263
3.527422 0.106498 -0.018964 0.332535 -0.108111 0.088194 -0.003475 0.990213
3.532439 0.108616 -0.018087 0.341087 -0.111682 0.084601 -0.012332 0.990059
3.537458 0.110014 -0.017535 0.346771 -0.114093 0.08247 -0.01824 0.989873
3.542482 0.111425 -0.017008 0.352438 -0.116642 0.080241 -0.023868 0.98964
3.547503 0.112834 -0.016431 0.358055 -0.119094 0.077903 -0.029605 0.989379
3.552519 0.114933 -0.015575 0.366432 -0.123175 0.074899 -0.037434 0.988846
3.557523 0.116344 -0.015006 0.371979 -0.125895 0.072853 -0.042304 0.98846
3.562521 0.117747 -0.014445 0.377502 -0.12879 0.071018 -0.046844 0.988016
3.567514 0.11915 -0.013886 0.382981 -0.131617 0.069258 -0.051081 0.987558
3.572505 0.11984 -0.013626 0.385687 -0.133193 0.068564 -0.052765 0.987307
3.577492 0.121227 -0.0131 0.391134 -0.136317 0.066998 -0.05634 0.98679
3.582481 0.122603 -0.01258 0.396533 -0.139482 0.065541 -0.059729 0.986246
3.587471 0.123957 -0.012074 0.401913 -0.142831 0.064303 -0.06294 0.985648
3.592462 0.125305 -0.011579 0.407251 -0.146229 0.06303 -0.066036 0.98503
3.597455 0.126628 -0.011098 0.412567 -0.149863 0.061811 -0.06908 0.984352
3.602449 0.127935 -0.010621 0.417846 -0.153582 0.060542 -0.072298 0.983626
3.607442 0.128591 -0.010385 0.420495 -0.155363 0.059968 -0.073788 0.983271
3.61244 0.129874 -0.009919 0.425736 -0.15928 0.058581 -0.07705 0.982477
3.617439 0.131147 -0.009436 0.430931 -0.163179 0.057018 -0.080603 0.981644
3.622439 0.132406 -0.008945 0.436086 -0.1673 0.055212 -0.084501 0.980725
3.627443 0.133021 -0.008686 0.438618 -0.169466 0.054124 -0.086678 0.980224
3.632459 0.135488 -0.007675 0.448822 -0.177924 0.050006 -0.094938 0.978176
3.637476 0.136693 -0.007113 0.453788 -0.18205 0.04749 -0.099422 0.977097
3.6425 0.137882 -0.006533 0.458698 -0.186337 0.044898 -0.103902 0.975944
3.647515 0.13904 -0.005903 0.463511 -0.190548 0.042165 -0.108491 0.974753
3.652526 0.140709 -0.004855 0.470487 -0.196541 0.038067 -0.114922 0.972993
3.657528 0.141772 -0.004115 0.475056 -0.200299 0.035621 -0.119057 0.971821
3.662526 0.142785 -0.003305 0.479511 -0.203912 0.033368 -0.122957 0.970664
3.667519 0.143754 -0.002447 0.483857 -0.207385 0.03137 -0.126494 0.969539
3.672508 0.144188 -0.001991 0.485909 -0.208949 0.030729 -0.127663 0.969071
3.677495 0.145086 -0.001078 0.490074 -0.212245 0.029088 -0.130542 0.968021
3.682477 0.145923 -0.000103 0.494115 -0.215353 0.027813 -0.133156 0.967015
3.68746 0.146713 0.000904 0.498045 -0.218328 0.026879 -0.135448 0.966056
3.692444 0.147446 0.001945 0.501862 -0.221326 0.026351 -0.137279 0.96513
3.697432 0.147819 0.002461 0.503813 -0.222816 0.026055 -0.138308 0.964648
3.702426 0.148487 0.003555 0.507448 -0.225685 0.0259 -0.139584 0.963801
3.707424 0.149135 0.004652 0.510965 -0.228497 0.025714 -0.140602 0.962995
3.712427 0.14975 0.005784 0.514368 -0.231221 0.025718 -0.141672 0.962187
3.717434 0.150035 0.00637 0.515948 -0.23261 0.025651 -0.142169 0.961781
3.722445 0.151177 0.008712 0.522456 -0.238226 0.025671 -0.144423 0.960068
3.72746 0.151717 0.009902 0.525466 -0.241042 0.025416 -0.145308 0.959238
3.732485 0.152246 0.01111 0.528356 -0.243678 0.025003 -0.14654 0.958395
3.737506 0.15276 0.012327 0.531122 -0.246354 0.024387 -0.147759 0.95754
3.742521 0.153468 0.014201 0.534969 -0.250297 0.023295 -0.149719 0.956239
3.747531 0.153907 0.01545 0.537437 -0.252948 0.022576 -0.150924 0.955369
3.752534 0.154305 0.016719 0.539774 -0.255588 0.021853 -0.152274 0.954468
3.75753 0.154672 0.017996 0.541972 -0.258003 0.021145 -0.153445 0.953647
3.762519 0.154808 0.018651 0.54293 -0.259186 0.020816 -0.154112 0.953226
3.767501 0.155108 0.019954 0.544938 -0.261644 0.020111 -0.155552 0.952335
3.772484 0.155363 0.021279 0.546811 -0.264055 0.019403 -0.157006 0.951445
3.777468 0.15557 0.022627 0.548555 -0.266465 0.018712 -0.158626 0.950518
3.782454 0.155727 0.023992 0.55016 -0.268747 0.018094 -0.160278 0.94961
3.787444 0.155847 0.025373 0.551629 -0.270978 0.017459 -0.161982 0.948698
3.792438 0.155919 0.026058 0.552409 -0.272119 0.017122 -0.162854 0.948228
3.797437 0.15598 0.027479 0.553661 -0.274193 0.016447 -0.164627 0.947336
3.802437 0.155996 0.028932 0.554771 -0.276322 0.015793 -0.166521 0.946397
3.807441 0.155965 0.030402 0.555731 -0.278319 0.015234 -0.168328 0.945501
3.812448 0.155874 0.032645 0.556973 -0.281151 0.014539 -0.171007 0.944192
3.817457 0.155751 0.034175 0.55753 -0.282794 0.014246 -0.172487 0.943437
3.822468 0.155582 0.03573 0.55793 -0.284443 0.014173 -0.173891 0.942684
3.827477 0.155373 0.037315 0.558156 -0.285869 0.014402 -0.17513 0.94202
3.832485 0.155137 0.038923 0.558215 -0.287093 0.014823 -0.176161 0.941448
3.837488 0.154872 0.040544 0.558114 -0.288176 0.015457 -0.177048 0.940941
3.842488 0.154426 0.043011 0.557585 -0.289534 0.016799 -0.178026 0.940316
3.847487 0.154115 0.04467 0.557106 -0.290242 0.017791 -0.178633 0.939965
3.852494 0.153795 0.046338 0.556485 -0.290842 0.018874 -0.179198 0.93965
3.857493 0.15347 0.048016 0.555723 -0.291286 0.019962 -0.179735 0.939388
3.862487 0.1533 0.048856 0.555205 -0.291454 0.020445 -0.180074 0.93926
3.86748 0.152967 0.050535 0.55426 -0.29187 0.021382 -0.180771 0.938977
3.87247 0.152627 0.052214 0.553192 -0.292251 0.022243 -0.181627 0.938673
3.87746 0.152295 0.053899 0.552007 -0.29257 0.022883 -0.182597 0.93837
3.882449 0.151964 0.055615 0.5507 -0.292739 0.023411 -0.183949 0.93804
3.887442 0.151635 0.057342 0.549286 -0.292782 0.02378 -0.185471 0.937717
3.892438 0.151321 0.059072 0.547766 -0.292745 0.023912 -0.18714 0.937394
3.897435 0.151155 0.059929 0.547041 -0.292802 0.024071 -0.187908 0.937218
3.902434 0.150866 0.061681 0.545356 -0.292614 0.023842 -0.189987 0.936864
3.907434 0.150603 0.063452 0.54356 -0.292224 0.02339 -0.192258 0.936534
3.912435 0.150368 0.065238 0.541651 -0.291587 0.022774 -0.194638 0.936256
3.91744 0.150048 0.067944 0.538656 -0.290386 0.021721 -0.198413 0.935861
3.922447 0.149901 0.069741 0.536479 -0.289375 0.020686 -0.200923 0.935663
3.927457 0.149795 0.071534 0.534204 -0.288262 0.0196 -0.203391 0.935496
3.932475 0.149729 0.073316 0.531833 -0.287125 0.018366 -0.205754 0.935354
3.93749 0.149717 0.075939 0.52809 -0.285361 0.016484 -0.208881 0.935236
3.942494 0.14973 0.07768 0.525544 -0.284219 0.015242 -0.210996 0.93513
3.947493 0.14978 0.079408 0.522939 -0.283119 0.013963 -0.212989 0.935032
3.952486 0.149852 0.081126 0.520277 -0.281999 0.012601 -0.215002 0.934929
3.957471 0.149906 0.08197 0.5189 -0.281512 0.011916 -0.215978 0.93486
3.962455 0.150001 0.083666 0.516175 -0.280474 0.010517 -0.217903 0.934742
3.967439 0.150108 0.085367 0.513399 -0.27949 0.009062 -0.219977 0.934566
3.972421 0.15023 0.087056 0.510583 -0.278584 0.007568 -0.222079 0.934352
3.977407 0.150361 0.088747 0.50772 -0.277776 0.005999 -0.224284 0.934078
3.982398 0.15042 0.089598 0.506306 -0.277306 0.005284 -0.225424 0.933947
3.987389 0.150574 0.091289 0.503373 -0.27654 0.003651 -0.227678 0.933635
3.992385 0.150727 0.092991 0.500398 -0.275797 0.00207 -0.230072 0.933273
3.997387 0.150889 0.094705 0.497382 -0.275065 0.000623 -0.232498 0.93289
4.0024 0.15115 0.097297 0.492798 -0.274018 -0.001643 -0.236376 0.932222
4.007414 0.151353 0.099026 0.489685 -0.273342 -0.003031 -0.238957 0.931759
4.012437 0.151591 0.100779 0.486529 -0.272533 -0.004415 -0.24164 0.931298
4.017452 0.151888 0.10254 0.483331 -0.271657 -0.005967 -0.244421 0.93082
4.022465 0.15222 0.104312 0.480115 -0.270763 -0.007533 -0.247357 0.930293
4.027475 0.152619 0.106082 0.476873 -0.269762 -0.00925 -0.250377 0.92976
4.032486 0.153408 0.108742 0.471934 -0.268257 -0.012444 -0.255046 0.928889
4.037493 0.153991 0.11052 0.468615 -0.267167 -0.014623 -0.258006 0.928354
4.042494 0.154652 0.112314 0.465255 -0.265899 -0.016956 -0.260934 0.92786
4.04749 0.155359 0.114106 0.461873 -0.264588 -0.0193 -0.263717 0.927402
4.052482 0.155765 0.115011 0.460146 -0.263793 -0.02039 -0.264837 0.927286
4.057466 0.156542 0.116812 0.456722 -0.262341 -0.022571 -0.267304 0.926939
4.062449 0.15736 0.118639 0.453266 -0.260722 -0.024578 -0.269704 0.92665
4.067433 0.158218 0.120471 0.449777 -0.259117 -0.026526 -0.271919 0.926399
4.07242 0.159101 0.122323 0.446272 -0.257322 -0.028102 -0.274033 0.92623
4.077411 0.159535 0.123239 0.444521 -0.256415 -0.02905 -0.275038 0.926154
4.082407 0.160452 0.125104 0.440982 -0.254417 -0.03032 -0.276917 0.926105
4.087407 0.161387 0.126976 0.437439 -0.252371 -0.031377 -0.278789 0.926068
4.09241 0.162359 0.128857 0.433883 -0.250272 -0.032379 -0.280718 0.92602
4.097418 0.163839 0.131704 0.428549 -0.247025 -0.033624 -0.283896 0.925878
4.102428 0.164868 0.133594 0.425003 -0.24479 -0.034443 -0.286107 0.925762
4.107432 0.165931 0.135486 0.421469 -0.242587 -0.035321 -0.288583 0.92554
4.112436 0.167037 0.137363 0.417948 -0.240491 -0.036438 -0.291189 0.925227
4.117443 0.168175 0.139235 0.414448 -0.238347 -0.037486 -0.293962 0.924863
4.12245 0.169348 0.141088 0.410963 -0.236284 -0.038537 -0.296696 0.924476
4.127458 0.170566 0.142941 0.407496 -0.234246 -0.039565 -0.29953 0.924037
4.132464 0.172513 0.145678 0.402321 -0.230921 -0.040801 -0.302998 0.92369
4.137468 0.173851 0.147505 0.398882 -0.228591 -0.041441 -0.305205 0.923514
4.14247 0.175228 0.149327 0.395458 -0.22613 -0.041741 -0.306895 0.923547
4.147465 0.176646 0.151153 0.39205 -0.223548 -0.041707 -0.3083 0.923709
4.152459 0.177418 0.152059 0.390361 -0.222098 -0.041392 -0.308594 0.923975
4.157456 0.178937 0.153869 0.386981 -0.219368 -0.041106 -0.30942 0.924363
4.162452 0.180513 0.15568 0.383628 -0.216524 -0.040533 -0.309926 0.924889
4.167447 0.182141 0.157482 0.380312 -0.213649 -0.039631 -0.310005 0.92557
4.172445 0.183832 0.159288 0.377042 -0.2107 -0.038472 -0.309905 0.926329
4.177442 0.18561 0.161075 0.373805 -0.207787 -0.037418 -0.309472 0.927174
4.182436 0.187455 0.162844 0.370621 -0.204862 -0.036224 -0.308691 0.928132
4.187432 0.188348 0.16374 0.369009 -0.203366 -0.035586 -0.308475 0.928557
4.192429 0.190314 0.165478 0.365911 -0.200404 -0.034386 -0.307425 0.929594
4.197429 0.192359 0.1672 0.362875 -0.197521 -0.033346 -0.306222 0.930646
4.202431 0.194474 0.168889 0.359905 -0.19461 -0.03228 -0.30482 0.931756
4.207433 0.197762 0.171394 0.355521 -0.190153 -0.031044 -0.302618 0.933435
4.212439 0.200068 0.173001 0.352704 -0.187203 -0.030433 -0.300911 0.934602
4.217446 0.202419 0.174588 0.349959 -0.184059 -0.029712 -0.299206 0.935797
4.22246 0.204824 0.176134 0.347283 -0.181017 -0.029124 -0.297444 0.93697
4.227463 0.207267 0.177646 0.344669 -0.177899 -0.028534 -0.295584 0.938173
4.232467 0.209718 0.17913 0.342129 -0.174692 -0.027723 -0.293715 0.939386
4.237472 0.212188 0.180577 0.339659 -0.171624 -0.026911 -0.291859 0.940553
4.242474 0.215873 0.182654 0.336136 -0.167141 -0.025327 -0.288685 0.942382
4.247475 0.218314 0.184015 0.333846 -0.164196 -0.024157 -0.286597 0.943567
4.252476 0.220729 0.185325 0.331629 -0.161344 -0.022875 -0.284341 0.944772
4.257475 0.223121 0.186589 0.329493 -0.158542 -0.021399 -0.282016 0.945978
4.262473 0.224295 0.187172 0.328501 -0.157248 -0.020622 -0.28075 0.946587
4.26747 0.226651 0.188375 0.326473 -0.15457 -0.019052 -0.278444 0.947742
4.272467 0.228991 0.18954 0.32452 -0.152016 -0.017428 -0.276147 0.948857
4.277466 0.231311 0.190663 0.322642 -0.149486 -0.015734 -0.273883 0.949944
4.282465 0.232469 0.191236 0.321679 -0.148193 -0.014859 -0.272726 0.950494
4.287465 0.236968 0.193186 0.318362 -0.143645 -0.011112 -0.268315 0.952497
4.292465 0.238104 0.193698 0.317491 -0.142426 -0.010214 -0.267136 0.953021
4.297466 0.240323 0.194603 0.315935 -0.140348 -0.008188 -0.264851 0.953986
4.302467 0.243628 0.195924 0.313683 -0.137199 -0.004967 -0.26152 0.955384
4.307465 0.245798 0.196717 0.312315 -0.135261 -0.002525 -0.259089 0.956332
4.312461 0.246868 0.197061 0.311707 -0.134314 -0.00108 -0.257677 0.95685
4.317455 0.247954 0.197448 0.31102 -0.133354 5e-05 -0.256435 0.957318
4.322454 0.25009 0.198128 0.309807 -0.131508 0.00285 -0.253571 0.958331
4.327455 0.25222 0.198794 0.308648 -0.129632 0.00584 -0.250723 0.959322
4.332458 0.25437 0.199428 0.307508 -0.127809 0.008348 -0.247854 0.960293
4.337461 0.257578 0.200344 0.305883 -0.124879 0.012658 -0.243065 0.961855
4.342465 0.259698 0.200919 0.304902 -0.122884 0.0161 -0.239595 0.96293
4.347469 0.261847 0.201501 0.303912 -0.120856 0.01888 -0.23625 0.963962
4.352472 0.26399 0.202061 0.30297 -0.118732 0.021893 -0.232633 0.965042
4.357475 0.266125 0.202602 0.302052 -0.116371 0.024986 -0.228722 0.966188
4.362478 0.268254 0.203133 0.301189 -0.113977 0.028465 -0.224685 0.967324
4.367477 0.270345 0.203602 0.300417 -0.111651 0.032545 -0.220044 0.968533
4.372477 0.272444 0.204053 0.299658 -0.109205 0.036267 -0.215574 0.969684
4.377477 0.274551 0.204472 0.298913 -0.106739 0.039386 -0.211299 0.970777
4.382487 0.276609 0.204805 0.298282 -0.10426 0.043436 -0.206531 0.971899
4.387495 0.279633 0.205219 0.297435 -0.100751 0.049323 -0.20005 0.973343
4.392498 0.281622 0.205482 0.29689 -0.098673 0.052986 -0.196263 0.974134
4.397499 0.283589 0.205677 0.296386 -0.096559 0.056534 -0.192451 0.974907
4.4025 0.285528 0.205848 0.295914 -0.094464 0.059963 -0.189108 0.975561
4.407495 0.286466 0.205887 0.29572 -0.093596 0.061591 -0.187695 0.975816
4.412498 0.288351 0.205974 0.295337 -0.091767 0.065193 -0.184488 0.976367
4.417498 0.290219 0.206018 0.294995 -0.089973 0.068836 -0.18141 0.976861
4.422495 0.292058 0.206035 0.294687 -0.088271 0.072352 -0.178656 0.977269
4.42749 0.293868 0.206021 0.29441 -0.086569 0.075857 -0.17609 0.977621
4.432484 0.295647 0.205961 0.294179 -0.084844 0.079495 -0.173457 0.977954
4.437475 0.297408 0.205871 0.293986 -0.083058 0.083246 -0.170804 0.978262
4.442463 0.299135 0.205762 0.293821 -0.081389 0.086934 -0.168315 0.978513
4.447453 0.300839 0.205617 0.293693 -0.079695 0.090817 -0.165721 0.978743
4.452446 0.301697 0.205544 0.293635 -0.078833 0.092844 -0.164384 0.978848
4.457442 0.303361 0.205377 0.293541 -0.07707 0.096914 -0.161711 0.979039
4.462446 0.304993 0.2052 0.293463 -0.075286 0.100976 -0.158995 0.979212
4.467453 0.306603 0.205 0.293395 -0.073415 0.105131 -0.156079 0.979386
4.472461 0.308988 0.204665 0.293322 -0.070744 0.111491 -0.151438 0.979608
4.477472 0.310553 0.204389 0.29332 -0.069078 0.115967 -0.147934 0.979743
4.482482 0.312908 0.203879 0.293364 -0.066688 0.12252 -0.142369 0.979935
4.487489 0.31448 0.203499 0.293427 -0.065104 0.126955 -0.138588 0.980019
4.492493 0.316068 0.203059 0.293519 -0.063716 0.131166 -0.134707 0.980097
4.497488 0.317677 0.20257 0.293633 -0.062452 0.135195 -0.131039 0.980128
4.502482 0.318504 0.202269 0.293722 -0.062058 0.136886 -0.129374 0.980139
4.507477 0.320983 0.201365 0.293974 -0.060898 0.141759 -0.124611 0.980137
4.51248 0.321803 0.20109 0.294048 -0.060436 0.143537 -0.122868 0.980127
4.517479 0.322625 0.200796 0.294129 -0.059964 0.145242 -0.121157 0.980117
4.52248 0.324303 0.200119 0.294336 -0.059472 0.148093 -0.118401 0.980058
4.527481 0.326835 0.199062 0.294663 -0.058965 0.151759 -0.114775 0.979959
4.532474 0.327663 0.198687 0.294796 -0.058999 0.152802 -0.114056 0.979879
4.53748 0.328487 0.198318 0.294924 -0.059014 0.153748 -0.113445 0.979801
4.542487 0.331809 0.196841 0.295427 -0.059014 0.157784 -0.110346 0.979513
4.547496 0.334153 0.195724 0.295847 -0.059257 0.160829 -0.108511 0.979208
4.552503 0.335679 0.195004 0.296129 -0.059326 0.163055 -0.107312 0.978968
4.557506 0.337139 0.194285 0.296416 -0.05936 0.165416 -0.105954 0.978717
4.562493 0.338539 0.193579 0.296706 -0.05927 0.168071 -0.10434 0.978444
4.567479 0.33917 0.193231 0.296845 -0.059115 0.169663 -0.103081 0.978312
4.572466 0.34048 0.192539 0.297121 -0.058814 0.172607 -0.10095 0.978037
4.57745 0.341724 0.191838 0.297405 -0.058523 0.175861 -0.098456 0.977729
4.582437 0.342368 0.191485 0.297547 -0.058414 0.177385 -0.097304 0.977576
4.587431 0.343525 0.190788 0.297822 -0.057875 0.181015 -0.094254 0.977241
4.592431 0.344632 0.190074 0.29809 -0.057304 0.18477 -0.090958 0.976884
4.597435 0.345693 0.189331 0.298356 -0.056695 0.188524 -0.087499 0.976518
4.602447 0.34724 0.188184 0.298756 -0.055797 0.19422 -0.082121 0.975921
4.607457 0.348212 0.18737 0.299031 -0.055318 0.197969 -0.078827 0.975466
4.612468 0.349169 0.186493 0.299306 -0.055002 0.20148 -0.075559 0.975024
4.617486 0.350107 0.185569 0.299582 -0.054743 0.204777 -0.072585 0.974577
4.622501 0.351028 0.184594 0.299863 -0.054721 0.207748 -0.070049 0.974135
4.627511 0.35192 0.183576 0.300152 -0.054823 0.210581 -0.068058 0.973662
4.632517 0.353224 0.181927 0.300573 -0.055386 0.214256 -0.065618 0.972996
4.637519 0.354088 0.180796 0.300843 -0.055898 0.216472 -0.064203 0.97257
4.642519 0.354931 0.179623 0.301105 -0.056503 0.218536 -0.062849 0.972162
4.647515 0.355748 0.178422 0.301361 -0.057226 0.220497 -0.061747 0.971748
4.65251 0.356131 0.177795 0.301473 -0.05763 0.22142 -0.06116 0.971551
4.657499 0.356898 0.17656 0.30171 -0.058417 0.223369 -0.06008 0.971125
4.662488 0.357636 0.175303 0.301933 -0.059234 0.225331 -0.058963 0.970691
4.667477 0.358344 0.174024 0.302137 -0.060051 0.22725 -0.057687 0.97027
4.672469 0.359024 0.172736 0.302314 -0.060853 0.229117 -0.056451 0.969853
4.677462 0.359663 0.171436 0.302469 -0.061625 0.23104 -0.055112 0.969425
4.682451 0.359993 0.170789 0.302559 -0.062035 0.232027 -0.054457 0.9692
4.687447 0.360574 0.169468 0.302682 -0.062725 0.234028 -0.05296 0.968758
4.692446 0.361118 0.168124 0.302786 -0.063437 0.236123 -0.051317 0.968291
4.697448 0.361618 0.166768 0.302864 -0.064123 0.23829 -0.049647 0.967802
4.702463 0.362336 0.164709 0.302944 -0.065033 0.241461 -0.046883 0.967093
4.707477 0.362769 0.163305 0.302953 -0.065663 0.243641 -0.044946 0.966596
4.712486 0.36317 0.161867 0.302943 -0.066345 0.245918 -0.042889 0.966066
4.717493 0.363564 0.160395 0.3029 -0.06709 0.248116 -0.040741 0.965545
4.722498 0.363939 0.158901 0.302822 -0.067817 0.250317 -0.038703 0.96501
4.7275 0.364307 0.15738 0.302701 -0.068488 0.252452 -0.036678 0.964485
4.732503 0.364679 0.155822 0.30254 -0.069161 0.254372 -0.034637 0.964008
4.737504 0.365243 0.153414 0.302186 -0.070208 0.256908 -0.031824 0.963357
4.742502 0.36562 0.15178 0.301925 -0.07094 0.258621 -0.030047 0.962902
4.747507 0.365996 0.150121 0.301619 -0.071646 0.260157 -0.028441 0.962485
4.752509 0.366376 0.148427 0.301271 -0.072331 0.261548 -0.026812 0.962103
4.757502 0.366562 0.147561 0.301056 -0.072684 0.262107 -0.026227 0.96194
4.762494 0.366943 0.145836 0.300651 -0.073363 0.263329 -0.024787 0.961593
4.767485 0.367321 0.144093 0.300202 -0.074003 0.264439 -0.023486 0.961272
4.772476 0.3677 0.142334 0.299718 -0.074668 0.265556 -0.022295 0.960941
4.777464 0.367896 0.141453 0.299486 -0.075003 0.266077 -0.021625 0.960786
4.782456 0.368268 0.139675 0.298952 -0.075601 0.267189 -0.020568 0.960454
4.78745 0.368616 0.137884 0.298381 -0.076086 0.268298 -0.019465 0.960129
4.792458 0.368977 0.136075 0.297762 -0.076578 0.269379 -0.018151 0.959813
4.797469 0.369491 0.133359 0.296801 -0.077205 0.271262 -0.016265 0.959266
4.802477 0.369813 0.13153 0.296095 -0.077485 0.272641 -0.014771 0.958877
4.807484 0.37013 0.129678 0.295363 -0.07784 0.27422 -0.012969 0.958424
4.812493 0.370617 0.126872 0.294135 -0.078308 0.276432 -0.009976 0.957786
4.817501 0.370939 0.124986 0.293282 -0.078638 0.277926 -0.007921 0.957346
4.822497 0.371289 0.123089 0.292377 -0.079016 0.279296 -0.005742 0.956931
4.827495 0.371639 0.121209 0.291424 -0.079324 0.280595 -0.003865 0.956535
4.832491 0.37184 0.120265 0.290877 -0.079487 0.280949 -0.003011 0.956421
4.837486 0.372209 0.118385 0.289835 -0.079748 0.281982 -0.001312 0.956099
4.84248 0.372601 0.116504 0.288735 -0.080139 0.282803 0.000256 0.955824
4.847474 0.373003 0.114628 0.287563 -0.080462 0.283353 0.001641 0.955633
4.852468 0.3732 0.113685 0.287001 -0.080597 0.283705 0.002452 0.955515
4.857464 0.373595 0.111817 0.285756 -0.0809 0.284186 0.00364 0.955343
4.862465 0.373975 0.10997 0.284452 -0.081166 0.284583 0.004546 0.955198
4.867467 0.37434 0.108127 0.283083 -0.081378 0.284874 0.005457 0.955089
4.87247 0.374837 0.105351 0.280983 -0.081691 0.285505 0.006825 0.954865
4.877471 0.375104 0.103509 0.279502 -0.081891 0.286097 0.007691 0.954664
4.88248 0.375329 0.101679 0.27796 -0.081891 0.28682 0.008638 0.954439
4.887489 0.375485 0.099834 0.276398 -0.081957 0.287888 0.00971 0.954101
4.892495 0.375591 0.09798 0.274804 -0.082134 0.289226 0.010788 0.95367
4.897498 0.375668 0.096103 0.273164 -0.082356 0.2907 0.012184 0.953185
4.902499 0.375702 0.094207 0.271481 -0.082602 0.292235 0.013545 0.952676
4.907499 0.375713 0.092292 0.269748 -0.082975 0.293742 0.014946 0.952159
4.912506 0.375721 0.090335 0.267963 -0.083531 0.295139 0.01659 0.951651
4.91751 0.375692 0.088357 0.266152 -0.084317 0.296549 0.018087 0.951116
4.92252 0.375662 0.086382 0.264281 -0.085201 0.297806 0.019384 0.950619
4.927525 0.375636 0.084415 0.262344 -0.086127 0.29878 0.020455 0.950207
4.932528 0.375567 0.081471 0.259281 -0.087725 0.299723 0.021828 0.949734
4.937526 0.375496 0.079515 0.2572 -0.088813 0.300399 0.022811 0.949396
4.94253 0.375402 0.077572 0.25508 -0.089939 0.301258 0.023941 0.94899
4.947529 0.375281 0.075646 0.252903 -0.091066 0.30216 0.025289 0.94856
4.952523 0.375189 0.074704 0.251755 -0.091576 0.302816 0.026387 0.948272
4.957513 0.375023 0.072834 0.249523 -0.092509 0.30432 0.028062 0.947652
4.962499 0.374849 0.070984 0.247214 -0.093397 0.305753 0.03011 0.94704
4.967484 0.374649 0.069132 0.24485 -0.09442 0.307346 0.032779 0.946334
4.97247 0.37443 0.067342 0.242452 -0.095233 0.309333 0.035399 0.945511
4.977458 0.374202 0.065589 0.23997 -0.095822 0.311316 0.038249 0.944689
4.982443 0.37399 0.063879 0.237406 -0.09643 0.313134 0.041271 0.943899
4.98743 0.373874 0.063005 0.236159 -0.096776 0.314178 0.042839 0.943446
4.992422 0.373682 0.061375 0.233464 -0.097112 0.315686 0.045813 0.942769
4.997421 0.373508 0.059802 0.230703 -0.097292 0.317031 0.048578 0.94216
5.002435 0.373363 0.058251 0.22781 -0.097579 0.31755 0.051438 0.941804
5.007448 0.373172 0.056034 0.223388 -0.097505 0.318152 0.055084 0.941402
5.01246 0.37308 0.054645 0.220302 -0.097241 0.317793 0.057104 0.94143
5.017473 0.372987 0.053302 0.217201 -0.097051 0.31744 0.058937 0.941456
5.022485 0.372901 0.051996 0.214047 -0.09676 0.316914 0.060498 0.941564
5.027495 0.372701 0.050109 0.209293 -0.096386 0.316562 0.062473 0.941592
5.032499 0.372566 0.048857 0.206093 -0.096364 0.31628 0.063839 0.941597
5.037501 0.372407 0.047649 0.202922 -0.096204 0.316522 0.064861 0.941463
5.042498 0.372225 0.046443 0.199737 -0.096274 0.316865 0.065961 0.941264
5.047493 0.372122 0.045835 0.198136 -0.096509 0.317169 0.066631 0.94109
5.052486 0.371937 0.044615 0.194922 -0.096916 0.31753 0.068016 0.940827
5.057479 0.371751 0.043408 0.191699 -0.097442 0.317962 0.069331 0.940531
5.062471 0.371561 0.042216 0.188476 -0.098128 0.318517 0.070686 0.940171
5.067465 0.371465 0.041618 0.186866 -0.098429 0.318813 0.071333 0.93999
5.07246 0.371318 0.040447 0.183601 -0.099373 0.31915 0.072816 0.939663
5.077466 0.371186 0.039328 0.180327 -0.100253 0.319454 0.074128 0.939363
5.082471 0.371091 0.03824 0.177007 -0.101201 0.319436 0.07566 0.939146
5.087477 0.370972 0.03667 0.172005 -0.102752 0.31933 0.077835 0.938835
5.09248 0.370953 0.035758 0.168602 -0.103624 0.318879 0.079055 0.938791
5.097482 0.37095 0.034914 0.165168 -0.104552 0.318322 0.080367 0.938766
5.102496 0.370968 0.034192 0.16171 -0.105028 0.317839 0.081402 0.938787
5.107506 0.37102 0.033323 0.15645 -0.105192 0.317075 0.083062 0.938882
5.11251 0.371057 0.032794 0.152927 -0.105228 0.316587 0.08449 0.938915
5.117509 0.371114 0.03236 0.149377 -0.104984 0.316008 0.085736 0.939024
5.122503 0.371193 0.03202 0.145802 -0.104511 0.315387 0.086977 0.939172
5.127494 0.371252 0.031936 0.143994 -0.104053 0.315039 0.087588 0.939283
5.132483 0.371344 0.031714 0.140419 -0.103343 0.31457 0.088707 0.939413
5.137472 0.371453 0.031584 0.136849 -0.102228 0.314298 0.089718 0.93953
5.14246 0.371596 0.031506 0.133239 -0.101123 0.313684 0.090867 0.939744
5.147451 0.371746 0.031492 0.129635 -0.099951 0.313118 0.091902 0.939958
5.152444 0.371905 0.031573 0.12605 -0.098533 0.312857 0.092573 0.940129
5.157438 0.37199 0.031598 0.124244 -0.097821 0.31258 0.092875 0.940265
5.162437 0.372182 0.03176 0.120642 -0.096383 0.312152 0.093471 0.940497
5.167439 0.372407 0.031942 0.11701 -0.09498 0.311334 0.09428 0.94083
5.172444 0.372624 0.032195 0.113443 -0.093381 0.311076 0.094884 0.941015
5.177452 0.372992 0.032619 0.108068 -0.09096 0.310409 0.095901 0.941369
5.182453 0.373245 0.032955 0.104539 -0.089364 0.310343 0.096718 0.94146
5.187457 0.373534 0.033298 0.101002 -0.087897 0.309985 0.097808 0.941603
5.192472 0.373856 0.033627 0.09748 -0.086508 0.309495 0.099325 0.941734
5.197486 0.374014 0.033793 0.095713 -0.085815 0.309245 0.100064 0.941802
5.202505 0.374143 0.034011 0.09403 -0.084873 0.309848 0.100459 0.941647
5.207516 0.374312 0.034191 0.092289 -0.084199 0.309763 0.101252 0.94165
