# timestamp[secs] tx ty tz qx qy qz qw
1541977096.101143 -0.0 -0.0 -0.0 -0.0 -0.0 -0.0 1.0
1541977096.134162 -0.0 -0.0 -0.0 -0.0 -0.0 -0.0 1.0
1541977096.167138 0.023525651544332504 0.002273865742608905 0.010183250531554222 -0.006579288747161627 0.002272186102345586 -0.0013504328671842813 0.9999749064445496
1541977096.200058 0.023525651544332504 0.002273865742608905 0.010183250531554222 -0.006579288747161627 0.002272186102345586 -0.0013504328671842813 0.9999749064445496
1541977096.232911 0.04750734567642212 0.004079608712345362 0.02022157795727253 -0.011821717955172062 0.0021170491818338633 -0.0009673501481302083 0.9999274015426636
1541977096.265712 0.04750734567642212 0.004079608712345362 0.02022157795727253 -0.011821717955172062 0.0021170491818338633 -0.0009673501481302083 0.9999274015426636
1541977096.298473 0.04750734567642212 0.004079608712345362 0.02022157795727253 -0.011821717955172062 0.0021170491818338633 -0.0009673501481302083 0.9999274015426636
1541977096.3312 0.04750734567642212 0.004079608712345362 0.02022157795727253 -0.011821717955172062 0.0021170491818338633 -0.0009673501481302083 0.9999274015426636
1541977096.363905 0.09018789231777191 0.0006922889151610434 0.05713802948594093 -0.014323546551167965 -0.0018670586869120598 -0.011071823537349701 0.999834418296814
1541977096.39658 0.09018789231777191 0.0006922889151610434 0.05713802948594093 -0.014323546551167965 -0.0018670586869120598 -0.011071823537349701 0.999834418296814
1541977096.429223 0.11976131796836853 -0.008975164964795113 0.07487798482179642 -0.01492715161293745 -0.002038199920207262 -0.02556544542312622 0.9995596408843994
1541977096.461821 0.11976131796836853 -0.008975164964795113 0.07487798482179642 -0.01492715161293745 -0.002038199920207262 -0.02556544542312622 0.9995596408843994
1541977096.494322 0.14167393743991852 -0.01589256338775158 0.08853747695684433 -0.013762383721768856 0.002075342694297433 -0.039850108325481415 0.9991087317466736
1541977096.526687 0.14167393743991852 -0.01589256338775158 0.08853747695684433 -0.013762383721768856 0.002075342694297433 -0.039850108325481415 0.9991087317466736
1541977096.558913 0.14167393743991852 -0.01589256338775158 0.08853747695684433 -0.013762383721768856 0.002075342694297433 -0.039850108325481415 0.9991087317466736
1541977096.591063 0.14167393743991852 -0.01589256338775158 0.08853747695684433 -0.013762383721768856 0.002075342694297433 -0.039850108325481415 0.9991087317466736
1541977096.623207 0.17097647488117218 -0.01863112300634384 0.10467568784952164 -0.009854963980615139 -0.0007441571215167642 -0.03266444057226181 0.9994174838066101
1541977096.655371 0.17097647488117218 -0.01863112486898899 0.10467568784952164 -0.009854964911937714 -0.0007441571797244251 -0.03266444429755211 0.9994175434112549
1541977096.687555 0.17097647488117218 -0.01863112486898899 0.10467568784952164 -0.009854964911937714 -0.0007441571797244251 -0.03266444429755211 0.9994175434112549
1541977096.719752 0.17097647488117218 -0.01863112486898899 0.10467568784952164 -0.009854964911937714 -0.0007441571797244251 -0.03266444429755211 0.9994175434112549
1541977096.751954 0.17097647488117218 -0.01863112486898899 0.10467568784952164 -0.009854964911937714 -0.0007441571797244251 -0.03266444429755211 0.9994175434112549
1541977096.784162 0.17097647488117218 -0.01863112486898899 0.10467568784952164 -0.009854964911937714 -0.0007441571797244251 -0.03266444429755211 0.9994175434112549
1541977096.816372 0.17097647488117218 -0.01863112486898899 0.10467568784952164 -0.009854964911937714 -0.0007441571797244251 -0.03266444429755211 0.9994175434112549
1541977096.848595 0.16854150593280792 -0.015092970803380013 0.09142863005399704 -0.015283269807696342 -0.0015253836754709482 -0.01623663492500782 0.9997501969337463
1541977096.880843 0.1677834689617157 -0.014661455526947975 0.08504119515419006 -0.01835864968597889 0.0023303863126784563 -0.008372503332793713 0.9997937083244324
1541977096.913104 0.16612423956394196 -0.016113068908452988 0.07837504148483276 -0.018733402714133263 0.005399006884545088 0.002785433316603303 0.9998060464859009
1541977096.945333 0.16430099308490753 -0.01882355287671089 0.07374190539121628 -0.02051965706050396 0.010423775762319565 0.007970301434397697 0.9997034072875977
1541977096.977515 0.16192103922367096 -0.017949292436242104 0.06620434671640396 -0.023290378972887993 0.016094185411930084 0.011475624516606331 0.9995333552360535
1541977097.009668 0.15735675394535065 -0.020126793533563614 0.055187150835990906 -0.026604313403367996 0.020211132243275642 0.019151810556650162 0.9992582201957703
1541977097.04181 0.1552584171295166 -0.019299261271953583 0.05026698857545853 -0.027233323082327843 0.02236001566052437 0.0243555698543787 0.9990822672843933
1541977097.073949 0.15240508317947388 -0.017498111352324486 0.044680144637823105 -0.028420062735676765 0.025542907416820526 0.026376472786068916 0.9989215135574341
1541977097.106096 0.14685498178005219 -0.013272073119878769 0.038121480494737625 -0.02914397232234478 0.028001878410577774 0.027887331321835518 0.9987937211990356
1541977097.138265 0.13727231323719025 -0.011501582339406013 0.03326850011944771 -0.03049647808074951 0.030536917969584465 0.030463330447673798 0.9986037611961365
1541977097.17046 0.12686236202716827 -0.009692719206213951 0.02747761458158493 -0.03285364806652069 0.03196414187550545 0.03181502968072891 0.9984421730041504
1541977097.202678 0.11314698308706284 -0.00462998915463686 0.021906889975070953 -0.036857228726148605 0.03253844752907753 0.029074111953377724 0.998367428779602
1541977097.234917 0.10003586113452911 0.002950246911495924 0.01802786812186241 -0.04120521619915962 0.03385358676314354 0.024902276694774628 0.9982665181159973
1541977097.267169 0.08616035431623459 0.007856274954974651 0.010398251935839653 -0.04522173851728439 0.03501082956790924 0.02275455929338932 0.9981039762496948
1541977097.299436 0.07779181748628616 0.016317542642354965 0.00747835636138916 -0.04518336430191994 0.035039160400629044 0.021448422223329544 0.998133659362793
1541977097.331731 0.06589977443218231 0.003968657925724983 -0.0016758869169279933 -0.0546308308839798 0.03656833618879318 0.021201398223638535 0.9976115226745605
1541977097.364083 0.050276342779397964 0.00600349809974432 -0.006149172782897949 -0.059063464403152466 0.038057781755924225 0.02024351805448532 0.9973230957984924
1541977097.396525 0.033212561160326004 0.007425939664244652 -0.011886605992913246 -0.06396760046482086 0.038497522473335266 0.019050894305109978 0.9970272183418274
1541977097.429041 0.018682993948459625 0.0090276338160038 -0.016257960349321365 -0.06774934381246567 0.0384647436439991 0.01807064563035965 0.9967969059944153
1541977097.461582 0.009929824620485306 0.017055198550224304 -0.016764096915721893 -0.06828226149082184 0.03740346431732178 0.018258383497595787 0.996797502040863
1541977097.494132 -0.0022627501748502254 0.022894343361258507 -0.0187681932002306 -0.06854818761348724 0.03720816969871521 0.02033798210322857 0.9967462420463562
1541977097.526706 -0.015948563814163208 0.02612423337996006 -0.01843603141605854 -0.06964407861232758 0.03764684870839119 0.024491477757692337 0.9965604543685913
1541977097.559314 -0.0280486810952425 0.029894841834902763 -0.02124650590121746 -0.07127749919891357 0.03834274038672447 0.02778738923370838 0.9963319301605225
1541977097.591964 -0.04033936932682991 0.031695976853370667 -0.02241765707731247 -0.07198356837034225 0.04057992249727249 0.03051871433854103 0.996112585067749
1541977097.624659 -0.05085698515176773 0.031140077859163284 -0.02336849644780159 -0.07302805781364441 0.0421827994287014 0.03313210979104042 0.995886504650116
1541977097.657407 -0.0563143789768219 0.029229696840047836 -0.025197124108672142 -0.074025459587574 0.042189132422208786 0.033388227224349976 0.9958040118217468
1541977097.690233 -0.05820906534790993 0.030633870512247086 -0.025510160252451897 -0.07289120554924011 0.04367980360984802 0.0336792953312397 0.9958136081695557
1541977097.723148 -0.05732332915067673 0.03230666741728783 -0.024508953094482422 -0.07064700871706009 0.04698634147644043 0.039088450372219086 0.9956271648406982
1541977097.756149 -0.058685414493083954 0.031014032661914825 -0.02311432920396328 -0.06719288229942322 0.0513419508934021 0.052116069942712784 0.995054304599762
1541977097.789223 -0.05853118374943733 0.027982337400317192 -0.019694972783327103 -0.06470943242311478 0.051951032131910324 0.0646289810538292 0.9944531321525574
1541977097.822317 -0.052479375153779984 0.025589587166905403 -0.018060753121972084 -0.064895398914814 0.05930706113576889 0.07622592896223068 0.9932073950767517
1541977097.85538 -0.048247743397951126 0.023252468556165695 -0.016546012833714485 -0.06297754496335983 0.07171047478914261 0.09064384549856186 0.9912997484207153
1541977097.888397 -0.04106104001402855 0.02192460559308529 -0.01164808589965105 -0.05500123277306557 0.07405072450637817 0.10543042421340942 0.9901393055915833
1541977097.921328 -0.034947238862514496 0.023309651762247086 -0.004644039086997509 -0.047726672142744064 0.07699976116418839 0.117732934653759 0.988904595375061
1541977097.954135 -0.031158270314335823 0.02222355082631111 0.0008171346853487194 -0.04182163253426552 0.0823972076177597 0.1258506327867508 0.9877365231513977
1541977097.986834 -0.02582758106291294 0.020221734419465065 0.006753070745617151 -0.03628075495362282 0.08660849183797836 0.12785878777503967 0.9873372316360474
1541977098.019452 -0.022938665002584457 0.018997350707650185 0.010857691057026386 -0.03026670217514038 0.09077449142932892 0.12979772686958313 0.9869126081466675
1541977098.051989 -0.018704311922192574 0.018121633678674698 0.015563946217298508 -0.02543833665549755 0.09612607210874557 0.13196878135204315 0.9862540364265442
1541977098.084451 -0.013794435188174248 0.016318578273057938 0.018714815378189087 -0.021899374201893806 0.09941431879997253 0.1361059695482254 0.9854503273963928
1541977098.116858 -0.003035623347386718 0.013972565531730652 0.022785864770412445 -0.019773686304688454 0.10116535425186157 0.13948717713356018 0.9848440885543823
1541977098.149229 0.007954823784530163 0.011764710769057274 0.022832220420241356 -0.019283991307020187 0.10163597762584686 0.14394542574882507 0.9841635823249817
1541977098.181576 0.04239850118756294 0.009822380729019642 0.013638309203088284 -0.020675962790846825 0.09069976955652237 0.1487370878458023 0.9844914674758911
1541977098.213892 0.05307171866297722 0.010130542330443859 0.01647263765335083 -0.018021779134869576 0.09151997417211533 0.1551932394504547 0.983470618724823
1541977098.246173 0.06431235373020172 0.00850041676312685 0.017802495509386063 -0.017216863110661507 0.09432398527860641 0.162307471036911 0.9820707440376282
1541977098.278415 0.07343495637178421 0.005791066214442253 0.01620451919734478 -0.01894523948431015 0.0984051302075386 0.17174550890922546 0.9800311923027039
1541977098.310608 0.08431658893823624 0.006050008349120617 0.016321565955877304 -0.01770234853029251 0.09845326095819473 0.18460460007190704 0.9777089357376099
1541977098.342733 0.09338521212339401 0.006987778469920158 0.021248307079076767 -0.014202214777469635 0.09793291240930557 0.1991254687309265 0.9749648571014404
1541977098.37478 0.11474373936653137 0.011558588594198227 0.02095571905374527 -0.01347246952354908 0.09298643469810486 0.21251095831394196 0.97263103723526
1541977098.406749 0.12267269194126129 0.012841280549764633 0.024395577609539032 -0.014976421371102333 0.09294906258583069 0.22137659788131714 0.9706331491470337
1541977098.438649 0.12793660163879395 0.01192486472427845 0.030926765874028206 -0.012119302526116371 0.08703834563493729 0.2287994772195816 0.9694990515708923
1541977098.470489 0.13107775151729584 0.007499879691749811 0.0356149822473526 -0.007325373124331236 0.08227789402008057 0.23910962045192719 0.9674726724624634
1541977098.502279 0.1356295496225357 0.0005715051665902138 0.03971603885293007 -0.005497187841683626 0.07936295866966248 0.24777080118656158 0.9655469655990601
1541977098.534034 0.14260345697402954 -0.0023611895740032196 0.047203291207551956 -0.00225009024143219 0.07530303299427032 0.2510455846786499 0.9650391340255737
1541977098.565778 0.1435409039258957 -0.009915524162352085 0.0552033931016922 0.0014331447891891003 0.07006780058145523 0.2499627321958542 0.9657158851623535
1541977098.597527 0.14474554359912872 -0.01512849610298872 0.06524764001369476 0.005635058041661978 0.06091202050447464 0.24827991425991058 0.9667549729347229
1541977098.629263 0.13953092694282532 -0.023208118975162506 0.07371164113283157 0.007447997573763132 0.05540866404771805 0.24506039917469025 0.9678946137428284
1541977098.660957 0.14006391167640686 -0.031104516237974167 0.08273444324731827 0.008857977576553822 0.04941056668758392 0.24171875417232513 0.9690470695495605
1541977098.692604 0.13683655858039856 -0.04127156361937523 0.09110040962696075 0.01135887298732996 0.04661564528942108 0.24054209887981415 0.9694521427154541
1541977098.724229 0.1332419365644455 -0.05042002722620964 0.1010100319981575 0.01727747730910778 0.043494950979948044 0.24378451704978943 0.96869957447052
1541977098.755874 0.1303444355726242 -0.060391370207071304 0.10905996710062027 0.02403155155479908 0.039547763764858246 0.24791227281093597 0.96767657995224
1541977098.787541 0.12730057537555695 -0.07030053436756134 0.11972492933273315 0.028523439541459084 0.03675421327352524 0.24947337806224823 0.9672635197639465
1541977098.819197 0.12333578616380692 -0.08156053721904755 0.13037802278995514 0.031204257160425186 0.03565654903650284 0.2495582103729248 0.9671999216079712
1541977098.850808 0.11592255532741547 -0.09377229958772659 0.1400676667690277 0.036166172474622726 0.036589380353689194 0.2509824335575104 0.9666235446929932
1541977098.882373 0.10747367888689041 -0.10557541251182556 0.150345116853714 0.03999897837638855 0.037225428968667984 0.25387972593307495 0.9656912684440613
1541977098.9139 0.09845109283924103 -0.11703503131866455 0.1587580293416977 0.04093846306204796 0.03809398412704468 0.25867730379104614 0.9643438458442688
1541977098.945376 0.09373580664396286 -0.12612846493721008 0.1662212610244751 0.04647091403603554 0.03659624233841896 0.26908808946609497 0.9612974524497986
1541977098.976817 0.08724097907543182 -0.13677093386650085 0.17366929352283478 0.05598463490605354 0.036555904895067215 0.2806328535079956 0.9574835300445557
1541977099.008255 0.07809242606163025 -0.15166205167770386 0.18097180128097534 0.05900080129504204 0.039711110293865204 0.2850054204463959 0.9558838605880737
1541977099.039668 0.07061640918254852 -0.1657417267560959 0.18783168494701385 0.058768656104803085 0.04023732617497444 0.28511571884155273 0.9558432698249817
1541977099.07101 0.05872835963964462 -0.17745044827461243 0.1987190842628479 0.06291867792606354 0.039659008383750916 0.290874183177948 0.9538661241531372
1541977099.10228 0.047862593084573746 -0.18845224380493164 0.20721285045146942 0.06660271435976028 0.03876117989420891 0.3005900979042053 0.9506351947784424
1541977099.133494 0.03919947147369385 -0.20087766647338867 0.2126559317111969 0.06701058894395828 0.03986585512757301 0.30884870886802673 0.9479097127914429
1541977099.164662 0.03301892429590225 -0.20948299765586853 0.21804213523864746 0.06948461383581161 0.03939167037606239 0.31441953778266907 0.9459178447723389
1541977099.195813 0.02433556318283081 -0.21867570281028748 0.22423182427883148 0.07391524314880371 0.0385778471827507 0.31854555010795593 0.9442335963249207
1541977099.226971 0.02014675736427307 -0.22581592202186584 0.22862616181373596 0.07758214324712753 0.03733840957283974 0.31933653354644775 0.9437219500541687
1541977099.258112 0.013529147952795029 -0.23633059859275818 0.23285573720932007 0.0761362686753273 0.040281783789396286 0.3160417675971985 0.944827139377594
1541977099.289185 0.011029120534658432 -0.2399284839630127 0.2338738888502121 0.07724917680025101 0.039817821234464645 0.3137287199497223 0.9455271363258362
1541977099.320179 0.005568046122789383 -0.24546071887016296 0.23327335715293884 0.07648134231567383 0.040236443281173706 0.3128513991832733 0.9458624124526978
1541977099.351134 0.0017424561083316803 -0.24858389794826508 0.232859268784523 0.07554253935813904 0.04065528139472008 0.31070592999458313 0.9466268420219421
1541977099.382076 -0.00036411359906196594 -0.24506282806396484 0.23165588080883026 0.07365471124649048 0.04020717367529869 0.3055654764175415 0.9484661817550659
1541977099.413023 -0.0017887726426124573 -0.23830369114875793 0.2295622080564499 0.0693601667881012 0.04151266813278198 0.29582440853118896 0.9518160820007324
1541977099.443993 0.004884053021669388 -0.22495685517787933 0.22501829266548157 0.06399451196193695 0.043435484170913696 0.2879851758480072 0.954506516456604
1541977099.474991 0.0162968747317791 -0.20542392134666443 0.21729721128940582 0.058459050953388214 0.04461298882961273 0.28404292464256287 0.9559873938560486
1541977099.506004 0.030908020213246346 -0.1833476573228836 0.21013937890529633 0.054192088544368744 0.044743698090314865 0.28144827485084534 0.9569994807243347
1541977099.537024 0.046173542737960815 -0.16125711798667908 0.20121122896671295 0.046760644763708115 0.04732079058885574 0.2753392457962036 0.959042489528656
1541977099.56804 0.05636715516448021 -0.14159612357616425 0.19351328909397125 0.03686548396945 0.05322293937206268 0.2638125717639923 0.9623986482620239
1541977099.599054 0.06941694766283035 -0.12066500633955002 0.1837935894727707 0.028743861243128777 0.054470937699079514 0.25252652168273926 0.9656278491020203
1541977099.630075 0.07846131175756454 -0.10135586559772491 0.17481280863285065 0.019878804683685303 0.05513281002640724 0.24109169840812683 0.968731164932251
1541977099.661137 0.08490471541881561 -0.08222092688083649 0.16683967411518097 0.011988920159637928 0.05221555754542351 0.22922146320343018 0.9718988537788391
1541977099.692285 0.08852139860391617 -0.06376749277114868 0.15905289351940155 0.004546386189758778 0.045961834490299225 0.21917882561683655 0.9745909571647644
1541977099.723564 0.09037332236766815 -0.04651793837547302 0.15276041626930237 -0.005215911660343409 0.03723923861980438 0.2092336267232895 0.9771424531936646
1541977099.755007 0.08908189833164215 -0.02796090394258499 0.15047430992126465 -0.015355649404227734 0.02692527510225773 0.19547100365161896 0.9802195429801941
1541977099.786612 0.08406386524438858 -0.014035573229193687 0.14410100877285004 -0.03065715916454792 0.018223103135824203 0.17467130720615387 0.9839807152748108
1541977099.818344 0.08747459203004837 -0.005853535607457161 0.13497577607631683 -0.054933659732341766 0.009750048629939556 0.1471738964319229 0.9875358939170837
1541977099.850182 0.09392912685871124 0.00260735722258687 0.12539157271385193 -0.08078154176473618 0.0030400559771806 0.12073583900928497 0.9893876910209656
1541977099.882136 0.09924251586198807 0.011376189067959785 0.11303423345088959 -0.10064364969730377 0.0006101393955759704 0.10801032185554504 0.9890421032905579
1541977099.914216 0.10488471388816833 0.024021044373512268 0.10324087738990784 -0.10897503048181534 0.0043806880712509155 0.10879931598901749 0.9880627393722534
1541977099.946424 0.11305124312639236 0.03367822617292404 0.08925572782754898 -0.1177959069609642 0.015097799710929394 0.11189858615398407 0.9865977168083191
1541977099.978746 0.12860709428787231 0.04335861653089523 0.07399707287549973 -0.1255847066640854 0.026699041947722435 0.11576684564352036 0.9849435687065125
1541977100.011147 0.13680456578731537 0.054764121770858765 0.06065971776843071 -0.1270565390586853 0.03821025788784027 0.12530185282230377 0.9832070469856262
1541977100.043562 0.14493584632873535 0.05551614239811897 0.04791906103491783 -0.1300162822008133 0.046114467084407806 0.1357651948928833 0.9810897707939148
1541977100.075926 0.15294387936592102 0.05772234499454498 0.034824006259441376 -0.134830042719841 0.059577327221632004 0.1403006762266159 0.9790746569633484
1541977100.10822 0.15135769546031952 0.06379008293151855 0.028105009347200394 -0.13136138021945953 0.07574732601642609 0.14972642064094543 0.9770305156707764
1541977100.14046 0.15510407090187073 0.06375756114721298 0.026229800656437874 -0.1228003203868866 0.08012967556715012 0.16138598322868347 0.9759374856948853
1541977100.172628 0.15973104536533356 0.059967413544654846 0.027059705927968025 -0.12147693336009979 0.0911903828382492 0.16193340718746185 0.9750412106513977
1541977100.20471 0.1617271602153778 0.06080988422036171 0.029557792469859123 -0.12173105776309967 0.10080040991306305 0.16084109246730804 0.9742438793182373
1541977100.236722 0.16569167375564575 0.055033326148986816 0.03407500684261322 -0.11957757920026779 0.10249078273773193 0.16761520504951477 0.9731916785240173
1541977100.268678 0.18056543171405792 0.05187540128827095 0.03934313356876373 -0.11039967089891434 0.101177878677845 0.17461839318275452 0.9731820821762085
1541977100.300611 0.1882907897233963 0.04563898220658302 0.04533232003450394 -0.10169322043657303 0.10471644252538681 0.1686921864748001 0.9748005270957947
1541977100.332545 0.1936887800693512 0.034262146800756454 0.05389046669006348 -0.09510504454374313 0.10611381381750107 0.1565323919057846 0.977339506149292
1541977100.364434 0.19745586812496185 0.026394516229629517 0.06416197121143341 -0.08536025881767273 0.10509654879570007 0.13969725370407104 0.9808940291404724
1541977100.396236 0.20325623452663422 0.018815893679857254 0.073635995388031 -0.08140674978494644 0.09962804615497589 0.11756929755210876 0.9846951961517334
1541977100.427945 0.20881958305835724 0.012091667391359806 0.08096805959939957 -0.08870889991521835 0.09101691097021103 0.08888950198888779 0.9878994822502136
1541977100.459581 0.21268416941165924 0.007995030842721462 0.08589641004800797 -0.09871239215135574 0.08343226462602615 0.05432957410812378 0.9901228547096252
1541977100.491201 0.2166496366262436 0.007615819573402405 0.0911853164434433 -0.09955820441246033 0.07300451397895813 0.026073025539517403 0.9920074939727783
1541977100.522863 0.21979263424873352 0.00557040935382247 0.09789080172777176 -0.09339877218008041 0.06253186613321304 0.0072830491699278355 0.9936364889144897
1541977100.554589 0.22487270832061768 -0.0007329608779400587 0.09886521100997925 -0.09239625930786133 0.05898775905370712 -0.010259544476866722 0.9939205646514893
1541977100.586367 0.2318076640367508 -0.002061254344880581 0.09796909242868423 -0.09285630285739899 0.06056224927306175 -0.029978403821587563 0.9933837652206421
1541977100.618193 0.23494209349155426 -0.0008137172553688288 0.0982111394405365 -0.08830820769071579 0.059858325868844986 -0.043002210557460785 0.9933627843856812
1541977100.650091 0.24090521037578583 -0.0018593760905787349 0.09785875678062439 -0.08292028307914734 0.05350964143872261 -0.052487533539533615 0.9937334060668945
1541977100.682081 0.24862776696681976 0.00233283219859004 0.09841844439506531 -0.07599522918462753 0.04558029770851135 -0.060875486582517624 0.9942038655281067
1541977100.714161 0.25406166911125183 0.010994728654623032 0.1022341400384903 -0.06515178829431534 0.03696292266249657 -0.06348774582147598 0.9951674938201904
1541977100.746309 0.26437199115753174 0.022506706416606903 0.10559656471014023 -0.055114876478910446 0.027769822627305984 -0.06391456723213196 0.9960452914237976
1541977100.778511 0.2684178650379181 0.032094571739435196 0.1063918024301529 -0.051905591040849686 0.022938525304198265 -0.06566116958856583 0.9962270259857178
1541977100.810769 0.2793799936771393 0.03730607405304909 0.10944771021604538 -0.04683931916952133 0.017790988087654114 -0.06694204360246658 0.9964980483055115
1541977100.843093 0.2855713665485382 0.045025963336229324 0.11614949256181717 -0.03864762932062149 0.019810698926448822 -0.06332626938819885 0.997047483921051
1541977100.875509 0.29616039991378784 0.05371220037341118 0.12044545263051987 -0.0343339629471302 0.021587161347270012 -0.05549313873052597 0.9976350665092468
1541977100.908002 0.3005858063697815 0.07413507252931595 0.13097818195819855 -0.028784431517124176 0.019950607791543007 -0.047428030520677567 0.9982605576515198
1541977100.940506 0.2976580858230591 0.08851142227649689 0.13941682875156403 -0.034545984119176865 0.020534619688987732 -0.043403856456279755 0.9982490539550781
1541977100.97293 0.29645371437072754 0.09705153852701187 0.14926733076572418 -0.033952496945858 0.020235635340213776 -0.04082481190562248 0.9983842968940735
1541977101.00519 0.3034328818321228 0.10148150473833084 0.15536780655384064 -0.027301879599690437 0.013075809925794601 -0.036394521594047546 0.9988789558410645
1541977101.03728 0.3061318099498749 0.10528916865587234 0.1622822880744934 -0.022251736372709274 0.00577859440818429 -0.03204059973359108 0.9992221593856812
1541977101.069328 0.3057498037815094 0.11263366788625717 0.17405101656913757 -0.017848791554570198 -0.004184084944427013 -0.027719231322407722 0.9994476437568665
1541977101.101421 0.30190080404281616 0.1149679571390152 0.1822851002216339 -0.014889276586472988 -0.01853153482079506 -0.017691930755972862 0.9995609521865845
1541977101.133556 0.2917470633983612 0.11871164292097092 0.188043475151062 -0.014045803807675838 -0.026958715170621872 -0.014052468352019787 0.9994391202926636
1541977101.165681 0.2792506814002991 0.1209387481212616 0.19457989931106567 -0.009578729048371315 -0.030943283811211586 -0.01079251617193222 0.9994170069694519
1541977101.197754 0.2679629921913147 0.11591258645057678 0.19977067410945892 -0.004774665459990501 -0.036333419382572174 -0.005720446351915598 0.9993119835853577
1541977101.229819 0.2558377981185913 0.11087694019079208 0.20380054414272308 0.002488996833562851 -0.03823666647076607 -0.0022819475270807743 0.9992631077766418
1541977101.261941 0.24372486770153046 0.10654345154762268 0.20688262581825256 0.009888596832752228 -0.03975944221019745 0.000980825163424015 0.9991598725318909
1541977101.294127 0.227739155292511 0.10160049796104431 0.20971597731113434 0.01482122391462326 -0.03990073874592781 0.00405116006731987 0.999085545539856
1541977101.326366 0.2185535430908203 0.09232813864946365 0.20816445350646973 0.0100428881123662 -0.03990206494927406 0.005093440879136324 0.999140202999115
1541977101.358649 0.2086295634508133 0.08780113607645035 0.21207444369792938 0.011143476702272892 -0.035467226058244705 0.008874805644154549 0.9992693066596985
1541977101.390991 0.20490366220474243 0.0808628499507904 0.21221892535686493 0.013956564478576183 -0.03290022537112236 0.013669436797499657 0.9992676973342896
1541977101.423428 0.1940211057662964 0.07465488463640213 0.21518000960350037 0.019486751407384872 -0.021299634128808975 0.01887235976755619 0.9994050860404968
1541977101.455945 0.18612881004810333 0.06772401928901672 0.21296152472496033 0.016893241554498672 -0.007664158474653959 0.026350492611527443 0.999480664730072
1541977101.488454 0.17969167232513428 0.06343243271112442 0.21234478056430817 0.013637105002999306 0.004703061655163765 0.03985166549682617 0.9991015195846558
1541977101.520881 0.17226707935333252 0.05858930945396423 0.21201106905937195 0.007987596094608307 0.0181070938706398 0.0529986247420311 0.99839848279953
1541977101.553196 0.1647893488407135 0.05088697001338005 0.2097189873456955 0.0017756207380443811 0.032547686249017715 0.06291264295578003 0.9974865913391113
1541977101.585367 0.1565253883600235 0.043830107897520065 0.20838327705860138 -0.007722255773842335 0.04618440568447113 0.07226491719484329 0.9962857365608215
1541977101.617384 0.1500450223684311 0.03704121708869934 0.20798370242118835 -0.02134759910404682 0.057036206126213074 0.08191320300102234 0.9947770833969116
1541977101.649262 0.142025887966156 0.0342157818377018 0.20986416935920715 -0.030977515503764153 0.06840818375349045 0.09635800123214722 0.9925099611282349
1541977101.680998 0.13326773047447205 0.028779853135347366 0.21289972960948944 -0.03809129819273949 0.07629869878292084 0.11473651975393295 0.9897288084030151
1541977101.712578 0.11979600787162781 0.02020137943327427 0.21666719019412994 -0.04191293194890022 0.0795418992638588 0.13234534859657288 0.98711758852005
1541977101.744024 0.11266610026359558 0.010826636105775833 0.21695014834403992 -0.04521983861923218 0.07814403623342514 0.1452692151069641 0.9852641820907593
1541977101.775409 0.10022130608558655 0.0005822586826980114 0.22092247009277344 -0.05005233362317085 0.08082403242588043 0.15352612733840942 0.9835608601570129
1541977101.806815 0.09035754203796387 -0.0030137700960040092 0.22946542501449585 -0.04616129398345947 0.08023898303508759 0.1609904021024704 0.9826052188873291
1541977101.838305 0.08084025233983994 -0.01522051077336073 0.2370976358652115 -0.0391366221010685 0.07759708166122437 0.17230042815208435 0.9812031388282776
1541977101.869908 0.06969756633043289 -0.03025519847869873 0.2423713654279709 -0.031522538512945175 0.07856985181570053 0.18283207714557648 0.9794925451278687
1541977101.901595 0.06100611388683319 -0.04481210559606552 0.24919216334819794 -0.027282901108264923 0.08240863680839539 0.1882258653640747 0.9782819151878357
1541977101.933282 0.05391177162528038 -0.05407005548477173 0.2576046288013458 -0.02144596166908741 0.08438418060541153 0.19212481379508972 0.9775006175041199
1541977101.964917 0.045550186187028885 -0.06846786290407181 0.2635497748851776 -0.014717881567776203 0.08743021637201309 0.19917011260986328 0.9759460091590881
1541977101.996497 0.03770821541547775 -0.08527469635009766 0.2697180211544037 -0.009131768718361855 0.09621325135231018 0.20720359683036804 0.9735124111175537
1541977102.028012 0.03596847131848335 -0.0956067442893982 0.27277249097824097 -0.0035843588411808014 0.10516242682933807 0.215984508395195 0.9707104563713074
1541977102.059422 0.03361939638853073 -0.10917775332927704 0.27565690875053406 0.0002680132747627795 0.1173761636018753 0.2278895378112793 0.9665863513946533
1541977102.090703 0.032406046986579895 -0.11835825443267822 0.27783066034317017 0.0075339460745453835 0.13207517564296722 0.24100522696971893 0.9614654779434204
1541977102.121862 0.03129078820347786 -0.12807925045490265 0.2764023542404175 0.011664916761219501 0.14569509029388428 0.25902259349823 0.9547482132911682
1541977102.152899 0.03303898125886917 -0.1355067640542984 0.27364954352378845 0.014302769675850868 0.15576907992362976 0.2809014916419983 0.9469032883644104
1541977102.183801 0.03942864388227463 -0.1365918219089508 0.26655128598213196 0.019703058525919914 0.16579392552375793 0.3059436082839966 0.9372954368591309
1541977102.214581 0.04348790645599365 -0.1366451233625412 0.2599869668483734 0.028843633830547333 0.1762625128030777 0.3307320475578308 0.9266692996025085
1541977102.245265 0.047087572515010834 -0.13545742630958557 0.25376689434051514 0.03275156021118164 0.18223735690116882 0.3439255654811859 0.9205607771873474
1541977102.275841 0.05167178064584732 -0.1315537691116333 0.24798686802387238 0.03538895770907402 0.18526476621627808 0.3496374785900116 0.9177026748657227
1541977102.306307 0.05201858654618263 -0.13184872269630432 0.2409723401069641 0.03496697545051575 0.1919531226158142 0.35447368025779724 0.914483368396759
1541977102.336716 0.05202452838420868 -0.12949413061141968 0.23572281002998352 0.03302571550011635 0.19972684979438782 0.357791930437088 0.9115939140319824
1541977102.367111 0.05697500333189964 -0.1255803257226944 0.22568753361701965 0.031076453626155853 0.20223179459571838 0.3616678714752197 0.9095784425735474
1541977102.397495 0.058486469089984894 -0.12182313203811646 0.21671155095100403 0.02989881858229637 0.2046845406293869 0.3648901879787445 0.9077805280685425
1541977102.427872 0.05843041092157364 -0.11866611242294312 0.21156661212444305 0.029918955639004707 0.20686638355255127 0.36893224716186523 0.9056490659713745
1541977102.458255 0.054574236273765564 -0.11570215225219727 0.20757406949996948 0.030630245804786682 0.20860552787780762 0.37296023964881897 0.9035741686820984
1541977102.488662 0.056481339037418365 -0.11447608470916748 0.20049837231636047 0.03198854997754097 0.20735174417495728 0.37811076641082764 0.9016730785369873
1541977102.519112 0.054735906422138214 -0.11300575733184814 0.19597117602825165 0.03442005440592766 0.2082023173570633 0.38160577416419983 0.8999134302139282
1541977102.549599 0.05339089781045914 -0.11032909154891968 0.19124552607536316 0.036937445402145386 0.20872379839420319 0.384456068277359 0.8984785079956055
1541977102.580102 0.04946259781718254 -0.10948978364467621 0.18465262651443481 0.03874132037162781 0.21076099574565887 0.38766196370124817 0.8965473771095276
1541977102.610621 0.05596209689974785 -0.1068471372127533 0.17258211970329285 0.04024815186858177 0.20729883015155792 0.3918854892253876 0.8954513072967529
1541977102.641151 0.05536814033985138 -0.10613034665584564 0.1646888703107834 0.039856765419244766 0.20857247710227966 0.3919088840484619 0.89516282081604
1541977102.671672 0.0528591014444828 -0.1070409044623375 0.1550447940826416 0.03845911845564842 0.20840241014957428 0.3903734087944031 0.8959341645240784
1541977102.702173 0.04757598042488098 -0.10784703493118286 0.14661987125873566 0.037860989570617676 0.2081424742937088 0.38867801427841187 0.8967567682266235
1541977102.732657 0.040124502032995224 -0.11110731214284897 0.1395084112882614 0.03715526685118675 0.2084903120994568 0.3871966004371643 0.8973461389541626
1541977102.763129 0.03336844965815544 -0.11494109034538269 0.13060198724269867 0.03427634388208389 0.20715993642807007 0.3831857144832611 0.8994879722595215
1541977102.793596 0.026260800659656525 -0.11887340247631073 0.12276902794837952 0.031305547803640366 0.20494869351387024 0.3769542872905731 0.9027301073074341
1541977102.824048 0.016295209527015686 -0.12104511260986328 0.11845802515745163 0.026849469169974327 0.2036285400390625 0.36668890714645386 0.9073885083198547
1541977102.854471 0.003268051892518997 -0.12258334457874298 0.11685078591108322 0.023051729425787926 0.20299626886844635 0.35587409138679504 0.911929190158844
1541977102.884857 -0.007774941623210907 -0.12123419344425201 0.11506763100624084 0.020359370857477188 0.2003374695777893 0.34486374258995056 0.91679847240448
1541977102.915207 -0.016632147133350372 -0.11604687571525574 0.10552190244197845 0.01644567772746086 0.19270704686641693 0.3329985737800598 0.9228789806365967
1541977102.945527 -0.030061941593885422 -0.11564413458108902 0.10338085889816284 0.011842431500554085 0.1845545768737793 0.32078883051872253 0.9289208650588989
1541977102.975831 -0.033895641565322876 -0.10429594665765762 0.10248030722141266 0.01390689518302679 0.16582830250263214 0.3101131319999695 0.9360222220420837
1541977103.006124 -0.050228312611579895 -0.1035064086318016 0.09860043972730637 0.01069936715066433 0.1513863056898117 0.2974807024002075 0.9425884485244751
1541977103.036416 -0.06149577349424362 -0.09713578224182129 0.09771560877561569 0.008644835092127323 0.1356562376022339 0.2865654528141022 0.9483685493469238
1541977103.066743 -0.07388755679130554 -0.09172478318214417 0.09535028040409088 0.007443630136549473 0.11995188891887665 0.2747374475002289 0.9539788365364075
1541977103.097153 -0.08698464930057526 -0.09116145223379135 0.09060341864824295 0.00037275138311088085 0.10728976130485535 0.26615384221076965 0.9579409956932068
1541977103.127696 -0.08842610567808151 -0.07798957079648972 0.08563123643398285 0.0009818049147725105 0.09173570573329926 0.26416873931884766 0.960103452205658
1541977103.158395 -0.09294452518224716 -0.06379388272762299 0.08918571472167969 0.006294214632362127 0.07965336740016937 0.2647149860858917 0.9610108137130737
1541977103.189268 -0.1082826778292656 -0.0672970712184906 0.08379685878753662 -0.0022510436829179525 0.07720500230789185 0.2624376118183136 0.9618528485298157
1541977103.220329 -0.11454492062330246 -0.06564124673604965 0.07954438030719757 -0.011494981124997139 0.07394570112228394 0.2608937621116638 0.9624626636505127
1541977103.251575 -0.11698251962661743 -0.062365010380744934 0.07806549221277237 -0.016199996694922447 0.07191315293312073 0.25754112005233765 0.9634514451026917
1541977103.282971 -0.12044502049684525 -0.0720604807138443 0.0739804357290268 -0.027054691687226295 0.0757622942328453 0.25171032547950745 0.9644532799720764
1541977103.314484 -0.10787063091993332 -0.06224722042679787 0.07932183891534805 -0.026311058551073074 0.08021611720323563 0.2458224892616272 0.9656316637992859
1541977103.346125 -0.10570327192544937 -0.0710008516907692 0.07943379878997803 -0.02761881612241268 0.09029731899499893 0.2467547059059143 0.9644665718078613
1541977103.377887 -0.09625333547592163 -0.07270175218582153 0.07644084841012955 -0.029694708064198494 0.09890800714492798 0.24475480616092682 0.9640697836875916
1541977103.409713 -0.08899861574172974 -0.07577785849571228 0.07498018443584442 -0.03193017840385437 0.11534186452627182 0.2435511350631714 0.9624757766723633
1541977103.441534 -0.08462020009756088 -0.079130619764328 0.07521180063486099 -0.03137577697634697 0.13608461618423462 0.24392922222614288 0.9596849083900452
1541977103.473291 -0.07575355470180511 -0.08036988973617554 0.07117729634046555 -0.03219921514391899 0.15209530293941498 0.2468274086713791 0.9565074443817139
1541977103.504918 -0.06685168296098709 -0.07718979567289352 0.07308683544397354 -0.03462248295545578 0.16736027598381042 0.24569961428642273 0.9541611671447754
1541977103.536369 -0.056862641125917435 -0.07298287749290466 0.07325051724910736 -0.035566285252571106 0.17765390872955322 0.24452655017375946 0.9525654315948486
1541977103.567641 -0.04863002896308899 -0.07026319205760956 0.0723327025771141 -0.03644869476556778 0.18523886799812317 0.2437082827091217 0.9512961506843567
1541977103.598771 -0.04233051463961601 -0.06473980844020844 0.07437623292207718 -0.03816119208931923 0.19179584085941315 0.24281051754951477 0.9501584768295288
1541977103.629806 -0.03801044821739197 -0.062025006860494614 0.07702350616455078 -0.036826539784669876 0.19508947432041168 0.24566586315631866 0.9488056898117065
1541977103.660774 -0.030016642063856125 -0.05484182387590408 0.07976236939430237 -0.03231467679142952 0.19446511566638947 0.24864965677261353 0.9483208656311035
1541977103.691695 -0.019211947917938232 -0.04376693069934845 0.08424145728349686 -0.028831617906689644 0.19445957243442535 0.24847522377967834 0.9484800100326538
1541977103.722588 -0.014325974509119987 -0.032655760645866394 0.0884476900100708 -0.02557499147951603 0.19474650919437408 0.25007858872413635 0.948093056678772
1541977103.753466 -0.010823910124599934 -0.028577862307429314 0.0927022323012352 -0.019533595070242882 0.19249363243579865 0.25552186369895935 0.9472451210021973
1541977103.784325 -0.0015841145068407059 -0.023532800376415253 0.09680846333503723 -0.015412134118378162 0.19225071370601654 0.255642294883728 0.9473379850387573
1541977103.815144 0.008297340013086796 -0.01740078069269657 0.10023047029972076 -0.014506448991596699 0.1893720179796219 0.2537938952445984 0.9484284520149231
1541977103.845914 0.011893294751644135 -0.013720978982746601 0.10390307754278183 -0.015018234960734844 0.18783783912658691 0.2505643963813782 0.9495835900306702
1541977103.87663 0.014749362133443356 -0.010792774148285389 0.10705561935901642 -0.016446854919195175 0.18573205173015594 0.24823936820030212 0.9505842924118042
1541977103.907311 0.03254406526684761 -0.0039528366178274155 0.1102844774723053 -0.013737295754253864 0.18189576268196106 0.24675001204013824 0.9517561197280884
1541977103.937977 0.04323989152908325 0.001699097454547882 0.11402928829193115 -0.009795719757676125 0.18334712088108063 0.24583059549331665 0.9517642855644226
1541977103.968639 0.05647594481706619 0.008232934400439262 0.12054333835840225 -0.002065344015136361 0.18404455482959747 0.248124361038208 0.9510824084281921
1541977103.999304 0.07029208540916443 0.013092922046780586 0.12470142543315887 0.0046513862907886505 0.18253953754901886 0.2511611878871918 0.9505660533905029
1541977104.029945 0.08692054450511932 0.01620754972100258 0.12925750017166138 0.009256458841264248 0.18072475492954254 0.2515268325805664 0.9507824182510376
1541977104.060545 0.10423395037651062 0.0199643075466156 0.13382335007190704 0.018468845635652542 0.1785372942686081 0.24984343349933624 0.9515049457550049
1541977104.091104 0.11923491209745407 0.020859625190496445 0.14018411934375763 0.02577548660337925 0.1780693233013153 0.24527299404144287 0.9526112675666809
1541977104.121617 0.1359090507030487 0.022915199398994446 0.1467437744140625 0.02903219312429428 0.17339304089546204 0.2407834380865097 0.9545236825942993
1541977104.152071 0.14961178600788116 0.026644665747880936 0.15279775857925415 0.03484063968062401 0.16756366193294525 0.2377365082502365 0.9561328291893005
1541977104.182469 0.1663796603679657 0.026334861293435097 0.1589643508195877 0.04338112100958824 0.1636001616716385 0.2319800704717636 0.9578822255134583
1541977104.212857 0.18256501853466034 0.02669171430170536 0.1644296795129776 0.05122263729572296 0.16014838218688965 0.22092945873737335 0.9606866836547852
1541977104.243258 0.1957477182149887 0.025976160541176796 0.16883638501167297 0.055067360401153564 0.15800583362579346 0.2079954296350479 0.9637113809585571
1541977104.273629 0.2106400430202484 0.026141561567783356 0.1708759218454361 0.058780379593372345 0.1542668342590332 0.1958739310503006 0.9666333794593811
1541977104.30394 0.2245476394891739 0.025634203106164932 0.17614679038524628 0.06551922112703323 0.1519232541322708 0.1861618310213089 0.9684887528419495
1541977104.334221 0.23636680841445923 0.025632740929722786 0.180055171251297 0.06832139194011688 0.14887599647045135 0.17849604785442352 0.9702099561691284
1541977104.364477 0.24498465657234192 0.02609662339091301 0.18355852365493774 0.06859660148620605 0.14098194241523743 0.17443251609802246 0.9721069931983948
1541977104.39471 0.2542034983634949 0.02809027209877968 0.18991467356681824 0.06908131390810013 0.13249067962169647 0.1686585694551468 0.9742835164070129
1541977104.424947 0.2625191807746887 0.02908853441476822 0.19522520899772644 0.06877066195011139 0.12458574026823044 0.1602250039577484 0.9767686128616333
