0 6
1 12
2 18
3 24
4 29
5 35
6 41
7 47
8 52
9 57
10 62
11 68
12 73
13 78
14 83
15 88
16 93
17 98
18 102
19 107
20 112
21 116
22 121
23 125
24 130
25 134
26 139
27 143
28 148
29 153
30 157
31 162
32 167
33 172
34 177
35 182
36 187
37 193
38 199
39 204
40 210
41 217
42 223
43 229
44 235
45 241
46 248
47 254
48 260
49 266
50 272
51 278
52 284
53 290
54 296
55 302
56 308
57 313
58 319
59 342
60 348
61 354
62 359
63 365
64 371
65 377
66 382
67 388
68 394
69 400
70 406
71 411
72 417
73 423
74 429
75 435
76 442
77 448
78 454
79 461
80 467
81 480
82 486
83 493
84 500
85 506
86 513
87 519
88 525
89 532
90 538
91 544
92 556
93 562
94 568
95 574
96 581
97 587
98 593
99 600
100 606
101 612
102 619
103 625
104 631
105 638
106 644
107 650
108 656
109 662
110 668
111 674
112 680
113 686
114 692
115 698
116 704
117 710
118 716
119 722
120 728
121 734
122 740
123 746
124 752
125 758
126 764
127 770
128 776
129 782
130 788
131 794
132 800
133 806
134 812
135 818
136 824
137 830
138 837
139 843
140 849
141 855
142 861
143 867
144 873
145 880
146 886
147 892
148 898
149 904
150 911
151 917
152 923
153 929
154 934
155 940
156 947
157 953
158 959
159 965
160 971
161 978
162 984
163 990
