# timestamp[secs] tx ty tz qx qy qz qw
0.012586416666666666 -0.0 -0.0 -0.0 -0.0 -0.0 -0.0 1.0
0.03759741666666666 0.0066394200548529625 -0.00399694312363863 -0.017607420682907104 0.007838157005608082 0.006165636237710714 0.024717262014746666 0.9996447563171387
0.06259941666666666 0.026250943541526794 0.0013615339994430542 -0.025649819523096085 0.013483816757798195 0.005767619237303734 0.05109945684671402 0.9985858798027039
0.08757041666666665 0.05280020087957382 0.0017662523314356804 -0.02101852186024189 0.022443518042564392 0.003831008216366172 0.08536545932292938 0.996089518070221
0.11248641666666666 0.08695368468761444 0.01208413951098919 -0.013224002905189991 0.03256384655833244 0.0028352884110063314 0.12211459875106812 0.9919776320457458
0.13733641666666668 0.12086643278598785 0.006496114190667868 -0.01918647810816765 0.0446871854364872 0.002343452302739024 0.15008048713207245 0.9876606464385986
0.1621254166666667 0.1498945653438568 -0.0032311163377016783 -0.060526296496391296 0.05349856987595558 0.0018325044075027108 0.17065538465976715 0.9838756918907166
0.18687141666666668 0.1498945653438568 -0.0032311163377016783 -0.060526296496391296 0.05349856987595558 0.0018325044075027108 0.17065538465976715 0.9838756918907166
0.2115864166666667 0.12558001279830933 0.008299106732010841 -0.057934656739234924 0.04881800338625908 -0.0010173440678045154 0.15862777829170227 0.9861303567886353
0.23627141666666668 0.09823805093765259 0.005253989715129137 -0.051887206733226776 0.04076714813709259 -0.0025692430790513754 0.14326950907707214 0.9888404011726379
0.2609384166666667 0.086751289665699 0.014116091653704643 -0.02857775054872036 0.0335264727473259 -0.002213669940829277 0.12703585624694824 0.9913289546966553
0.2856114166666666 0.08167067915201187 0.018288519233465195 -0.01533158402889967 0.02788892574608326 -0.0018642653012648225 0.11617967486381531 0.9928349256515503
0.3102994166666666 0.07556974142789841 0.019553503021597862 0.0026607895269989967 0.026496628299355507 -0.0009579892503097653 0.11388643085956573 0.993139922618866
0.3350014166666666 0.0812140479683876 0.024679342284798622 -0.00812717154622078 0.02745407074689865 -0.0008771148277446628 0.11907180398702621 0.992505669593811
0.35971241666666665 0.08615187555551529 0.020737962797284126 -0.01619134470820427 0.030604587867856026 -1.3360319826460909e-05 0.12714624404907227 0.9914117455482483
0.38442741666666663 0.09002446383237839 0.017689472064375877 -0.0332016795873642 0.032237447798252106 -0.0007626203005202115 0.13066677749156952 0.9909018278121948
0.40914541666666665 0.09011116623878479 0.022360216826200485 -0.02984306961297989 0.03139350190758705 -0.0032674993854016066 0.1280062049627304 0.9912710189819336
0.43386841666666665 0.08047755062580109 0.01957074925303459 -0.03259669616818428 0.03128288686275482 0.0022972177248448133 0.12386324256658554 0.9918034076690674
0.45859141666666664 0.08577735722064972 0.028713271021842957 -0.03542810678482056 0.029276596382260323 -0.0007685713353566825 0.12184059619903564 0.9921175837516785
0.48331041666666663 0.0882859081029892 0.025697307661175728 -0.03241314738988876 0.02891973778605461 -0.0009456874104216695 0.12090716511011124 0.9922420978546143
0.5080254166666667 0.10209131985902786 0.01380053162574768 -0.028361167758703232 0.029276322573423386 -0.0015236306935548782 0.12500017881393433 0.9917235374450684
0.5327314166666668 0.9432199001312256 0.13742421567440033 0.8159125447273254 0.015878945589065552 -0.014595672488212585 0.17226512730121613 0.9848145246505737
0.5574274166666667 0.9334858059883118 0.18442267179489136 0.734314501285553 0.014095124788582325 -0.013576987199485302 0.17304086685180664 0.9847202301025391
0.5821174166666667 0.9702053070068359 0.19890187680721283 0.7402670979499817 0.01512845978140831 -0.011102982796728611 0.1676589697599411 0.9856664538383484
0.6068054166666668 0.9460411667823792 0.1502217948436737 0.7733721137046814 0.013718987815082073 -0.0003927897778339684 0.17068080604076385 0.9852308034896851
0.6314884166666668 0.8252250552177429 0.3228183388710022 0.5863670110702515 0.013813776895403862 0.007049834821373224 0.1689920723438263 0.985495388507843
0.6561614166666667 0.9281437397003174 0.33456820249557495 0.5716809034347534 0.013951528817415237 0.009860328398644924 0.16671520471572876 0.9858570694923401
0.6808234166666668 1.0914386510849 0.17825786769390106 1.246174693107605 0.016121158376336098 0.01936863549053669 0.16866911947727203 0.9853506088256836
0.7054764166666667 1.1169188022613525 0.21884940564632416 1.1893612146377563 0.018626630306243896 0.024869699031114578 0.171505868434906 0.9846930503845215
0.7301234166666667 1.0935481786727905 0.14998547732830048 1.3405112028121948 0.020520923659205437 0.02808064967393875 0.17635294795036316 0.983712375164032
0.7547694166666667 1.0746333599090576 0.17660963535308838 1.3225139379501343 0.022033723071217537 0.03968256711959839 0.17060638964176178 0.9842932820320129
0.7794164166666667 1.0819921493530273 0.18437503278255463 1.3371341228485107 0.021832210943102837 0.051858991384506226 0.16106709837913513 0.9853382706642151
0.8040724166666667 1.101048469543457 0.13050366938114166 1.561753749847412 0.02310466580092907 0.06678670644760132 0.14450417459011078 0.9869773983955383
0.8287424166666667 1.8276361227035522 -0.6494242548942566 3.5665810108184814 0.026906471699476242 0.08930158615112305 0.11575157195329666 0.988889753818512
0.8534274166666668 1.930808663368225 -0.7430870532989502 3.7906320095062256 0.029103906825184822 0.10184155404567719 0.10270418226718903 0.9890567064285278
0.8781264166666668 2.02101993560791 -0.8366872072219849 4.082013130187988 0.03202878683805466 0.11163245141506195 0.09474746882915497 0.9887038469314575
0.9028424166666668 2.0409815311431885 -0.7794808149337769 4.172479629516602 0.03374992683529854 0.11971701681613922 0.09237346798181534 0.987925112247467
0.9275704166666667 2.1120729446411133 0.23340097069740295 3.8271262645721436 0.03840075805783272 0.14099030196666718 0.05606251582503319 0.9876761436462402
0.9523114166666667 3.4968600273132324 1.3393874168395996 3.131039619445801 0.043176572769880295 0.15475499629974365 0.032220225781202316 0.9864829778671265
1.0018124166666666 2.570101261138916 0.46169546246528625 4.370757579803467 0.044769156724214554 0.17185352742671967 0.013785888440907001 0.9840081930160522
1.0265644166666668 2.3118960857391357 0.7094641923904419 4.00429630279541 0.04646489769220352 0.17861175537109375 0.008676175959408283 0.9827836155891418
1.0513214166666665 2.120875835418701 1.136643409729004 3.3412389755249023 0.045691195875406265 0.18104715645313263 0.008340009488165379 0.9823771119117737
1.0760764166666665 2.195840835571289 1.0137535333633423 3.4164791107177734 0.04578516632318497 0.1851307600736618 0.002415193011984229 0.981643795967102
1.1008284166666664 2.215197801589966 1.265121579170227 2.757049560546875 0.044030092656612396 0.18610605597496033 0.0029662824235856533 0.9815381169319153
1.1255724166666665 1.4816009998321533 1.4620916843414307 2.882153034210205 0.043298978358507156 0.19155947864055634 0.004321050364524126 0.9805159568786621
1.1503154166666665 1.9217647314071655 2.493373155593872 1.2863070964813232 0.04409477859735489 0.18362309038639069 0.006014340091496706 0.981988787651062
1.1750614166666664 1.7267489433288574 2.349703788757324 1.7613706588745117 0.0452074334025383 0.18900123238563538 0.0015907323686406016 0.9809344410896301
1.1998064166666664 1.6125524044036865 2.7582056522369385 0.9039058089256287 0.04267795756459236 0.1842605173587799 0.006760789547115564 0.9819271564483643
1.2245454166666665 2.8379135131835938 2.880722999572754 0.025356486439704895 0.042725544422864914 0.17948530614376068 0.006978561170399189 0.9828076362609863
1.2492664166666665 3.105234146118164 2.550663471221924 0.515087902545929 0.04224633798003197 0.18487505614757538 -0.006071426440030336 0.9818348288536072
1.2739744166666664 3.6074576377868652 2.3901350498199463 1.0324573516845703 0.04429546743631363 0.17953570187091827 -0.00034841737942770123 0.9827536940574646
1.2986794166666664 3.621471881866455 1.8666980266571045 2.2503514289855957 0.04597945138812065 0.1807585209608078 -0.002282489323988557 0.9824495911598206
1.3233804166666665 4.1471099853515625 1.3439929485321045 3.0739850997924805 0.04684324190020561 0.17815148830413818 -0.004515108186751604 0.9828770756721497
1.3480734166666666 4.057851314544678 1.1387314796447754 3.6140851974487305 0.04854459688067436 0.16865767538547516 0.006159799639135599 0.9844592809677124
1.3727584166666664 4.061570644378662 1.0153441429138184 4.178646087646484 0.05085194483399391 0.1667346954345703 0.006530843209475279 0.984667956829071
1.3974354166666665 4.884713649749756 0.7134111523628235 4.137495994567871 0.04698973149061203 0.16525748372077942 0.009183954447507858 0.9850876331329346
1.4221084166666664 5.180423736572266 0.47053462266921997 4.714327335357666 0.048862386494874954 0.1631927788257599 0.008596486411988735 0.9853459596633911
1.4467754166666664 5.578714370727539 0.12052500993013382 4.865634441375732 0.047298166900873184 0.15828625857830048 0.011638663709163666 0.9861911535263062
1.4714284166666665 5.999027252197266 0.2764887809753418 5.157266616821289 0.04827800393104553 0.15746204555034637 0.008603784255683422 0.9863067269325256
1.4960694166666666 6.057339668273926 0.18699097633361816 5.31428861618042 0.050166964530944824 0.15536293387413025 0.009125924669206142 0.9865406155586243
1.5207044166666666 5.810344696044922 -0.0033835098147392273 5.817932605743408 0.05021650344133377 0.14749841392040253 0.020610496401786804 0.987571656703949
1.5453374166666665 5.829935073852539 -0.3089214265346527 6.277403831481934 0.049229152500629425 0.13623690605163574 0.032799988985061646 0.988908588886261
1.5699644166666664 5.562578201293945 -0.23474708199501038 6.142024993896484 0.0476284883916378 0.13465112447738647 0.03865773230791092 0.9889925718307495
1.5945784166666666 5.2744221687316895 -0.03602389991283417 5.729307174682617 0.04547058418393135 0.13701671361923218 0.03535683453083038 0.988892674446106
1.6191864166666665 5.558575630187988 0.2389717400074005 5.815017223358154 0.04742906987667084 0.13238847255706787 0.03777468949556351 0.989341676235199
1.6437924166666664 5.496208190917969 0.23647962510585785 5.745022773742676 0.04555079713463783 0.12833485007286072 0.04187621921300888 0.9897988438606262
1.6684024166666664 5.693350791931152 0.4093628525733948 5.0567169189453125 0.04428322985768318 0.13136179745197296 0.03996897488832474 0.9895381331443787
1.6930154166666664 6.582946300506592 0.19716328382492065 5.303088188171387 0.04415231943130493 0.12871088087558746 0.03919311612844467 0.9899232983589172
1.7176354166666665 6.768083572387695 0.5516951680183411 4.652723789215088 0.04393281787633896 0.1244240328669548 0.03902116045355797 0.9904877543449402
1.7422654166666665 4.365584373474121 2.5445961952209473 3.484271764755249 0.04951275885105133 0.15955381095409393 0.01969296671450138 0.985750138759613
1.7669034166666666 4.42268705368042 2.2060160636901855 4.07363224029541 0.050983984023332596 0.16007570922374725 0.017769595608115196 0.9856270551681519
1.7915444166666665 4.553961753845215 2.6402487754821777 3.829540491104126 0.053771860897541046 0.17802409827709198 -0.0021042050793766975 0.9825536012649536
1.8161824166666665 4.3000335693359375 2.863206624984741 2.746161937713623 0.04730301350355148 0.1611097753047943 0.019686758518218994 0.9856056571006775
1.8408184166666666 4.182723522186279 2.503028631210327 3.428004264831543 0.04950134828686714 0.1584453135728836 0.020392542704939842 0.9859152436256409
1.8654464166666664 4.4343085289001465 2.1518352031707764 3.5517280101776123 0.0498165562748909 0.16423019766807556 0.01678808219730854 0.9850203394889832
1.8900774166666665 4.472599983215332 2.114367723464966 3.4772233963012695 0.04807595908641815 0.16833287477493286 0.007727637887001038 0.9845268130302429
1.9147104166666664 4.455724716186523 2.109584093093872 3.8508217334747314 0.04844833165407181 0.1643378585577011 0.010566792450845242 0.9851569533348083
1.9393424166666664 4.771127223968506 1.9685617685317993 3.8666226863861084 0.05084695294499397 0.16799487173557281 0.0048723299987614155 0.984463632106781
1.9639724166666666 4.768204212188721 1.5436652898788452 4.344418525695801 0.04990159347653389 0.1638171225786209 0.011109663173556328 0.9851651787757874
1.9886024166666665 4.767547607421875 1.4990917444229126 4.65594482421875 0.050228893756866455 0.15909914672374725 0.015375787392258644 0.9858641624450684
2.0132334166666666 5.127999782562256 0.636300802230835 6.789987087249756 0.05373096466064453 0.1575920730829239 0.01616360805928707 0.9859089851379395
2.0378664166666667 5.435715675354004 0.24150922894477844 7.119162082672119 0.0539931021630764 0.16371873021125793 0.008032353594899178 0.9849956631660461
2.0625024166666663 3.9929399490356445 -0.36353588104248047 6.754935264587402 0.04746275767683983 0.15630356967449188 0.02720828913152218 0.9861928224563599
2.0871434166666667 4.45164155960083 -0.5082114338874817 6.539750099182129 0.047131720930337906 0.14732985198497772 0.03228820860385895 0.987436056137085
2.111787416666667 3.9591832160949707 -0.3678570091724396 6.7966485023498535 0.0485740564763546 0.1591876894235611 0.02445618435740471 0.985749363899231
2.136441416666667 3.813464403152466 -0.48256731033325195 6.8891706466674805 0.048431601375341415 0.15106166899204254 0.03582606092095375 0.9866870641708374
2.1610974166666668 4.099306583404541 -0.5639017224311829 6.978183269500732 0.048339150846004486 0.1543228179216385 0.029349420219659805 0.9864007234573364
2.185756416666667 4.0995049476623535 -0.6408114433288574 7.068770885467529 0.0478283129632473 0.15617235004901886 0.02862190455198288 0.9861559271812439
2.210422416666667 3.480055093765259 -0.37103867530822754 6.755208492279053 0.04748794436454773 0.15414638817310333 0.03357848897576332 0.9863347411155701
2.235096416666667 2.4876251220703125 0.002081550657749176 6.503879547119141 0.04898343235254288 0.16213271021842957 0.03052782453596592 0.9850795269012451
2.259782416666667 2.401747226715088 0.17013373970985413 6.097936630249023 0.046378981322050095 0.1576347053050995 0.03400086611509323 0.9858216047286987
2.284481416666667 2.0753493309020996 0.094154953956604 5.498876094818115 0.04304279014468193 0.14981219172477722 0.04454886540770531 0.9867720603942871
2.309189416666667 1.381007194519043 0.1432788223028183 6.39140510559082 0.049119576811790466 0.16728107631206512 0.031485412269830704 0.9841814041137695
2.333901416666667 1.340945839881897 0.04815301671624184 6.552499294281006 0.047070857137441635 0.1607476770877838 0.03969490900635719 0.9850730299949646
2.358617416666667 0.8768638968467712 0.17487512528896332 5.773693561553955 0.044707704335451126 0.15734577178955078 0.04612583667039871 0.9854521751403809
2.383330416666667 0.850848376750946 0.23464229702949524 5.671438694000244 0.042698588222265244 0.1539510190486908 0.048674967139959335 0.985954761505127
2.408035416666667 0.5680449604988098 0.21626535058021545 5.566028118133545 0.0429440438747406 0.15286937355995178 0.05294053629040718 0.9858925938606262
2.432732416666667 -0.8662956953048706 0.7241036295890808 5.161908149719238 0.044582489877939224 0.17191685736179352 0.039074789732694626 0.9833260774612427
2.457421416666667 -1.1074934005737305 0.6569644212722778 5.055542469024658 0.04330507293343544 0.1676010638475418 0.04879186302423477 0.9836940169334412
2.482100416666667 -1.2406432628631592 0.6168714761734009 5.205307960510254 0.043838441371917725 0.16849125921726227 0.047472454607486725 0.9835828542709351
2.5067664166666668 -1.4952917098999023 0.8463938236236572 4.938035011291504 0.04445887729525566 0.17799904942512512 0.035805508494377136 0.9823735356330872
2.531416416666667 -1.1598249673843384 0.8491808176040649 5.005120754241943 0.044925156980752945 0.17109045386314392 0.043892621994018555 0.9832514524459839
2.556043416666667 -1.4125174283981323 0.9067775011062622 4.859813213348389 0.044440288096666336 0.17001581192016602 0.047246698290109634 0.9833043813705444
2.580646416666667 -1.341747522354126 1.0154258012771606 4.861128807067871 0.04541148617863655 0.17486272752285004 0.04052814096212387 0.9827097058296204
2.605232416666667 -1.453170657157898 0.9542746543884277 4.882802963256836 0.04503871873021126 0.17216312885284424 0.04482978954911232 0.9830166697502136
2.629803416666667 -1.7215189933776855 1.0973025560379028 4.804731845855713 0.04632972925901413 0.17898540198802948 0.038562506437301636 0.9820034503936768
2.654359416666667 -1.951188325881958 1.8535798788070679 3.9331343173980713 0.04483765736222267 0.17869450151920319 0.03862584009766579 0.9821231961250305
2.678903416666667 -2.2975716590881348 2.0571069717407227 3.562600612640381 0.0446280874311924 0.17825494706630707 0.040480516850948334 0.98213791847229
2.703442416666667 -1.578965663909912 1.0181010961532593 4.7395758628845215 0.045215822756290436 0.1792156845331192 0.03476773947477341 0.9821550250053406
2.727982416666667 -1.3664283752441406 0.5727248191833496 4.953254222869873 0.04554902762174606 0.1805008500814438 0.03256342560052872 0.9819798469543457
2.752527416666667 -1.5400608777999878 0.801820695400238 4.933389663696289 0.044108130037784576 0.16964291036128998 0.04647097364068031 0.9834206700325012
2.777071416666667 -1.626796841621399 0.9622609615325928 4.73712682723999 0.04418419301509857 0.17082463204860687 0.047531526535749435 0.983161985874176
2.801623416666667 -1.4539755582809448 0.8327538967132568 4.9077043533325195 0.045017436146736145 0.1745082437992096 0.04187678545713425 0.9827342629432678
2.826180416666667 -1.3339027166366577 0.7749353647232056 4.9982404708862305 0.04528847709298134 0.17646123468875885 0.03832447901368141 0.9825180172920227
2.850740416666667 -1.3211818933486938 0.7173361778259277 4.9955925941467285 0.04442674666643143 0.17250923812389374 0.04326796531677246 0.9830538034439087
2.875301416666667 -1.273830533027649 0.5811333060264587 5.087681293487549 0.04342542216181755 0.16982391476631165 0.04656552895903587 0.9834153056144714
2.899863416666667 -1.6486306190490723 0.8990874290466309 4.639069557189941 0.043651025742292404 0.17444327473640442 0.03844226896762848 0.9829477667808533
2.924431416666667 -1.6138118505477905 0.836342453956604 4.676978588104248 0.04375334456562996 0.17268076539039612 0.041767019778490067 0.9831187725067139
2.948994416666667 -1.5863670110702515 0.8171320557594299 4.705197334289551 0.045067958533763885 0.1762326955795288 0.039098456501960754 0.9825387001037598
2.973549416666667 -1.4992754459381104 0.7912102341651917 4.658840656280518 0.04403271526098251 0.17521242797374725 0.03798551857471466 0.9828117489814758
2.998092416666667 -1.4979172945022583 0.7791687846183777 4.565035343170166 0.043206777423620224 0.17100682854652405 0.04506535455584526 0.983289897441864
3.0226264166666668 -1.4653306007385254 0.799845814704895 4.514662265777588 0.043593280017375946 0.17385508120059967 0.041510991752147675 0.9829297661781311
3.047158416666667 -1.330047607421875 0.7103029489517212 4.553961753845215 0.043554726988077164 0.17796623706817627 0.03455066680908203 0.9824649095535278
3.071694416666667 -1.1038904190063477 0.4463519752025604 4.740851879119873 0.042924199253320694 0.17665989696979523 0.03604695945978165 0.9826746582984924
3.096231416666667 -1.2859523296356201 0.6636402010917664 4.387990951538086 0.04095161333680153 0.17088572680950165 0.04457371309399605 0.9834299087524414
3.120768416666667 -1.0979613065719604 0.46909794211387634 4.561453342437744 0.04100300371646881 0.16929231584072113 0.04541623592376709 0.9836646914482117
3.145309416666667 -1.124090313911438 0.5585301518440247 4.442680835723877 0.042877718806266785 0.1747405081987381 0.039021626114845276 0.9829062223434448
3.169861416666667 -1.030969262123108 0.4816298186779022 4.4994940757751465 0.04158147796988487 0.18013279139995575 0.0332992784678936 0.9821987748146057
3.1944284166666668 -0.9907515645027161 0.5315068364143372 4.270620822906494 0.04155296832323074 0.17575040459632874 0.03364771977066994 0.9829817414283752
3.219005416666667 -0.8334988951683044 0.38987305760383606 4.444590091705322 0.04212668538093567 0.17206040024757385 0.03747973591089249 0.9834713935852051
3.243597416666667 -0.7592788934707642 0.36899447441101074 4.421524524688721 0.04114001616835594 0.17108479142189026 0.039687126874923706 0.983596682548523
3.268206416666667 -0.6756203174591064 0.37655049562454224 4.388629913330078 0.04098906368017197 0.16909095644950867 0.03930919989943504 0.983962893486023
3.292830416666667 -0.6191136837005615 0.36148709058761597 4.308988571166992 0.04065016284584999 0.16594746708869934 0.045093849301338196 0.9842639565467834
3.317469416666667 -0.4884772300720215 0.2822321057319641 4.405978202819824 0.040956463664770126 0.1659114956855774 0.04479575529694557 0.9842709302902222
3.342125416666667 -0.42860233783721924 0.269529789686203 4.5761823654174805 0.042387958616018295 0.1705750674009323 0.039219096302986145 0.9836510419845581
3.366793416666667 -0.6679741740226746 0.4909038245677948 4.112735748291016 0.041292693465948105 0.17068329453468323 0.04072495177388191 0.9836176633834839
3.391465416666667 -0.6009971499443054 0.5139370560646057 4.222946643829346 0.04158398509025574 0.1729869544506073 0.03697025775909424 0.9833512306213379
3.416141416666667 -0.5491108894348145 0.5340014100074768 4.298318862915039 0.043307866901159286 0.17497143149375916 0.034328486770391464 0.9830213785171509
3.440819416666667 -0.5579996109008789 0.5886774659156799 4.181239128112793 0.04319014400243759 0.17725199460983276 0.031869277358055115 0.982700765132904
3.465495416666667 -0.5293022394180298 0.6279371976852417 4.092787742614746 0.04199524596333504 0.17376984655857086 0.034812863916158676 0.9832744598388672
3.490168416666667 -0.4558480978012085 0.5982481241226196 4.146538734436035 0.04216397553682327 0.17091254889965057 0.03933250531554222 0.9835975766181946
3.514834416666667 -0.4015244245529175 0.6302269101142883 4.008729934692383 0.04173468425869942 0.1681608110666275 0.04136465862393379 0.9840067028999329
3.539490416666667 -0.41866108775138855 0.6661680936813354 4.108207702636719 0.04275638610124588 0.17338842153549194 0.035488102585077286 0.9832847714424133
3.564134416666667 -0.39158689975738525 0.665708065032959 4.181202411651611 0.04271310940384865 0.17296084761619568 0.03394927456974983 0.9834163188934326
3.588768416666667 -0.2535971403121948 0.7070213556289673 4.205420017242432 0.04289620369672775 0.17066821455955505 0.03599159047007561 0.9837362170219421
3.613399416666667 -0.03556361794471741 0.66541588306427 4.167180061340332 0.041629113256931305 0.16536571085453033 0.03969110548496246 0.9845536351203918
3.638026416666667 -0.4656412601470947 1.1011825799942017 3.2138891220092773 0.040690258145332336 0.17563396692276 0.028964590281248093 0.983187735080719
3.662646416666667 -0.4735240936279297 1.145564317703247 3.3549489974975586 0.04392063245177269 0.18295294046401978 0.023737462237477303 0.9818532466888428
3.687261416666667 -0.5686526894569397 1.2550709247589111 2.9131927490234375 0.04128211364150047 0.17712897062301636 0.031754814088344574 0.9828085899353027
3.711872416666667 -0.5365447402000427 1.4002047777175903 2.7924530506134033 0.041727688163518906 0.17841042578220367 0.030102480202913284 0.9826099872589111
3.736481416666667 -0.5987778306007385 1.424048900604248 2.866339921951294 0.04149492084980011 0.1763150542974472 0.03267483785748482 0.9829158782958984
3.7610904166666668 -0.5810288190841675 1.3708499670028687 2.823901653289795 0.04245488718152046 0.17597700655460358 0.03252072632312775 0.9829404950141907
3.785699416666667 -0.4492417573928833 1.31895911693573 3.3896374702453613 0.042215242981910706 0.1755734533071518 0.032066795974969864 0.9830379486083984
3.810312416666667 -0.5470486879348755 1.0852172374725342 3.517852783203125 0.04359782859683037 0.17815417051315308 0.031113727018237114 0.9825438261032104
3.834932416666667 -0.617316484451294 1.117542028427124 3.5116117000579834 0.04506625235080719 0.1829850822687149 0.02735413983464241 0.9817011952400208
3.859555416666667 -0.5427958369255066 1.2235110998153687 3.7291946411132812 0.04429369419813156 0.18260076642036438 0.02478029578924179 0.9818763136863708
3.884177416666667 -0.5282552242279053 0.9812127351760864 3.8602166175842285 0.042990636080503464 0.17447996139526367 0.03502359613776207 0.9830980896949768
3.908804416666667 -0.5122632384300232 0.9474272131919861 4.06752347946167 0.043835513293743134 0.17825928330421448 0.02894194796681404 0.9825805425643921
3.933439416666667 -0.47930407524108887 0.7587978839874268 4.208286285400391 0.04183836653828621 0.1729593276977539 0.034287866204977036 0.9834424257278442
3.958077416666667 -0.5962803959846497 0.8985891342163086 4.019655227661133 0.043432801961898804 0.17989972233772278 0.029041651636362076 0.9822964668273926
3.982719416666667 -0.616003692150116 0.92552649974823 3.734111785888672 0.04178013652563095 0.17605841159820557 0.03367980197072029 0.9829158186912537
4.007361416666667 -0.6736312508583069 0.9823054075241089 3.9354093074798584 0.043650805950164795 0.19003541767597198 0.01581297256052494 0.9806789755821228
4.031999416666667 -0.7352733612060547 1.0837715864181519 3.730012893676758 0.04407470300793648 0.18516527116298676 0.023869531229138374 0.981428325176239
4.056635416666667 -0.6953672170639038 1.0216528177261353 3.7915310859680176 0.04384463652968407 0.17751219868659973 0.03364504873752594 0.9825655817985535
4.081266416666667 -0.8303145170211792 0.9670103788375854 3.426555871963501 0.04223131388425827 0.17863425612449646 0.034217335283756256 0.9824131727218628
4.105891416666667 -0.8201625347137451 0.7908799648284912 3.6315906047821045 0.04188336804509163 0.1752948760986328 0.03553298860788345 0.9829826951026917
4.130511416666667 -0.7875078916549683 0.737018346786499 3.811331033706665 0.04221629351377487 0.1771966814994812 0.03350360319018364 0.9826986789703369
4.155128416666667 -0.7677364349365234 0.6711837649345398 3.9303624629974365 0.04265056923031807 0.17898763716220856 0.03182949125766754 0.9824109673500061
4.179743416666667 -0.6878483295440674 0.5455310344696045 4.033560276031494 0.04099513962864876 0.17828555405139923 0.03259247541427612 0.9825840592384338
4.204360416666666 -0.9002593159675598 0.6474018692970276 3.846677780151367 0.04180372506380081 0.17805437743663788 0.032138802111148834 0.9826068878173828
4.228974416666666 -0.9108198881149292 0.6596598625183105 3.8999733924865723 0.04302303120493889 0.18269219994544983 0.026793355122208595 0.9818629026412964
4.253586416666666 -0.973078727722168 0.7164012789726257 3.8819100856781006 0.04405040666460991 0.1884952187538147 0.021229833364486694 0.9808560013771057
4.278196416666666 -0.9539802670478821 0.6706738471984863 3.966665267944336 0.043348681181669235 0.18191862106323242 0.027057470753788948 0.9819849729537964
4.302809416666666 -0.8488158583641052 0.569811999797821 4.178650379180908 0.04265505075454712 0.1738816648721695 0.03808124363422394 0.9831050634384155
4.327433416666666 -0.9225791692733765 0.502514123916626 4.086184501647949 0.04049820080399513 0.17318092286586761 0.03859471157193184 0.983299970626831
4.352071416666666 -0.9725818634033203 0.5917776226997375 3.9657230377197266 0.04214054346084595 0.17680886387825012 0.03520803526043892 0.9827122092247009
4.376718416666666 -1.0400445461273193 0.6027624011039734 3.892010450363159 0.04227019101381302 0.1761317253112793 0.03703847527503967 0.9827609658241272
4.401373416666666 -1.1844444274902344 0.8288286328315735 3.6022276878356934 0.04194415733218193 0.17746004462242126 0.035990092903375626 0.9825749397277832
4.426022416666666 -1.019585371017456 0.49234041571617126 4.173101425170898 0.04187318682670593 0.17584963142871857 0.03781183063983917 0.9827989935874939
4.450663416666666 -1.1212339401245117 0.6393958330154419 3.973456621170044 0.041655898094177246 0.17525993287563324 0.03669928014278412 0.9829556941986084
