12586.416666666666 -0.0 -0.0 -0.0 -0.0 -0.0 1.0 -0.0
37597.416666666664 0.00663942 -0.003996943 -0.01760742 0.0061656362 0.024717262 0.99964476 0.007838157
62599.416666666664 0.026250944 0.001361534 -0.02564982 0.0057676192 0.051099457 0.9985859 0.013483817
87570.41666666666 0.0528002 0.0017662523 -0.021018522 0.0038310082 0.08536546 0.9960895 0.022443518
112486.41666666666 0.086953685 0.0120841395 -0.013224003 0.0028352884 0.1221146 0.99197763 0.032563847
137336.4166666667 0.12086643 0.006496114 -0.019186478 0.0023434523 0.15008049 0.98766065 0.044687185
162125.4166666667 0.14989457 -0.0032311163 -0.060526296 0.0018325044 0.17065538 0.9838757 0.05349857
186871.4166666667 0.14989457 -0.0032311163 -0.060526296 0.0018325044 0.17065538 0.9838757 0.05349857
211586.4166666667 0.12558001 0.008299107 -0.057934657 -0.0010173441 0.15862778 0.98613036 0.048818003
236271.4166666667 0.09823805 0.0052539897 -0.051887207 -0.002569243 0.14326951 0.9888404 0.040767148
260938.41666666666 0.08675129 0.014116092 -0.02857775 -0.00221367 0.12703586 0.99132895 0.033526473
285611.4166666666 0.08167068 0.01828852 -0.015331584 -0.0018642653 0.116179675 0.9928349 0.027888926
310299.4166666666 0.07556974 0.019553503 0.0026607895 -0.00095798925 0.11388643 0.9931399 0.026496628
335001.4166666666 0.08121405 0.024679342 -0.008127172 -0.0008771148 0.119071804 0.99250567 0.02745407
359712.4166666666 0.086151876 0.020737963 -0.016191345 -1.336032e-05 0.12714624 0.99141175 0.030604588
384427.4166666666 0.090024464 0.017689472 -0.03320168 -0.0007626203 0.13066678 0.9909018 0.032237448
409145.4166666666 0.090111166 0.022360217 -0.02984307 -0.0032674994 0.1280062 0.991271 0.031393502
433868.4166666666 0.08047755 0.01957075 -0.032596696 0.0022972177 0.12386324 0.9918034 0.031282887
458591.4166666666 0.08577736 0.028713271 -0.035428107 -0.00076857134 0.121840596 0.9921176 0.029276596
483310.4166666666 0.08828591 0.025697308 -0.032413147 -0.0009456874 0.120907165 0.9922421 0.028919738
508025.4166666666 0.10209132 0.013800532 -0.028361168 -0.0015236307 0.12500018 0.99172354 0.029276323
532731.4166666667 0.9432199 0.13742422 0.81591254 -0.0145956725 0.17226513 0.9848145 0.015878946
557427.4166666667 0.9334858 0.18442267 0.7343145 -0.013576987 0.17304087 0.98472023 0.014095125
582117.4166666667 0.9702053 0.19890188 0.7402671 -0.011102983 0.16765897 0.98566645 0.01512846
606805.4166666667 0.94604117 0.1502218 0.7733721 -0.00039278978 0.1706808 0.9852308 0.013718988
631488.4166666667 0.82522506 0.32281834 0.586367 0.007049835 0.16899207 0.9854954 0.013813777
656161.4166666667 0.92814374 0.3345682 0.5716809 0.009860328 0.1667152 0.98585707 0.013951529
680823.4166666667 1.0914387 0.17825787 1.2461747 0.019368635 0.16866912 0.9853506 0.016121158
705476.4166666667 1.1169188 0.2188494 1.1893612 0.024869699 0.17150587 0.98469305 0.01862663
730123.4166666667 1.0935482 0.14998548 1.3405112 0.02808065 0.17635295 0.9837124 0.020520924
754769.4166666667 1.0746334 0.17660964 1.3225139 0.039682567 0.17060639 0.9842933 0.022033723
779416.4166666667 1.0819921 0.18437503 1.3371341 0.05185899 0.1610671 0.9853383 0.021832211
804072.4166666667 1.1010485 0.13050367 1.5617537 0.06678671 0.14450417 0.9869774 0.023104666
828742.4166666667 1.8276361 -0.64942425 3.566581 0.089301586 0.11575157 0.98888975 0.026906472
853427.4166666667 1.9308087 -0.74308705 3.790632 0.101841554 0.10270418 0.9890567 0.029103907
878126.4166666667 2.02102 -0.8366872 4.082013 0.11163245 0.09474747 0.98870385 0.032028787
902842.4166666667 2.0409815 -0.7794808 4.1724796 0.11971702 0.09237347 0.9879251 0.033749927
927570.4166666667 2.112073 0.23340097 3.8271263 0.1409903 0.056062516 0.98767614 0.038400758
952311.4166666667 3.49686 1.3393874 3.1310396 0.154755 0.032220226 0.986483 0.043176573
1001812.4166666667 2.5701013 0.46169546 4.3707576 0.17185353 0.013785888 0.9840082 0.044769157
1026564.4166666667 2.311896 0.7094642 4.0042963 0.17861176 0.008676176 0.9827836 0.046464898
1051321.4166666665 2.1208758 1.1366434 3.341239 0.18104716 0.0083400095 0.9823771 0.045691196
1076076.4166666665 2.1958408 1.0137535 3.416479 0.18513076 0.002415193 0.9816438 0.045785166
1100828.4166666665 2.2151978 1.2651216 2.7570496 0.18610606 0.0029662824 0.9815381 0.044030093
1125572.4166666665 1.481601 1.4620917 2.882153 0.19155948 0.0043210504 0.98051596 0.04329898
1150315.4166666665 1.9217647 2.4933732 1.2863071 0.18362309 0.00601434 0.9819888 0.04409478
1175061.4166666665 1.726749 2.3497038 1.7613707 0.18900123 0.0015907324 0.98093444 0.045207433
1199806.4166666665 1.6125524 2.7582057 0.9039058 0.18426052 0.0067607895 0.98192716 0.042677958
1224545.4166666665 2.8379135 2.880723 0.025356486 0.1794853 0.006978561 0.98280764 0.042725544
1249266.4166666665 3.1052341 2.5506635 0.5150879 0.18487506 -0.0060714264 0.9818348 0.042246338
1273974.4166666665 3.6074576 2.390135 1.0324574 0.1795357 -0.00034841738 0.9827537 0.044295467
1298679.4166666665 3.621472 1.866698 2.2503514 0.18075852 -0.0022824893 0.9824496 0.04597945
1323380.4166666665 4.14711 1.343993 3.073985 0.17815149 -0.004515108 0.9828771 0.046843242
1348073.4166666665 4.0578513 1.1387315 3.6140852 0.16865768 0.0061597996 0.9844593 0.048544597
1372758.4166666665 4.0615706 1.0153441 4.178646 0.1667347 0.006530843 0.98466796 0.050851945
1397435.4166666665 4.8847136 0.71341115 4.137496 0.16525748 0.009183954 0.98508763 0.04698973
1422108.4166666665 5.1804237 0.47053462 4.7143273 0.16319278 0.008596486 0.98534596 0.048862386
1446775.4166666665 5.5787144 0.12052501 4.8656344 0.15828626 0.011638664 0.98619115 0.047298167
1471428.4166666665 5.9990273 0.27648878 5.1572666 0.15746205 0.008603784 0.9863067 0.048278004
1496069.4166666665 6.0573397 0.18699098 5.3142886 0.15536293 0.009125925 0.9865406 0.050166965
1520704.4166666665 5.8103447 -0.0033835098 5.8179326 0.14749841 0.020610496 0.98757166 0.050216503
1545337.4166666665 5.829935 -0.30892143 6.277404 0.1362369 0.03279999 0.9889086 0.049229153
1569964.4166666665 5.562578 -0.23474708 6.142025 0.13465112 0.038657732 0.9889926 0.04762849
1594578.4166666665 5.274422 -0.0360239 5.729307 0.13701671 0.035356835 0.9888927 0.045470584
1619186.4166666665 5.5585756 0.23897174 5.815017 0.13238847 0.03777469 0.9893417 0.04742907
1643792.4166666665 5.496208 0.23647963 5.745023 0.12833485 0.04187622 0.98979884 0.045550797
1668402.4166666665 5.693351 0.40936285 5.056717 0.1313618 0.039968975 0.98953813 0.04428323
1693015.4166666665 6.5829463 0.19716328 5.303088 0.12871088 0.039193116 0.9899233 0.04415232
1717635.4166666665 6.7680836 0.55169517 4.652724 0.12442403 0.03902116 0.99048775 0.043932818
1742265.4166666665 4.3655844 2.5445962 3.4842718 0.15955381 0.019692967 0.98575014 0.04951276
1766903.4166666665 4.422687 2.206016 4.0736322 0.16007571 0.017769596 0.98562706 0.050983984
1791544.4166666665 4.5539618 2.6402488 3.8295405 0.1780241 -0.002104205 0.9825536 0.05377186
1816182.4166666665 4.3000336 2.8632066 2.746162 0.16110978 0.019686759 0.98560566 0.047303014
1840818.4166666665 4.1827235 2.5030286 3.4280043 0.15844531 0.020392543 0.98591524 0.04950135
1865446.4166666665 4.4343085 2.1518352 3.551728 0.1642302 0.016788082 0.98502034 0.049816556
1890077.4166666665 4.4726 2.1143677 3.4772234 0.16833287 0.007727638 0.9845268 0.04807596
1914710.4166666665 4.4557247 2.109584 3.8508217 0.16433786 0.010566792 0.98515695 0.04844833
1939342.4166666665 4.771127 1.9685618 3.8666227 0.16799487 0.00487233 0.98446363 0.050846953
1963972.4166666665 4.768204 1.5436653 4.3444185 0.16381712 0.011109663 0.9851652 0.049901593
1988602.4166666665 4.7675476 1.4990917 4.655945 0.15909915 0.015375787 0.98586416 0.050228894
2013233.4166666665 5.128 0.6363008 6.789987 0.15759207 0.016163608 0.985909 0.053730965
2037866.4166666665 5.4357157 0.24150923 7.119162 0.16371873 0.008032354 0.98499566 0.053993102
2062502.4166666665 3.99294 -0.36353588 6.7549353 0.15630357 0.02720829 0.9861928 0.047462758
2087143.4166666667 4.4516416 -0.50821143 6.53975 0.14732985 0.03228821 0.98743606 0.04713172
2111787.416666667 3.9591832 -0.367857 6.7966485 0.15918769 0.024456184 0.98574936 0.048574056
2136441.416666667 3.8134644 -0.4825673 6.8891706 0.15106167 0.03582606 0.98668706 0.0484316
2161097.416666667 4.0993066 -0.5639017 6.9781833 0.15432282 0.02934942 0.9864007 0.04833915
2185756.416666667 4.099505 -0.64081144 7.068771 0.15617235 0.028621905 0.9861559 0.047828313
2210422.416666667 3.480055 -0.37103868 6.7552085 0.15414639 0.03357849 0.98633474 0.047487944
2235096.416666667 2.4876251 0.0020815507 6.5038795 0.16213271 0.030527825 0.9850795 0.048983432
2259782.416666667 2.4017472 0.17013374 6.0979366 0.1576347 0.034000866 0.9858216 0.04637898
2284481.416666667 2.0753493 0.094154954 5.498876 0.14981219 0.044548865 0.98677206 0.04304279
2309189.416666667 1.3810072 0.14327882 6.391405 0.16728108 0.031485412 0.9841814 0.049119577
2333901.416666667 1.3409458 0.048153017 6.5524993 0.16074768 0.03969491 0.98507303 0.047070857
2358617.416666667 0.8768639 0.17487513 5.7736936 0.15734577 0.046125837 0.9854522 0.044707704
2383330.416666667 0.8508484 0.2346423 5.6714387 0.15395102 0.048674967 0.98595476 0.04269859
2408035.416666667 0.56804496 0.21626535 5.566028 0.15286937 0.052940536 0.9858926 0.042944044
2432732.416666667 -0.8662957 0.7241036 5.161908 0.17191686 0.03907479 0.9833261 0.04458249
2457421.416666667 -1.1074934 0.6569644 5.0555425 0.16760106 0.048791863 0.983694 0.043305073
2482100.416666667 -1.2406433 0.6168715 5.205308 0.16849126 0.047472455 0.98358285 0.04383844
2506766.416666667 -1.4952917 0.8463938 4.938035 0.17799905 0.03580551 0.98237354 0.044458877
2531416.416666667 -1.159825 0.8491808 5.0051208 0.17109045 0.043892622 0.98325145 0.044925157
2556043.416666667 -1.4125174 0.9067775 4.859813 0.17001581 0.0472467 0.9833044 0.044440288
2580646.416666667 -1.3417475 1.0154258 4.861129 0.17486273 0.04052814 0.9827097 0.045411486
2605232.416666667 -1.4531707 0.95427465 4.882803 0.17216313 0.04482979 0.98301667 0.04503872
2629803.416666667 -1.721519 1.0973026 4.804732 0.1789854 0.038562506 0.98200345 0.04632973
2654359.416666667 -1.9511883 1.8535799 3.9331343 0.1786945 0.03862584 0.9821232 0.044837657
2678903.416666667 -2.2975717 2.057107 3.5626006 0.17825495 0.040480517 0.9821379 0.044628087
2703442.416666667 -1.5789657 1.0181011 4.739576 0.17921568 0.03476774 0.982155 0.045215823
2727982.416666667 -1.3664284 0.5727248 4.953254 0.18050085 0.032563426 0.98197985 0.045549028
2752527.416666667 -1.5400609 0.8018207 4.9333897 0.16964291 0.046470974 0.98342067 0.04410813
2777071.416666667 -1.6267968 0.96226096 4.737127 0.17082463 0.047531527 0.983162 0.044184193
2801623.416666667 -1.4539756 0.8327539 4.9077044 0.17450824 0.041876785 0.98273426 0.045017436
2826180.416666667 -1.3339027 0.77493536 4.9982405 0.17646123 0.03832448 0.982518 0.045288477
2850740.416666667 -1.3211819 0.7173362 4.9955926 0.17250924 0.043267965 0.9830538 0.044426747
2875301.416666667 -1.2738305 0.5811333 5.0876813 0.16982391 0.04656553 0.9834153 0.043425422
2899863.416666667 -1.6486306 0.8990874 4.6390696 0.17444327 0.03844227 0.98294777 0.043651026
2924431.416666667 -1.6138119 0.83634245 4.6769786 0.17268077 0.04176702 0.9831188 0.043753345
2948994.416666667 -1.586367 0.81713206 4.7051973 0.1762327 0.039098457 0.9825387 0.04506796
2973549.416666667 -1.4992754 0.79121023 4.6588407 0.17521243 0.03798552 0.98281175 0.044032715
2998092.416666667 -1.4979173 0.7791688 4.5650353 0.17100683 0.045065355 0.9832899 0.043206777
3022626.416666667 -1.4653306 0.7998458 4.5146623 0.17385508 0.04151099 0.98292977 0.04359328
3047158.416666667 -1.3300476 0.71030295 4.5539618 0.17796624 0.034550667 0.9824649 0.043554727
3071694.416666667 -1.1038904 0.44635198 4.740852 0.1766599 0.03604696 0.98267466 0.0429242
3096231.416666667 -1.2859523 0.6636402 4.387991 0.17088573 0.044573713 0.9834299 0.040951613
3120768.416666667 -1.0979613 0.46909794 4.5614533 0.16929232 0.045416236 0.9836647 0.041003004
3145309.416666667 -1.1240903 0.55853015 4.442681 0.17474051 0.039021626 0.9829062 0.04287772
3169861.416666667 -1.0309693 0.48162982 4.499494 0.18013279 0.03329928 0.9821988 0.041581478
3194428.416666667 -0.99075156 0.53150684 4.270621 0.1757504 0.03364772 0.98298174 0.04155297
3219005.416666667 -0.8334989 0.38987306 4.44459 0.1720604 0.037479736 0.9834714 0.042126685
3243597.416666667 -0.7592789 0.36899447 4.4215245 0.17108479 0.039687127 0.9835967 0.041140016
3268206.416666667 -0.6756203 0.3765505 4.38863 0.16909096 0.0393092 0.9839629 0.040989064
3292830.416666667 -0.6191137 0.3614871 4.3089886 0.16594747 0.04509385 0.98426396 0.040650163
3317469.416666667 -0.48847723 0.2822321 4.405978 0.1659115 0.044795755 0.98427093 0.040956464
3342125.416666667 -0.42860234 0.2695298 4.5761824 0.17057507 0.039219096 0.98365104 0.04238796
3366793.416666667 -0.6679742 0.49090382 4.1127357 0.1706833 0.04072495 0.98361766 0.041292693
3391465.416666667 -0.60099715 0.51393706 4.2229466 0.17298695 0.036970258 0.98335123 0.041583985
3416141.416666667 -0.5491109 0.5340014 4.298319 0.17497143 0.034328487 0.9830214 0.043307867
3440819.416666667 -0.5579996 0.58867747 4.181239 0.177252 0.031869277 0.98270077 0.043190144
3465495.416666667 -0.52930224 0.6279372 4.0927877 0.17376985 0.034812864 0.98327446 0.041995246
3490168.416666667 -0.4558481 0.5982481 4.1465387 0.17091255 0.039332505 0.9835976 0.042163976
3514834.416666667 -0.40152442 0.6302269 4.00873 0.16816081 0.04136466 0.9840067 0.041734684
3539490.416666667 -0.4186611 0.6661681 4.1082077 0.17338842 0.035488103 0.9832848 0.042756386
3564134.416666667 -0.3915869 0.66570807 4.1812024 0.17296085 0.033949275 0.9834163 0.04271311
3588768.416666667 -0.25359714 0.70702136 4.20542 0.17066821 0.03599159 0.9837362 0.042896204
3613399.416666667 -0.035563618 0.6654159 4.16718 0.16536571 0.039691105 0.98455364 0.041629113
3638026.416666667 -0.46564126 1.1011826 3.2138891 0.17563397 0.02896459 0.98318774 0.04069026
3662646.416666667 -0.4735241 1.1455643 3.354949 0.18295294 0.023737462 0.98185325 0.043920632
3687261.416666667 -0.5686527 1.2550709 2.9131927 0.17712897 0.031754814 0.9828086 0.041282114
3711872.416666667 -0.53654474 1.4002048 2.792453 0.17841043 0.03010248 0.98261 0.04172769
3736481.416666667 -0.59877783 1.4240489 2.86634 0.17631505 0.032674838 0.9829159 0.04149492
3761090.416666667 -0.5810288 1.37085 2.8239017 0.175977 0.032520726 0.9829405 0.042454887
3785699.416666667 -0.44924176 1.3189591 3.3896375 0.17557345 0.032066796 0.98303795 0.042215243
3810312.416666667 -0.5470487 1.0852172 3.5178528 0.17815417 0.031113727 0.9825438 0.04359783
3834932.416666667 -0.6173165 1.117542 3.5116117 0.18298508 0.02735414 0.9817012 0.045066252
3859555.416666667 -0.54279584 1.2235111 3.7291946 0.18260077 0.024780296 0.9818763 0.044293694
3884177.416666667 -0.5282552 0.98121274 3.8602166 0.17447996 0.035023596 0.9830981 0.042990636
3908804.416666667 -0.51226324 0.9474272 4.0675235 0.17825928 0.028941948 0.98258054 0.043835513
3933439.416666667 -0.47930408 0.7587979 4.2082863 0.17295933 0.034287866 0.9834424 0.041838367
3958077.416666667 -0.5962804 0.89858913 4.019655 0.17989972 0.029041652 0.98229647 0.043432802
3982719.416666667 -0.6160037 0.9255265 3.7341118 0.17605841 0.033679802 0.9829158 0.041780137
4007361.416666667 -0.67363125 0.9823054 3.9354093 0.19003542 0.015812973 0.980679 0.043650806
4031999.416666667 -0.73527336 1.0837716 3.730013 0.18516527 0.023869531 0.9814283 0.044074703
4056635.416666667 -0.6953672 1.0216528 3.791531 0.1775122 0.03364505 0.9825656 0.043844637
4081266.416666667 -0.8303145 0.9670104 3.4265559 0.17863426 0.034217335 0.9824132 0.042231314
4105891.416666667 -0.82016253 0.79087996 3.6315906 0.17529488 0.03553299 0.9829827 0.041883368
4130511.416666667 -0.7875079 0.73701835 3.811331 0.17719668 0.033503603 0.9826987 0.042216294
4155128.416666667 -0.76773643 0.67118376 3.9303625 0.17898764 0.03182949 0.98241097 0.04265057
4179743.416666667 -0.6878483 0.54553103 4.0335603 0.17828555 0.032592475 0.98258406 0.04099514
4204360.416666666 -0.9002593 0.64740187 3.8466778 0.17805438 0.032138802 0.9826069 0.041803725
4228974.416666666 -0.9108199 0.65965986 3.8999734 0.1826922 0.026793355 0.9818629 0.04302303
4253586.416666666 -0.9730787 0.7164013 3.88191 0.18849522 0.021229833 0.980856 0.044050407
4278196.416666666 -0.95398027 0.67067385 3.9666653 0.18191862 0.02705747 0.981985 0.04334868
4302809.416666666 -0.84881586 0.569812 4.1786504 0.17388166 0.038081244 0.98310506 0.04265505
4327433.416666666 -0.92257917 0.5025141 4.0861845 0.17318092 0.03859471 0.9833 0.0404982
4352071.416666666 -0.97258186 0.5917776 3.965723 0.17680886 0.035208035 0.9827122 0.042140543
4376718.416666666 -1.0400445 0.6027624 3.8920105 0.17613173 0.037038475 0.98276097 0.04227019
4401373.416666666 -1.1844444 0.82882863 3.6022277 0.17746004 0.035990093 0.98257494 0.041944157
4426022.416666666 -1.0195854 0.49234042 4.1731014 0.17584963 0.03781183 0.982799 0.041873187
4450663.416666666 -1.1212339 0.63939583 3.9734566 0.17525993 0.03669928 0.9829557 0.041655898
