1541977105476242.2 -0.0 -0.0 -0.0 -0.0 -0.0 1.0 -0.0
1541977105508499.2 0.00018087571 0.028685492 -0.024899902 0.0023670234 0.0006408378 0.9999775 -0.0062378123
1541977105540690.2 -0.000501939 0.04131999 -0.03841226 0.006737907 0.010867596 0.999875 -0.009303624
1541977105572835.2 -0.000501939 0.04131999 -0.03841226 0.006737907 0.010867596 0.999875 -0.009303624
1541977105604941.2 -0.0012786192 0.059780754 -0.06114116 0.011694829 0.019018799 0.9996692 -0.012768869
1541977105637030.2 -0.0012786192 0.059780754 -0.06114116 0.011694829 0.019018799 0.9996692 -0.012768869
1541977105669132.2 -0.0012786192 0.059780754 -0.06114116 0.011694829 0.019018799 0.9996692 -0.012768869
1541977105701247.2 -0.0059985267 0.08825842 -0.09262403 0.008854792 0.04126239 0.99908674 -0.0066850623
1541977105733370.2 -0.0059985267 0.08825842 -0.09262403 0.008854792 0.04126239 0.99908674 -0.0066850623
1541977105765494.2 -0.04795101 0.119715184 -0.09448887 0.0066441856 0.058422767 0.99825615 -0.0052329977
1541977105797608.2 -0.04795101 0.119715184 -0.09448887 0.0066441856 0.058422767 0.99825615 -0.0052329977
1541977105829684.2 -0.0767043 0.12145468 -0.09782648 -0.00096607395 0.043959755 0.9990106 -0.006668699
1541977105861703.2 -0.0767043 0.12145468 -0.09782648 -0.00096607395 0.043959755 0.9990106 -0.006668699
1541977105893691.2 -0.038355682 0.11665478 -0.104123585 -0.0012845477 0.047704637 0.9988565 -0.002905963
1541977105925686.2 -0.016156929 0.101600654 -0.11355655 -0.0011563617 0.061531942 0.9980608 0.009336715
1541977105957709.2 0.0047614034 0.096443556 -0.120921806 -0.0070704333 0.08128243 0.9961583 0.031810034
1541977105989741.2 0.01628669 0.13307916 -0.0958828 -0.01668934 0.10281522 0.992255 0.06768019
1541977106021725.2 0.018329931 0.13582543 -0.0851297 -0.03356876 0.119497515 0.9870398 0.10171506
1541977106053604.2 0.02122546 0.12905218 -0.07350788 -0.050040603 0.1250649 0.98035544 0.14407623
1541977106085306.2 0.030891476 0.12357625 -0.0681034 -0.050452933 0.11455536 0.97595 0.178475
1541977106116682.2 0.036302213 0.12084724 -0.060708188 -0.021571498 0.08440668 0.98085773 0.17415066
1541977106147513.2 0.041081302 0.118091024 -0.05668478 0.0116736945 0.06751255 0.9864993 0.14874445
1541977106177619.2 0.027050689 0.09762478 -0.05737465 0.028908392 0.09261032 0.9870005 0.12813143
1541977106207052.2 0.026995998 0.09801591 -0.056831464 0.035509754 0.11550253 0.9858337 0.11631969
1541977106236144.2 0.029207328 0.09243624 -0.054453894 0.04690132 0.12224827 0.98580104 0.10512857
1541977106265258.2 0.038677424 0.08287429 -0.048034742 0.055352528 0.110021755 0.988292 0.090057366
1541977106294630.2 0.04298231 0.07411661 -0.042257708 0.05712928 0.09801657 0.9907734 0.074142784
1541977106324367.2 0.035220135 0.075681135 0.0012491259 0.053633466 0.096234016 0.99170053 0.06627628
1541977106354480.2 0.031985093 0.07338255 0.015553981 0.045048937 0.08756791 0.99415356 0.0442858
1541977106384930.2 0.029067596 0.06470838 0.037104562 0.04096283 0.07756785 0.99595386 0.019525079
1541977106415635.2 0.027650101 0.06538919 0.06528108 0.037566602 0.073604286 0.9965536 0.0072184186
1541977106446524.2 0.026186416 0.06788185 0.098462425 0.031000583 0.07266729 0.99687433 -0.00018123211
1541977106477567.2 0.016515508 0.06680502 0.12924129 0.028991355 0.0643049 0.99743366 -0.012267175
1541977106508744.2 0.0039957995 0.07041481 0.16630004 0.026804877 0.05906641 0.9977308 -0.018056948
1541977106540024.2 -0.015759174 0.07676874 0.20982654 0.023354862 0.05504261 0.9980254 -0.019238615
1541977106571382.2 -0.027878603 0.084842466 0.25409082 0.019757237 0.04299031 0.99867713 -0.0201386
1541977106602804.2 -0.05478418 0.07968704 0.28825393 0.021037772 0.029497921 0.99913454 -0.020434847
1541977106634279.2 -0.068223245 0.06956369 0.31846595 0.01898956 0.01630172 0.99950564 -0.019032614
1541977106665809.2 -0.09091773 0.06374756 0.35865653 0.019149616 0.00708684 0.99965775 -0.016352504
1541977106697406.2 -0.111273155 0.060731187 0.3873426 0.018875333 0.0017154461 0.99970514 -0.0151823
1541977106729073.2 -0.124949776 0.051366437 0.40836447 0.018593522 -0.0028988938 0.99972826 -0.013760094
1541977106760825.2 -0.13168515 0.03851585 0.42465904 0.0177288 -0.010709361 0.9996917 -0.013695429
1541977106792680.2 -0.13414408 0.042564873 0.44250903 0.016997064 -0.02165643 0.9995304 -0.01345938
1541977106824645.2 -0.14438075 0.03719574 0.45785362 0.018994346 -0.025318276 0.99937886 -0.0154986605
1541977106856712.2 -0.14807352 0.028355632 0.465232 0.020077273 -0.024697838 0.99931055 -0.019113664
1541977106888877.2 -0.14687304 0.021290053 0.4794378 0.02341108 -0.023159456 0.9992521 -0.020271134
1541977106921136.2 -0.14574473 0.010028793 0.49232218 0.02829246 -0.023124488 0.9990572 -0.023444662
1541977106953477.2 -0.14622766 -0.0014448538 0.503883 0.03287128 -0.021528821 0.9988567 -0.027226582
1541977106985881.2 -0.13954574 -0.0024358095 0.5225425 0.03511656 -0.021850578 0.99879235 -0.026519438
1541977107018325.2 -0.12964512 -0.009792543 0.52476335 0.035850137 -0.020800373 0.99880046 -0.026073541
1541977107050787.2 -0.12123811 -0.021548387 0.52619505 0.03525716 -0.019657426 0.99884707 -0.025982294
1541977107083256.2 -0.110543996 -0.01805298 0.56051415 0.039202515 -0.02016492 0.9989019 -0.015859092
1541977107115726.2 -0.10319427 -0.030547995 0.5575738 0.040619332 -0.025077008 0.9987354 -0.015775068
1541977107148187.2 -0.08865668 -0.04531543 0.5490148 0.04309869 -0.032490328 0.9984442 -0.014003309
1541977107180618.2 -0.056184374 -0.06067275 0.53820205 0.042991586 -0.036592536 0.99838305 -0.006639281
1541977107212986.2 -0.038153604 -0.07286895 0.5206523 0.0460172 -0.037633564 0.998222 -0.0043630176
1541977107245253.2 -0.025292562 -0.078006834 0.5035857 0.051124416 -0.034266762 0.99809974 -0.0030077458
1541977107277412.2 0.009054084 -0.0835028 0.47369665 0.051420245 -0.024696223 0.9983626 -0.004272078
1541977107309503.2 0.021611366 -0.08482006 0.4521713 0.05754444 -0.013123194 0.99824536 -0.004766203
1541977107341561.2 0.035382807 -0.08189563 0.43178123 0.061495405 -0.0066870544 0.9980722 -0.0050529046
1541977107373602.2 0.0544131 -0.09620722 0.38793308 0.06343465 -0.008853303 0.9978468 -0.0141217625
1541977107405622.2 0.06029058 -0.09938357 0.36275885 0.07455923 -0.0149029875 0.9968995 -0.020256888
1541977107437608.2 0.07067416 -0.09629701 0.33690387 0.08551758 -0.016165469 0.99593234 -0.02332943
1541977107469525.2 0.08400516 -0.06601349 0.32970577 0.10043088 -0.015195032 0.99467725 -0.017317679
1541977107501330.2 0.09419579 -0.065354146 0.29658452 0.11186179 -0.013673485 0.9933795 -0.022298904
1541977107532993.2 0.14691773 -0.07794925 0.24711338 0.11048684 -0.015796445 0.9931647 -0.03416251
1541977107564498.2 0.15734673 -0.08005418 0.21067636 0.12416148 -0.01988851 0.99122655 -0.040723976
1541977107595844.2 0.20093183 -0.06393412 0.18089956 0.12854406 -0.02373473 0.9906135 -0.039974857
1541977107627028.2 0.20963052 -0.063154526 0.14373262 0.14004004 -0.02511243 0.9887339 -0.046513192
1541977107658058.2 0.20922466 -0.06239927 0.10852917 0.15229325 -0.026208967 0.98650515 -0.054106813
1541977107688959.2 0.25391376 -0.0654205 0.072555 0.1514139 -0.029848794 0.9861366 -0.06097118
1541977107719773.2 0.25432846 -0.06445548 0.038087174 0.16125132 -0.031773634 0.98418444 -0.066102006
1541977107750526.2 0.24603538 -0.06478128 0.010977914 0.17248766 -0.033565667 0.9819203 -0.07038467
1541977107781249.2 0.26300052 -0.05980482 -0.009745074 0.17643324 -0.034700453 0.9810762 -0.071810864
1541977107811958.2 0.2926589 -0.06343946 -0.020945432 0.17530772 -0.033755504 0.9813017 -0.07193567
1541977107842654.2 0.32714862 -0.10786365 -0.06484146 0.16641137 -0.03613627 0.9820685 -0.080888905
1541977107873339.2 0.33089626 -0.12230834 -0.07455443 0.16846809 -0.046790425 0.98145753 -0.07855154
1541977107904030.2 0.33477867 -0.14507811 -0.07938798 0.17399627 -0.06238452 0.98009604 -0.072424345
1541977107934729.2 0.3391326 -0.23415817 -0.10053372 0.17273471 -0.06930867 0.97936 -0.07882335
1541977107965380.2 0.34764326 -0.25780258 -0.09750023 0.1754124 -0.07965523 0.97896457 -0.06718647
1541977107995933.2 0.3511569 -0.32825738 -0.103574306 0.17610432 -0.08871188 0.97801465 -0.067860164
1541977108026387.2 0.35690287 -0.3759296 -0.10424198 0.17565921 -0.09660117 0.97779924 -0.060999054
1541977108056753.2 0.35938448 -0.42610803 -0.097877406 0.17526454 -0.10403867 0.9775114 -0.054128688
1541977108087033.2 0.3577913 -0.46099374 -0.09337027 0.17563656 -0.11494859 0.9764687 -0.04947338
1541977108117210.2 0.36061418 -0.47687528 -0.08272015 0.17360342 -0.12393 0.9760107 -0.043663327
1541977108147261.2 0.36263874 -0.49705446 -0.08535097 0.16956007 -0.13646208 0.97516966 -0.040886156
1541977108177199.2 0.33409423 -0.5367232 -0.06236598 0.17360961 -0.1502502 0.97207993 -0.04842785
1541977108207062.2 0.32014626 -0.5508271 -0.053876385 0.17531516 -0.17064366 0.9678674 -0.058121447
1541977108236885.2 0.3080916 -0.56115985 -0.0428692 0.17451367 -0.18986513 0.96385384 -0.066948324
1541977108266708.2 0.29638305 -0.5641809 -0.030509356 0.1727659 -0.20705031 0.9598638 -0.07709587
1541977108296569.2 0.2708019 -0.5853797 -0.01928318 0.17115074 -0.22201775 0.9554334 -0.09253407
1541977108326485.2 0.24466696 -0.58236045 -0.003318157 0.16846627 -0.23850031 0.95090103 -0.102586836
1541977108356451.2 0.22514623 -0.57133156 0.009626489 0.15999372 -0.2513189 0.9483009 -0.10939073
1541977108386464.2 0.22250557 -0.579166 0.020272356 0.14173174 -0.25789642 0.94838184 -0.11820964
1541977108416533.2 0.19456428 -0.55798846 0.03617859 0.1307555 -0.26278466 0.9482544 -0.12108225
1541977108446663.2 0.18077114 -0.5565431 0.04840021 0.113795795 -0.26446903 0.94916683 -0.12723583
1541977108476871.2 0.16327542 -0.52962404 0.059497435 0.101932034 -0.2653775 0.95022136 -0.1275309
1541977108507179.2 0.14639023 -0.50973505 0.0698501 0.08901282 -0.26170304 0.952615 -0.12693663
1541977108537621.2 0.12488574 -0.48261902 0.07676247 0.077388294 -0.25651056 0.9554529 -0.12378675
1541977108568248.2 0.11526261 -0.4623293 0.08494739 0.0653584 -0.25326905 0.9573365 -0.12284142
1541977108599077.2 0.09411822 -0.43754113 0.09086506 0.058461238 -0.2479293 0.95938367 -0.121228956
1541977108630103.2 0.08476218 -0.40852988 0.093912974 0.047371168 -0.23943743 0.9628736 -0.11532666
1541977108661315.2 0.07032182 -0.3850342 0.094114825 0.038910475 -0.232734 0.9651992 -0.112745106
1541977108692688.2 0.055227634 -0.36322886 0.08805951 0.03509815 -0.23003332 0.9661355 -0.111512914
1541977108724200.2 0.0462261 -0.3388721 0.0805571 0.032543734 -0.22709946 0.9669752 -0.11102096
1541977108755865.2 0.039934423 -0.31534523 0.07099165 0.03117335 -0.22267564 0.9678944 -0.11235791
1541977108787699.2 0.030957516 -0.29068506 0.06302699 0.033797298 -0.2140369 0.9696515 -0.11323393
1541977108819685.2 0.038655423 -0.26080415 0.04499945 0.03321477 -0.20332739 0.97195417 -0.1134018
1541977108851767.2 0.044168536 -0.23312767 0.024920786 0.032520387 -0.18603362 0.97565675 -0.11148065
1541977108883883.2 0.05755464 -0.20346978 0.004772797 0.0326908 -0.16940182 0.9789376 -0.109158
1541977108915981.2 0.06897784 -0.18117353 -0.01336937 0.034355026 -0.15418424 0.98165935 -0.10673266
1541977108948043.2 0.092529096 -0.13054214 -0.025390176 0.035951078 -0.14370981 0.98423046 -0.09667166
1541977108980055.2 0.106089845 -0.111241676 -0.045252122 0.038560793 -0.13504878 0.98543817 -0.095846534
1541977109012022.2 0.12759349 -0.088902384 -0.057392173 0.0397816 -0.12794971 0.9867265 -0.09174504
1541977109043959.2 0.14343473 -0.068857096 -0.06551648 0.04163122 -0.11965443 0.988151 -0.08664458
1541977109075866.2 0.15243559 -0.051019277 -0.076214835 0.04596402 -0.11492649 0.9886715 -0.08489986
1541977109107750.2 0.15615469 -0.034006916 -0.08063093 0.05139026 -0.11259209 0.9887806 -0.083636254
1541977109139623.2 0.17056699 -0.018772885 -0.08467508 0.053342864 -0.111307 0.98911744 -0.0800748
1541977109171491.2 0.18030669 -0.0056002205 -0.09341858 0.054831546 -0.110833265 0.9894295 -0.07575492
1541977109203360.2 0.20160714 -0.0057729604 -0.098903306 0.053880382 -0.1108019 0.98975396 -0.07215945
1541977109235238.2 0.2301872 0.0069413576 -0.10316622 0.05220077 -0.1147951 0.98982555 -0.065898426
1541977109267123.2 0.24879816 0.02121742 -0.10239639 0.05223198 -0.118118644 0.9897924 -0.06025687
1541977109299004.2 0.2690416 0.040760268 -0.10625565 0.051254313 -0.12418463 0.98950064 -0.053289425
1541977109330882.2 0.26856735 0.032527372 -0.1098638 0.053055737 -0.13018179 0.9887262 -0.051558997
1541977109362769.2 0.2673307 0.021738376 -0.12120014 0.051854778 -0.13441435 0.98828167 -0.050429847
1541977109394655.2 0.2821889 0.029969161 -0.116531454 0.04949933 -0.14430478 0.9872727 -0.044928826
1541977109426519.2 0.29874855 0.031951144 -0.11462827 0.0472623 -0.15370731 0.9860671 -0.042567357
1541977109458351.2 0.31087244 0.03370637 -0.11497847 0.045031942 -0.16176485 0.9849251 -0.041554444
1541977109490150.2 0.32297125 0.03383567 -0.1137255 0.04283736 -0.16815992 0.9839501 -0.041587584
1541977109521923.2 0.32391945 0.032481156 -0.11599816 0.041729577 -0.17287332 0.9831465 -0.04238498
1541977109553689.2 0.33303118 0.039213296 -0.11722274 0.037933275 -0.17836893 0.98237914 -0.040949166
1541977109585468.2 0.35556075 0.089247845 -0.08286609 0.035088673 -0.18851386 0.98101574 -0.028972844
1541977109617261.2 0.35040572 0.10264375 -0.070634134 0.03380181 -0.19188349 0.9804693 -0.026797919
1541977109649075.2 0.3562596 0.097541586 -0.07466195 0.026358739 -0.19164391 0.98065645 -0.029846897
1541977109680915.2 0.34342515 0.11597608 -0.06420245 0.025861941 -0.19142029 0.9808003 -0.02683748
1541977109712769.2 0.34014487 0.12513484 -0.060275555 0.022426508 -0.18978877 0.9811891 -0.027302073
1541977109744633.2 0.33069468 0.13787603 -0.060449556 0.018897273 -0.18312763 0.9825303 -0.027228722
1541977109776517.2 0.31643903 0.15068862 -0.057184793 0.015928915 -0.17393556 0.9842937 -0.025664125
1541977109808419.2 0.28643402 0.16305718 -0.060588658 0.016084427 -0.16649294 0.9855665 -0.02608012
1541977109840337.2 0.27136064 0.15024039 -0.07925245 0.010215838 -0.15975483 0.9865577 -0.0328324
1541977109872280.2 0.23889992 0.15884551 -0.07918031 0.008762254 -0.1534137 0.98764306 -0.03079958
1541977109904249.2 0.20784166 0.15758187 -0.08725116 0.0075478856 -0.14688995 0.9886634 -0.030185424
1541977109936248.2 0.18204805 0.15003158 -0.10103258 0.0072095473 -0.14085092 0.9894801 -0.032221865
1541977109968289.2 0.16478495 0.14043574 -0.1118735 0.006363495 -0.13330668 0.99039805 -0.03606357
1541977110000409.2 0.15926349 0.13669956 -0.13148667 0.007384756 -0.1239128 0.9915654 -0.037272137
1541977110032632.2 0.1361583 0.1353718 -0.13253446 0.015102596 -0.110921934 0.99300885 -0.037438877
1541977110064956.2 0.10380874 0.14598626 -0.124606766 0.028495291 -0.09780406 0.99415755 -0.035681926
1541977110097372.2 0.09981881 0.14133915 -0.13668384 0.03383052 -0.08633068 0.994885 -0.040079236
1541977110129853.2 0.088913254 0.13611297 -0.14633796 0.03782822 -0.07546718 0.99537444 -0.04586427
1541977110162364.2 0.06627865 0.13704337 -0.14399128 0.043821935 -0.06644632 0.99563336 -0.0487733
1541977110194887.2 0.06409412 0.13960826 -0.13788395 0.051070288 -0.059051387 0.9958379 -0.047028583
1541977110227420.2 0.05428707 0.14149578 -0.13075577 0.060735714 -0.054607615 0.9957205 -0.043243133
1541977110259967.2 0.052674267 0.13576186 -0.12010831 0.064161345 -0.05224482 0.9956734 -0.04228958
1541977110292524.2 0.061317675 0.13540801 -0.11553574 0.06531679 -0.05374317 0.9955442 -0.04167951
1541977110325083.2 0.067618415 0.13418001 -0.11291523 0.065359496 -0.054563787 0.9954687 -0.04234605
1541977110357639.2 0.048621997 0.13075708 -0.110130206 0.07257304 -0.05287317 0.9950153 -0.04338378
1541977110390190.2 0.0395792 0.122092396 -0.100185715 0.079353124 -0.05288599 0.99440646 -0.045409203
1541977110422734.2 0.05261388 0.14089908 -0.08575771 0.08807522 -0.056720767 0.99357176 -0.04290525
1541977110455268.2 0.07182413 0.13326241 -0.08661001 0.09613282 -0.056709494 0.9927356 -0.044928953
1541977110487766.2 0.094413996 0.11833087 -0.0933287 0.10517607 -0.058010995 0.9915993 -0.047995485
1541977110520195.2 0.10317801 0.11419847 -0.09846459 0.11604814 -0.060476106 0.9900957 -0.050852858
1541977110552513.2 0.13176787 0.09444442 -0.1054361 0.12133324 -0.058993578 0.9893441 -0.054737426
1541977110584697.2 0.14690356 0.08629593 -0.10961075 0.13119297 -0.058023468 0.9881792 -0.05407036
1541977110616761.2 0.1738418 0.08261319 -0.111332186 0.13777275 -0.06219136 0.9870033 -0.054547407
1541977110648713.2 0.19108158 0.07554307 -0.11350258 0.14298357 -0.06403324 0.9860104 -0.056912508
1541977110680552.2 0.20812383 0.07132758 -0.110711895 0.14497527 -0.059862375 0.98610926 -0.054655857
1541977110712284.2 0.2301153 0.05756032 -0.11650556 0.1439717 -0.059803408 0.9861489 -0.056622215
1541977110743922.2 0.24431555 0.046765614 -0.11255497 0.14546871 -0.066252425 0.98559856 -0.055181228
1541977110775480.2 0.2568744 0.043526504 -0.11015773 0.14466321 -0.07400142 0.9853852 -0.05111202
1541977110806966.2 0.2666361 0.036374662 -0.09693395 0.14231072 -0.078982726 0.98549813 -0.047987796
1541977110838368.2 0.27863842 0.03013833 -0.08454952 0.14071813 -0.08532864 0.9854537 -0.042408265
1541977110869696.2 0.28943256 0.018510608 -0.06728771 0.1375254 -0.09612683 0.9851603 -0.036133256
1541977110900975.2 0.28397146 -0.025306175 -0.068602085 0.13437422 -0.10588757 0.9845364 -0.03767672
1541977110932196.2 0.29735264 -0.035555147 -0.05434155 0.1311331 -0.12172192 0.9834903 -0.027107337
1541977110963342.2 0.30980256 -0.04889184 -0.03915216 0.1252264 -0.13871466 0.9822322 -0.017220763
1541977110994390.2 0.29073796 -0.0873652 -0.030366002 0.12331966 -0.15162948 0.9805902 -0.015609435
1541977111025292.2 0.3008623 -0.10142087 -0.016663281 0.11510859 -0.16429111 0.97964203 -0.0077430755
1541977111056036.2 0.3059228 -0.108381696 -0.004509533 0.10794763 -0.17416787 0.9787775 0.0027265102
1541977111086650.2 0.30234706 -0.1215038 0.015570361 0.1010721 -0.18272752 0.9779215 0.008048036
1541977111117176.2 0.29160613 -0.15175962 0.018933084 0.09264661 -0.19062734 0.9772556 0.0070221554
1541977111147655.2 0.29235175 -0.1597641 0.031449288 0.08339769 -0.19710985 0.9767246 0.01420249
1541977111178133.2 0.29250166 -0.166137 0.041342776 0.074435435 -0.20375863 0.97598594 0.019829756
1541977111208656.2 0.28649482 -0.17048903 0.057192147 0.06528758 -0.20952268 0.97530866 0.024717037
1541977111239245.2 0.27327058 -0.17316952 0.07325947 0.05801922 -0.21300326 0.97488743 0.029292228
1541977111269915.2 0.24888054 -0.19169867 0.08110051 0.054025225 -0.21548744 0.97460335 0.028192982
1541977111300680.2 0.24421607 -0.1963682 0.09014678 0.045702618 -0.21712016 0.9745222 0.03281385
1541977111331550.2 0.24170329 -0.19801159 0.09534032 0.035708055 -0.21850678 0.97443944 0.03804805
1541977111362523.2 0.23887421 -0.19757886 0.09914284 0.026151972 -0.21946138 0.9743182 0.043091234
1541977111393580.2 0.21629107 -0.19362637 0.108614534 0.021357466 -0.21828598 0.9744688 0.04801738
1541977111424692.2 0.18327445 -0.188892 0.11645997 0.019843401 -0.21837021 0.9743479 0.05066581
1541977111455840.2 0.16907823 -0.17596605 0.12463574 0.012897437 -0.21826896 0.9742196 0.05557344
1541977111487025.2 0.15448917 -0.16321352 0.13404632 0.0070743137 -0.21884213 0.9739366 0.05920818
1541977111518240.2 0.139328 -0.14980459 0.14023906 0.0015566039 -0.21925136 0.973672 0.0623647
1541977111549489.2 0.12634473 -0.13544537 0.14612007 -0.0034681864 -0.21932034 0.9734183 0.06590435
1541977111580801.2 0.10260501 -0.14056408 0.14122131 -0.006102613 -0.21798088 0.9739588 0.062059402
1541977111612198.2 0.08498117 -0.13448097 0.14134045 -0.007998056 -0.21510096 0.9745558 0.06251958
1541977111643699.2 0.07710831 -0.124965385 0.14336966 -0.0095959185 -0.21296196 0.97487855 0.06455145
1541977111675318.2 0.06798501 -0.12253507 0.14009583 -0.010733716 -0.20903064 0.9757144 0.0645954
1541977111707076.2 0.066078946 -0.11063342 0.13571961 -0.013124703 -0.20365578 0.97670037 0.066396706
1541977111738986.2 0.063479125 -0.10283714 0.13193199 -0.013433442 -0.19951338 0.97753996 0.0665561
1541977111771030.2 0.06766953 -0.096677445 0.12554628 -0.014649655 -0.19553617 0.9783537 0.06614437
1541977111803187.2 0.07202534 -0.09045026 0.115947045 -0.015255497 -0.18969896 0.97957456 0.06492576
1541977111835448.2 0.06875162 -0.08137046 0.11001872 -0.01552997 -0.1815631 0.98113215 0.06460206
1541977111867803.2 0.061092887 -0.07285359 0.10130135 -0.016285772 -0.17432179 0.9824691 0.06404112
1541977111900238.2 0.045559987 -0.072733074 0.087344065 -0.016992314 -0.1693684 0.98348725 0.06147028
1541977111932749.2 0.03739949 -0.06494823 0.075398386 -0.01865493 -0.16736299 0.98391706 0.059572604
1541977111965351.2 0.012689579 -0.082566254 0.049090665 -0.021756846 -0.16302912 0.9852449 0.04733488
1541977111998051.2 -0.00989447 -0.075881004 0.034460127 -0.023973765 -0.16153303 0.985698 0.04161544
1541977112030842.2 -0.02937889 -0.06974045 0.019132445 -0.028821118 -0.16241042 0.98567307 0.035225328
1541977112063723.2 -0.03025215 -0.0703634 0.009392809 -0.038735 -0.16746895 0.98474014 0.027216619
1541977112096713.2 -0.05496963 -0.06665097 -0.004701801 -0.043052576 -0.17024978 0.9842446 0.020596394
1541977112129852.2 -0.08029556 -0.061510023 -0.01956406 -0.047429495 -0.1725239 0.98375595 0.01449904
1541977112163173.2 -0.092480995 -0.05894122 -0.025468484 -0.054226533 -0.17513923 0.9830092 0.008869974
1541977112196695.2 -0.118036225 -0.05483091 -0.0354508 -0.054732703 -0.17669702 0.98273677 0.003322173
1541977112230393.2 -0.14713277 -0.0483404 -0.050977536 -0.051399004 -0.1777612 0.9827227 -0.003905538
1541977112264237.2 -0.16910847 -0.041955397 -0.056643125 -0.04897721 -0.17723672 0.9828908 -0.010685402
1541977112298191.2 -0.12274656 -0.054627787 -0.06896431 -0.05918196 -0.17816806 0.98198336 -0.021503586
1541977112332204.2 -0.14359654 -0.046375148 -0.07561842 -0.04954599 -0.1764009 0.9825748 -0.03122005
1541977112366225.2 -0.16439284 -0.036133144 -0.0845226 -0.03801763 -0.17240953 0.98340243 -0.041825756
1541977112400222.2 -0.098650575 -0.028345596 -0.09647959 -0.046210516 -0.17005804 0.9830818 -0.04995051
1541977112434176.2 -0.112131745 -0.016269067 -0.10235695 -0.03623149 -0.16110827 0.98438746 -0.060932912
1541977112468064.2 -0.11115561 -0.0048910426 -0.107613035 -0.029027909 -0.15449654 0.9849339 -0.07206599
1541977112501870.2 -0.11940791 0.007792045 -0.10638534 -0.020235784 -0.14881878 0.985433 -0.0797833
1541977112535568.2 -0.044904657 0.026001006 -0.10721847 -0.027221836 -0.15021177 0.98506814 -0.07960049
1541977112569147.2 -0.052740708 0.03890632 -0.10710957 -0.016955096 -0.14747348 0.98552847 -0.08184047
1541977112602642.2 -0.059871938 0.04788379 -0.10186281 -0.0057606217 -0.1444853 0.98595154 -0.08360896
1541977112636108.2 -0.06300129 0.051311076 -0.09511177 0.006463124 -0.14228338 0.98620796 -0.084306434
1541977112669580.2 -0.06752436 0.0570067 -0.09270375 0.020490102 -0.1391748 0.9864554 -0.08435885
1541977112703048.2 0.046055723 0.030262873 -0.12072241 0.006205041 -0.14160104 0.9858539 -0.089458376
1541977112736476.2 0.043608874 0.03403108 -0.11736264 0.018109493 -0.1376214 0.98621726 -0.09004395
1541977112769822.2 0.039523203 0.03675313 -0.11467835 0.03223095 -0.13455756 0.98624927 -0.09037599
1541977112803055.2 0.036368757 0.039996956 -0.113206156 0.047868893 -0.13060594 0.98613733 -0.090464756
1541977112836166.2 0.15806878 0.037897512 -0.12784036 0.031784452 -0.1299047 0.98715675 -0.08738504
1541977112869139.2 0.15676905 0.04104892 -0.12742424 0.042954117 -0.1233846 0.98752695 -0.08787364
1541977112901957.2 0.1539671 0.045377854 -0.12882285 0.05369302 -0.11797987 0.9876196 -0.08834841
1541977112934622.2 0.15025073 0.048984356 -0.13151716 0.06020878 -0.111544274 0.98800826 -0.08816214
1541977112967154.2 0.14704417 0.05367971 -0.13379401 0.06614051 -0.10621776 0.98799783 -0.09057366
1541977112999568.2 0.14796679 0.058382962 -0.1376543 0.07075101 -0.100593224 0.9877442 -0.09610783
1541977113031888.2 0.14398439 0.06781394 -0.13991332 0.07456687 -0.09301086 0.9881688 -0.09649562
1541977113064122.2 0.25286004 0.10076134 -0.12330788 0.057594478 -0.09973547 0.98957354 -0.08648738
1541977113096265.2 0.25815246 0.104986854 -0.115023695 0.06128968 -0.09969396 0.9894386 -0.08553393
1541977113128332.2 0.26600048 0.11208278 -0.10525271 0.06653219 -0.10186223 0.9891332 -0.08254253
1541977113160357.2 0.27967113 0.13227998 -0.088957414 0.07232945 -0.10038984 0.9894999 -0.07470085
1541977113192353.2 0.3164096 0.13995782 -0.07739395 0.07270593 -0.09701369 0.99011225 -0.070569694
1541977113224312.2 0.34435332 0.13789916 -0.072776884 0.072824255 -0.095981345 0.99028236 -0.069462724
1541977113256220.2 0.35198176 0.10063779 -0.07813703 0.07479732 -0.093794465 0.9898505 -0.076183625
1541977113288070.2 0.37408438 0.10569827 -0.06622711 0.07604419 -0.099587426 0.98947364 -0.07239944
1541977113319855.2 0.38726887 0.10481714 -0.056791667 0.077423796 -0.10435319 0.9892688 -0.06680744
1541977113351572.2 0.39528093 0.10109425 -0.039431732 0.082269125 -0.11024854 0.9885726 -0.06165479
1541977113383231.2 0.40366694 0.10070084 -0.02575277 0.087198325 -0.11909491 0.98742175 -0.056667678
1541977113414831.2 0.41545972 0.09421145 -0.013235643 0.089367226 -0.12705633 0.98653793 -0.05111903
1541977113446382.2 0.42873707 0.08812645 -0.0013870832 0.09270079 -0.13512075 0.9853544 -0.047176663
1541977113477892.2 0.45514852 0.023998037 -0.013241475 0.08658725 -0.13633901 0.9851639 -0.05802043
1541977113509366.2 0.4633119 0.02181029 -0.002197949 0.08867303 -0.14322165 0.9843834 -0.051128108
1541977113540822.2 0.47176915 0.018681586 0.0119662015 0.09163056 -0.15007506 0.98348707 -0.04283286
1541977113572268.2 0.4794341 0.015770867 0.023794765 0.09461959 -0.15767582 0.9823476 -0.03433276
1541977113603694.2 0.4886587 0.013484139 0.036531817 0.09552137 -0.16730458 0.98098797 -0.023399146
1541977113635082.2 0.4861477 -0.0656495 0.020057222 0.0896181 -0.16906156 0.9809207 -0.0343736
1541977113666417.2 0.49210358 -0.06749195 0.03055362 0.09081082 -0.17741685 0.9795678 -0.026900474
1541977113697684.2 0.49802187 -0.06946021 0.042515777 0.09184278 -0.18191245 0.9788089 -0.020151684
1541977113728894.2 0.5036433 -0.07752019 0.054652926 0.09205843 -0.18628274 0.9780409 -0.01612902
1541977113760066.2 0.51319015 -0.08987288 0.064375415 0.09184145 -0.19355784 0.9766622 -0.015215455
1541977113791225.2 0.5172895 -0.09918066 0.07258156 0.09152123 -0.19747704 0.9759168 -0.01459967
1541977113822391.2 0.52887326 -0.111509375 0.07865443 0.08978536 -0.20223993 0.97505486 -0.01748337
1541977113853567.2 0.5221904 -0.12718955 0.07939819 0.09285388 -0.20406021 0.9742602 -0.02355172
1541977113884765.2 0.5158704 -0.13468154 0.082153 0.09739057 -0.20522173 0.9735332 -0.025144493
1541977113916009.2 0.5230555 -0.15119818 0.0788621 0.100571185 -0.20538816 0.97305155 -0.029528733
1541977113947304.2 0.53309965 -0.14685103 0.08069618 0.103555 -0.20466627 0.97282606 -0.031584505
1541977113978628.2 0.54511905 -0.14976405 0.079288945 0.10631531 -0.20515668 0.97224236 -0.03677887
1541977114009955.2 0.5567131 -0.16124165 0.07718676 0.11295035 -0.20588303 0.97096705 -0.045577697
1541977114041270.2 0.57566935 -0.1619389 0.07643958 0.11761661 -0.20369622 0.9706457 -0.050211016
1541977114072558.2 0.60534614 -0.16827585 0.07456204 0.11797086 -0.19981742 0.9710567 -0.05661066
1541977114103810.2 0.62043333 -0.16912179 0.07171057 0.12531722 -0.2041784 0.96874934 -0.0642768
1541977114135031.2 0.6403305 -0.17175594 0.06565828 0.1320113 -0.20798822 0.96659565 -0.07075976
1541977114166227.2 0.66342884 -0.17546026 0.063033655 0.13713439 -0.20255116 0.9666928 -0.07531493
1541977114197406.2 0.6832854 -0.17338566 0.058709558 0.14332154 -0.19402388 0.9671193 -0.0805854
1541977114228579.2 0.69924927 -0.17238817 0.050126966 0.15296066 -0.19033846 0.96570754 -0.08822356
1541977114259750.2 0.7160225 -0.1738739 0.038681936 0.16098122 -0.1866496 0.9646199 -0.09357091
1541977114290930.2 0.7281587 -0.17123932 0.031888753 0.16725782 -0.18185191 0.96420914 -0.09620547
1541977114322142.2 0.73554707 -0.17197879 0.023812084 0.17366995 -0.17811136 0.9631522 -0.10223936
1541977114353409.2 0.7417515 -0.16810465 0.017874165 0.18002981 -0.17739275 0.96156204 -0.10732924
1541977114384744.2 0.74730444 -0.16402632 0.013180368 0.18280593 -0.17549689 0.9611822 -0.10914067
1541977114416140.2 0.7459201 -0.16484973 0.010714892 0.18509771 -0.17388974 0.960807 -0.11113539
