0 4
1 12
2 19
3 27
4 34
5 42
6 49
7 57
8 64
9 71
10 78
11 86
12 93
13 100
14 107
15 114
16 122
17 129
18 136
19 143
20 150
21 157
22 164
23 171
24 178
25 185
26 192
27 199
28 206
29 213
30 220
31 227
32 234
33 241
34 247
35 254
36 261
37 268
38 274
39 280
40 287
41 293
42 299
43 306
44 312
45 318
46 324
47 331
48 337
49 343
50 349
51 355
52 360
53 366
54 372
55 378
56 384
57 389
58 395
59 401
60 407
61 413
62 418
63 424
64 430
65 436
66 441
67 447
68 453
69 459
70 464
71 470
72 476
73 481
74 599
75 604
76 610
77 616
78 622
79 628
80 634
81 639
82 645
83 651
84 657
85 663
86 668
87 674
88 680
89 686
90 692
91 698
92 704
93 709
94 715
95 721
96 727
97 733
98 739
99 745
100 750
101 756
102 762
103 768
104 774
105 780
106 786
107 791
