# timestamp[secs] tx ty tz qx qy qz qw
1542145521.577086 -0.0 -0.0 -0.0 -0.0 -0.0 -0.0 1.0
1542145521.601548 -0.0 -0.0 -0.0 -0.0 -0.0 -0.0 1.0
1542145521.626014 0.03770141676068306 -0.000540546840056777 0.0031091910786926746 0.0015227142721414566 0.004856550600379705 -0.004479223862290382 0.9999770522117615
1542145521.65048 0.03770141676068306 -0.000540546840056777 0.0031091910786926746 0.0015227142721414566 0.004856550600379705 -0.004479223862290382 0.9999770522117615
1542145521.674949 0.06265802681446075 0.00752559769898653 0.004986737389117479 -0.0040959506295621395 0.004242165479809046 -0.005870085209608078 0.9999654293060303
1542145521.699426 0.06265802681446075 0.00752559769898653 0.004986737389117479 -0.0040959506295621395 0.004242165479809046 -0.005870085209608078 0.9999654293060303
1542145521.723922 0.06265802681446075 0.00752559769898653 0.004986737389117479 -0.0040959506295621395 0.004242165479809046 -0.005870085209608078 0.9999654293060303
1542145521.74845 0.06265802681446075 0.00752559769898653 0.004986737389117479 -0.0040959506295621395 0.004242165479809046 -0.005870085209608078 0.9999654293060303
1542145521.773014 0.06265802681446075 0.00752559769898653 0.004986737389117479 -0.0040959506295621395 0.004242165479809046 -0.005870085209608078 0.9999654293060303
1542145521.797607 0.07980557531118393 0.015370613895356655 0.00837258156388998 -0.0019111242145299911 -0.013518278487026691 -0.021432559937238693 0.9996771216392517
1542145521.822217 0.07980557531118393 0.015370613895356655 0.00837258156388998 -0.0019111242145299911 -0.013518278487026691 -0.021432559937238693 0.9996771216392517
1542145521.84683 0.06831519305706024 0.012813281267881393 0.008690299466252327 0.003305442165583372 -0.025127140805125237 -0.030719337984919548 0.9992067217826843
1542145521.871432 0.06831519305706024 0.012813281267881393 0.008690299466252327 0.003305442165583372 -0.025127140805125237 -0.030719337984919548 0.9992067217826843
1542145521.896007 0.049655668437480927 0.0037767027970403433 0.006702464073896408 0.012303104624152184 -0.03575192019343376 -0.031183861196041107 0.9987983107566833
1542145521.920548 0.049655668437480927 0.0037767027970403433 0.006702464073896408 0.012303104624152184 -0.03575192019343376 -0.031183861196041107 0.9987983107566833
1542145521.945061 0.028056303039193153 -0.005582219455391169 0.0024916455149650574 0.018769649788737297 -0.04422937333583832 -0.03118041530251503 0.9983583688735962
1542145521.969553 0.028056303039193153 -0.005582219455391169 0.0024916455149650574 0.018769649788737297 -0.04422937333583832 -0.03118041530251503 0.9983583688735962
1542145521.994032 -0.008068742230534554 -0.017892975360155106 -0.002252402948215604 0.02191772498190403 -0.0509682260453701 -0.025319112464785576 0.9981387257575989
1542145522.018513 -0.02842489257454872 -0.02558855712413788 -0.005671759136021137 0.02382814884185791 -0.055639319121837616 -0.021098822355270386 0.9979435801506042
1542145522.043014 -0.05624650791287422 -0.033904533833265305 -0.00931958481669426 0.026797259226441383 -0.060002390295267105 -0.015232275240123272 0.9977222681045532
1542145522.067543 -0.08679931610822678 -0.04216665402054787 -0.011250345036387444 0.030557841062545776 -0.06782761961221695 -0.009803016670048237 0.9971808195114136
1542145522.092102 -0.12243841588497162 -0.052344225347042084 -0.01958894543349743 0.03277832642197609 -0.07541097700595856 -0.007299073971807957 0.9965869188308716
1542145522.116689 -0.16072222590446472 -0.05990154668688774 -0.021075954660773277 0.0357864685356617 -0.08249808847904205 -0.005980559159070253 0.995930552482605
1542145522.141309 -0.20216330885887146 -0.06729131937026978 -0.025355497375130653 0.038636185228824615 -0.08759673684835434 -0.0004047512775287032 0.9954063892364502
1542145522.165958 -0.24684259295463562 -0.07301695644855499 -0.029201598837971687 0.042228080332279205 -0.09313634783029556 0.010632188990712166 0.9947006702423096
1542145522.190631 -0.29384908080101013 -0.0788031667470932 -0.03366018086671829 0.043535564094781876 -0.09727328270673752 0.019244519993662834 0.994118869304657
1542145522.215333 -0.34335076808929443 -0.08183649182319641 -0.03350850194692612 0.04421117156744003 -0.09923174232244492 0.02535448968410492 0.9937583804130554
1542145522.240086 -0.39485225081443787 -0.08230685442686081 -0.025141021236777306 0.0453181155025959 -0.09972026944160461 0.031437747180461884 0.9934857487678528
1542145522.264928 -0.4540119767189026 -0.08466614037752151 -0.02073085680603981 0.04464647173881531 -0.10281755030155182 0.04125623032450676 0.9928410053253174
1542145522.289894 -0.4987015128135681 -0.07963558286428452 -0.006849279627203941 0.05002714693546295 -0.1148100346326828 0.050885189324617386 0.9908212423324585
1542145522.314985 -0.551623523235321 -0.08274590969085693 -0.008997974917292595 0.050593867897987366 -0.1219431534409523 0.055991075932979584 0.9896641373634338
1542145522.340167 -0.5947622060775757 -0.09091313928365707 -0.017364583909511566 0.050101399421691895 -0.13407619297504425 0.058765266090631485 0.9879575371742249
1542145522.36539 -0.6397733092308044 -0.1014929711818695 -0.02522139623761177 0.04918789118528366 -0.14462094008922577 0.0619545578956604 0.986319899559021
1542145522.390628 -0.6802555918693542 -0.10871492326259613 -0.03242538124322891 0.049431782215833664 -0.15598663687705994 0.06680036336183548 0.9842573404312134
1542145522.41589 -0.7185657024383545 -0.112392358481884 -0.03584662079811096 0.049435656517744064 -0.1652420610189438 0.07404762506484985 0.9822261333465576
1542145522.441205 -0.7510685324668884 -0.10651553422212601 -0.028644457459449768 0.05430414900183678 -0.16878195106983185 0.08179354667663574 0.9807515740394592
1542145522.466579 -0.7628219127655029 -0.10906585305929184 -0.023935001343488693 0.052740346640348434 -0.17800170183181763 0.08931043744087219 0.9785487055778503
1542145522.491997 -0.7759526371955872 -0.11282795667648315 -0.04183870553970337 0.04502806439995766 -0.18616095185279846 0.0947025865316391 0.9769074320793152
1542145522.517461 -0.7709334492683411 -0.10789088159799576 -0.043083153665065765 0.04473012313246727 -0.1906968653202057 0.09436250478029251 0.9760787487030029
1542145522.542982 -0.7547300457954407 -0.10327611863613129 -0.04010963439941406 0.043874289840459824 -0.19194144010543823 0.09054715931415558 0.976235032081604
1542145522.568551 -0.7260031700134277 -0.09530387073755264 -0.037313804030418396 0.04380067065358162 -0.19051562249660492 0.08868836611509323 0.9766882061958313
1542145522.594151 -0.6868441104888916 -0.0843236893415451 -0.029238270595669746 0.044200602918863297 -0.18398267030715942 0.0870017558336258 0.9780732989311218
1542145522.619766 -0.6391774415969849 -0.0740402340888977 -0.021981842815876007 0.04431556165218353 -0.17441768944263458 0.08517082780599594 0.9799798727035522
1542145522.64537 -0.5867342948913574 -0.0642872154712677 -0.014741288498044014 0.044088784605264664 -0.1623220443725586 0.08143146336078644 0.9823831915855408
1542145522.670926 -0.5303098559379578 -0.053367167711257935 -0.005610323511064053 0.04442758858203888 -0.14835505187511444 0.07096296548843384 0.9853838682174683
1542145522.696423 -0.47437024116516113 -0.046436604112386703 0.0011457763612270355 0.04452019929885864 -0.13404393196105957 0.05476277694106102 0.988459050655365
1542145522.721852 -0.4215894341468811 -0.039343707263469696 0.007995150052011013 0.04514848813414574 -0.12081105262041092 0.038141779601573944 0.990914523601532
1542145522.747191 -0.37096118927001953 -0.034778814762830734 0.014782650396227837 0.044200196862220764 -0.1089513748884201 0.02351069636642933 0.9927855730056763
1542145522.772455 -0.32323524355888367 -0.03043617494404316 0.021073995158076286 0.043280940502882004 -0.0966774970293045 0.007977196015417576 0.9943422675132751
1542145522.79771 -0.2797565460205078 -0.02715213969349861 0.02908482775092125 0.04324289411306381 -0.08568447828292847 -0.004340522922575474 0.9953740239143372
1542145522.823004 -0.23910968005657196 -0.025221506133675575 0.03690014407038689 0.04514961317181587 -0.07715460658073425 -0.013034121133387089 0.9959110617637634
1542145522.848311 -0.201673224568367 -0.025319142267107964 0.04478394240140915 0.04698348417878151 -0.06698915362358093 -0.023003913462162018 0.996381402015686
1542145522.873568 -0.16704857349395752 -0.02524651773273945 0.052779559046030045 0.04714684933423996 -0.053509991616010666 -0.03432078659534454 0.996863067150116
1542145522.898752 -0.13406553864479065 -0.02584325149655342 0.057150229811668396 0.04487286135554314 -0.03653804585337639 -0.04408762976527214 0.9973503947257996
1542145522.923859 -0.10462913662195206 -0.02655496448278427 0.06009737029671669 0.04193101078271866 -0.018965966999530792 -0.0455654002726078 0.9979007840156555
1542145522.948867 -0.07929398864507675 -0.02648637443780899 0.06459183245897293 0.041313476860523224 -0.0017950179753825068 -0.04055760055780411 0.9983211755752563
1542145522.973774 -0.056056465953588486 -0.02729744091629982 0.06566295027732849 0.04059865325689316 0.015262308530509472 -0.03677330166101456 0.9983819723129272
1542145522.998571 -0.03907003253698349 -0.028000380843877792 0.0654478520154953 0.04028233885765076 0.03203573077917099 -0.03513011708855629 0.9980565905570984
1542145523.023222 -0.026388492435216904 -0.028977813199162483 0.06539499759674072 0.04239005222916603 0.04368356987833977 -0.03124609962105751 0.9976565837860107
1542145523.047688 -0.016854945570230484 -0.030983339995145798 0.06427137553691864 0.04653167352080345 0.05147269368171692 -0.026450715959072113 0.9972391128540039
1542145523.07194 -0.01216206792742014 -0.0319182351231575 0.06289154291152954 0.05038479343056679 0.05577908083796501 -0.02369801513850689 0.9968894720077515
1542145523.095993 -0.010951902717351913 -0.0328793078660965 0.06231836974620819 0.052142433822155 0.05695555731654167 -0.024777643382549286 0.9967062473297119
1542145523.11989 -0.010626778937876225 -0.03222920000553131 0.06330737471580505 0.05073085054755211 0.05068257823586464 -0.027924176305532455 0.9970345497131348
1542145523.143678 -0.014566875994205475 -0.030908549204468727 0.06807691603899002 0.05118381232023239 0.040733806788921356 -0.030728274956345558 0.9973850250244141
1542145523.167399 -0.020913073793053627 -0.028872273862361908 0.07120992988348007 0.0530363954603672 0.028178125619888306 -0.03569953888654709 0.9975563883781433
1542145523.19109 -0.030542585998773575 -0.027154117822647095 0.0740555077791214 0.05425849184393883 0.012883005663752556 -0.04183219373226166 0.9975671768188477
1542145523.214786 -0.04396803677082062 -0.026286372914910316 0.07691527158021927 0.05329621210694313 -0.0053217145614326 -0.04726768657565117 0.997445285320282
1542145523.238501 -0.05891411006450653 -0.025963691994547844 0.07781088352203369 0.05172045901417732 -0.02580954134464264 -0.053905364125967026 0.9968717098236084
1542145523.262248 -0.07597125321626663 -0.02651185914874077 0.07487645000219345 0.04921380802989006 -0.046088289469480515 -0.059158362448215485 0.9959689974784851
1542145523.28605 -0.09523110091686249 -0.026716146618127823 0.07469525188207626 0.049418918788433075 -0.06469652056694031 -0.06177651882171631 0.9947642087936401
1542145523.309954 -0.11775972694158554 -0.028705062344670296 0.06749852001667023 0.05042218416929245 -0.08265067636966705 -0.059031158685684204 0.9935501217842102
1542145523.334012 -0.14034946262836456 -0.03154248744249344 0.06292294710874557 0.05378115549683571 -0.10214898735284805 -0.05094773322343826 0.9920068383216858
1542145523.358259 -0.16122125089168549 -0.03475065901875496 0.05936471000313759 0.05763407424092293 -0.12142210453748703 -0.04494631290435791 0.9899064898490906
1542145523.382707 -0.18112227320671082 -0.04084212705492973 0.0520017147064209 0.06118377298116684 -0.13903288543224335 -0.039997830986976624 0.9875863194465637
1542145523.407347 -0.19957473874092102 -0.0451493002474308 0.048018768429756165 0.06461777538061142 -0.15264205634593964 -0.034054338932037354 0.985578715801239
1542145523.432174 -0.21614207327365875 -0.046681854873895645 0.043062370270490646 0.06718765199184418 -0.16311071813106537 -0.027030862867832184 0.9839461445808411
1542145523.457185 -0.23514164984226227 -0.04886959120631218 0.03453900292515755 0.06632878631353378 -0.16942529380321503 -0.020050574094057083 0.9831040501594543
1542145523.482364 -0.2485402673482895 -0.04942411184310913 0.03244917467236519 0.06466898322105408 -0.17652437090873718 -0.011387337930500507 0.9821035861968994
1542145523.50768 -0.26047584414482117 -0.04984500631690025 0.026963569223880768 0.06064942106604576 -0.1839456558227539 -0.0020163175649940968 0.9810615181922913
1542145523.53311 -0.27178195118904114 -0.049528829753398895 0.022692877799272537 0.056354060769081116 -0.19190965592861176 0.00513861607760191 0.979779839515686
1542145523.55863 -0.28317999839782715 -0.049266278743743896 0.01815773919224739 0.05386815220117569 -0.20327572524547577 0.008092887699604034 0.9776051044464111
1542145523.584211 -0.293182373046875 -0.05065615102648735 0.015061539597809315 0.05458758398890495 -0.21786512434482574 0.007370068226009607 0.9744232892990112
1542145523.609827 -0.30484655499458313 -0.05271332710981369 0.012765077874064445 0.05913760885596275 -0.23143354058265686 0.000746431527659297 0.9710513353347778
1542145523.635464 -0.31297504901885986 -0.05857294797897339 0.006202109158039093 0.06477009505033493 -0.24164140224456787 -0.005723095498979092 0.9681846499443054
1542145523.661101 -0.3171566128730774 -0.06390662491321564 0.003413235768675804 0.07061082124710083 -0.24737027287483215 -0.010508857667446136 0.9662875533103943
1542145523.686725 -0.31533142924308777 -0.06890247017145157 0.002166289836168289 0.07406006008386612 -0.24820180237293243 -0.011837643571197987 0.9658006429672241
1542145523.712321 -0.3107956051826477 -0.07024814188480377 0.00618092343211174 0.07494544982910156 -0.24190360307693481 -0.013387970626354218 0.9673089981079102
1542145523.737889 -0.30231595039367676 -0.0718362107872963 0.009866230189800262 0.07089068740606308 -0.23234660923480988 -0.010774427093565464 0.9699863791465759
1542145523.763443 -0.29355189204216003 -0.07042297720909119 0.014687827788293362 0.0649428740143776 -0.2188994586467743 -0.004492434207350016 0.9735734462738037
1542145523.788999 -0.28008976578712463 -0.0704246535897255 0.0211673341691494 0.05924367532134056 -0.20594623684883118 0.005937133450061083 0.9767503142356873
1542145523.814575 -0.26723307371139526 -0.07124079763889313 0.025998834520578384 0.05798651650547981 -0.18977412581443787 0.015611582435667515 0.9799896478652954
1542145523.840197 -0.25419458746910095 -0.07391788810491562 0.029888566583395004 0.05938288941979408 -0.17099258303642273 0.02235911600291729 0.983227014541626
1542145523.865875 -0.24169886112213135 -0.07477214187383652 0.03173528239130974 0.06137103587388992 -0.15427307784557343 0.026674121618270874 0.9857596158981323
1542145523.891594 -0.22877436876296997 -0.07602472603321075 0.03287964686751366 0.06064755097031593 -0.141010582447052 0.029445521533489227 0.9877099394798279
1542145523.917328 -0.21495826542377472 -0.0753011479973793 0.03460675850510597 0.05855713039636612 -0.1281968355178833 0.0291022639721632 0.9895907044410706
1542145523.943036 -0.1998944729566574 -0.07427073270082474 0.03626823425292969 0.055529359728097916 -0.11407770961523056 0.027279485017061234 0.9915435910224915
1542145523.968686 -0.18651850521564484 -0.07457742840051651 0.03522416204214096 0.051559414714574814 -0.09894322603940964 0.02855674922466278 0.993346095085144
1542145523.994246 -0.17145387828350067 -0.07212496548891068 0.035739559680223465 0.04921182617545128 -0.08627694100141525 0.033714257180690765 0.9944837093353271
1542145524.019688 -0.15873895585536957 -0.06821177899837494 0.03854769468307495 0.047017086297273636 -0.07372037321329117 0.03669491037726402 0.9954939484596252
1542145524.044998 -0.14623676240444183 -0.06487317383289337 0.03723883628845215 0.04464111104607582 -0.06256388872861862 0.035858042538166046 0.9963971376419067
1542145524.070182 -0.13729892671108246 -0.06150701642036438 0.04057971015572548 0.04321634769439697 -0.05381820723414421 0.031896576285362244 0.997105062007904
1542145524.095259 -0.1301492601633072 -0.05780503898859024 0.04080439358949661 0.04131436347961426 -0.049657367169857025 0.029852012172341347 0.9974648952484131
1542145524.120262 -0.12646423280239105 -0.05509255826473236 0.040801383554935455 0.03782826289534569 -0.047405317425727844 0.02710425667464733 0.9977911114692688
1542145524.145217 -0.12304477393627167 -0.052881136536598206 0.04076167568564415 0.034009482711553574 -0.047055404633283615 0.018708672374486923 0.9981378316879272
1542145524.170147 -0.12193816155195236 -0.049955010414123535 0.042136356234550476 0.03153986856341362 -0.045664701610803604 0.011564665473997593 0.99839186668396
1542145524.195078 -0.12422128766775131 -0.04631700739264488 0.04266946390271187 0.03160838782787323 -0.043685056269168854 0.008768794126808643 0.9985067248344421
1542145524.220027 -0.12370652705430984 -0.04374389722943306 0.04593782499432564 0.03193546086549759 -0.04302288964390755 0.009461219422519207 0.9985187649726868
1542145524.245005 -0.12702713906764984 -0.04145180061459541 0.04170256853103638 0.03218900039792061 -0.04204287752509117 0.010982735082507133 0.9985368251800537
1542145524.270014 -0.12936341762542725 -0.04229417443275452 0.0408092699944973 0.03181597217917442 -0.04152293875813484 0.013128364458680153 0.9985445737838745
1542145524.295046 -0.12853428721427917 -0.043180517852306366 0.03859410062432289 0.03231756016612053 -0.04197975993156433 0.015457316301763058 0.9984760284423828
1542145524.320088 -0.12720009684562683 -0.043826572597026825 0.03545369952917099 0.032449182122945786 -0.041774604469537735 0.01838753931224346 0.9984307289123535
1542145524.345138 -0.12835870683193207 -0.044108759611845016 0.032668620347976685 0.0333324633538723 -0.042015429586172104 0.0234434362500906 0.9982855916023254
1542145524.37018 -0.1300767958164215 -0.044747695326805115 0.029380692169070244 0.034864798188209534 -0.04284854978322983 0.025115570053458214 0.9981571435928345
1542145524.395211 -0.13238073885440826 -0.04496663063764572 0.029475707560777664 0.035834360867738724 -0.04480515420436859 0.02758483961224556 0.9979717135429382
1542145524.420231 -0.13333679735660553 -0.045693401247262955 0.025749871507287025 0.03524046391248703 -0.04720953851938248 0.028371984139084816 0.9978599548339844
1542145524.445233 -0.1349855363368988 -0.04579553008079529 0.024273641407489777 0.03346453979611397 -0.048308707773685455 0.027928296476602554 0.9978809952735901
1542145524.470211 -0.1367170810699463 -0.044859908521175385 0.021525362506508827 0.031653743237257004 -0.04895389452576637 0.028859423473477364 0.9978821873664856
1542145524.495163 -0.13923844695091248 -0.04651933163404465 0.01841151900589466 0.029521498829126358 -0.0511699840426445 0.033050742000341415 0.9977062940597534
1542145524.520095 -0.1424868255853653 -0.0468796007335186 0.017128022387623787 0.028299499303102493 -0.05419028922915459 0.03669005259871483 0.9974550008773804
1542145524.545003 -0.14662142097949982 -0.04876014217734337 0.01290189754217863 0.028042584657669067 -0.058672044426202774 0.0363144688308239 0.9972224235534668
1542145524.569892 -0.15384729206562042 -0.05126628652215004 0.009732190519571304 0.029047440737485886 -0.06432652473449707 0.034239936619997025 0.9969183206558228
1542145524.594765 -0.15950073301792145 -0.05137313902378082 0.009289517067372799 0.030742203816771507 -0.0722566694021225 0.030500197783112526 0.9964455366134644
1542145524.619625 -0.16748851537704468 -0.05365066975355148 0.00726030208170414 0.03191769868135452 -0.07988980412483215 0.02528429962694645 0.9959716796875
1542145524.644477 -0.17773723602294922 -0.05540020763874054 0.005643132142722607 0.03439067304134369 -0.08759848028421402 0.019991733133792877 0.995361328125
1542145524.669329 -0.1859600841999054 -0.05680623650550842 0.0054695154540240765 0.03738557919859886 -0.09838768094778061 0.01627667434513569 0.9943124651908875
1542145524.69418 -0.19400466978549957 -0.0580223985016346 0.007395322900265455 0.040270429104566574 -0.11033569276332855 0.01139197126030922 0.9930129051208496
1542145524.719036 -0.2027140110731125 -0.06082587316632271 0.006499281618744135 0.04175274446606636 -0.12190154939889908 0.004831739701330662 0.9916518330574036
1542145524.743911 -0.21086767315864563 -0.06207198277115822 0.0074038696475327015 0.04211704060435295 -0.1366426944732666 -0.0006545381620526314 0.9897245168685913
1542145524.768826 -0.217573344707489 -0.06511899828910828 0.007326587103307247 0.041766926646232605 -0.15315695106983185 -0.00407060794532299 0.9873104691505432
1542145524.7938 -0.22267891466617584 -0.06843831390142441 0.009878858923912048 0.043154988437891006 -0.16909359395503998 -0.0071114348247647285 0.9846290946006775
1542145524.818862 -0.22635063529014587 -0.07151827961206436 0.013519464060664177 0.047196559607982635 -0.17940311133861542 -0.011950075626373291 0.982570230960846
1542145524.84403 -0.22043079137802124 -0.08516228199005127 0.008717047050595284 0.04904113709926605 -0.18515467643737793 -0.014424745924770832 0.9813790321350098
1542145524.869308 -0.22089746594429016 -0.08707547932863235 0.015647653490304947 0.05617847666144371 -0.1836998611688614 -0.011195733211934566 0.9813119173049927
1542145524.894692 -0.21191400289535522 -0.09242822229862213 0.020923323929309845 0.06085585430264473 -0.181208997964859 -0.005795305594801903 0.9815428853034973
1542145524.920163 -0.20470280945301056 -0.09629111737012863 0.02426803484559059 0.06516318768262863 -0.17492054402828217 0.00015789252938702703 0.9824239015579224
1542145524.945697 -0.19600649178028107 -0.09806404262781143 0.028961535543203354 0.06871826946735382 -0.16844125092029572 0.006355011835694313 0.9832929372787476
1542145524.971275 -0.18727271258831024 -0.09905225783586502 0.03277960792183876 0.06964533030986786 -0.16204585134983063 0.009104466997087002 0.9842804074287415
1542145524.996881 -0.1781039535999298 -0.09729388356208801 0.03653790429234505 0.06915553659200668 -0.15782958269119263 0.010422245599329472 0.9849867224693298
1542145525.022511 -0.17129510641098022 -0.09264936298131943 0.042092107236385345 0.06623540073633194 -0.15509939193725586 0.010511650703847408 0.9856199026107788
1542145525.048152 -0.16610558331012726 -0.0901561826467514 0.04355420172214508 0.05972415208816528 -0.15219008922576904 0.007606504950672388 0.9865157604217529
1542145525.073789 -0.16287095844745636 -0.08180038630962372 0.04872564971446991 0.054205574095249176 -0.15125726163387299 0.004729805514216423 0.9869958162307739
1542145525.099412 -0.16066935658454895 -0.07408809661865234 0.05444645509123802 0.04665512964129448 -0.1524287760257721 0.003580416552722454 0.9872061610221863
1542145525.125014 -0.15918487310409546 -0.06612895429134369 0.058187924325466156 0.03903568908572197 -0.1553657352924347 0.0013017875608056784 0.9870846271514893
1542145525.15059 -0.1590600460767746 -0.056678034365177155 0.061692073941230774 0.030665075406432152 -0.15949983894824982 -0.00354908243753016 0.9867152571678162
1542145525.176143 -0.16199825704097748 -0.0518585704267025 0.055049922317266464 0.01937040686607361 -0.1628326177597046 -0.010647878982126713 0.986406147480011
1542145525.20167 -0.1651557981967926 -0.043925944715738297 0.05779573693871498 0.011964078061282635 -0.16738706827163696 -0.021607641130685806 0.9855818152427673
1542145525.22717 -0.16966693103313446 -0.03868059813976288 0.05767468363046646 0.006085647735744715 -0.17140750586986542 -0.0293543990701437 0.9847440719604492
1542145525.252648 -0.17431701719760895 -0.034221891313791275 0.058536212891340256 0.003771828254684806 -0.1755513995885849 -0.03293605521321297 0.98391193151474
1542145525.278118 -0.1785019040107727 -0.031802695244550705 0.05925916135311127 0.003257279982790351 -0.1779380887746811 -0.034816477447748184 0.9834202527999878
1542145525.303588 -0.18014928698539734 -0.03261726349592209 0.06434166431427002 0.006253523286432028 -0.17888018488883972 -0.03378766030073166 0.9832707047462463
1542145525.329065 -0.18286755681037903 -0.03833312913775444 0.06660512834787369 0.010349680669605732 -0.17725925147533417 -0.031086107715964317 0.9836186766624451
1542145525.354549 -0.18292146921157837 -0.044997625052928925 0.06934639811515808 0.018879611045122147 -0.1777692288160324 -0.028059097006917 0.9834909439086914
1542145525.380029 -0.1821969598531723 -0.05606895312666893 0.06920836865901947 0.028368394821882248 -0.17834270000457764 -0.02411537803709507 0.9832637906074524
1542145525.405496 -0.1837114691734314 -0.06885219365358353 0.06786733865737915 0.03929658606648445 -0.17798464000225067 -0.020290058106184006 0.9830390214920044
1542145525.430953 -0.18788518011569977 -0.08246658742427826 0.06536202877759933 0.05291198566555977 -0.17852815985679626 -0.016447624191641808 0.9823734164237976
1542145525.456405 -0.19118022918701172 -0.099174365401268 0.06491599231958389 0.06734687834978104 -0.17721687257289886 -0.015511929988861084 0.9817423224449158
1542145525.481864 -0.19097545742988586 -0.1142742782831192 0.061745285987854004 0.07961007207632065 -0.17482903599739075 -0.01581239514052868 0.9812477231025696
1542145525.507351 -0.19093333184719086 -0.12930159270763397 0.05967497453093529 0.08936817198991776 -0.17077212035655975 -0.013306785374879837 0.9811590909957886
1542145525.53289 -0.18623192608356476 -0.14270073175430298 0.05623818188905716 0.09569916874170303 -0.16472679376602173 -0.00719641475006938 0.9816592931747437
1542145525.558489 -0.17671218514442444 -0.15332268178462982 0.04944576323032379 0.0992884412407875 -0.1555061936378479 -0.001086218748241663 0.9828318953514099
1542145525.584164 -0.1696474552154541 -0.159153550863266 0.05108308047056198 0.10312750190496445 -0.14250682294368744 0.0053670573979616165 0.9843921065330505
1542145525.609895 -0.15896229445934296 -0.16283586621284485 0.048042554408311844 0.10273829102516174 -0.13051442801952362 0.013918276876211166 0.986010730266571
1542145525.63563 -0.14962919056415558 -0.16500332951545715 0.04501478746533394 0.09845860302448273 -0.1179402768611908 0.022316260263323784 0.9878755211830139
1542145525.661292 -0.14061550796031952 -0.1592971533536911 0.05170019716024399 0.09326393157243729 -0.10764370858669281 0.02866814285516739 0.9893901348114014
1542145525.686801 -0.13203750550746918 -0.15201257169246674 0.05348369479179382 0.08439211547374725 -0.09838330745697021 0.0299470666795969 0.9911114573478699
1542145525.71212 -0.12118726968765259 -0.14349184930324554 0.056531596928834915 0.072929747402668 -0.08950533717870712 0.025250263512134552 0.9929916858673096
1542145525.737264 -0.11149285733699799 -0.12845595180988312 0.06475938856601715 0.06239977106451988 -0.07864499092102051 0.015257454477250576 0.994830846786499
1542145525.762267 -0.1022116020321846 -0.11291134357452393 0.06954716891050339 0.049494918435811996 -0.06609780341386795 0.002301387256011367 0.9965822100639343
1542145525.787155 -0.09376891702413559 -0.09628358483314514 0.07304535061120987 0.0362091027200222 -0.0554538369178772 -0.0032594692893326283 0.9977991580963135
1542145525.81194 -0.08758522570133209 -0.07963813096284866 0.0755741223692894 0.022522900253534317 -0.04853683337569237 0.0003739408275578171 0.9985674023628235
1542145525.83663 -0.08573980629444122 -0.0595797523856163 0.07932572811841965 0.009302675724029541 -0.04371073096990585 0.004314638674259186 0.9989916682243347
1542145525.861246 -0.08701898157596588 -0.042723510414361954 0.08191078901290894 -0.006749211344867945 -0.04108702391386032 -0.0010474944720044732 0.9991322159767151
1542145525.885818 -0.09411008656024933 -0.025238044559955597 0.08323254436254501 -0.017964599654078484 -0.04347828030586243 -0.0045874156057834625 0.9988823533058167
1542145525.910383 -0.10585024952888489 -0.012092133983969688 0.08414402604103088 -0.024650340899825096 -0.0500975176692009 -0.005830889567732811 0.9984230995178223
1542145525.934986 -0.12098971009254456 0.0005495770601555705 0.08627530187368393 -0.029222778975963593 -0.06081153079867363 -0.007081336807459593 0.9976963400840759
1542145525.959665 -0.14218971133232117 0.011405359022319317 0.0879749283194542 -0.03406299650669098 -0.0727027878165245 -0.004578955937176943 0.9967613220214844
1542145525.984441 -0.16659753024578094 0.020994272083044052 0.09086169302463531 -0.03809322416782379 -0.08744978904724121 0.0017093128990381956 0.9954389333724976
1542145526.009327 -0.19446074962615967 0.028867492452263832 0.09345878660678864 -0.041177988052368164 -0.103030726313591 0.006712599191814661 0.9938027858734131
1542145526.034325 -0.22355851531028748 0.03363422676920891 0.09610354900360107 -0.042405568063259125 -0.11952070146799088 0.01200654823333025 0.9918529987335205
1542145526.059439 -0.25266727805137634 0.03490928187966347 0.09849096834659576 -0.04089004918932915 -0.13563521206378937 0.015778230503201485 0.9897890090942383
1542145526.084674 -0.2803449034690857 0.032987359911203384 0.1008482500910759 -0.03777819871902466 -0.15084950625896454 0.017079543322324753 0.9876869320869446
1542145526.110014 -0.3059222400188446 0.02870962768793106 0.10308291018009186 -0.0337136909365654 -0.1640898436307907 0.019578246399760246 0.9856746792793274
1542145526.135423 -0.3281799256801605 0.023098140954971313 0.10576914250850677 -0.02949962578713894 -0.17382486164569855 0.019899537786841393 0.9841334819793701
1542145526.160848 -0.347522497177124 0.014587188139557838 0.10726167261600494 -0.025985393673181534 -0.18104498088359833 0.0199113842099905 0.9829298257827759
1542145526.186233 -0.3617631494998932 0.004143018275499344 0.10989509522914886 -0.01942587085068226 -0.18907955288887024 0.02493601106107235 0.9814528822898865
1542145526.211551 -0.37282541394233704 -0.010121621191501617 0.11148124933242798 -0.010201824828982353 -0.19486699998378754 0.028704266995191574 0.9803565144538879
1542145526.236773 -0.3788944184780121 -0.02441110834479332 0.11272880434989929 0.0015657930634915829 -0.19837166368961334 0.028828823938965797 0.979701578617096
1542145526.261873 -0.38158804178237915 -0.03840063139796257 0.11335699260234833 0.0121092414483428 -0.2005968689918518 0.02517704665660858 0.9792754650115967
1542145526.28684 -0.3791045844554901 -0.05003705993294716 0.1139494776725769 0.01960652694106102 -0.20194588601589203 0.020989518612623215 0.9789754748344421
1542145526.31171 -0.3722127079963684 -0.05864004045724869 0.11461715400218964 0.02479870431125164 -0.2019919753074646 0.02083834633231163 0.9788513779640198
1542145526.33654 -0.36235594749450684 -0.06480370461940765 0.11377498507499695 0.027108388021588326 -0.19802477955818176 0.020123427733778954 0.9796154499053955
1542145526.361379 -0.34807509183883667 -0.0696696937084198 0.11364962160587311 0.027988014742732048 -0.1912703961133957 0.014294196851551533 0.9810341596603394
1542145526.386265 -0.3317399322986603 -0.0728687271475792 0.11291050910949707 0.02809285745024681 -0.18305014073848724 0.005566167179495096 0.9826864004135132
1542145526.411226 -0.3128088712692261 -0.07394809275865555 0.11143062263727188 0.027562469244003296 -0.17525000870227814 -0.00088672706624493 0.9841377139091492
1542145526.436274 -0.29270386695861816 -0.07327635586261749 0.11034738272428513 0.026698926463723183 -0.1653289496898651 -0.006067256443202496 0.9858583807945251
1542145526.461419 -0.26827821135520935 -0.07074114680290222 0.10972735285758972 0.023831339552998543 -0.15413323044776917 -0.011257899925112724 0.987698495388031
1542145526.486665 -0.24162521958351135 -0.06645554304122925 0.10930152982473373 0.01907144859433174 -0.1410427689552307 -0.016427461057901382 0.9896835088729858
1542145526.511997 -0.2132912278175354 -0.06178438290953636 0.10888522863388062 0.013888961635529995 -0.1253998577594757 -0.020029131323099136 0.9918068647384644
1542145526.537376 -0.18297430872917175 -0.056877825409173965 0.10900621861219406 0.009562632068991661 -0.10716044157743454 -0.022045983001589775 0.9939513206481934
1542145526.562736 -0.15084385871887207 -0.05303940176963806 0.10772871226072311 0.005977175664156675 -0.08733702450990677 -0.023958785459399223 0.9958727359771729
1542145526.588031 -0.12142016738653183 -0.04877294600009918 0.10689929872751236 0.00380896357819438 -0.067069411277771 -0.024820659309625626 0.997432291507721
1542145526.613235 -0.09405913949012756 -0.04414943978190422 0.10564639419317245 0.0013053183211013675 -0.049701835960149765 -0.02419460564851761 0.9984701871871948
1542145526.638354 -0.071470245718956 -0.038408953696489334 0.10417992621660233 -0.0016566186677664518 -0.03520337864756584 -0.022351810708642006 0.9991288781166077
1542145526.663384 -0.05286731570959091 -0.033199016004800797 0.10052450746297836 -0.005629019811749458 -0.023858971893787384 -0.021043285727500916 0.9994779825210571
1542145526.688324 -0.039248835295438766 -0.027618201449513435 0.09710025787353516 -0.009239653125405312 -0.0153528843075037 -0.019306093454360962 0.9996530413627625
1542145526.713185 -0.029792599380016327 -0.02372039668262005 0.0931193083524704 -0.012782595120370388 -0.01039352361112833 -0.02051868475973606 0.9996537566184998
1542145526.737991 -0.02740684524178505 -0.018495067954063416 0.09045161306858063 -0.015441058203577995 -0.007879932411015034 -0.022599345073103905 0.9995943307876587
1542145526.76277 -0.03015046939253807 -0.013253693468868732 0.0920717790722847 -0.016654811799526215 -0.011029936373233795 -0.02207975834608078 0.9995566606521606
1542145526.787549 -0.03825455531477928 -0.009229426272213459 0.09144814312458038 -0.01777220144867897 -0.016028668731451035 -0.020838825032114983 0.9994964003562927
1542145526.812353 -0.04961260035634041 -0.006475998088717461 0.09302855283021927 -0.017835834994912148 -0.0238211527466774 -0.018078899011015892 0.9993936419487
1542145526.837195 -0.06506820768117905 -0.0030088068451732397 0.09489622712135315 -0.017120162025094032 -0.03178631514310837 -0.016367368400096893 0.9992140531539917
1542145526.862081 -0.0842941552400589 -0.0008743461221456528 0.0936877578496933 -0.018131272867321968 -0.04105481132864952 -0.015156641602516174 0.9988774657249451
1542145526.887016 -0.10738620162010193 0.00038644421147182584 0.09417451918125153 -0.017424071207642555 -0.05268239974975586 -0.011645065620541573 0.9983914494514465
1542145526.912006 -0.13353222608566284 0.00013806892093271017 0.09438464790582657 -0.01574968919157982 -0.06550480425357819 -0.00839951727539301 0.9976925849914551
1542145526.937049 -0.1617230772972107 -0.0007045737002044916 0.09546729177236557 -0.012833304703235626 -0.07899224758148193 -0.0071940855123102665 0.9967666864395142
1542145526.962123 -0.1914045810699463 -0.0030952002853155136 0.09642333537340164 -0.008972289972007275 -0.09240797907114029 -0.010091912932693958 0.9956296682357788
1542145526.987198 -0.22008636593818665 -0.006525136064738035 0.09715885668992996 -0.003470339346677065 -0.1056969165802002 -0.010316187515854836 0.994338870048523
1542145527.012255 -0.2472493201494217 -0.01017183717340231 0.09631884098052979 0.0016878662863746285 -0.11776889115571976 -0.006329855415970087 0.9930194616317749
1542145527.037284 -0.27163320779800415 -0.013920002616941929 0.09431618452072144 0.007072397042065859 -0.12766209244728088 0.001917303423397243 0.9917906522750854
1542145527.062279 -0.2914143204689026 -0.017807386815547943 0.09073874354362488 0.01146775297820568 -0.13644319772720337 0.011607521213591099 0.9905135035514832
1542145527.087234 -0.307208389043808 -0.019681381061673164 0.08750639110803604 0.013116896152496338 -0.14211083948612213 0.02214198186993599 0.9895161390304565
1542145527.112162 -0.31795695424079895 -0.019216418266296387 0.08490246534347534 0.012966643087565899 -0.14510171115398407 0.03447369113564491 0.9887309670448303
1542145527.137097 -0.32394781708717346 -0.01735512912273407 0.08219295740127563 0.011241013184189796 -0.14571775496006012 0.04552667960524559 0.9882141947746277
1542145527.162061 -0.3269234299659729 -0.014695942401885986 0.07940978556871414 0.00951797142624855 -0.14370954036712646 0.05087604001164436 0.9882654547691345
1542145527.187064 -0.3256308436393738 -0.011620691046118736 0.07449457794427872 0.008491146378219128 -0.14129546284675598 0.054573774337768555 0.988425612449646
1542145527.212085 -0.32153990864753723 -0.009175453335046768 0.06894407421350479 0.005649798084050417 -0.1382904201745987 0.05881059542298317 0.9886279106140137
1542145527.237094 -0.3138265907764435 -0.006897478364408016 0.06127195432782173 0.0017178594134747982 -0.1332094967365265 0.060891639441251755 0.9892141222953796
1542145527.26207 -0.3059125244617462 -0.004122645128518343 0.05330963805317879 0.0005598943098448217 -0.1248859092593193 0.05918404459953308 0.9904041886329651
1542145527.287005 -0.296821266412735 -0.001833752146922052 0.04546139016747475 0.0025454647839069366 -0.11950870603322983 0.056153472512960434 0.9912406802177429
1542145527.311897 -0.28945037722587585 4.3648877181112766e-05 0.03728826716542244 0.004190891981124878 -0.1157885268330574 0.05194621905684471 0.9919057488441467
1542145527.336757 -0.27886703610420227 0.004540588706731796 0.02783617377281189 0.004495436791330576 -0.11619637161493301 0.039543356746435165 0.9924286603927612
1542145527.361591 -0.2720056474208832 0.006767401937395334 0.022149210795760155 0.0018583830678835511 -0.1136258915066719 0.026180336251854897 0.9931769371032715
1542145527.386412 -0.2632647454738617 0.009472627192735672 0.016154924407601357 -0.002462624805048108 -0.11188621073961258 0.01593080908060074 0.9935903549194336
1542145527.41123 -0.25552797317504883 0.013563263230025768 0.012903507798910141 -0.007596744690090418 -0.1070782020688057 0.009430279023945332 0.9941769242286682
1542145527.436059 -0.24617817997932434 0.015410973690450191 0.008719009347259998 -0.014686032198369503 -0.10041899234056473 0.0055527230724692345 0.9948214292526245
1542145527.460912 -0.23428471386432648 0.016018258407711983 0.00897885486483574 -0.019951654598116875 -0.09296724945306778 0.007557629607617855 0.9954406023025513
1542145527.485803 -0.22524546086788177 0.014705645851790905 0.009495601989328861 -0.02275807037949562 -0.08239000290632248 0.013312816619873047 0.9962513446807861
1542145527.510737 -0.21745173633098602 0.012826052494347095 0.012925573624670506 -0.024411845952272415 -0.0744924396276474 0.021872282028198242 0.9966827630996704
1542145527.535705 -0.21018747985363007 0.010934656485915184 0.021183209493756294 -0.027650952339172363 -0.07072530686855316 0.026147615164518356 0.9967696666717529
1542145527.560685 -0.20894762873649597 0.0074332826770842075 0.03228742256760597 -0.032236386090517044 -0.06358837336301804 0.026135878637433052 0.9971129894256592
1542145527.585658 -0.20546503365039825 0.00131591921672225 0.04583694040775299 -0.034393779933452606 -0.06028236821293831 0.026082295924425125 0.9972476363182068
1542145527.61063 -0.20341135561466217 -0.0075773452408611774 0.062488239258527756 -0.031171051785349846 -0.05783538520336151 0.02664557471871376 0.9974836111068726
1542145527.635615 -0.20215678215026855 -0.018906550481915474 0.07738868147134781 -0.02582746185362339 -0.05465637147426605 0.024096470326185226 0.9978802800178528
1542145527.660613 -0.20186635851860046 -0.03113594651222229 0.09677246958017349 -0.019239988178014755 -0.05064145848155022 0.0188547745347023 0.9983535408973694
1542145527.685612 -0.19998224079608917 -0.04389376938343048 0.11545491963624954 -0.010736017487943172 -0.04895376041531563 0.01621958054602146 0.9986116886138916
1542145527.710586 -0.1970043033361435 -0.05684201791882515 0.13398395478725433 -0.0032315452117472887 -0.04907745495438576 0.019924649968743324 0.9985910058021545
1542145527.735529 -0.19336794316768646 -0.0680864080786705 0.15236803889274597 -0.0013574296608567238 -0.04909983649849892 0.02503308281302452 0.9984791874885559
1542145527.760456 -0.1891632378101349 -0.07745938003063202 0.17282867431640625 -0.006576435640454292 -0.04600268602371216 0.024129655212163925 0.9986281991004944
1542145527.785376 -0.18576082587242126 -0.08723149448633194 0.18998348712921143 -0.009376044385135174 -0.04256793484091759 0.02896331436932087 0.998629629611969
1542145527.81029 -0.18495990335941315 -0.09751320630311966 0.2093084752559662 -0.009680607356131077 -0.0429256372153759 0.041254546493291855 0.9981792569160461
1542145527.835202 -0.18442395329475403 -0.10634292662143707 0.22948910295963287 -0.00981817115098238 -0.04532291740179062 0.04699602350592613 0.9978180527687073
1542145527.860133 -0.1833880990743637 -0.11345236003398895 0.2504061162471771 -0.010267537087202072 -0.04377323016524315 0.04167093709111214 0.9981192946434021
1542145527.88512 -0.1813095360994339 -0.1232442706823349 0.2683945298194885 -0.009140551090240479 -0.04151339828968048 0.033565666526556015 0.9985321760177612
1542145527.910189 -0.17688997089862823 -0.13109315931797028 0.288666307926178 -0.006382275838404894 -0.045767586678266525 0.03309222310781479 0.9983834624290466
1542145527.935346 -0.17635338008403778 -0.13777004182338715 0.3064133822917938 -0.006379388738423586 -0.05017483979463577 0.03413689136505127 0.9981365203857422
1542145527.960588 -0.17811410129070282 -0.14103609323501587 0.32596859335899353 -0.008953887969255447 -0.054102249443531036 0.03020848147571087 0.9980382323265076
1542145527.985907 -0.17874443531036377 -0.1447802186012268 0.34185197949409485 -0.010953826829791069 -0.056318506598472595 0.020659955218434334 0.9981390237808228
1542145528.011295 -0.1795632541179657 -0.1476116180419922 0.3596211373806 -0.008998578414320946 -0.061416320502758026 0.011476952582597733 0.998005747795105
1542145528.036747 -0.18179534375667572 -0.14944206178188324 0.3714841604232788 -0.006411724723875523 -0.0675768256187439 0.004858558531850576 0.9976816773414612
1542145528.062253 -0.18429552018642426 -0.14957819879055023 0.38209131360054016 -0.004019837360829115 -0.07379890978336334 0.000846104056108743 0.9972646832466125
1542145528.087825 -0.18780510127544403 -0.14920935034751892 0.38840094208717346 -0.002584319096058607 -0.08011676371097565 -0.004170828498899937 0.9967734813690186
1542145528.113493 -0.19128014147281647 -0.1473427414894104 0.3936770558357239 -0.0020199983846396208 -0.08859380334615707 -0.0034502565395087004 0.9960598945617676
1542145528.13926 -0.19733968377113342 -0.14484505355358124 0.39513522386550903 -0.0013087502447888255 -0.09771361947059631 -0.0005266099469736218 0.9952135682106018
1542145528.165111 -0.20291192829608917 -0.13971422612667084 0.3936831057071686 0.0008639496518298984 -0.10786731541156769 0.0017501128604635596 0.994163453578949
1542145528.191023 -0.20664182305335999 -0.13551005721092224 0.39188024401664734 0.0022990757133811712 -0.1220824122428894 0.005247507710009813 0.9925034642219543
1542145528.216968 -0.21403881907463074 -0.12937770783901215 0.384075790643692 0.005363942123949528 -0.13489840924739838 0.0064125023782253265 0.9908242225646973
1542145528.242924 -0.2217102199792862 -0.12224628031253815 0.37407687306404114 0.008447649888694286 -0.1481184959411621 0.0074963937513530254 0.988905131816864
1542145528.26888 -0.22687417268753052 -0.11545039713382721 0.3632291257381439 0.010939182713627815 -0.16013872623443604 0.0063628870993852615 0.9870134592056274
1542145528.294842 -0.23363976180553436 -0.1065177470445633 0.34665772318840027 0.014223736710846424 -0.1694013625383377 0.005264390259981155 0.9854304790496826
1542145528.320809 -0.2396659106016159 -0.0954490527510643 0.33031803369522095 0.015277296304702759 -0.18103913962841034 0.005660788156092167 0.9833409190177917
1542145528.346777 -0.24376754462718964 -0.08516690135002136 0.3124309778213501 0.012918763794004917 -0.19358015060424805 0.004763213451951742 0.9809879064559937
1542145528.372732 -0.2481045126914978 -0.07271246612071991 0.29107779264450073 0.011183579452335835 -0.20493754744529724 -2.9096107027726248e-05 0.9787111878395081
1542145528.398654 -0.25250279903411865 -0.06181202456355095 0.26920565962791443 0.009191700257360935 -0.21542240679264069 -0.004099395126104355 0.976469099521637
1542145528.424519 -0.2559551000595093 -0.04974048584699631 0.24471917748451233 0.00515599362552166 -0.22384175658226013 -0.004546128213405609 0.9746013283729553
1542145528.450318 -0.2598636746406555 -0.03651503473520279 0.22194305062294006 -0.0032563672866672277 -0.22737057507038116 -0.0022049634717404842 0.9738003611564636
1542145528.476058 -0.26195380091667175 -0.022119170054793358 0.19848839938640594 -0.015806687995791435 -0.22899989783763885 0.005006793886423111 0.9732851982116699
1542145528.501743 -0.2648444175720215 -0.008464736863970757 0.17676305770874023 -0.02953959070146084 -0.2277311235666275 0.014484474435448647 0.9731680750846863
1542145528.527377 -0.2690139710903168 0.004655302502214909 0.15499259531497955 -0.04243411868810654 -0.22580823302268982 0.024906622245907784 0.9729284048080444
1542145528.552967 -0.2749543786048889 0.016078539192676544 0.1339573711156845 -0.05431864410638809 -0.2238922119140625 0.03504863381385803 0.9724677205085754
1542145528.578524 -0.28431084752082825 0.025174742564558983 0.11335931718349457 -0.06385904550552368 -0.22440451383590698 0.043880753219127655 0.9714109301567078
1542145528.604065 -0.29803743958473206 0.03119223564863205 0.09361076354980469 -0.07029061019420624 -0.22820374369621277 0.04985574632883072 0.9697920680046082
1542145528.629649 -0.31531062722206116 0.03439203277230263 0.07631572335958481 -0.07338956743478775 -0.23479802906513214 0.053746242076158524 0.9677785634994507
1542145528.655341 -0.3353429138660431 0.0347253754734993 0.06159837543964386 -0.07350608706474304 -0.24348871409893036 0.058804579079151154 0.9653249382972717
1542145528.68118 -0.3574749827384949 0.03313439339399338 0.048132628202438354 -0.07108807563781738 -0.2541760504245758 0.06701929122209549 0.9622107148170471
1542145528.707154 -0.3812636137008667 0.030231593176722527 0.03746366128325462 -0.06892594695091248 -0.2661292850971222 0.07795436680316925 0.9583045244216919
1542145528.733225 -0.40522414445877075 0.02577446959912777 0.030307941138744354 -0.06613960862159729 -0.27564767003059387 0.08465519547462463 0.9552369117736816
1542145528.759365 -0.42973336577415466 0.018747378140687943 0.02539221942424774 -0.06362773478031158 -0.2811565101146698 0.09148302674293518 0.9531701803207397
1542145528.785586 -0.4535631835460663 0.008976351469755173 0.023660369217395782 -0.060145165771245956 -0.28787025809288025 0.10692654550075531 0.9497789144515991
1542145528.811918 -0.4772367775440216 -0.004584416747093201 0.02435458078980446 -0.05361372232437134 -0.2944738566875458 0.12040972709655762 0.9465264081954956
1542145528.83837 -0.4997882843017578 -0.022146977484226227 0.02730584144592285 -0.04166528582572937 -0.29982781410217285 0.12462570518255234 0.94489985704422
1542145528.864912 -0.5201136469841003 -0.04085524007678032 0.03451654314994812 -0.026004869490861893 -0.30417343974113464 0.12416894733905792 0.9441315531730652
1542145528.891488 -0.5356125235557556 -0.05949006229639053 0.04428848624229431 -0.011757087893784046 -0.30431509017944336 0.12415613234043121 0.9443724751472473
1542145528.917988 -0.5471960306167603 -0.07639258354902267 0.059772126376628876 -0.0031110013369470835 -0.2970728874206543 0.1314024031162262 0.9457650780677795
1542145528.944267 -0.5559121966362 -0.09114398062229156 0.0779271349310875 -0.0007201305124908686 -0.2850859463214874 0.13982422649860382 0.9482482075691223
1542145528.970247 -0.5617985725402832 -0.10394895076751709 0.09770800173282623 -0.0014088117750361562 -0.2691340148448944 0.14921417832374573 0.9514725804328918
1542145528.995944 -0.5641824007034302 -0.11543844640254974 0.11782202124595642 -0.002693344373255968 -0.24929048120975494 0.15752001106739044 0.9555283784866333
1542145529.021432 -0.5639985203742981 -0.12784244120121002 0.13686418533325195 -0.003178918268531561 -0.22673900425434113 0.16544054448604584 0.9597961902618408
1542145529.04678 -0.5619240403175354 -0.13875730335712433 0.15691617131233215 -0.0021165397483855486 -0.2043808251619339 0.17299410700798035 0.9634817838668823
1542145529.072022 -0.5558894276618958 -0.14701707661151886 0.17578282952308655 -0.0016474791336804628 -0.1830221265554428 0.18287482857704163 0.965948760509491
1542145529.097161 -0.546848475933075 -0.15176436305046082 0.19614572823047638 -0.006684886757284403 -0.16137461364269257 0.19364237785339355 0.9676859974861145
1542145529.122175 -0.5382409691810608 -0.15364918112754822 0.21368065476417542 -0.014535203576087952 -0.14021286368370056 0.20341698825359344 0.9688915014266968
1542145529.14704 -0.5277693867683411 -0.15541622042655945 0.22612027823925018 -0.02375180274248123 -0.11906122416257858 0.2220371514558792 0.9674502015113831
1542145529.171743 -0.5149198770523071 -0.15500204265117645 0.2387850135564804 -0.031026603654026985 -0.10214318335056305 0.24116277694702148 0.9645956158638
1542145529.196307 -0.503644585609436 -0.15636885166168213 0.24737727642059326 -0.03695886209607124 -0.0835127979516983 0.247586190700531 0.9645521640777588
1542145529.220766 -0.4910595417022705 -0.15792366862297058 0.25518035888671875 -0.03861366957426071 -0.06563218683004379 0.25055569410324097 0.9651027321815491
1542145529.24516 -0.47755876183509827 -0.15941043198108673 0.2645319998264313 -0.036164164543151855 -0.05007932335138321 0.25287312269210815 0.9655255079269409
1542145529.269515 -0.4665442705154419 -0.16109339892864227 0.2689424455165863 -0.034070514142513275 -0.03824468329548836 0.25103163719177246 0.9666228890419006
1542145529.293854 -0.45656365156173706 -0.1617385447025299 0.26977649331092834 -0.0323035754263401 -0.028810612857341766 0.24728363752365112 0.967975914478302
1542145529.318192 -0.44823193550109863 -0.16228151321411133 0.261694997549057 -0.030818207189440727 -0.020593244582414627 0.24343743920326233 0.9692081809043884
1542145529.34254 -0.44276511669158936 -0.16238979995250702 0.25666356086730957 -0.028523825109004974 -0.015487250871956348 0.24479496479034424 0.9690315127372742
1542145529.366908 -0.43883442878723145 -0.16216076910495758 0.24927805364131927 -0.025857631117105484 -0.012577541172504425 0.24629993736743927 0.9687670469284058
1542145529.391296 -0.43722230195999146 -0.1612938642501831 0.2377845048904419 -0.023652464151382446 -0.01267017051577568 0.2477971464395523 0.9684402942657471
1542145529.415704 -0.43743202090263367 -0.16001012921333313 0.2212069183588028 -0.022540684789419174 -0.015012833289802074 0.24794991314411163 0.9683942198753357
1542145529.440132 -0.4404885172843933 -0.15739205479621887 0.20510965585708618 -0.020911339670419693 -0.01948539726436138 0.24935805797576904 0.9679895043373108
1542145529.464572 -0.4445454180240631 -0.15469132363796234 0.18409912288188934 -0.01833353005349636 -0.02519543096423149 0.2503487467765808 0.9676541686058044
1542145529.489019 -0.45165038108825684 -0.15039679408073425 0.16057437658309937 -0.01684175431728363 -0.03302071988582611 0.2495250403881073 0.9676586985588074
1542145529.513471 -0.46516481041908264 -0.14688600599765778 0.13629941642284393 -0.01717514358460903 -0.039351936429739 0.24741391837596893 0.9679580330848694
1542145529.537916 -0.4762766361236572 -0.1404556930065155 0.11312541365623474 -0.017771104350686073 -0.056257519870996475 0.2462836056947708 0.9674004912376404
1542145529.562345 -0.4918226897716522 -0.1363624930381775 0.08318360149860382 -0.019946733489632607 -0.0758393332362175 0.24783405661582947 0.9656235575675964
1542145529.586751 -0.5004581809043884 -0.12837839126586914 0.060182541608810425 -0.026512926444411278 -0.09419388324022293 0.24627599120140076 0.9642472267150879
1542145529.611125 -0.5051911473274231 -0.11941730231046677 0.03762086480855942 -0.03431748226284981 -0.10915940254926682 0.24769377708435059 0.9620574116706848
1542145529.635464 -0.5054861903190613 -0.11486882716417313 0.011687839403748512 -0.03986295312643051 -0.12022996693849564 0.25509247183799744 0.9585841298103333
1542145529.659792 -0.5027424097061157 -0.10992414504289627 -0.006818667519837618 -0.042351506650447845 -0.12288986891508102 0.2596786618232727 0.9569072127342224
1542145529.684144 -0.4972861111164093 -0.10547992587089539 -0.024010732769966125 -0.041111573576927185 -0.12228371202945709 0.2643795311450958 0.9557510614395142
1542145529.708552 -0.4905887246131897 -0.10211096704006195 -0.03811555728316307 -0.038165174424648285 -0.12021952122449875 0.26992183923721313 0.9545852541923523
1542145529.733043 -0.4823099970817566 -0.10061825811862946 -0.051141075789928436 -0.035225559026002884 -0.11726068705320358 0.27129635214805603 0.954676628112793
1542145529.757626 -0.4717176556587219 -0.09451929479837418 -0.052731916308403015 -0.03238298371434212 -0.11386796832084656 0.26713651418685913 0.9563595652580261
1542145529.782296 -0.4602288603782654 -0.09089535474777222 -0.05713293328881264 -0.03040306083858013 -0.10800022631883621 0.26610881090164185 0.9573911428451538
1542145529.80705 -0.4458070695400238 -0.08532249927520752 -0.05743870884180069 -0.030285829678177834 -0.10063958913087845 0.2654901146888733 0.9583681225776672
1542145529.831878 -0.4363202750682831 -0.08060584217309952 -0.0426158644258976 -0.032726772129535675 -0.0912388414144516 0.2611099183559418 0.9604301452636719
1542145529.856761 -0.4150739908218384 -0.07338918000459671 -0.03202001005411148 -0.03661922365427017 -0.08062680065631866 0.25405165553092957 0.9631283283233643
1542145529.881677 -0.4064866006374359 -0.07699468731880188 -0.025290144607424736 -0.04189801588654518 -0.060895197093486786 0.24988774955272675 0.965449333190918
1542145529.90661 -0.3807319104671478 -0.06701748073101044 -0.014552328735589981 -0.043559156358242035 -0.03971444442868233 0.2490941882133484 0.9666837453842163
1542145529.931528 -0.35294556617736816 -0.05829588323831558 0.008140255697071552 -0.043492112308740616 -0.012512309476733208 0.25554853677749634 0.965736448764801
1542145529.956404 -0.3250056505203247 -0.05083276703953743 0.023500369861721992 -0.048070523887872696 0.007858974859118462 0.25158023834228516 0.9666099548339844
1542145529.981229 -0.29595255851745605 -0.0441691055893898 0.0398561954498291 -0.056388769298791885 0.02983352728188038 0.23070885241031647 0.9709292650222778
1542145530.006026 -0.26545047760009766 -0.040606703609228134 0.05455906316637993 -0.0539298914372921 0.053589269518852234 0.22275803983211517 0.9719046950340271
1542145530.030839 -0.2359682321548462 -0.038510680198669434 0.06661906838417053 -0.0431501641869545 0.08102858066558838 0.22155126929283142 0.9708179831504822
1542145530.055709 -0.20830459892749786 -0.03514912351965904 0.07867144793272018 -0.03353222832083702 0.1044708788394928 0.22422239184379578 0.9683417677879333
1542145530.080681 -0.1844816356897354 -0.02960033155977726 0.09082937985658646 -0.038293834775686264 0.1181701272726059 0.22184030711650848 0.9671382308006287
1542145530.105783 -0.16184201836585999 -0.023982679471373558 0.10450658947229385 -0.050870656967163086 0.12516480684280396 0.21716518700122833 0.9667395353317261
1542145530.131019 -0.1432281732559204 -0.018823033198714256 0.11603201925754547 -0.06164255365729332 0.12698638439178467 0.21751751005649567 0.9657953977584839
1542145530.156372 -0.12713749706745148 -0.01508198119699955 0.12938198447227478 -0.07538047432899475 0.12312532216310501 0.2193613499403 0.9649034142494202
1542145530.181836 -0.11328282952308655 -0.012144772335886955 0.14102645218372345 -0.08724893629550934 0.12129151821136475 0.21487721800804138 0.9651445150375366
1542145530.207435 -0.10134446620941162 -0.011298172175884247 0.14864279329776764 -0.0923733040690422 0.11981971561908722 0.2150549292564392 0.9648118615150452
1542145530.233213 -0.09050241112709045 -0.011236144229769707 0.15666478872299194 -0.09418907016515732 0.1206015795469284 0.2141086608171463 0.9647493362426758
1542145530.259217 -0.08231419324874878 -0.011679599992930889 0.16246800124645233 -0.09521016478538513 0.12433616071939468 0.20751169323921204 0.9656161069869995
1542145530.285487 -0.07644383609294891 -0.01301743183284998 0.1672694981098175 -0.09572617709636688 0.12867014110088348 0.1983080506324768 0.9669303894042969
1542145530.31205 -0.07296939194202423 -0.01467497181147337 0.17050939798355103 -0.09407740831375122 0.13238868117332458 0.1937260627746582 0.9675189852714539
1542145530.338884 -0.07237621396780014 -0.01710629090666771 0.17254549264907837 -0.09237667173147202 0.13487732410430908 0.19327569007873535 0.9674291610717773
1542145530.3659 -0.07595791667699814 -0.019894450902938843 0.17273221909999847 -0.08823394030332565 0.13164068758487701 0.19986751675605774 0.9669222235679626
1542145530.392976 -0.08361288905143738 -0.022595610469579697 0.17536742985248566 -0.08000647276639938 0.12308772653341293 0.20006127655506134 0.9687228202819824
1542145530.420001 -0.09456648677587509 -0.026195917278528214 0.17619860172271729 -0.0661650151014328 0.10715985298156738 0.1984541416168213 0.9719851016998291
1542145530.4469 -0.10920524597167969 -0.031006965786218643 0.17503289878368378 -0.055929720401763916 0.08836689591407776 0.19023509323596954 0.9761525392532349
1542145530.473583 -0.12668249011039734 -0.03621077537536621 0.17263761162757874 -0.04677440971136093 0.06994087249040604 0.18142780661582947 0.9797981977462769
1542145530.499894 -0.14749890565872192 -0.041137974709272385 0.16896621882915497 -0.036104101687669754 0.050274550914764404 0.17970731854438782 0.9817710518836975
1542145530.525727 -0.16995936632156372 -0.04523305594921112 0.16224652528762817 -0.027062788605690002 0.031428202986717224 0.17852257192134857 0.9830613136291504
1542145530.551102 -0.19388538599014282 -0.048574794083833694 0.15655027329921722 -0.021135685965418816 0.01471139770001173 0.1743514984846115 0.9843466877937317
1542145530.576137 -0.21843981742858887 -0.050504427403211594 0.15108516812324524 -0.019251961261034012 -0.004788061138242483 0.17181892693042755 0.9849287867546082
1542145530.600987 -0.2428743839263916 -0.052323099225759506 0.14474666118621826 -0.021899888291954994 -0.021983543410897255 0.16804462671279907 0.9852909445762634
1542145530.625798 -0.2665714621543884 -0.055290862917900085 0.13722559809684753 -0.020975690335035324 -0.034809015691280365 0.16969482600688934 0.9846583604812622
1542145530.650667 -0.2910126745700836 -0.0609963983297348 0.12913593649864197 -0.017333000898361206 -0.04763901233673096 0.17182572185993195 0.9838221669197083
1542145530.675606 -0.3141310513019562 -0.06879366189241409 0.12384386360645294 -0.012368667870759964 -0.06007412448525429 0.16284409165382385 0.9847436547279358
1542145530.700562 -0.33591988682746887 -0.07846958190202713 0.12100901454687119 -0.004520098678767681 -0.07334115356206894 0.15418130159378052 0.9853065013885498
1542145530.725463 -0.35410064458847046 -0.08918268978595734 0.12428425997495651 0.004311638884246349 -0.08547253906726837 0.14295241236686707 0.9860225915908813
1542145530.750271 -0.3660617172718048 -0.10077708214521408 0.12634260952472687 0.013982878066599369 -0.08998807519674301 0.12856870889663696 0.9875103831291199
1542145530.77501 -0.37417688965797424 -0.11105542629957199 0.13173098862171173 0.024198731407523155 -0.08617989718914032 0.12809808552265167 0.9877136945724487
1542145530.799718 -0.3741786479949951 -0.12026198208332062 0.136729896068573 0.03415568172931671 -0.07882986217737198 0.1388874650001526 0.9865747094154358
1542145530.824425 -0.37210923433303833 -0.12608392536640167 0.14657863974571228 0.04108206555247307 -0.06366383284330368 0.14620235562324524 0.9863489270210266
1542145530.849146 -0.36575350165367126 -0.13011997938156128 0.1580345332622528 0.04108389467000961 -0.04373198002576828 0.15282145142555237 0.9864305853843689
1542145530.873891 -0.35574716329574585 -0.13339713215827942 0.1710030436515808 0.03484059125185013 -0.02467452734708786 0.16233406960964203 0.9858118295669556
1542145530.898656 -0.34364232420921326 -0.13426613807678223 0.18549050390720367 0.02711454965174198 -0.0052199834026396275 0.16896331310272217 0.9852355122566223
1542145530.923421 -0.3290935158729553 -0.13448984920978546 0.2016790509223938 0.02040407992899418 0.014713426120579243 0.17879849672317505 0.9835640788078308
1542145530.948167 -0.3137522041797638 -0.13407208025455475 0.21515455842018127 0.017088675871491432 0.034964945167303085 0.19379964470863342 0.9802689552307129
1542145530.972895 -0.2964833676815033 -0.1311308741569519 0.23131193220615387 0.01888899691402912 0.05250442400574684 0.21193064749240875 0.9756905436515808
1542145530.997625 -0.2799443006515503 -0.12877385318279266 0.2438565194606781 0.016322121024131775 0.06874706596136093 0.21870717406272888 0.9732289910316467
1542145531.022394 -0.26171544194221497 -0.12750950455665588 0.25659292936325073 0.00861846748739481 0.08848726749420166 0.20741970837116241 0.9742037057876587
1542145531.047251 -0.2446819692850113 -0.12772324681282043 0.2681211829185486 0.010365355759859085 0.10858103632926941 0.1994166076183319 0.9738253355026245
1542145531.072255 -0.2285105288028717 -0.1278412640094757 0.2753492295742035 0.019025510177016258 0.12358613312244415 0.19721148908138275 0.9723539352416992
1542145531.097418 -0.2136714905500412 -0.12902139127254486 0.2871646285057068 0.029037995263934135 0.13786451518535614 0.1843276023864746 0.9727144837379456
1542145531.122689 -0.2024131864309311 -0.13131453096866608 0.29496341943740845 0.037789978086948395 0.14750169217586517 0.16730903089046478 0.974075436592102
1542145531.147986 -0.19437876343727112 -0.13331164419651031 0.30057334899902344 0.0468425527215004 0.15402930974960327 0.15753211081027985 0.9743020534515381
1542145531.173251 -0.18916432559490204 -0.13331693410873413 0.3034592270851135 0.05202771723270416 0.15367673337459564 0.1514969915151596 0.9750514626502991
1542145531.198475 -0.18526048958301544 -0.1317492425441742 0.3042601943016052 0.049244776368141174 0.14913149178028107 0.14227443933486938 0.9772884845733643
1542145531.223685 -0.18363159894943237 -0.13104523718357086 0.3043302595615387 0.04530077427625656 0.13936305046081543 0.14333213865756989 0.9787653684616089
1542145531.248919 -0.18652769923210144 -0.12872420251369476 0.29948344826698303 0.04169181361794472 0.12723809480667114 0.15044239163398743 0.9795097708702087
1542145531.274204 -0.19130638241767883 -0.1276036500930786 0.2923049032688141 0.04016222804784775 0.11546991765499115 0.15775780379772186 0.9798807501792908
1542145531.299551 -0.19986243546009064 -0.12630529701709747 0.2825967073440552 0.03999793902039528 0.10654991120100021 0.15896226465702057 0.9807029962539673
1542145531.324952 -0.21073588728904724 -0.12447161972522736 0.2715372145175934 0.04189131408929825 0.09889679402112961 0.15731151401996613 0.9816912412643433
1542145531.35038 -0.2230285406112671 -0.12214894592761993 0.2603508532047272 0.04164094477891922 0.0876297578215599 0.15715272724628448 0.9827971458435059
1542145531.375801 -0.23902727663516998 -0.1174389198422432 0.24614065885543823 0.03707725927233696 0.0731811672449112 0.15859383344650269 0.9839297533035278
1542145531.401179 -0.25646692514419556 -0.1123809888958931 0.2270551323890686 0.031055979430675507 0.0525689423084259 0.16358739137649536 0.9846376180648804
1542145531.426489 -0.2792360484600067 -0.10856902599334717 0.20822347700595856 0.025761447846889496 0.028648793697357178 0.16396179795265198 0.9857140183448792
1542145531.451731 -0.3027750253677368 -0.10472077876329422 0.18616405129432678 0.020719263702630997 0.0025354749523103237 0.15599867701530457 0.9875367283821106
1542145531.476912 -0.3259887397289276 -0.10177604854106903 0.1628841906785965 0.021319672465324402 -0.021610993891954422 0.14882954955101013 0.9883968234062195
1542145531.502015 -0.34754127264022827 -0.09944000840187073 0.14040695130825043 0.028246760368347168 -0.04115651920437813 0.14834722876548767 0.9876747727394104
1542145531.527024 -0.366913378238678 -0.09658261388540268 0.11951618641614914 0.03514920920133591 -0.05507020652294159 0.14904490113258362 0.9866698980331421
1542145531.551923 -0.384834349155426 -0.09425808489322662 0.0998145118355751 0.03718940541148186 -0.06497994065284729 0.14991691708564758 0.9858598113059998
1542145531.576707 -0.4014880657196045 -0.0904013067483902 0.07676278054714203 0.03579440340399742 -0.07435712963342667 0.1559503823518753 0.984311580657959
1542145531.601395 -0.4166926443576813 -0.08663501590490341 0.05584503710269928 0.03182665631175041 -0.08388978987932205 0.16355597972869873 0.982445478439331
1542145531.626016 -0.4302787184715271 -0.08351054787635803 0.037033434957265854 0.027151132002472878 -0.09283397346735 0.1695793718099594 0.9807586669921875
1542145531.650603 -0.4422025978565216 -0.08089330792427063 0.02205001562833786 0.023032093420624733 -0.10203053057193756 0.17244724929332733 0.9794495105743408
1542145531.675179 -0.45399010181427 -0.08033999800682068 0.00856018252670765 0.020807689055800438 -0.11206189543008804 0.17436061799526215 0.9780632257461548
1542145531.699759 -0.46479809284210205 -0.08063085377216339 -0.0028475141152739525 0.02208551950752735 -0.12300777435302734 0.17614074051380157 0.9763994216918945
1542145531.724333 -0.4733852744102478 -0.08208422362804413 -0.010141270235180855 0.025934843346476555 -0.13116800785064697 0.17493152618408203 0.9754595756530762
1542145531.748899 -0.47945141792297363 -0.0839330181479454 -0.017191298305988312 0.02962403930723667 -0.13635849952697754 0.17297028005123138 0.9749923348426819
1542145531.77347 -0.48315390944480896 -0.08652020245790482 -0.02027067169547081 0.032929569482803345 -0.14057070016860962 0.1718391627073288 0.9744880199432373
1542145531.798077 -0.4836004674434662 -0.0902065858244896 -0.01953570544719696 0.035774264484643936 -0.14208856225013733 0.1692856252193451 0.9746145606040955
1542145531.822752 -0.4805305004119873 -0.09279730170965195 -0.014318512752652168 0.03827483206987381 -0.13896578550338745 0.16687986254692078 0.9753843545913696
1542145531.847506 -0.47328200936317444 -0.09527198225259781 -0.0073622786439955235 0.03940320387482643 -0.13140055537223816 0.16935260593891144 0.9759616255760193
1542145531.872332 -0.46310216188430786 -0.09747415035963058 0.002962716855108738 0.0393107607960701 -0.12082701921463013 0.17416460812091827 0.9764845967292786
1542145531.897211 -0.45065125823020935 -0.09867530316114426 0.015977421775460243 0.037150152027606964 -0.10852137953042984 0.17823226749897003 0.9772800803184509
1542145531.922118 -0.4344068169593811 -0.1010194793343544 0.029084477573633194 0.03467920422554016 -0.09696822613477707 0.18365438282489777 0.9775815010070801
1542145531.947015 -0.41727524995803833 -0.10166381299495697 0.04651530459523201 0.03161683678627014 -0.08782940357923508 0.18834571540355682 0.9776565432548523
1542145531.971868 -0.3977358937263489 -0.10286130011081696 0.060047656297683716 0.026144305244088173 -0.08224350214004517 0.19399243593215942 0.9771998524665833
1542145531.996658 -0.37688249349594116 -0.10222084820270538 0.07812279462814331 0.01667814515531063 -0.0759974792599678 0.20028308033943176 0.9766436815261841
1542145532.021397 -0.35720258951187134 -0.10128657519817352 0.09582844376564026 0.005085301585495472 -0.07398755848407745 0.20933900773525238 0.9750267863273621
1542145532.046099 -0.3366999626159668 -0.10106592625379562 0.11299601942300797 -0.008090496994554996 -0.08049127459526062 0.21481935679912567 0.9732977151870728
1542145532.070787 -0.31835103034973145 -0.10013733804225922 0.13073445856571198 -0.02210751734673977 -0.09043252468109131 0.2120559811592102 0.9728132486343384
1542145532.095479 -0.297883003950119 -0.1011999174952507 0.14777147769927979 -0.0347132608294487 -0.10014132410287857 0.20840869843959808 0.9722821116447449
1542145532.120187 -0.278898686170578 -0.10562325268983841 0.1596035212278366 -0.03893324360251427 -0.105753593146801 0.20733971893787384 0.9717565178871155
1542145532.144927 -0.2583771049976349 -0.11008472740650177 0.17407897114753723 -0.0386824868619442 -0.11132672429084778 0.20362558960914612 0.9719293713569641
1542145532.169731 -0.23898178339004517 -0.11540959775447845 0.1861407309770584 -0.04102135822176933 -0.11979364603757858 0.1936490535736084 0.9728652834892273
1542145532.19463 -0.2207365781068802 -0.12064460664987564 0.19618792831897736 -0.04837450385093689 -0.1307879388332367 0.17753402888774872 0.9741848111152649
1542145532.219646 -0.20387130975723267 -0.12598557770252228 0.20437894761562347 -0.0574115589261055 -0.13877655565738678 0.16001497209072113 0.9756230115890503
1542145532.244774 -0.1863785982131958 -0.13241513073444366 0.21175876259803772 -0.06112687289714813 -0.14290036261081696 0.15258455276489258 0.9759923219680786
1542145532.270006 -0.17079581320285797 -0.14018188416957855 0.215022012591362 -0.05712106078863144 -0.14248991012573242 0.1482892781496048 0.9769566059112549
1542145532.29534 -0.15659219026565552 -0.1480371654033661 0.21712028980255127 -0.04862886294722557 -0.14216208457946777 0.14129379391670227 0.9784994721412659
1542145532.320766 -0.14590302109718323 -0.15498141944408417 0.21670310199260712 -0.03808781877160072 -0.1422339230775833 0.12902970612049103 0.98064786195755
1542145532.346239 -0.13875450193881989 -0.1627947837114334 0.21576112508773804 -0.02513163723051548 -0.14443263411521912 0.11582647264003754 0.9823909401893616
1542145532.371711 -0.13492673635482788 -0.16883382201194763 0.2138396054506302 -0.006638082209974527 -0.14777441322803497 0.10521494597196579 0.983386218547821
1542145532.397163 -0.132319837808609 -0.1732577085494995 0.2097688466310501 0.010397306643426418 -0.15037377178668976 0.09664387255907059 0.9838392734527588
1542145532.4226 -0.13430778682231903 -0.17480337619781494 0.203689306974411 0.021549731492996216 -0.14917618036270142 0.09069705754518509 0.9844064712524414
1542145532.448039 -0.13510313630104065 -0.17515866458415985 0.19414548575878143 0.028605779632925987 -0.14550121128559113 0.08634793758392334 0.9851676225662231
1542145532.473507 -0.13809990882873535 -0.17243026196956635 0.18753784894943237 0.0384267158806324 -0.13943517208099365 0.08744654804468155 0.9856137633323669
1542145532.499024 -0.14421087503433228 -0.16867269575595856 0.17513839900493622 0.05347822234034538 -0.13192521035671234 0.09822643548250198 0.9849302172660828
1542145532.524584 -0.15092521905899048 -0.16138602793216705 0.1651897430419922 0.06526326388120651 -0.1226603090763092 0.10721518099308014 0.9844796657562256
1542145532.550169 -0.16095362603664398 -0.15392255783081055 0.15243786573410034 0.0677717998623848 -0.1093890368938446 0.10819385200738907 0.9857662320137024
1542145532.57576 -0.17049521207809448 -0.14762309193611145 0.13628153502941132 0.06879118084907532 -0.0985003113746643 0.11018412560224533 0.9866230487823486
1542145532.601326 -0.1842714250087738 -0.13788926601409912 0.12877069413661957 0.06864850968122482 -0.09212366491556168 0.11853083968162537 0.9862814545631409
1542145532.626831 -0.1995111107826233 -0.13064441084861755 0.11794573068618774 0.06722330302000046 -0.0889555886387825 0.12513871490955353 0.9858540892601013
1542145532.652247 -0.21765607595443726 -0.12216085195541382 0.10874691605567932 0.0659460499882698 -0.08911425620317459 0.12637177109718323 0.985768735408783
1542145532.677579 -0.23704411089420319 -0.11333394050598145 0.0997014194726944 0.062090322375297546 -0.0906105637550354 0.12624654173851013 0.9858987927436829
1542145532.702849 -0.2601982057094574 -0.10565853118896484 0.09009643644094467 0.05454666167497635 -0.09127223491668701 0.12450817972421646 0.9865049123764038
1542145532.728091 -0.2818346321582794 -0.09821052849292755 0.08487057685852051 0.045783426612615585 -0.09313970059156418 0.1258619874715805 0.9866041541099548
1542145532.753326 -0.30329400300979614 -0.09148973971605301 0.08166342228651047 0.03719870746135712 -0.09471774101257324 0.13145124912261963 0.9860858917236328
1542145532.778535 -0.3254479467868805 -0.08525961637496948 0.07922130078077316 0.029678629711270332 -0.09822971373796463 0.13565152883529663 0.9854282736778259
1542145532.803697 -0.3478289246559143 -0.08046620339155197 0.07685810327529907 0.021511267870664597 -0.10410327464342117 0.14044512808322906 0.9843652844429016
1542145532.828804 -0.36917397379875183 -0.0751238465309143 0.07700188457965851 0.011419006623327732 -0.11338020116090775 0.14776089787483215 0.9824364185333252
1542145532.853851 -0.3890673816204071 -0.070972740650177 0.0805668979883194 -0.00021257446496747434 -0.12196516990661621 0.15164469182491302 0.9808814525604248
1542145532.878816 -0.40745481848716736 -0.06808260828256607 0.08508344739675522 -0.00980306975543499 -0.12879854440689087 0.15593524277210236 0.9792850017547607
1542145532.903672 -0.4231349229812622 -0.06641685962677002 0.09055394679307938 -0.015360432676970959 -0.13135996460914612 0.1641557216644287 0.9775283336639404
1542145532.928388 -0.43716347217559814 -0.0672980472445488 0.0973237082362175 -0.017040614038705826 -0.1297878921031952 0.1682479977607727 0.9770145416259766
1542145532.952959 -0.4481748938560486 -0.06927230954170227 0.1039736419916153 -0.01597762480378151 -0.13005812466144562 0.16684065759181976 0.97723788022995
1542145532.97739 -0.4575318992137909 -0.07322093099355698 0.11325300484895706 -0.013042193837463856 -0.129032164812088 0.16436767578125 0.9778363704681396
1542145533.001705 -0.4629414975643158 -0.07858841121196747 0.12398133426904678 -0.008555690757930279 -0.1270761638879776 0.16235533356666565 0.9784780740737915
1542145533.025939 -0.4647122323513031 -0.08436182886362076 0.13249331712722778 -0.002867949428036809 -0.12305352836847305 0.1622428297996521 0.9790439009666443
1542145533.050123 -0.46262428164482117 -0.08899157494306564 0.14327138662338257 0.002335158409550786 -0.11518491804599762 0.16268430650234222 0.9799290299415588
1542145533.074284 -0.4559084177017212 -0.09228157997131348 0.1530904769897461 0.006392341107130051 -0.10257363319396973 0.1650327444076538 0.9809190034866333
1542145533.098442 -0.44535520672798157 -0.09628187865018845 0.16108079254627228 0.01059193629771471 -0.08810526877641678 0.17046500742435455 0.9813597798347473
1542145533.122605 -0.43195873498916626 -0.09904007613658905 0.16794027388095856 0.014399169944226742 -0.07150781899690628 0.1807631403207779 0.9808180332183838
1542145533.146766 -0.41568711400032043 -0.10120439529418945 0.17389903962612152 0.017765594646334648 -0.05562494695186615 0.19080708920955658 0.9798892736434937
1542145533.170924 -0.39691784977912903 -0.10184413194656372 0.17948050796985626 0.020503979176282883 -0.04124172404408455 0.19954761862754822 0.9788051843643188
1542145533.195093 -0.3761295974254608 -0.10228869318962097 0.18475893139839172 0.02125438302755356 -0.02818492241203785 0.20553384721279144 0.9780132174491882
1542145533.219284 -0.3542681634426117 -0.10254915058612823 0.18777427077293396 0.02416658215224743 -0.0132925845682621 0.21138682961463928 0.9770132899284363
1542145533.243503 -0.33093053102493286 -0.10320580750703812 0.19044438004493713 0.03036390244960785 0.004766217898577452 0.2120816707611084 0.9767684936523438
1542145533.267757 -0.30642661452293396 -0.10484571009874344 0.19293160736560822 0.03743379935622215 0.028461245819926262 0.2055904120206833 0.9775077104568481
1542145533.292064 -0.2814926505088806 -0.1062750369310379 0.19226519763469696 0.046307068318128586 0.05310163274407387 0.20280100405216217 0.9766820073127747
1542145533.31646 -0.25799158215522766 -0.10704223811626434 0.19455108046531677 0.05522291734814644 0.07609787583351135 0.20161858201026917 0.9749407768249512
1542145533.340984 -0.2348652184009552 -0.10667375475168228 0.19604012370109558 0.0570390522480011 0.09446826577186584 0.19645792245864868 0.9742826223373413
1542145533.36564 -0.21397262811660767 -0.10662496834993362 0.19137269258499146 0.05346467345952988 0.11005658656358719 0.18862687051296234 0.9743967652320862
1542145533.390385 -0.19414493441581726 -0.1039627268910408 0.2026718109846115 0.050743792206048965 0.12486885488033295 0.1812097281217575 0.9741642475128174
1542145533.415154 -0.17638500034809113 -0.10203029215335846 0.20023472607135773 0.046631086617708206 0.1381710022687912 0.17402403056621552 0.9738839864730835
1542145533.43989 -0.16079483926296234 -0.09928830713033676 0.20757347345352173 0.04287339001893997 0.14942295849323273 0.1664377599954605 0.9737213253974915
1542145533.464551 -0.14618486166000366 -0.09767862409353256 0.20761393010616302 0.04067757725715637 0.1609913557767868 0.15899081528186798 0.9732158780097961
1542145533.489123 -0.13172371685504913 -0.09519948065280914 0.20996485650539398 0.04110559821128845 0.17391809821128845 0.15308265388011932 0.9719200730323792
1542145533.513602 -0.1193021684885025 -0.09312764555215836 0.2105121910572052 0.04129840061068535 0.18857383728027344 0.14553946256637573 0.970336377620697
1542145533.537979 -0.10744324326515198 -0.09036533534526825 0.20840689539909363 0.0417788103222847 0.20150654017925262 0.13748352229595184 0.9688900709152222
1542145533.562258 -0.09894958138465881 -0.08524402230978012 0.2102736234664917 0.043119754642248154 0.2112039476633072 0.1338685005903244 0.9672707915306091
1542145533.58645 -0.09132159501314163 -0.08256067335605621 0.20617519319057465 0.03880535438656807 0.21698476374149323 0.1307862550020218 0.966595470905304
1542145533.610555 -0.08536198735237122 -0.07788888365030289 0.20142120122909546 0.031971897929906845 0.2213112860918045 0.12545420229434967 0.9665714502334595
1542145533.63456 -0.08074700832366943 -0.0725843757390976 0.19580867886543274 0.023472990840673447 0.22330453991889954 0.11552536487579346 0.9675939083099365
1542145533.65846 -0.07942049205303192 -0.0674058273434639 0.18922540545463562 0.013149852864444256 0.2216125726699829 0.10696300864219666 0.9691615104675293
1542145533.682277 -0.08060219138860703 -0.05671025067567825 0.18874120712280273 0.0037834900431334972 0.21670857071876526 0.10154697299003601 0.970933198928833
1542145533.706051 -0.0844084769487381 -0.05079170688986778 0.18414005637168884 -0.004146590828895569 0.2071790248155594 0.10153094679117203 0.9730114340782166
1542145533.72981 -0.09222359210252762 -0.04582842439413071 0.17875821888446808 -0.013456828892230988 0.19433586299419403 0.10046470165252686 0.9756841063499451
1542145533.753579 -0.10121110081672668 -0.040169019252061844 0.1746324896812439 -0.023329850286245346 0.17862828075885773 0.09802534431219101 0.9787434339523315
1542145533.777391 -0.11310458928346634 -0.037054479122161865 0.17047274112701416 -0.031033450737595558 0.16031759977340698 0.0986323282122612 0.9816348552703857
1542145533.801286 -0.12763170897960663 -0.034444596618413925 0.16471537947654724 -0.03665832802653313 0.1413651555776596 0.10054217278957367 0.9841562509536743
1542145533.825295 -0.1450057327747345 -0.03429190441966057 0.1572955846786499 -0.03975493460893631 0.12207590043544769 0.10474536567926407 0.9861772060394287
1542145533.849431 -0.16298070549964905 -0.037498924881219864 0.14703452587127686 -0.038785796612501144 0.10383787751197815 0.11169598996639252 0.987541139125824
1542145533.873702 -0.1836337298154831 -0.042793795466423035 0.13810981810092926 -0.03451364487409592 0.0855557844042778 0.11981774121522903 0.9885002374649048
1542145533.89811 -0.20353636145591736 -0.050692182034254074 0.13299040496349335 -0.027563242241740227 0.0678805336356163 0.12676192820072174 0.9892238974571228
1542145533.922654 -0.2251492291688919 -0.060421135276556015 0.12845832109451294 -0.01883823052048683 0.04809650406241417 0.13325370848178864 0.9897350072860718
1542145533.947315 -0.2466120719909668 -0.07186021655797958 0.1241462230682373 -0.011423206888139248 0.02672901749610901 0.13900189101696014 0.9898654222488403
1542145533.972061 -0.2665793299674988 -0.08515595644712448 0.11794592440128326 -0.005245354492217302 0.004436563700437546 0.14418397843837738 0.9895270466804504
1542145533.996836 -0.2859278619289398 -0.09875158965587616 0.11254959553480148 0.00029768687090836465 -0.016407499089837074 0.14924006164073944 0.9886648058891296
1542145534.021594 -0.301586776971817 -0.11440332233905792 0.10508944094181061 0.0031014878768473864 -0.03188319504261017 0.15504015982151031 0.9873887300491333
1542145534.046296 -0.3162902593612671 -0.12936633825302124 0.0990360677242279 0.00495939701795578 -0.040468472987413406 0.16451381146907806 0.9855318665504456
1542145534.070925 -0.32778704166412354 -0.14357811212539673 0.09586658328771591 0.008442632853984833 -0.04477826505899429 0.17586901783943176 0.9833583831787109
1542145534.095488 -0.3365192711353302 -0.15684418380260468 0.09617812186479568 0.009122353978455067 -0.047115348279476166 0.18580487370491028 0.9814140796661377
1542145534.120005 -0.34449315071105957 -0.16875025629997253 0.09462060779333115 0.008334282785654068 -0.05093813315033913 0.19814033806324005 0.9788137078285217
1542145534.144506 -0.35048234462738037 -0.17904768884181976 0.09543856978416443 0.003361005801707506 -0.05453912168741226 0.20997460186481476 0.9761787056922913
1542145534.169016 -0.3548314571380615 -0.1879095882177353 0.09414643794298172 -0.0019479201873764396 -0.056880176067352295 0.22117698192596436 0.9735715985298157
1542145534.193556 -0.35761791467666626 -0.19644545018672943 0.0926886647939682 -0.004515700042247772 -0.059005897492170334 0.2336573749780655 0.9705164432525635
1542145534.218149 -0.3593159019947052 -0.20467984676361084 0.09293925762176514 -0.0035521064419299364 -0.06184469163417816 0.24403689801692963 0.9677854180335999
1542145534.242808 -0.3559829294681549 -0.21314962208271027 0.0928889736533165 -0.00018668729171622545 -0.06387995183467865 0.24888955056667328 0.966422975063324
1542145534.267538 -0.3528183698654175 -0.2171810418367386 0.09653012454509735 0.007197607308626175 -0.061034176498651505 0.2477053850889206 0.9668842554092407
1542145534.292336 -0.34559646248817444 -0.2222261279821396 0.10036727041006088 0.016353771090507507 -0.0548248253762722 0.24119976162910461 0.968787670135498
1542145534.317187 -0.3340476453304291 -0.22395804524421692 0.10593363642692566 0.02347569353878498 -0.04368159919977188 0.2330203503370285 0.9712066650390625
1542145534.342073 -0.3185601234436035 -0.22199495136737823 0.11331469565629959 0.02646007016301155 -0.026992009952664375 0.22864890098571777 0.9727749824523926
1542145534.366969 -0.30123215913772583 -0.21868358552455902 0.1181567907333374 0.02578575722873211 -0.007559098768979311 0.2285550981760025 0.9731600880622864
1542145534.391837 -0.27732476592063904 -0.21336287260055542 0.12780562043190002 0.023380760103464127 0.013093889690935612 0.22568951547145844 0.9738306999206543
1542145534.416637 -0.2538449466228485 -0.2058195322751999 0.13914695382118225 0.021846553310751915 0.03451794013381004 0.21795369684696198 0.9751038551330566
1542145534.441341 -0.22839297354221344 -0.1979999542236328 0.14851903915405273 0.017887599766254425 0.05467907339334488 0.20647867023944855 0.9767583608627319
1542145534.465942 -0.2023548185825348 -0.1881248503923416 0.16061623394489288 0.011678345501422882 0.07605639845132828 0.19200299680233002 0.978373110294342
1542145534.490444 -0.17542624473571777 -0.17743641138076782 0.16531912982463837 0.006258868146687746 0.09382080286741257 0.18459069728851318 0.9783071279525757
1542145534.514872 -0.14901317656040192 -0.16653594374656677 0.1728634238243103 0.0003699272929225117 0.10710400342941284 0.18351943790912628 0.9771639108657837
1542145534.539265 -0.1256868988275528 -0.15623992681503296 0.17815667390823364 -0.012027153745293617 0.11384918540716171 0.1776553988456726 0.9774110317230225
1542145534.563661 -0.10323384404182434 -0.14379239082336426 0.18802277743816376 -0.028115902096033096 0.11585171520709991 0.16386303305625916 0.9792531728744507
1542145534.588095 -0.08241697400808334 -0.13246114552021027 0.1956271380186081 -0.039126090705394745 0.11570979654788971 0.15345047414302826 0.9805781245231628
1542145534.612591 -0.06528116017580032 -0.1231183186173439 0.20015886425971985 -0.045437734574079514 0.11528626084327698 0.14268632233142853 0.9819802641868591
1542145534.637168 -0.05009423941373825 -0.114126056432724 0.20412898063659668 -0.05143158510327339 0.11663763970136642 0.12477028369903564 0.9839628338813782
1542145534.66184 -0.037717320024967194 -0.10749732702970505 0.2060815989971161 -0.05490667745471001 0.11650516837835312 0.10526292771100998 0.9860687851905823
1542145534.686621 -0.02801010198891163 -0.10194838047027588 0.2069711834192276 -0.05758008360862732 0.11476869136095047 0.08331906795501709 0.9882158637046814
1542145534.711504 -0.019928647205233574 -0.09648425132036209 0.2059350311756134 -0.055604856461286545 0.11247360706329346 0.06395271420478821 0.9900343418121338
1542145534.736461 -0.01518988236784935 -0.09180141240358353 0.20491917431354523 -0.05180443823337555 0.1093054786324501 0.0485307052731514 0.9914703965187073
1542145534.761449 -0.016505610197782516 -0.0887855589389801 0.20520421862602234 -0.04768192395567894 0.1037660464644432 0.03846537321805954 0.992713212966919
1542145534.786425 -0.019039537757635117 -0.08473974466323853 0.20279906690120697 -0.04178892448544502 0.09546393901109695 0.03339402750134468 0.9939945936203003
1542145534.81137 -0.020926009863615036 -0.07950940728187561 0.19610320031642914 -0.03383609279990196 0.08865773677825928 0.03243441879749298 0.9949588179588318
1542145534.836287 -0.030019037425518036 -0.07527820020914078 0.19618380069732666 -0.02840603142976761 0.08571407198905945 0.029663050547242165 0.9954729080200195
1542145534.861184 -0.04251513630151749 -0.07243430614471436 0.19862423837184906 -0.023087095469236374 0.08366027474403381 0.029137251898646355 0.9958007335662842
1542145534.886064 -0.057076502591371536 -0.07107909023761749 0.20046256482601166 -0.01415546890348196 0.07887335121631622 0.03497587889432907 0.9961704015731812
1542145534.910912 -0.06739037483930588 -0.07060867547988892 0.17523786425590515 -0.005531657487154007 0.07154456526041031 0.040141671895980835 0.9966139793395996
1542145534.935717 -0.08449481427669525 -0.0707077905535698 0.1737993061542511 0.0008642505272291601 0.06434453278779984 0.037124451249837875 0.9972366094589233
1542145534.960472 -0.10582517832517624 -0.07139236479997635 0.16443008184432983 0.007527035661041737 0.055376213043928146 0.031076455488801003 0.997953474521637
1542145534.985174 -0.1289980411529541 -0.07283082604408264 0.1590459793806076 0.0164943914860487 0.04523153975605965 0.028124656528234482 0.9984443187713623
1542145535.009822 -0.15517094731330872 -0.0736047625541687 0.15267762541770935 0.025474099442362785 0.03040241450071335 0.03184674680233002 0.9987054467201233
1542145535.034424 -0.1835809201002121 -0.07674375921487808 0.14324134588241577 0.027986185625195503 0.01113829668611288 0.03556840121746063 0.9989132881164551
1542145535.059 -0.21338658034801483 -0.07920142263174057 0.13103650510311127 0.025050802156329155 -0.012075384147465229 0.03906198963522911 0.9988497495651245
1542145535.083573 -0.24635422229766846 -0.0800253227353096 0.11908721178770065 0.019324101507663727 -0.03677425533533096 0.0421857051551342 0.9982457756996155
1542145535.108158 -0.2821805775165558 -0.0799623653292656 0.104963019490242 0.011000593192875385 -0.06282822042703629 0.04679304361343384 0.9968661665916443
1542145535.13277 -0.31980255246162415 -0.08054683357477188 0.09342169761657715 0.0014173996169120073 -0.09021750092506409 0.05117664486169815 0.9946054220199585
1542145535.157413 -0.3580436408519745 -0.08167260140180588 0.08332545310258865 -0.004542244132608175 -0.1183406189084053 0.05521240830421448 0.9914265275001526
1542145535.182079 -0.3963261544704437 -0.08400784432888031 0.07342402637004852 -0.004857931286096573 -0.14499033987522125 0.058890197426080704 0.9876670241355896
1542145535.206741 -0.4343014657497406 -0.09067072719335556 0.07524760812520981 -0.0029647336341440678 -0.16658158600330353 0.06010982394218445 0.9841893911361694
1542145535.231377 -0.47073638439178467 -0.09664206206798553 0.07693071663379669 -0.0026775149162858725 -0.18524828553199768 0.06330415606498718 0.9806469678878784
1542145535.255994 -0.5043817162513733 -0.10230998694896698 0.07718043029308319 -0.004694442264735699 -0.20585118234157562 0.07083889096975327 0.9760046601295471
1542145535.280609 -0.5370113253593445 -0.10759685933589935 0.08110060542821884 -0.008043297566473484 -0.22602877020835876 0.0759197548031807 0.9711243510246277
1542145535.30524 -0.5667550563812256 -0.11197540163993835 0.08597595989704132 -0.010990549810230732 -0.2442939579486847 0.07680618017911911 0.9665921926498413
1542145535.329891 -0.5927538871765137 -0.11714786291122437 0.09198296815156937 -0.014293943531811237 -0.26053276658058167 0.0782642737030983 0.9621815085411072
1542145535.354573 -0.6134129166603088 -0.12298478931188583 0.09530577063560486 -0.019277535378932953 -0.27302396297454834 0.07857802510261536 0.9585989117622375
1542145535.3793 -0.6303882598876953 -0.13027971982955933 0.10321471095085144 -0.023109065368771553 -0.2765045464038849 0.07921756058931351 0.957463264465332
1542145535.404104 -0.6376670002937317 -0.13738074898719788 0.11346493661403656 -0.022558612748980522 -0.27215880155563354 0.08294320106506348 0.9584055542945862
1542145535.429032 -0.6418524980545044 -0.1460486352443695 0.12543407082557678 -0.021798117086291313 -0.2571015954017639 0.09222257882356644 0.96172696352005
1542145535.454124 -0.6363065242767334 -0.15429575741291046 0.13493859767913818 -0.01926259696483612 -0.2420961558818817 0.10273181647062302 0.964605987071991
1542145535.479374 -0.6326549649238586 -0.1626884788274765 0.14548341929912567 -0.0162892397493124 -0.22664496302604675 0.11112375557422638 0.9674803614616394
1542145535.50472 -0.6260014176368713 -0.1696462780237198 0.15530714392662048 -0.015522727742791176 -0.21495316922664642 0.11787385493516922 0.9693605899810791
1542145535.530077 -0.6186175346374512 -0.17509910464286804 0.16446012258529663 -0.018830258399248123 -0.20478129386901855 0.11988802254199982 0.9712554216384888
