1542145521577086.0 -0.0 -0.0 -0.0 -0.0 -0.0 1.0 -0.0
1542145521601548.0 -0.0 -0.0 -0.0 -0.0 -0.0 1.0 -0.0
1542145521626014.0 0.037701417 -0.00054054684 0.003109191 0.0048565506 -0.004479224 0.99997705 0.0015227143
1542145521650480.0 0.037701417 -0.00054054684 0.003109191 0.0048565506 -0.004479224 0.99997705 0.0015227143
1542145521674949.0 0.06265803 0.0075255977 0.0049867374 0.0042421655 -0.005870085 0.9999654 -0.0040959506
1542145521699426.0 0.06265803 0.0075255977 0.0049867374 0.0042421655 -0.005870085 0.9999654 -0.0040959506
1542145521723922.0 0.06265803 0.0075255977 0.0049867374 0.0042421655 -0.005870085 0.9999654 -0.0040959506
1542145521748450.0 0.06265803 0.0075255977 0.0049867374 0.0042421655 -0.005870085 0.9999654 -0.0040959506
1542145521773014.0 0.06265803 0.0075255977 0.0049867374 0.0042421655 -0.005870085 0.9999654 -0.0040959506
1542145521797607.0 0.079805575 0.015370614 0.008372582 -0.0135182785 -0.02143256 0.9996771 -0.0019111242
1542145521822217.0 0.079805575 0.015370614 0.008372582 -0.0135182785 -0.02143256 0.9996771 -0.0019111242
1542145521846830.0 0.06831519 0.012813281 0.0086902995 -0.02512714 -0.030719338 0.9992067 0.0033054422
1542145521871432.0 0.06831519 0.012813281 0.0086902995 -0.02512714 -0.030719338 0.9992067 0.0033054422
1542145521896007.0 0.04965567 0.0037767028 0.006702464 -0.03575192 -0.031183861 0.9987983 0.012303105
1542145521920548.0 0.04965567 0.0037767028 0.006702464 -0.03575192 -0.031183861 0.9987983 0.012303105
1542145521945061.0 0.028056303 -0.0055822195 0.0024916455 -0.044229373 -0.031180415 0.99835837 0.01876965
1542145521969553.0 0.028056303 -0.0055822195 0.0024916455 -0.044229373 -0.031180415 0.99835837 0.01876965
1542145521994032.0 -0.008068742 -0.017892975 -0.002252403 -0.050968226 -0.025319112 0.9981387 0.021917725
1542145522018513.0 -0.028424893 -0.025588557 -0.005671759 -0.05563932 -0.021098822 0.9979436 0.023828149
1542145522043014.0 -0.056246508 -0.033904534 -0.009319585 -0.06000239 -0.015232275 0.99772227 0.02679726
1542145522067543.0 -0.086799316 -0.042166654 -0.011250345 -0.06782762 -0.009803017 0.9971808 0.030557841
1542145522092102.0 -0.122438416 -0.052344225 -0.019588945 -0.07541098 -0.007299074 0.9965869 0.032778326
1542145522116689.0 -0.16072223 -0.059901547 -0.021075955 -0.08249809 -0.005980559 0.99593055 0.03578647
1542145522141309.0 -0.20216331 -0.06729132 -0.025355497 -0.08759674 -0.00040475128 0.9954064 0.038636185
1542145522165958.0 -0.2468426 -0.07301696 -0.029201599 -0.09313635 0.010632189 0.9947007 0.04222808
1542145522190631.0 -0.29384908 -0.07880317 -0.03366018 -0.09727328 0.01924452 0.99411887 0.043535564
1542145522215333.0 -0.34335077 -0.08183649 -0.033508502 -0.09923174 0.02535449 0.9937584 0.04421117
1542145522240086.0 -0.39485225 -0.082306854 -0.025141021 -0.09972027 0.031437747 0.99348575 0.045318116
1542145522264928.0 -0.45401198 -0.08466614 -0.020730857 -0.10281755 0.04125623 0.992841 0.04464647
1542145522289894.0 -0.4987015 -0.07963558 -0.0068492796 -0.114810035 0.05088519 0.99082124 0.050027147
1542145522314985.0 -0.5516235 -0.08274591 -0.008997975 -0.12194315 0.055991076 0.98966414 0.050593868
1542145522340167.0 -0.5947622 -0.09091314 -0.017364584 -0.1340762 0.058765266 0.98795754 0.0501014
1542145522365390.0 -0.6397733 -0.10149297 -0.025221396 -0.14462094 0.061954558 0.9863199 0.04918789
1542145522390628.0 -0.6802556 -0.10871492 -0.03242538 -0.15598664 0.06680036 0.98425734 0.049431782
1542145522415890.0 -0.7185657 -0.11239236 -0.03584662 -0.16524206 0.074047625 0.98222613 0.049435657
1542145522441205.0 -0.75106853 -0.106515534 -0.028644457 -0.16878195 0.08179355 0.9807516 0.05430415
1542145522466579.0 -0.7628219 -0.10906585 -0.023935001 -0.1780017 0.08931044 0.9785487 0.052740347
1542145522491997.0 -0.77595264 -0.11282796 -0.041838706 -0.18616095 0.09470259 0.97690743 0.045028064
1542145522517461.0 -0.77093345 -0.10789088 -0.043083154 -0.19069687 0.094362505 0.97607875 0.044730123
1542145522542982.0 -0.75473005 -0.10327612 -0.040109634 -0.19194144 0.09054716 0.97623503 0.04387429
1542145522568551.0 -0.72600317 -0.09530387 -0.037313804 -0.19051562 0.088688366 0.9766882 0.04380067
1542145522594151.0 -0.6868441 -0.08432369 -0.02923827 -0.18398267 0.087001756 0.9780733 0.044200603
1542145522619766.0 -0.63917744 -0.074040234 -0.021981843 -0.17441769 0.08517083 0.9799799 0.04431556
1542145522645370.0 -0.5867343 -0.064287215 -0.0147412885 -0.16232204 0.08143146 0.9823832 0.044088785
1542145522670926.0 -0.53030986 -0.053367168 -0.0056103235 -0.14835505 0.070962965 0.98538387 0.04442759
1542145522696423.0 -0.47437024 -0.046436604 0.0011457764 -0.13404393 0.054762777 0.98845905 0.0445202
1542145522721852.0 -0.42158943 -0.039343707 0.00799515 -0.12081105 0.03814178 0.9909145 0.045148488
1542145522747191.0 -0.3709612 -0.034778815 0.01478265 -0.108951375 0.023510696 0.9927856 0.044200197
1542145522772455.0 -0.32323524 -0.030436175 0.021073995 -0.0966775 0.007977196 0.99434227 0.04328094
1542145522797710.0 -0.27975655 -0.02715214 0.029084828 -0.08568448 -0.004340523 0.995374 0.043242894
1542145522823004.0 -0.23910968 -0.025221506 0.036900144 -0.07715461 -0.013034121 0.99591106 0.045149613
1542145522848311.0 -0.20167322 -0.025319142 0.044783942 -0.06698915 -0.023003913 0.9963814 0.046983484
1542145522873568.0 -0.16704857 -0.025246518 0.05277956 -0.05350999 -0.034320787 0.99686307 0.04714685
1542145522898752.0 -0.13406554 -0.025843251 0.05715023 -0.036538046 -0.04408763 0.9973504 0.04487286
1542145522923859.0 -0.10462914 -0.026554964 0.06009737 -0.018965967 -0.0455654 0.9979008 0.04193101
1542145522948867.0 -0.07929399 -0.026486374 0.06459183 -0.001795018 -0.0405576 0.9983212 0.041313477
1542145522973774.0 -0.056056466 -0.02729744 0.06566295 0.0152623085 -0.0367733 0.998382 0.040598653
1542145522998571.0 -0.039070033 -0.02800038 0.06544785 0.03203573 -0.035130117 0.9980566 0.04028234
1542145523023222.0 -0.026388492 -0.028977813 0.065395 0.04368357 -0.0312461 0.9976566 0.042390052
1542145523047688.0 -0.016854946 -0.03098334 0.064271376 0.051472694 -0.026450716 0.9972391 0.046531674
1542145523071940.0 -0.012162068 -0.031918235 0.06289154 0.05577908 -0.023698015 0.9968895 0.050384793
1542145523095993.0 -0.010951903 -0.032879308 0.06231837 0.056955557 -0.024777643 0.99670625 0.052142434
1542145523119890.0 -0.010626779 -0.0322292 0.063307375 0.05068258 -0.027924176 0.99703455 0.05073085
1542145523143678.0 -0.014566876 -0.03090855 0.068076916 0.040733807 -0.030728275 0.997385 0.051183812
1542145523167399.0 -0.020913074 -0.028872274 0.07120993 0.028178126 -0.03569954 0.9975564 0.053036395
1542145523191090.0 -0.030542586 -0.027154118 0.07405551 0.012883006 -0.041832194 0.9975672 0.05425849
1542145523214786.0 -0.043968037 -0.026286373 0.07691527 -0.0053217146 -0.047267687 0.9974453 0.053296212
1542145523238501.0 -0.05891411 -0.025963692 0.07781088 -0.025809541 -0.053905364 0.9968717 0.05172046
1542145523262248.0 -0.07597125 -0.02651186 0.07487645 -0.04608829 -0.059158362 0.995969 0.049213808
1542145523286050.0 -0.0952311 -0.026716147 0.07469525 -0.06469652 -0.06177652 0.9947642 0.04941892
1542145523309954.0 -0.11775973 -0.028705062 0.06749852 -0.08265068 -0.05903116 0.9935501 0.050422184
1542145523334012.0 -0.14034946 -0.031542487 0.06292295 -0.10214899 -0.050947733 0.99200684 0.053781155
1542145523358259.0 -0.16122125 -0.03475066 0.05936471 -0.121422105 -0.044946313 0.9899065 0.057634074
1542145523382707.0 -0.18112227 -0.040842127 0.052001715 -0.13903289 -0.03999783 0.9875863 0.061183773
1542145523407347.0 -0.19957474 -0.0451493 0.04801877 -0.15264206 -0.03405434 0.9855787 0.064617775
1542145523432174.0 -0.21614207 -0.046681855 0.04306237 -0.16311072 -0.027030863 0.98394614 0.06718765
1542145523457185.0 -0.23514165 -0.04886959 0.034539003 -0.1694253 -0.020050574 0.98310405 0.06632879
1542145523482364.0 -0.24854027 -0.04942411 0.032449175 -0.17652437 -0.011387338 0.9821036 0.06466898
1542145523507680.0 -0.26047584 -0.049845006 0.02696357 -0.18394566 -0.0020163176 0.9810615 0.06064942
1542145523533110.0 -0.27178195 -0.04952883 0.022692878 -0.19190966 0.005138616 0.97977984 0.05635406
1542145523558630.0 -0.28318 -0.04926628 0.01815774 -0.20327573 0.008092888 0.9776051 0.053868152
1542145523584211.0 -0.29318237 -0.05065615 0.01506154 -0.21786512 0.007370068 0.9744233 0.054587584
1542145523609827.0 -0.30484655 -0.052713327 0.012765078 -0.23143354 0.0007464315 0.97105134 0.05913761
1542145523635464.0 -0.31297505 -0.058572948 0.006202109 -0.2416414 -0.0057230955 0.96818465 0.064770095
1542145523661101.0 -0.3171566 -0.063906625 0.0034132358 -0.24737027 -0.010508858 0.96628755 0.07061082
1542145523686725.0 -0.31533143 -0.06890247 0.0021662898 -0.2482018 -0.011837644 0.96580064 0.07406006
1542145523712321.0 -0.3107956 -0.07024814 0.0061809234 -0.2419036 -0.013387971 0.967309 0.07494545
1542145523737889.0 -0.30231595 -0.07183621 0.00986623 -0.23234661 -0.010774427 0.9699864 0.07089069
1542145523763443.0 -0.2935519 -0.07042298 0.014687828 -0.21889946 -0.004492434 0.97357345 0.064942874
1542145523788999.0 -0.28008977 -0.07042465 0.021167334 -0.20594624 0.0059371335 0.9767503 0.059243675
1542145523814575.0 -0.26723307 -0.0712408 0.025998835 -0.18977413 0.015611582 0.97998965 0.057986517
1542145523840197.0 -0.2541946 -0.07391789 0.029888567 -0.17099258 0.022359116 0.983227 0.05938289
1542145523865875.0 -0.24169886 -0.07477214 0.031735282 -0.15427308 0.026674122 0.9857596 0.061371036
1542145523891594.0 -0.22877437 -0.076024726 0.032879647 -0.14101058 0.029445522 0.98770994 0.06064755
1542145523917328.0 -0.21495827 -0.07530115 0.03460676 -0.12819684 0.029102264 0.9895907 0.05855713
1542145523943036.0 -0.19989447 -0.07427073 0.036268234 -0.11407771 0.027279485 0.9915436 0.05552936
1542145523968686.0 -0.1865185 -0.07457743 0.035224162 -0.098943226 0.02855675 0.9933461 0.051559415
1542145523994246.0 -0.17145388 -0.072124965 0.03573956 -0.08627694 0.033714257 0.9944837 0.049211826
1542145524019688.0 -0.15873896 -0.06821178 0.038547695 -0.07372037 0.03669491 0.99549395 0.047017086
1542145524044998.0 -0.14623676 -0.064873174 0.037238836 -0.06256389 0.035858043 0.99639714 0.04464111
1542145524070182.0 -0.13729893 -0.061507016 0.04057971 -0.053818207 0.031896576 0.99710506 0.043216348
1542145524095259.0 -0.13014926 -0.05780504 0.040804394 -0.049657367 0.029852012 0.9974649 0.041314363
1542145524120262.0 -0.12646423 -0.05509256 0.040801384 -0.047405317 0.027104257 0.9977911 0.037828263
1542145524145217.0 -0.123044774 -0.052881137 0.040761676 -0.047055405 0.018708672 0.99813783 0.034009483
1542145524170147.0 -0.12193816 -0.04995501 0.042136356 -0.0456647 0.0115646655 0.99839187 0.03153987
1542145524195078.0 -0.12422129 -0.046317007 0.042669464 -0.043685056 0.008768794 0.9985067 0.031608388
1542145524220027.0 -0.12370653 -0.043743897 0.045937825 -0.04302289 0.009461219 0.99851876 0.03193546
1542145524245005.0 -0.12702714 -0.0414518 0.04170257 -0.042042878 0.010982735 0.9985368 0.032189
1542145524270014.0 -0.12936342 -0.042294174 0.04080927 -0.04152294 0.013128364 0.9985446 0.031815972
1542145524295046.0 -0.12853429 -0.043180518 0.0385941 -0.04197976 0.015457316 0.998476 0.03231756
1542145524320088.0 -0.1272001 -0.043826573 0.0354537 -0.041774604 0.01838754 0.9984307 0.032449182
1542145524345138.0 -0.1283587 -0.04410876 0.03266862 -0.04201543 0.023443436 0.9982856 0.033332463
1542145524370180.0 -0.1300768 -0.044747695 0.029380692 -0.04284855 0.02511557 0.99815714 0.0348648
1542145524395211.0 -0.13238074 -0.04496663 0.029475708 -0.044805154 0.02758484 0.9979717 0.03583436
1542145524420231.0 -0.1333368 -0.0456934 0.025749872 -0.04720954 0.028371984 0.99785995 0.035240464
1542145524445233.0 -0.13498554 -0.04579553 0.024273641 -0.048308708 0.027928296 0.997881 0.03346454
1542145524470211.0 -0.13671708 -0.04485991 0.021525363 -0.048953895 0.028859423 0.9978822 0.031653743
1542145524495163.0 -0.13923845 -0.04651933 0.018411519 -0.051169984 0.033050742 0.9977063 0.029521499
1542145524520095.0 -0.14248683 -0.0468796 0.017128022 -0.05419029 0.036690053 0.997455 0.0282995
1542145524545003.0 -0.14662142 -0.048760142 0.012901898 -0.058672044 0.03631447 0.9972224 0.028042585
1542145524569892.0 -0.15384729 -0.051266287 0.0097321905 -0.064326525 0.034239937 0.9969183 0.02904744
1542145524594765.0 -0.15950073 -0.05137314 0.009289517 -0.07225667 0.030500198 0.99644554 0.030742204
1542145524619625.0 -0.16748852 -0.05365067 0.007260302 -0.079889804 0.0252843 0.9959717 0.0319177
1542145524644477.0 -0.17773724 -0.055400208 0.005643132 -0.08759848 0.019991733 0.9953613 0.034390673
1542145524669329.0 -0.18596008 -0.056806237 0.0054695155 -0.09838768 0.016276674 0.99431247 0.03738558
1542145524694180.0 -0.19400467 -0.0580224 0.007395323 -0.11033569 0.011391971 0.9930129 0.04027043
1542145524719036.0 -0.20271401 -0.060825873 0.0064992816 -0.12190155 0.0048317397 0.99165183 0.041752744
1542145524743911.0 -0.21086767 -0.062071983 0.0074038696 -0.1366427 -0.00065453816 0.9897245 0.04211704
1542145524768826.0 -0.21757334 -0.065119 0.007326587 -0.15315695 -0.004070608 0.98731047 0.041766927
1542145524793800.0 -0.22267891 -0.068438314 0.009878859 -0.1690936 -0.007111435 0.9846291 0.04315499
1542145524818862.0 -0.22635064 -0.07151828 0.013519464 -0.17940311 -0.011950076 0.98257023 0.04719656
1542145524844030.0 -0.22043079 -0.08516228 0.008717047 -0.18515468 -0.014424746 0.98137903 0.049041137
1542145524869308.0 -0.22089747 -0.08707548 0.015647653 -0.18369986 -0.011195733 0.9813119 0.056178477
1542145524894692.0 -0.211914 -0.09242822 0.020923324 -0.181209 -0.0057953056 0.9815429 0.060855854
1542145524920163.0 -0.20470281 -0.09629112 0.024268035 -0.17492054 0.00015789253 0.9824239 0.06516319
1542145524945697.0 -0.19600649 -0.09806404 0.028961536 -0.16844125 0.006355012 0.98329294 0.06871827
1542145524971275.0 -0.18727271 -0.09905226 0.032779608 -0.16204585 0.009104467 0.9842804 0.06964533
1542145524996881.0 -0.17810395 -0.09729388 0.036537904 -0.15782958 0.010422246 0.9849867 0.06915554
1542145525022511.0 -0.1712951 -0.09264936 0.042092107 -0.15509939 0.010511651 0.9856199 0.0662354
1542145525048152.0 -0.16610558 -0.09015618 0.0435542 -0.15219009 0.007606505 0.98651576 0.059724152
1542145525073789.0 -0.16287096 -0.08180039 0.04872565 -0.15125726 0.0047298055 0.9869958 0.054205574
1542145525099412.0 -0.16066936 -0.0740881 0.054446455 -0.15242878 0.0035804166 0.98720616 0.04665513
1542145525125014.0 -0.15918487 -0.066128954 0.058187924 -0.15536574 0.0013017876 0.9870846 0.03903569
1542145525150590.0 -0.15906005 -0.056678034 0.061692074 -0.15949984 -0.0035490824 0.98671526 0.030665075
1542145525176143.0 -0.16199826 -0.05185857 0.055049922 -0.16283262 -0.010647879 0.98640615 0.019370407
1542145525201670.0 -0.1651558 -0.043925945 0.057795737 -0.16738707 -0.021607641 0.9855818 0.011964078
1542145525227170.0 -0.16966693 -0.0386806 0.057674684 -0.1714075 -0.0293544 0.9847441 0.0060856477
1542145525252648.0 -0.17431702 -0.03422189 0.058536213 -0.1755514 -0.032936055 0.98391193 0.0037718283
1542145525278118.0 -0.1785019 -0.031802695 0.05925916 -0.17793809 -0.034816477 0.98342025 0.00325728
1542145525303588.0 -0.18014929 -0.032617263 0.064341664 -0.17888018 -0.03378766 0.9832707 0.0062535233
1542145525329065.0 -0.18286756 -0.03833313 0.06660513 -0.17725925 -0.031086108 0.9836187 0.010349681
1542145525354549.0 -0.18292147 -0.044997625 0.0693464 -0.17776923 -0.028059097 0.98349094 0.018879611
1542145525380029.0 -0.18219696 -0.056068953 0.06920837 -0.1783427 -0.024115378 0.9832638 0.028368395
1542145525405496.0 -0.18371147 -0.06885219 0.06786734 -0.17798464 -0.020290058 0.983039 0.039296586
1542145525430953.0 -0.18788518 -0.08246659 0.06536203 -0.17852816 -0.016447624 0.9823734 0.052911986
1542145525456405.0 -0.19118023 -0.099174365 0.06491599 -0.17721687 -0.01551193 0.9817423 0.06734688
1542145525481864.0 -0.19097546 -0.11427428 0.061745286 -0.17482904 -0.015812395 0.9812477 0.07961007
1542145525507351.0 -0.19093333 -0.1293016 0.059674975 -0.17077212 -0.013306785 0.9811591 0.08936817
1542145525532890.0 -0.18623193 -0.14270073 0.056238182 -0.1647268 -0.0071964148 0.9816593 0.09569917
1542145525558489.0 -0.17671219 -0.15332268 0.049445763 -0.1555062 -0.0010862187 0.9828319 0.09928844
1542145525584164.0 -0.16964746 -0.15915355 0.05108308 -0.14250682 0.0053670574 0.9843921 0.1031275
1542145525609895.0 -0.1589623 -0.16283587 0.048042554 -0.13051443 0.013918277 0.98601073 0.10273829
1542145525635630.0 -0.14962919 -0.16500333 0.045014787 -0.11794028 0.02231626 0.9878755 0.0984586
1542145525661292.0 -0.14061551 -0.15929715 0.051700197 -0.10764371 0.028668143 0.98939013 0.09326393
1542145525686801.0 -0.1320375 -0.15201257 0.053483695 -0.09838331 0.029947067 0.99111146 0.084392115
1542145525712120.0 -0.12118727 -0.14349185 0.056531597 -0.08950534 0.025250264 0.9929917 0.07292975
1542145525737264.0 -0.11149286 -0.12845595 0.06475939 -0.07864499 0.0152574545 0.99483085 0.06239977
1542145525762267.0 -0.1022116 -0.11291134 0.06954717 -0.0660978 0.0023013873 0.9965822 0.04949492
1542145525787155.0 -0.09376892 -0.096283585 0.07304535 -0.055453837 -0.0032594693 0.99779916 0.036209103
1542145525811940.0 -0.087585226 -0.07963813 0.07557412 -0.048536833 0.00037394083 0.9985674 0.0225229
1542145525836630.0 -0.08573981 -0.059579752 0.07932573 -0.04371073 0.0043146387 0.99899167 0.009302676
1542145525861246.0 -0.08701898 -0.04272351 0.08191079 -0.041087024 -0.0010474945 0.9991322 -0.0067492113
1542145525885818.0 -0.09411009 -0.025238045 0.083232544 -0.04347828 -0.0045874156 0.99888235 -0.0179646
1542145525910383.0 -0.10585025 -0.012092134 0.084144026 -0.050097518 -0.0058308896 0.9984231 -0.02465034
1542145525934986.0 -0.12098971 0.00054957706 0.0862753 -0.06081153 -0.007081337 0.99769634 -0.029222779
1542145525959665.0 -0.14218971 0.011405359 0.08797493 -0.07270279 -0.004578956 0.9967613 -0.034062997
1542145525984441.0 -0.16659753 0.020994272 0.09086169 -0.08744979 0.0017093129 0.99543893 -0.038093224
1542145526009327.0 -0.19446075 0.028867492 0.09345879 -0.10303073 0.006712599 0.9938028 -0.041177988
1542145526034325.0 -0.22355852 0.033634227 0.09610355 -0.1195207 0.012006548 0.991853 -0.042405568
1542145526059439.0 -0.25266728 0.034909282 0.09849097 -0.13563521 0.01577823 0.989789 -0.04089005
1542145526084674.0 -0.2803449 0.03298736 0.10084825 -0.1508495 0.017079543 0.98768693 -0.0377782
1542145526110014.0 -0.30592224 0.028709628 0.10308291 -0.16408984 0.019578246 0.9856747 -0.03371369
1542145526135423.0 -0.32817993 0.023098141 0.10576914 -0.17382486 0.019899538 0.9841335 -0.029499626
1542145526160848.0 -0.3475225 0.014587188 0.10726167 -0.18104498 0.019911384 0.9829298 -0.025985394
1542145526186233.0 -0.36176315 0.0041430183 0.109895095 -0.18907955 0.024936011 0.9814529 -0.01942587
1542145526211551.0 -0.3728254 -0.010121621 0.11148125 -0.194867 0.028704267 0.9803565 -0.010201825
1542145526236773.0 -0.37889442 -0.024411108 0.112728804 -0.19837166 0.028828824 0.9797016 0.0015657931
1542145526261873.0 -0.38158804 -0.03840063 0.11335699 -0.20059687 0.025177047 0.97927547 0.012109241
1542145526286840.0 -0.37910458 -0.05003706 0.11394948 -0.20194589 0.020989519 0.9789755 0.019606527
1542145526311710.0 -0.3722127 -0.05864004 0.114617154 -0.20199198 0.020838346 0.9788514 0.024798704
1542145526336540.0 -0.36235595 -0.064803705 0.113774985 -0.19802478 0.020123428 0.97961545 0.027108388
1542145526361379.0 -0.3480751 -0.06966969 0.11364962 -0.1912704 0.014294197 0.98103416 0.027988015
1542145526386265.0 -0.33173993 -0.07286873 0.11291051 -0.18305014 0.005566167 0.9826864 0.028092857
1542145526411226.0 -0.31280887 -0.07394809 0.11143062 -0.17525001 -0.00088672707 0.9841377 0.02756247
1542145526436274.0 -0.29270387 -0.073276356 0.11034738 -0.16532895 -0.0060672564 0.9858584 0.026698926
1542145526461419.0 -0.2682782 -0.07074115 0.10972735 -0.15413323 -0.0112579 0.9876985 0.02383134
1542145526486665.0 -0.24162522 -0.06645554 0.10930153 -0.14104277 -0.016427461 0.9896835 0.019071449
1542145526511997.0 -0.21329123 -0.061784383 0.10888523 -0.12539986 -0.020029131 0.99180686 0.013888962
1542145526537376.0 -0.18297431 -0.056877825 0.10900622 -0.10716044 -0.022045983 0.9939513 0.009562632
1542145526562736.0 -0.15084386 -0.0530394 0.10772871 -0.087337025 -0.023958785 0.99587274 0.0059771757
1542145526588031.0 -0.12142017 -0.048772946 0.1068993 -0.06706941 -0.02482066 0.9974323 0.0038089636
1542145526613235.0 -0.09405914 -0.04414944 0.105646394 -0.049701836 -0.024194606 0.9984702 0.0013053183
1542145526638354.0 -0.071470246 -0.038408954 0.104179926 -0.03520338 -0.02235181 0.9991289 -0.0016566187
1542145526663384.0 -0.052867316 -0.033199016 0.10052451 -0.023858972 -0.021043286 0.999478 -0.00562902
1542145526688324.0 -0.039248835 -0.027618201 0.09710026 -0.015352884 -0.019306093 0.99965304 -0.009239653
1542145526713185.0 -0.0297926 -0.023720397 0.09311931 -0.010393524 -0.020518685 0.99965376 -0.012782595
1542145526737991.0 -0.027406845 -0.018495068 0.09045161 -0.007879932 -0.022599345 0.99959433 -0.015441058
1542145526762770.0 -0.03015047 -0.0132536935 0.09207178 -0.011029936 -0.022079758 0.99955666 -0.016654812
1542145526787549.0 -0.038254555 -0.009229426 0.09144814 -0.016028669 -0.020838825 0.9994964 -0.017772201
1542145526812353.0 -0.0496126 -0.006475998 0.09302855 -0.023821153 -0.018078899 0.99939364 -0.017835835
1542145526837195.0 -0.06506821 -0.0030088068 0.09489623 -0.031786315 -0.016367368 0.99921405 -0.017120162
1542145526862081.0 -0.084294155 -0.0008743461 0.09368776 -0.04105481 -0.015156642 0.99887747 -0.018131273
1542145526887016.0 -0.1073862 0.0003864442 0.09417452 -0.0526824 -0.011645066 0.99839145 -0.017424071
1542145526912006.0 -0.13353223 0.00013806892 0.09438465 -0.065504804 -0.008399517 0.9976926 -0.01574969
1542145526937049.0 -0.16172308 -0.0007045737 0.09546729 -0.07899225 -0.0071940855 0.9967667 -0.012833305
1542145526962123.0 -0.19140458 -0.0030952003 0.096423335 -0.09240798 -0.010091913 0.99562967 -0.00897229
1542145526987198.0 -0.22008637 -0.006525136 0.09715886 -0.10569692 -0.0103161875 0.99433887 -0.0034703393
1542145527012255.0 -0.24724932 -0.010171837 0.09631884 -0.11776889 -0.0063298554 0.99301946 0.0016878663
1542145527037284.0 -0.2716332 -0.013920003 0.094316185 -0.12766209 0.0019173034 0.99179065 0.007072397
1542145527062279.0 -0.29141432 -0.017807387 0.09073874 -0.1364432 0.011607521 0.9905135 0.011467753
1542145527087234.0 -0.3072084 -0.019681381 0.08750639 -0.14211084 0.022141982 0.98951614 0.013116896
1542145527112162.0 -0.31795695 -0.019216418 0.084902465 -0.14510171 0.03447369 0.98873097 0.012966643
1542145527137097.0 -0.32394782 -0.01735513 0.08219296 -0.14571775 0.04552668 0.9882142 0.011241013
1542145527162061.0 -0.32692343 -0.014695942 0.079409786 -0.14370954 0.05087604 0.98826545 0.009517971
1542145527187064.0 -0.32563084 -0.011620691 0.07449458 -0.14129546 0.054573774 0.9884256 0.008491146
1542145527212085.0 -0.3215399 -0.009175453 0.068944074 -0.13829042 0.058810595 0.9886279 0.005649798
1542145527237094.0 -0.3138266 -0.0068974784 0.061271954 -0.1332095 0.06089164 0.9892141 0.0017178594
1542145527262070.0 -0.30591252 -0.004122645 0.053309638 -0.12488591 0.059184045 0.9904042 0.0005598943
1542145527287005.0 -0.29682127 -0.0018337521 0.04546139 -0.119508706 0.056153473 0.9912407 0.0025454648
1542145527311897.0 -0.28945038 4.3648877e-05 0.037288267 -0.11578853 0.05194622 0.99190575 0.004190892
1542145527336757.0 -0.27886704 0.0045405887 0.027836174 -0.11619637 0.039543357 0.99242866 0.004495437
1542145527361591.0 -0.27200565 0.006767402 0.02214921 -0.11362589 0.026180336 0.99317694 0.0018583831
1542145527386412.0 -0.26326475 0.009472627 0.016154924 -0.11188621 0.01593081 0.99359035 -0.0024626248
1542145527411230.0 -0.25552797 0.013563263 0.012903508 -0.1070782 0.009430279 0.9941769 -0.0075967447
1542145527436059.0 -0.24617818 0.015410974 0.008719009 -0.10041899 0.005552723 0.9948214 -0.014686032
1542145527460912.0 -0.23428471 0.016018258 0.008978855 -0.09296725 0.0075576296 0.9954406 -0.019951655
1542145527485803.0 -0.22524546 0.014705646 0.009495602 -0.08239 0.013312817 0.99625134 -0.02275807
1542145527510737.0 -0.21745174 0.0128260525 0.012925574 -0.07449244 0.021872282 0.99668276 -0.024411846
1542145527535705.0 -0.21018748 0.0109346565 0.02118321 -0.07072531 0.026147615 0.99676967 -0.027650952
1542145527560685.0 -0.20894763 0.0074332827 0.032287423 -0.06358837 0.026135879 0.997113 -0.032236386
1542145527585658.0 -0.20546503 0.0013159192 0.04583694 -0.06028237 0.026082296 0.99724764 -0.03439378
1542145527610630.0 -0.20341136 -0.0075773452 0.06248824 -0.057835385 0.026645575 0.9974836 -0.031171052
1542145527635615.0 -0.20215678 -0.01890655 0.07738868 -0.05465637 0.02409647 0.9978803 -0.025827462
1542145527660613.0 -0.20186636 -0.031135947 0.09677247 -0.05064146 0.018854775 0.99835354 -0.019239988
1542145527685612.0 -0.19998224 -0.04389377 0.11545492 -0.04895376 0.01621958 0.9986117 -0.0107360175
1542145527710586.0 -0.1970043 -0.056842018 0.13398395 -0.049077455 0.01992465 0.998591 -0.0032315452
1542145527735529.0 -0.19336794 -0.06808641 0.15236804 -0.049099836 0.025033083 0.9984792 -0.0013574297
1542145527760456.0 -0.18916324 -0.07745938 0.17282867 -0.046002686 0.024129655 0.9986282 -0.0065764356
1542145527785376.0 -0.18576083 -0.087231494 0.18998349 -0.042567935 0.028963314 0.9986296 -0.009376044
1542145527810290.0 -0.1849599 -0.09751321 0.20930848 -0.042925637 0.041254546 0.99817926 -0.009680607
1542145527835202.0 -0.18442395 -0.10634293 0.2294891 -0.045322917 0.046996024 0.99781805 -0.009818171
1542145527860133.0 -0.1833881 -0.11345236 0.25040612 -0.04377323 0.041670937 0.9981193 -0.010267537
1542145527885120.0 -0.18130954 -0.12324427 0.26839453 -0.0415134 0.033565667 0.9985322 -0.009140551
1542145527910189.0 -0.17688997 -0.13109316 0.2886663 -0.045767587 0.033092223 0.99838346 -0.006382276
1542145527935346.0 -0.17635338 -0.13777004 0.30641338 -0.05017484 0.03413689 0.9981365 -0.0063793887
1542145527960588.0 -0.1781141 -0.1410361 0.3259686 -0.05410225 0.030208481 0.99803823 -0.008953888
1542145527985907.0 -0.17874444 -0.14478022 0.34185198 -0.056318507 0.020659955 0.998139 -0.010953827
1542145528011295.0 -0.17956325 -0.14761162 0.35962114 -0.06141632 0.011476953 0.99800575 -0.008998578
1542145528036747.0 -0.18179534 -0.14944206 0.37148416 -0.067576826 0.0048585585 0.9976817 -0.0064117247
1542145528062253.0 -0.18429552 -0.1495782 0.3820913 -0.07379891 0.00084610406 0.9972647 -0.0040198374
1542145528087825.0 -0.1878051 -0.14920935 0.38840094 -0.08011676 -0.0041708285 0.9967735 -0.002584319
1542145528113493.0 -0.19128014 -0.14734274 0.39367706 -0.0885938 -0.0034502565 0.9960599 -0.0020199984
1542145528139260.0 -0.19733968 -0.14484505 0.39513522 -0.09771362 -0.00052660995 0.99521357 -0.0013087502
1542145528165111.0 -0.20291193 -0.13971423 0.3936831 -0.107867315 0.0017501129 0.99416345 0.00086394965
1542145528191023.0 -0.20664182 -0.13551006 0.39188024 -0.12208241 0.0052475077 0.99250346 0.0022990757
1542145528216968.0 -0.21403882 -0.12937771 0.3840758 -0.13489841 0.0064125024 0.9908242 0.005363942
1542145528242924.0 -0.22171022 -0.12224628 0.37407687 -0.1481185 0.0074963938 0.98890513 0.00844765
1542145528268880.0 -0.22687417 -0.1154504 0.36322913 -0.16013873 0.006362887 0.98701346 0.010939183
1542145528294842.0 -0.23363976 -0.10651775 0.34665772 -0.16940136 0.0052643903 0.9854305 0.014223737
1542145528320809.0 -0.23966591 -0.09544905 0.33031803 -0.18103914 0.005660788 0.9833409 0.015277296
1542145528346777.0 -0.24376754 -0.0851669 0.31243098 -0.19358015 0.0047632135 0.9809879 0.012918764
1542145528372732.0 -0.24810451 -0.072712466 0.2910778 -0.20493755 -2.9096107e-05 0.9787112 0.011183579
1542145528398654.0 -0.2525028 -0.061812025 0.26920566 -0.2154224 -0.004099395 0.9764691 0.0091917
1542145528424519.0 -0.2559551 -0.049740486 0.24471918 -0.22384176 -0.004546128 0.9746013 0.0051559936
1542145528450318.0 -0.25986367 -0.036515035 0.22194305 -0.22737058 -0.0022049635 0.97380036 -0.0032563673
1542145528476058.0 -0.2619538 -0.02211917 0.1984884 -0.2289999 0.005006794 0.9732852 -0.015806688
1542145528501743.0 -0.26484442 -0.008464737 0.17676306 -0.22773112 0.014484474 0.9731681 -0.02953959
1542145528527377.0 -0.26901397 0.0046553025 0.1549926 -0.22580823 0.024906622 0.9729284 -0.04243412
1542145528552967.0 -0.27495438 0.01607854 0.13395737 -0.22389221 0.035048634 0.9724677 -0.054318644
1542145528578524.0 -0.28431085 0.025174743 0.11335932 -0.22440451 0.043880753 0.97141093 -0.063859046
1542145528604065.0 -0.29803744 0.031192236 0.09361076 -0.22820374 0.049855746 0.96979207 -0.07029061
1542145528629649.0 -0.31531063 0.034392033 0.07631572 -0.23479803 0.053746242 0.96777856 -0.07338957
1542145528655341.0 -0.3353429 0.034725375 0.061598375 -0.24348871 0.05880458 0.96532494 -0.07350609
1542145528681180.0 -0.35747498 0.033134393 0.04813263 -0.25417605 0.06701929 0.9622107 -0.071088076
1542145528707154.0 -0.3812636 0.030231593 0.03746366 -0.26612929 0.07795437 0.9583045 -0.06892595
1542145528733225.0 -0.40522414 0.02577447 0.030307941 -0.27564767 0.084655195 0.9552369 -0.06613961
1542145528759365.0 -0.42973337 0.018747378 0.02539222 -0.2811565 0.09148303 0.9531702 -0.063627735
1542145528785586.0 -0.45356318 0.0089763515 0.02366037 -0.28787026 0.106926546 0.9497789 -0.060145166
1542145528811918.0 -0.47723678 -0.0045844167 0.02435458 -0.29447386 0.12040973 0.9465264 -0.053613722
1542145528838370.0 -0.49978828 -0.022146977 0.027305841 -0.2998278 0.124625705 0.94489986 -0.041665286
1542145528864912.0 -0.52011365 -0.04085524 0.034516543 -0.30417344 0.12416895 0.94413155 -0.02600487
1542145528891488.0 -0.5356125 -0.059490062 0.044288486 -0.3043151 0.12415613 0.9443725 -0.011757088
1542145528917988.0 -0.54719603 -0.07639258 0.059772126 -0.2970729 0.1314024 0.9457651 -0.0031110013
1542145528944267.0 -0.5559122 -0.09114398 0.077927135 -0.28508595 0.13982423 0.9482482 -0.0007201305
1542145528970247.0 -0.5617986 -0.10394895 0.097708 -0.269134 0.14921418 0.9514726 -0.0014088118
1542145528995944.0 -0.5641824 -0.11543845 0.11782202 -0.24929048 0.15752001 0.9555284 -0.0026933444
1542145529021432.0 -0.5639985 -0.12784244 0.13686419 -0.226739 0.16544054 0.9597962 -0.0031789183
1542145529046780.0 -0.56192404 -0.1387573 0.15691617 -0.20438083 0.1729941 0.9634818 -0.0021165397
1542145529072022.0 -0.5558894 -0.14701708 0.17578283 -0.18302213 0.18287483 0.96594876 -0.0016474791
1542145529097161.0 -0.5468485 -0.15176436 0.19614573 -0.16137461 0.19364238 0.967686 -0.0066848868
1542145529122175.0 -0.53824097 -0.15364918 0.21368065 -0.14021286 0.20341699 0.9688915 -0.014535204
1542145529147040.0 -0.5277694 -0.15541622 0.22612028 -0.119061224 0.22203715 0.9674502 -0.023751803
1542145529171743.0 -0.5149199 -0.15500204 0.23878501 -0.10214318 0.24116278 0.9645956 -0.031026604
1542145529196307.0 -0.5036446 -0.15636885 0.24737728 -0.0835128 0.24758619 0.96455216 -0.036958862
1542145529220766.0 -0.49105954 -0.15792367 0.25518036 -0.06563219 0.2505557 0.96510273 -0.03861367
1542145529245160.0 -0.47755876 -0.15941043 0.264532 -0.050079323 0.25287312 0.9655255 -0.036164165
1542145529269515.0 -0.46654427 -0.1610934 0.26894245 -0.038244683 0.25103164 0.9666229 -0.034070514
1542145529293854.0 -0.45656365 -0.16173854 0.2697765 -0.028810613 0.24728364 0.9679759 -0.032303575
1542145529318192.0 -0.44823194 -0.16228151 0.261695 -0.020593245 0.24343744 0.9692082 -0.030818207
1542145529342540.0 -0.44276512 -0.1623898 0.25666356 -0.015487251 0.24479496 0.9690315 -0.028523825
1542145529366908.0 -0.43883443 -0.16216077 0.24927805 -0.012577541 0.24629994 0.96876705 -0.025857631
1542145529391296.0 -0.4372223 -0.16129386 0.2377845 -0.0126701705 0.24779715 0.9684403 -0.023652464
1542145529415704.0 -0.43743202 -0.16001013 0.22120692 -0.015012833 0.24794991 0.9683942 -0.022540685
1542145529440132.0 -0.44048852 -0.15739205 0.20510966 -0.019485397 0.24935806 0.9679895 -0.02091134
1542145529464572.0 -0.44454542 -0.15469132 0.18409912 -0.025195431 0.25034875 0.96765417 -0.01833353
1542145529489019.0 -0.45165038 -0.1503968 0.16057438 -0.03302072 0.24952504 0.9676587 -0.016841754
1542145529513471.0 -0.4651648 -0.146886 0.13629942 -0.039351936 0.24741392 0.96795803 -0.017175144
1542145529537916.0 -0.47627664 -0.1404557 0.11312541 -0.05625752 0.2462836 0.9674005 -0.017771104
1542145529562345.0 -0.4918227 -0.1363625 0.0831836 -0.07583933 0.24783406 0.96562356 -0.019946733
1542145529586751.0 -0.5004582 -0.12837839 0.06018254 -0.09419388 0.24627599 0.9642472 -0.026512926
1542145529611125.0 -0.50519115 -0.1194173 0.037620865 -0.1091594 0.24769378 0.9620574 -0.034317482
1542145529635464.0 -0.5054862 -0.11486883 0.011687839 -0.12022997 0.25509247 0.95858413 -0.039862953
1542145529659792.0 -0.5027424 -0.109924145 -0.0068186675 -0.12288987 0.25967866 0.9569072 -0.042351507
1542145529684144.0 -0.4972861 -0.105479926 -0.024010733 -0.12228371 0.26437953 0.95575106 -0.041111574
1542145529708552.0 -0.49058872 -0.10211097 -0.038115557 -0.12021952 0.26992184 0.95458525 -0.038165174
1542145529733043.0 -0.48231 -0.10061826 -0.051141076 -0.11726069 0.27129635 0.9546766 -0.03522556
1542145529757626.0 -0.47171766 -0.094519295 -0.052731916 -0.11386797 0.2671365 0.95635957 -0.032382984
1542145529782296.0 -0.46022886 -0.090895355 -0.057132933 -0.10800023 0.2661088 0.95739114 -0.03040306
1542145529807050.0 -0.44580707 -0.0853225 -0.05743871 -0.10063959 0.2654901 0.9583681 -0.03028583
1542145529831878.0 -0.43632028 -0.08060584 -0.042615864 -0.09123884 0.26110992 0.96043015 -0.032726772
1542145529856761.0 -0.415074 -0.07338918 -0.03202001 -0.0806268 0.25405166 0.9631283 -0.036619224
1542145529881677.0 -0.4064866 -0.07699469 -0.025290145 -0.060895197 0.24988775 0.96544933 -0.041898016
1542145529906610.0 -0.3807319 -0.06701748 -0.014552329 -0.039714444 0.24909419 0.96668375 -0.043559156
1542145529931528.0 -0.35294557 -0.058295883 0.008140256 -0.0125123095 0.25554854 0.96573645 -0.043492112
1542145529956404.0 -0.32500565 -0.050832767 0.02350037 0.007858975 0.25158024 0.96660995 -0.048070524
1542145529981229.0 -0.29595256 -0.044169106 0.039856195 0.029833527 0.23070885 0.97092927 -0.05638877
1542145530006026.0 -0.26545048 -0.040606704 0.054559063 0.05358927 0.22275804 0.9719047 -0.05392989
1542145530030839.0 -0.23596823 -0.03851068 0.06661907 0.08102858 0.22155127 0.970818 -0.043150164
1542145530055709.0 -0.2083046 -0.035149124 0.07867145 0.10447088 0.22422239 0.96834177 -0.03353223
1542145530080681.0 -0.18448164 -0.029600332 0.09082938 0.11817013 0.2218403 0.96713823 -0.038293835
1542145530105783.0 -0.16184202 -0.02398268 0.10450659 0.1251648 0.21716519 0.96673954 -0.050870657
1542145530131019.0 -0.14322817 -0.018823033 0.11603202 0.12698638 0.21751751 0.9657954 -0.061642554
1542145530156372.0 -0.1271375 -0.015081981 0.12938198 0.12312532 0.21936135 0.9649034 -0.075380474
1542145530181836.0 -0.11328283 -0.012144772 0.14102645 0.12129152 0.21487722 0.9651445 -0.08724894
1542145530207435.0 -0.101344466 -0.011298172 0.1486428 0.119819716 0.21505493 0.96481186 -0.092373304
1542145530233213.0 -0.09050241 -0.011236144 0.15666479 0.12060158 0.21410866 0.96474934 -0.09418907
1542145530259217.0 -0.08231419 -0.0116796 0.162468 0.12433616 0.2075117 0.9656161 -0.095210165
1542145530285487.0 -0.076443836 -0.013017432 0.1672695 0.12867014 0.19830805 0.9669304 -0.09572618
1542145530312050.0 -0.07296939 -0.014674972 0.1705094 0.13238868 0.19372606 0.967519 -0.09407741
1542145530338884.0 -0.072376214 -0.01710629 0.1725455 0.13487732 0.19327569 0.96742916 -0.09237667
1542145530365900.0 -0.07595792 -0.01989445 0.17273222 0.13164069 0.19986752 0.9669222 -0.08823394
1542145530392976.0 -0.08361289 -0.02259561 0.17536743 0.12308773 0.20006128 0.9687228 -0.08000647
1542145530420001.0 -0.09456649 -0.026195917 0.1761986 0.10715985 0.19845414 0.9719851 -0.066165015
1542145530446900.0 -0.109205246 -0.031006966 0.1750329 0.088366896 0.1902351 0.97615254 -0.05592972
1542145530473583.0 -0.12668249 -0.036210775 0.17263761 0.06994087 0.1814278 0.9797982 -0.04677441
1542145530499894.0 -0.1474989 -0.041137975 0.16896622 0.05027455 0.17970732 0.98177105 -0.0361041
1542145530525727.0 -0.16995937 -0.045233056 0.16224653 0.031428203 0.17852257 0.9830613 -0.027062789
1542145530551102.0 -0.19388539 -0.048574794 0.15655027 0.014711398 0.1743515 0.9843467 -0.021135686
1542145530576137.0 -0.21843982 -0.050504427 0.15108517 -0.004788061 0.17181893 0.9849288 -0.019251961
1542145530600987.0 -0.24287438 -0.0523231 0.14474666 -0.021983543 0.16804463 0.98529094 -0.021899888
1542145530625798.0 -0.26657146 -0.055290863 0.1372256 -0.034809016 0.16969483 0.98465836 -0.02097569
1542145530650667.0 -0.29101267 -0.0609964 0.12913594 -0.047639012 0.17182572 0.98382217 -0.017333
1542145530675606.0 -0.31413105 -0.06879366 0.12384386 -0.060074124 0.16284409 0.98474365 -0.012368668
1542145530700562.0 -0.3359199 -0.07846958 0.121009015 -0.07334115 0.1541813 0.9853065 -0.0045200987
1542145530725463.0 -0.35410064 -0.08918269 0.12428426 -0.08547254 0.14295241 0.9860226 0.004311639
1542145530750271.0 -0.36606172 -0.10077708 0.12634261 -0.089988075 0.12856871 0.9875104 0.013982878
1542145530775010.0 -0.3741769 -0.11105543 0.13173099 -0.0861799 0.12809809 0.9877137 0.024198731
1542145530799718.0 -0.37417865 -0.12026198 0.1367299 -0.07882986 0.13888747 0.9865747 0.03415568
1542145530824425.0 -0.37210923 -0.12608393 0.14657864 -0.06366383 0.14620236 0.9863489 0.041082066
1542145530849146.0 -0.3657535 -0.13011998 0.15803453 -0.04373198 0.15282145 0.9864306 0.041083895
1542145530873891.0 -0.35574716 -0.13339713 0.17100304 -0.024674527 0.16233407 0.9858118 0.03484059
1542145530898656.0 -0.34364232 -0.13426614 0.1854905 -0.0052199834 0.16896331 0.9852355 0.02711455
1542145530923421.0 -0.32909352 -0.13448985 0.20167905 0.014713426 0.1787985 0.9835641 0.02040408
1542145530948167.0 -0.3137522 -0.13407208 0.21515456 0.034964945 0.19379964 0.98026896 0.017088676
1542145530972895.0 -0.29648337 -0.13113087 0.23131193 0.052504424 0.21193065 0.97569054 0.018888997
1542145530997625.0 -0.2799443 -0.12877385 0.24385652 0.068747066 0.21870717 0.973229 0.016322121
1542145531022394.0 -0.26171544 -0.1275095 0.25659293 0.08848727 0.20741971 0.9742037 0.0086184675
1542145531047251.0 -0.24468197 -0.12772325 0.26812118 0.10858104 0.19941661 0.97382534 0.010365356
1542145531072255.0 -0.22851053 -0.12784126 0.27534923 0.12358613 0.19721149 0.97235394 0.01902551
1542145531097418.0 -0.21367149 -0.12902139 0.28716463 0.13786452 0.1843276 0.9727145 0.029037995
1542145531122689.0 -0.20241319 -0.13131453 0.29496342 0.14750169 0.16730903 0.97407544 0.037789978
1542145531147986.0 -0.19437876 -0.13331164 0.30057335 0.15402931 0.15753211 0.97430205 0.046842553
1542145531173251.0 -0.18916433 -0.13331693 0.30345923 0.15367673 0.15149699 0.97505146 0.052027717
1542145531198475.0 -0.18526049 -0.13174924 0.3042602 0.14913149 0.14227444 0.9772885 0.049244776
1542145531223685.0 -0.1836316 -0.13104524 0.30433026 0.13936305 0.14333214 0.97876537 0.045300774
1542145531248919.0 -0.1865277 -0.1287242 0.29948345 0.1272381 0.15044239 0.9795098 0.041691814
1542145531274204.0 -0.19130638 -0.12760365 0.2923049 0.11546992 0.1577578 0.97988075 0.040162228
1542145531299551.0 -0.19986244 -0.1263053 0.2825967 0.10654991 0.15896226 0.980703 0.03999794
1542145531324952.0 -0.21073589 -0.12447162 0.2715372 0.098896794 0.15731151 0.98169124 0.041891314
1542145531350380.0 -0.22302854 -0.122148946 0.26035085 0.08762976 0.15715273 0.98279715 0.041640945
1542145531375801.0 -0.23902728 -0.11743892 0.24614066 0.07318117 0.15859383 0.98392975 0.03707726
1542145531401179.0 -0.25646693 -0.11238099 0.22705513 0.052568942 0.16358739 0.9846376 0.03105598
1542145531426489.0 -0.27923605 -0.108569026 0.20822348 0.028648794 0.1639618 0.985714 0.025761448
1542145531451731.0 -0.30277503 -0.10472078 0.18616405 0.002535475 0.15599868 0.9875367 0.020719264
1542145531476912.0 -0.32598874 -0.10177605 0.16288419 -0.021610994 0.14882955 0.9883968 0.021319672
1542145531502015.0 -0.34754127 -0.09944001 0.14040695 -0.04115652 0.14834723 0.9876748 0.02824676
1542145531527024.0 -0.36691338 -0.096582614 0.11951619 -0.055070207 0.1490449 0.9866699 0.03514921
1542145531551923.0 -0.38483435 -0.094258085 0.09981451 -0.06497994 0.14991692 0.9858598 0.037189405
1542145531576707.0 -0.40148807 -0.09040131 0.07676278 -0.07435713 0.15595038 0.9843116 0.035794403
1542145531601395.0 -0.41669264 -0.086635016 0.055845037 -0.08388979 0.16355598 0.9824455 0.031826656
1542145531626016.0 -0.43027872 -0.08351055 0.037033435 -0.09283397 0.16957937 0.98075867 0.027151132
1542145531650603.0 -0.4422026 -0.08089331 0.022050016 -0.10203053 0.17244725 0.9794495 0.023032093
1542145531675179.0 -0.4539901 -0.08034 0.0085601825 -0.112061895 0.17436062 0.9780632 0.020807689
1542145531699759.0 -0.4647981 -0.080630854 -0.002847514 -0.123007774 0.17614074 0.9763994 0.02208552
1542145531724333.0 -0.47338527 -0.08208422 -0.01014127 -0.13116801 0.17493153 0.9754596 0.025934843
1542145531748899.0 -0.47945142 -0.08393302 -0.017191298 -0.1363585 0.17297028 0.97499233 0.02962404
1542145531773470.0 -0.4831539 -0.0865202 -0.020270672 -0.1405707 0.17183916 0.974488 0.03292957
1542145531798077.0 -0.48360047 -0.090206586 -0.019535705 -0.14208856 0.16928563 0.97461456 0.035774264
1542145531822752.0 -0.4805305 -0.0927973 -0.014318513 -0.13896579 0.16687986 0.97538435 0.038274832
1542145531847506.0 -0.473282 -0.09527198 -0.0073622786 -0.13140056 0.1693526 0.9759616 0.039403204
1542145531872332.0 -0.46310216 -0.09747415 0.0029627169 -0.12082702 0.17416461 0.9764846 0.03931076
1542145531897211.0 -0.45065126 -0.0986753 0.015977422 -0.10852138 0.17823227 0.9772801 0.037150152
1542145531922118.0 -0.43440682 -0.10101948 0.029084478 -0.096968226 0.18365438 0.9775815 0.034679204
1542145531947015.0 -0.41727525 -0.10166381 0.046515305 -0.0878294 0.18834572 0.97765654 0.031616837
1542145531971868.0 -0.3977359 -0.1028613 0.060047656 -0.0822435 0.19399244 0.97719985 0.026144305
1542145531996658.0 -0.3768825 -0.10222085 0.078122795 -0.07599748 0.20028308 0.9766437 0.016678145
1542145532021397.0 -0.3572026 -0.101286575 0.095828444 -0.07398756 0.20933901 0.9750268 0.0050853016
1542145532046099.0 -0.33669996 -0.101065926 0.11299602 -0.080491275 0.21481936 0.9732977 -0.008090497
1542145532070787.0 -0.31835103 -0.10013734 0.13073446 -0.090432525 0.21205598 0.97281325 -0.022107517
1542145532095479.0 -0.297883 -0.10119992 0.14777148 -0.100141324 0.2084087 0.9722821 -0.03471326
1542145532120187.0 -0.2788987 -0.10562325 0.15960352 -0.10575359 0.20733972 0.9717565 -0.038933244
1542145532144927.0 -0.2583771 -0.11008473 0.17407897 -0.111326724 0.20362559 0.9719294 -0.038682487
1542145532169731.0 -0.23898178 -0.1154096 0.18614073 -0.119793646 0.19364905 0.9728653 -0.04102136
1542145532194630.0 -0.22073658 -0.12064461 0.19618793 -0.13078794 0.17753403 0.9741848 -0.048374504
1542145532219646.0 -0.20387131 -0.12598558 0.20437895 -0.13877656 0.16001497 0.975623 -0.05741156
1542145532244774.0 -0.1863786 -0.13241513 0.21175876 -0.14290036 0.15258455 0.9759923 -0.061126873
1542145532270006.0 -0.17079581 -0.14018188 0.21502201 -0.14248991 0.14828928 0.9769566 -0.05712106
1542145532295340.0 -0.15659219 -0.14803717 0.21712029 -0.14216208 0.1412938 0.9784995 -0.048628863
1542145532320766.0 -0.14590302 -0.15498142 0.2167031 -0.14223392 0.1290297 0.98064786 -0.03808782
1542145532346239.0 -0.1387545 -0.16279478 0.21576113 -0.14443263 0.11582647 0.98239094 -0.025131637
1542145532371711.0 -0.13492674 -0.16883382 0.2138396 -0.14777441 0.105214946 0.9833862 -0.006638082
1542145532397163.0 -0.13231984 -0.17325771 0.20976885 -0.15037377 0.09664387 0.9838393 0.010397307
1542145532422600.0 -0.13430779 -0.17480338 0.2036893 -0.14917618 0.09069706 0.9844065 0.021549731
1542145532448039.0 -0.13510314 -0.17515866 0.19414549 -0.14550121 0.08634794 0.9851676 0.02860578
1542145532473507.0 -0.13809991 -0.17243026 0.18753785 -0.13943517 0.08744655 0.98561376 0.038426716
1542145532499024.0 -0.14421088 -0.1686727 0.1751384 -0.13192521 0.098226435 0.9849302 0.053478222
1542145532524584.0 -0.15092522 -0.16138603 0.16518974 -0.12266031 0.10721518 0.98447967 0.065263264
1542145532550169.0 -0.16095363 -0.15392256 0.15243787 -0.10938904 0.10819385 0.98576623 0.0677718
1542145532575760.0 -0.17049521 -0.14762309 0.13628154 -0.09850031 0.110184126 0.98662305 0.06879118
1542145532601326.0 -0.18427143 -0.13788927 0.1287707 -0.092123665 0.11853084 0.98628145 0.06864851
1542145532626831.0 -0.19951111 -0.13064441 0.11794573 -0.08895559 0.12513871 0.9858541 0.0672233
1542145532652247.0 -0.21765608 -0.12216085 0.108746916 -0.089114256 0.12637177 0.98576874 0.06594605
1542145532677579.0 -0.23704411 -0.11333394 0.09970142 -0.090610564 0.12624654 0.9858988 0.062090322
1542145532702849.0 -0.2601982 -0.10565853 0.09009644 -0.091272235 0.12450818 0.9865049 0.05454666
1542145532728091.0 -0.28183463 -0.09821053 0.08487058 -0.0931397 0.12586199 0.98660415 0.045783427
1542145532753326.0 -0.303294 -0.09148974 0.08166342 -0.09471774 0.13145125 0.9860859 0.037198707
1542145532778535.0 -0.32544795 -0.08525962 0.0792213 -0.098229714 0.13565153 0.9854283 0.02967863
1542145532803697.0 -0.34782892 -0.0804662 0.0768581 -0.104103275 0.14044513 0.9843653 0.021511268
1542145532828804.0 -0.36917397 -0.07512385 0.077001885 -0.1133802 0.1477609 0.9824364 0.011419007
1542145532853851.0 -0.38906738 -0.07097274 0.0805669 -0.12196517 0.15164469 0.98088145 -0.00021257446
1542145532878816.0 -0.40745482 -0.06808261 0.08508345 -0.12879854 0.15593524 0.979285 -0.00980307
1542145532903672.0 -0.42313492 -0.06641686 0.09055395 -0.13135996 0.16415572 0.97752833 -0.015360433
1542145532928388.0 -0.43716347 -0.06729805 0.09732371 -0.12978789 0.168248 0.97701454 -0.017040614
1542145532952959.0 -0.4481749 -0.06927231 0.10397364 -0.13005812 0.16684066 0.9772379 -0.015977625
1542145532977390.0 -0.4575319 -0.07322093 0.113253005 -0.12903216 0.16436768 0.9778364 -0.013042194
1542145533001705.0 -0.4629415 -0.07858841 0.123981334 -0.12707616 0.16235533 0.9784781 -0.008555691
1542145533025939.0 -0.46471223 -0.08436183 0.13249332 -0.12305353 0.16224283 0.9790439 -0.0028679494
1542145533050123.0 -0.46262428 -0.088991575 0.14327139 -0.11518492 0.1626843 0.97992903 0.0023351584
1542145533074284.0 -0.45590842 -0.09228158 0.15309048 -0.10257363 0.16503274 0.980919 0.006392341
1542145533098442.0 -0.4453552 -0.09628188 0.16108079 -0.08810527 0.170465 0.9813598 0.010591936
1542145533122605.0 -0.43195873 -0.099040076 0.16794027 -0.07150782 0.18076314 0.98081803 0.01439917
1542145533146766.0 -0.4156871 -0.101204395 0.17389904 -0.055624947 0.19080709 0.9798893 0.017765595
1542145533170924.0 -0.39691785 -0.10184413 0.17948051 -0.041241724 0.19954762 0.9788052 0.02050398
1542145533195093.0 -0.3761296 -0.10228869 0.18475893 -0.028184922 0.20553385 0.9780132 0.021254383
1542145533219284.0 -0.35426816 -0.10254915 0.18777427 -0.013292585 0.21138683 0.9770133 0.024166582
1542145533243503.0 -0.33093053 -0.10320581 0.19044438 0.004766218 0.21208167 0.9767685 0.030363902
1542145533267757.0 -0.3064266 -0.10484571 0.1929316 0.028461246 0.20559041 0.9775077 0.0374338
1542145533292064.0 -0.28149265 -0.10627504 0.1922652 0.053101633 0.202801 0.976682 0.04630707
1542145533316460.0 -0.25799158 -0.10704224 0.19455108 0.076097876 0.20161858 0.9749408 0.055222917
1542145533340984.0 -0.23486522 -0.106673755 0.19604012 0.094468266 0.19645792 0.9742826 0.057039052
1542145533365640.0 -0.21397263 -0.10662497 0.1913727 0.11005659 0.18862687 0.97439677 0.053464673
1542145533390385.0 -0.19414493 -0.10396273 0.20267181 0.124868855 0.18120973 0.97416425 0.050743792
1542145533415154.0 -0.176385 -0.10203029 0.20023473 0.138171 0.17402403 0.973884 0.046631087
1542145533439890.0 -0.16079484 -0.09928831 0.20757347 0.14942296 0.16643776 0.9737213 0.04287339
1542145533464551.0 -0.14618486 -0.097678624 0.20761393 0.16099136 0.15899082 0.9732159 0.040677577
1542145533489123.0 -0.13172372 -0.09519948 0.20996486 0.1739181 0.15308265 0.9719201 0.0411056
1542145533513602.0 -0.11930217 -0.093127646 0.21051219 0.18857384 0.14553946 0.9703364 0.0412984
1542145533537979.0 -0.10744324 -0.090365335 0.2084069 0.20150654 0.13748352 0.9688901 0.04177881
1542145533562258.0 -0.09894958 -0.08524402 0.21027362 0.21120395 0.1338685 0.9672708 0.043119755
1542145533586450.0 -0.091321595 -0.08256067 0.2061752 0.21698476 0.13078626 0.9665955 0.038805354
1542145533610555.0 -0.08536199 -0.07788888 0.2014212 0.22131129 0.1254542 0.96657145 0.031971898
1542145533634560.0 -0.08074701 -0.072584376 0.19580868 0.22330454 0.115525365 0.9675939 0.02347299
1542145533658460.0 -0.07942049 -0.06740583 0.1892254 0.22161257 0.10696301 0.9691615 0.013149853
1542145533682277.0 -0.08060219 -0.05671025 0.1887412 0.21670857 0.10154697 0.9709332 0.00378349
1542145533706051.0 -0.08440848 -0.050791707 0.18414006 0.20717902 0.10153095 0.97301143 -0.004146591
1542145533729810.0 -0.09222359 -0.045828424 0.17875822 0.19433586 0.1004647 0.9756841 -0.013456829
1542145533753579.0 -0.1012111 -0.04016902 0.17463249 0.17862828 0.098025344 0.97874343 -0.02332985
1542145533777391.0 -0.11310459 -0.03705448 0.17047274 0.1603176 0.09863233 0.98163486 -0.03103345
1542145533801286.0 -0.12763171 -0.034444597 0.16471538 0.14136516 0.10054217 0.98415625 -0.036658328
1542145533825295.0 -0.14500573 -0.034291904 0.15729558 0.1220759 0.104745366 0.9861772 -0.039754935
1542145533849431.0 -0.1629807 -0.037498925 0.14703453 0.10383788 0.11169599 0.98754114 -0.038785797
1542145533873702.0 -0.18363373 -0.042793795 0.13810982 0.085555784 0.11981774 0.98850024 -0.034513645
1542145533898110.0 -0.20353636 -0.050692182 0.1329904 0.06788053 0.12676193 0.9892239 -0.027563242
1542145533922654.0 -0.22514923 -0.060421135 0.12845832 0.048096504 0.13325371 0.989735 -0.01883823
1542145533947315.0 -0.24661207 -0.07186022 0.12414622 0.026729017 0.13900189 0.9898654 -0.011423207
1542145533972061.0 -0.26657933 -0.08515596 0.117945924 0.0044365637 0.14418398 0.98952705 -0.0052453545
1542145533996836.0 -0.28592786 -0.09875159 0.112549596 -0.0164075 0.14924006 0.9886648 0.00029768687
1542145534021594.0 -0.30158678 -0.11440332 0.10508944 -0.031883195 0.15504016 0.98738873 0.0031014879
1542145534046296.0 -0.31629026 -0.12936634 0.09903607 -0.040468473 0.16451381 0.98553187 0.004959397
1542145534070925.0 -0.32778704 -0.14357811 0.09586658 -0.044778265 0.17586902 0.9833584 0.008442633
1542145534095488.0 -0.33651927 -0.15684418 0.09617812 -0.04711535 0.18580487 0.9814141 0.009122354
1542145534120005.0 -0.34449315 -0.16875026 0.09462061 -0.050938133 0.19814034 0.9788137 0.008334283
1542145534144506.0 -0.35048234 -0.17904769 0.09543857 -0.05453912 0.2099746 0.9761787 0.0033610058
1542145534169016.0 -0.35483146 -0.18790959 0.09414644 -0.056880176 0.22117698 0.9735716 -0.0019479202
1542145534193556.0 -0.3576179 -0.19644545 0.092688665 -0.059005897 0.23365737 0.97051644 -0.0045157
1542145534218149.0 -0.3593159 -0.20467985 0.09293926 -0.06184469 0.2440369 0.9677854 -0.0035521064
1542145534242808.0 -0.35598293 -0.21314962 0.09288897 -0.06387995 0.24888955 0.966423 -0.00018668729
1542145534267538.0 -0.35281837 -0.21718104 0.096530125 -0.061034176 0.24770539 0.96688426 0.0071976073
1542145534292336.0 -0.34559646 -0.22222613 0.10036727 -0.054824825 0.24119976 0.96878767 0.016353771
1542145534317187.0 -0.33404765 -0.22395805 0.10593364 -0.0436816 0.23302035 0.97120667 0.023475694
1542145534342073.0 -0.31856012 -0.22199495 0.113314696 -0.02699201 0.2286489 0.972775 0.02646007
1542145534366969.0 -0.30123216 -0.21868359 0.11815679 -0.007559099 0.2285551 0.9731601 0.025785757
1542145534391837.0 -0.27732477 -0.21336287 0.12780562 0.01309389 0.22568952 0.9738307 0.02338076
1542145534416637.0 -0.25384495 -0.20581953 0.13914695 0.03451794 0.2179537 0.97510386 0.021846553
1542145534441341.0 -0.22839297 -0.19799995 0.14851904 0.054679073 0.20647867 0.97675836 0.0178876
1542145534465942.0 -0.20235482 -0.18812485 0.16061623 0.0760564 0.192003 0.9783731 0.0116783455
1542145534490444.0 -0.17542624 -0.17743641 0.16531913 0.0938208 0.1845907 0.9783071 0.006258868
1542145534514872.0 -0.14901318 -0.16653594 0.17286342 0.107104 0.18351944 0.9771639 0.0003699273
1542145534539265.0 -0.1256869 -0.15623993 0.17815667 0.113849185 0.1776554 0.97741103 -0.012027154
1542145534563661.0 -0.103233844 -0.14379239 0.18802278 0.115851715 0.16386303 0.9792532 -0.028115902
1542145534588095.0 -0.082416974 -0.13246115 0.19562714 0.1157098 0.15345047 0.9805781 -0.03912609
1542145534612591.0 -0.06528116 -0.12311832 0.20015886 0.11528626 0.14268632 0.98198026 -0.045437735
1542145534637168.0 -0.05009424 -0.11412606 0.20412898 0.11663764 0.12477028 0.98396283 -0.051431585
1542145534661840.0 -0.03771732 -0.10749733 0.2060816 0.11650517 0.10526293 0.9860688 -0.054906677
1542145534686621.0 -0.028010102 -0.10194838 0.20697118 0.11476869 0.08331907 0.98821586 -0.057580084
1542145534711504.0 -0.019928647 -0.09648425 0.20593503 0.11247361 0.063952714 0.99003434 -0.055604856
1542145534736461.0 -0.015189882 -0.09180141 0.20491917 0.10930548 0.048530705 0.9914704 -0.05180444
1542145534761449.0 -0.01650561 -0.08878556 0.20520422 0.10376605 0.038465373 0.9927132 -0.047681924
1542145534786425.0 -0.019039538 -0.084739745 0.20279907 0.09546394 0.033394028 0.9939946 -0.041788924
1542145534811370.0 -0.02092601 -0.07950941 0.1961032 0.08865774 0.03243442 0.9949588 -0.033836093
1542145534836287.0 -0.030019037 -0.0752782 0.1961838 0.08571407 0.02966305 0.9954729 -0.028406031
1542145534861184.0 -0.042515136 -0.072434306 0.19862424 0.083660275 0.029137252 0.99580073 -0.023087095
1542145534886064.0 -0.057076503 -0.07107909 0.20046256 0.07887335 0.03497588 0.9961704 -0.014155469
1542145534910912.0 -0.067390375 -0.070608675 0.17523786 0.071544565 0.040141672 0.996614 -0.0055316575
1542145534935717.0 -0.084494814 -0.07070779 0.1737993 0.06434453 0.03712445 0.9972366 0.0008642505
1542145534960472.0 -0.10582518 -0.071392365 0.16443008 0.055376213 0.031076455 0.9979535 0.0075270357
1542145534985174.0 -0.12899804 -0.072830826 0.15904598 0.04523154 0.028124657 0.9984443 0.016494391
1542145535009822.0 -0.15517095 -0.07360476 0.15267763 0.030402415 0.031846747 0.99870545 0.0254741
1542145535034424.0 -0.18358092 -0.07674376 0.14324135 0.011138297 0.0355684 0.9989133 0.027986186
1542145535059000.0 -0.21338658 -0.07920142 0.1310365 -0.012075384 0.03906199 0.99884975 0.025050802
1542145535083573.0 -0.24635422 -0.08002532 0.11908721 -0.036774255 0.042185705 0.9982458 0.019324102
1542145535108158.0 -0.28218058 -0.079962365 0.10496302 -0.06282822 0.046793044 0.99686617 0.011000593
1542145535132770.0 -0.31980255 -0.08054683 0.0934217 -0.0902175 0.051176645 0.9946054 0.0014173996
1542145535157413.0 -0.35804364 -0.0816726 0.08332545 -0.11834062 0.05521241 0.9914265 -0.004542244
1542145535182079.0 -0.39632615 -0.084007844 0.07342403 -0.14499034 0.058890197 0.987667 -0.0048579313
1542145535206741.0 -0.43430147 -0.09067073 0.07524761 -0.16658159 0.060109824 0.9841894 -0.0029647336
1542145535231377.0 -0.47073638 -0.09664206 0.07693072 -0.18524829 0.063304156 0.98064697 -0.002677515
1542145535255994.0 -0.5043817 -0.10230999 0.07718043 -0.20585118 0.07083889 0.97600466 -0.0046944423
1542145535280609.0 -0.5370113 -0.10759686 0.081100605 -0.22602877 0.075919755 0.97112435 -0.008043298
1542145535305240.0 -0.56675506 -0.1119754 0.08597596 -0.24429396 0.07680618 0.9665922 -0.01099055
1542145535329891.0 -0.5927539 -0.11714786 0.09198297 -0.26053277 0.07826427 0.9621815 -0.0142939435
1542145535354573.0 -0.6134129 -0.12298479 0.09530577 -0.27302396 0.078578025 0.9585989 -0.019277535
1542145535379300.0 -0.63038826 -0.13027972 0.10321471 -0.27650455 0.07921756 0.95746326 -0.023109065
1542145535404104.0 -0.637667 -0.13738075 0.11346494 -0.2721588 0.0829432 0.95840555 -0.022558613
1542145535429032.0 -0.6418525 -0.14604864 0.12543407 -0.2571016 0.09222258 0.96172696 -0.021798117
1542145535454124.0 -0.6363065 -0.15429576 0.1349386 -0.24209616 0.10273182 0.964606 -0.019262597
1542145535479374.0 -0.63265496 -0.16268848 0.14548342 -0.22664496 0.111123756 0.96748036 -0.01628924
1542145535504720.0 -0.6260014 -0.16964628 0.15530714 -0.21495317 0.117873855 0.9693606 -0.015522728
1542145535530077.0 -0.61861753 -0.1750991 0.16446012 -0.2047813 0.11988802 0.9712554 -0.018830258
