1541978820368298.2 -0.0 -0.0 -0.0 -0.0 -0.0 1.0 -0.0
1541978820400231.2 0.045822125 0.010262045 -0.030882893 -0.01392713 -0.005979071 0.9990474 -0.040923186
1541978820432229.2 0.08192644 0.032687448 -0.036520194 0.0007501083 -0.0031414188 0.9999921 0.0023404257
1541978820464276.2 0.12401794 0.060181573 -0.030997379 0.018870363 -0.015847959 0.9969978 0.0734044
1541978820496331.2 0.16359256 0.06560569 -0.046942227 0.014021964 -0.023887698 0.9965482 0.078259796
1541978820528393.2 0.18286256 0.06598746 -0.08082502 0.009684999 -0.019485889 0.9997583 0.0031517295
1541978820560535.2 0.22450364 0.087443545 -0.09555517 0.007602465 -0.004171683 0.99993473 -0.007444012
1541978820592820.2 0.2863211 0.07629735 -0.11884894 0.005284295 0.010539084 0.9996373 0.024214864
1541978820625138.2 0.33189163 0.07808546 -0.13448003 0.011072978 -0.0031918264 0.999357 0.033952925
1541978820657374.2 0.37325227 0.09927669 -0.14956293 0.0001705833 -0.005147378 0.9999443 -0.00921178
1541978820689527.2 0.403136 0.10183385 -0.16416948 -0.0013795351 0.010457059 0.9998866 -0.010750493
1541978820721625.2 0.43196058 0.09681096 -0.17622441 0.015871536 0.008709294 0.99946475 0.027248459
1541978820753688.2 0.46779323 0.099701025 -0.18488586 0.024442041 0.004128201 0.9988063 0.04208979
1541978820785734.2 0.5012761 0.11344222 -0.19646709 0.015375024 0.012131134 0.999805 -0.002566136
1541978820817772.2 0.5345017 0.1194205 -0.21041426 0.014753323 0.020444306 0.9995298 -0.01745234
1541978820849804.2 0.54814845 0.113705516 -0.21800672 0.037087176 0.02100831 0.9986367 0.03013245
1541978820881800.2 0.5685572 0.11054417 -0.2275099 0.05132156 0.01262098 0.9971233 0.05433204
1541978820913754.2 0.59952784 0.12554373 -0.23680314 0.039923456 0.025463233 0.9988057 0.012039696
1541978820945625.2 0.6280405 0.13457353 -0.2507098 0.034251984 0.04110467 0.99834967 -0.020861674
1541978820977375.2 0.644603 0.13211934 -0.25966603 0.04575305 0.043840498 0.9979031 0.013194794
1541978821008977.2 0.6542054 0.12902267 -0.26723877 0.065057345 0.027476158 0.99604875 0.05384803
1541978821040484.2 0.6811832 0.13979705 -0.27422374 0.06012284 0.032713816 0.996985 0.036551967
1541978821071932.2 0.7073609 0.15308084 -0.28693303 0.054702193 0.05001786 0.9970803 -0.018353248
1541978821103254.2 0.7241777 0.15892604 -0.29875383 0.058208615 0.06436226 0.9961584 -0.011729714
1541978821134389.2 0.735534 0.15906087 -0.3112729 0.07105584 0.04794455 0.9959867 0.025748696
1541978821165361.2 0.74866694 0.16110982 -0.32554698 0.08207043 0.02924158 0.9959337 0.022924563
1541978821196292.2 0.7615595 0.17393768 -0.336898 0.078676276 0.04725851 0.99577856 -0.0013379634
1541978821227151.2 0.77480745 0.17987528 -0.34804618 0.076981604 0.060638465 0.99517924 0.0038933035
1541978821257868.2 0.7797054 0.18156353 -0.36308828 0.08851782 0.036904003 0.9952914 0.014064315
1541978821288487.2 0.7870536 0.19441257 -0.37648576 0.09479052 0.032161504 0.99496555 0.0048956415
1541978821319072.2 0.79091495 0.20931892 -0.39196333 0.085170515 0.059736904 0.9944699 -0.014394654
1541978821349608.2 0.7934872 0.21387194 -0.4127622 0.07822601 0.058961384 0.99496037 -0.021405369
1541978821380056.2 0.7846473 0.22319038 -0.41961595 0.08894684 0.020779416 0.9958196 0.00020154649
1541978821410449.2 0.78253 0.24049564 -0.4304751 0.095832214 -0.01090371 0.99522454 0.015012128
1541978821440866.2 0.7861235 0.25569808 -0.44379976 0.08626717 0.009867824 0.9947749 -0.053698618
1541978821471305.2 0.7885073 0.2843549 -0.45996004 0.07868661 0.038858306 0.98885864 -0.12023772
1541978821501697.2 0.7762395 0.29858467 -0.4741744 0.075959645 0.052967362 0.9884409 -0.12003886
1541978821531995.2 0.7730484 0.3008255 -0.49084687 0.07343026 0.02986214 0.9922762 -0.095416784
1541978821562233.2 0.7642645 0.30641973 -0.50750583 0.068340674 0.00548162 0.99495566 -0.07323138
1541978821592506.2 0.74841344 0.31710204 -0.5231836 0.06137781 -0.0006717382 0.9951647 -0.07667904
1541978821622819.2 0.74125123 0.3317479 -0.5388128 0.048229557 0.002871972 0.99150157 -0.12079072
1541978821653175.2 0.7279116 0.34451485 -0.55537623 0.03884838 0.013692551 0.98921543 -0.14055684
1541978821683580.2 0.71547985 0.34344932 -0.5681553 0.030238496 0.0100460155 0.9926477 -0.11677039
1541978821713969.2 0.7041811 0.3416662 -0.5831635 0.03575496 -0.043193743 0.99370545 -0.09698191
1541978821744335.2 0.70099914 0.3510829 -0.5938627 0.036796544 -0.07698286 0.99193287 -0.0937488
1541978821774697.2 0.70246446 0.35907888 -0.6029212 0.025176007 -0.056504082 0.98432887 -0.16513686
1541978821805014.2 0.695749 0.3772878 -0.6153874 0.023445858 -0.040165327 0.9792057 -0.19746712
1541978821835236.2 0.6856504 0.375859 -0.62675077 0.026429566 -0.045213312 0.9808524 -0.1875786
1541978821865354.2 0.68559504 0.37357768 -0.6368816 0.020230683 -0.07421034 0.9832458 -0.16526167
1541978821895583.2 0.67596215 0.3714241 -0.64815414 0.009434032 -0.09811939 0.98322403 -0.15347373
1541978821926078.2 0.6704656 0.3763811 -0.656759 0.00019066222 -0.11089618 0.97732234 -0.1803972
1541978821956694.2 0.6754451 0.376328 -0.6717288 -0.0074052257 -0.10602468 0.9689797 -0.22311932
1541978821987339.2 0.67321974 0.38519812 -0.68615437 -0.009254004 -0.10026143 0.9670318 -0.23390518
1541978822017966.2 0.662124 0.37701255 -0.69700205 -0.014660833 -0.11035905 0.96906537 -0.22026882
1541978822048570.2 0.6554933 0.37431943 -0.70737517 -0.028266562 -0.13733988 0.97187763 -0.18918954
1541978822079290.2 0.65700275 0.36976302 -0.71710414 -0.045079995 -0.1706652 0.9694378 -0.17038687
1541978822110104.2 0.65601635 0.37598982 -0.7216309 -0.05108026 -0.19068836 0.96321356 -0.18234153
1541978822140846.2 0.6650216 0.39241463 -0.72887856 -0.0562811 -0.18787861 0.95519835 -0.2216534
1541978822171502.2 0.6608393 0.41925952 -0.74257 -0.053084567 -0.1785657 0.94989395 -0.25099388
1541978822202126.2 0.6617637 0.42749456 -0.7516816 -0.053685986 -0.18925942 0.94655395 -0.2556058
1541978822232724.2 0.65256083 0.4187184 -0.75185126 -0.06369247 -0.2003732 0.9499285 -0.23114887
1541978822263419.2 0.6440342 0.40507323 -0.75250167 -0.08331505 -0.22147523 0.9513181 -0.19748744
1541978822294334.2 0.64052683 0.4095505 -0.75383556 -0.09911954 -0.24954617 0.94799364 -0.1709097
1541978822325346.2 0.6347427 0.42521107 -0.74833995 -0.1007678 -0.26358783 0.9422558 -0.180337
1541978822356300.2 0.63426775 0.44872552 -0.74834317 -0.09387683 -0.27016735 0.9352886 -0.20840348
1541978822387222.2 0.6198396 0.47272688 -0.7472989 -0.09288454 -0.2580107 0.93723536 -0.21539018
1541978822418120.2 0.60614794 0.47793928 -0.7406918 -0.10314871 -0.25229922 0.9404067 -0.20332448
1541978822448987.2 0.5853369 0.47842056 -0.73480904 -0.116064906 -0.26023462 0.942562 -0.17430983
1541978822479909.2 0.5689443 0.48227224 -0.7284225 -0.12974715 -0.26858717 0.9443421 -0.13872516
1541978822510898.2 0.5549778 0.48851532 -0.7226196 -0.13364144 -0.27198377 0.9438025 -0.13191594
1541978822541822.2 0.54168797 0.5113157 -0.7125207 -0.1299118 -0.25721756 0.9452104 -0.15342543
1541978822572637.2 0.5239219 0.5351449 -0.7063348 -0.1341093 -0.23050669 0.9493974 -0.1659097
1541978822603397.2 0.4954322 0.54069674 -0.69737506 -0.13905302 -0.22232215 0.95205814 -0.15755165
1541978822634129.2 0.48134705 0.53062505 -0.6843334 -0.14651038 -0.23163345 0.95268524 -0.13142131
1541978822664896.2 0.46215805 0.5188968 -0.6714084 -0.14567702 -0.23923823 0.95404446 -0.10650138
1541978822695748.2 0.44805217 0.5288527 -0.65368485 -0.13650222 -0.24131136 0.9551742 -0.10381845
1541978822726631.2 0.43479657 0.54036057 -0.6413935 -0.13567203 -0.22004142 0.95723933 -0.1298762
1541978822757502.2 0.4288062 0.55239207 -0.62522334 -0.1509185 -0.18854761 0.9592986 -0.14635454
1541978822788352.2 0.40262672 0.5404611 -0.6191759 -0.15427285 -0.17783906 0.96234 -0.13592197
1541978822819168.2 0.37202072 0.5079561 -0.6117274 -0.1552192 -0.18779874 0.9647547 -0.09943416
1541978822850026.2 0.34920228 0.47931314 -0.6062576 -0.15620509 -0.20401056 0.96487546 -0.054726716
1541978822880960.2 0.3363465 0.46534038 -0.596806 -0.15794794 -0.21011564 0.96463186 -0.019731091
1541978822911855.2 0.3105866 0.45661402 -0.5902086 -0.15062717 -0.20308998 0.967216 -0.023646798
1541978822942617.2 0.30126202 0.45763633 -0.58291996 -0.1490115 -0.19558048 0.9679683 -0.05080607
1541978822973243.2 0.2859565 0.45166817 -0.57274055 -0.15360257 -0.17935374 0.9700569 -0.05681737
1541978823003777.2 0.2645102 0.4356722 -0.5699877 -0.1555136 -0.1761841 0.9712485 -0.038094133
1541978823034258.2 0.24465245 0.4093117 -0.5708212 -0.15280029 -0.18339409 0.97105217 -0.008745214
1541978823064728.2 0.23502092 0.38775024 -0.56771743 -0.14880638 -0.18327016 0.97148097 0.022213435
1541978823095188.2 0.2327552 0.3732344 -0.5625569 -0.14535905 -0.17068002 0.97385615 0.036651935
1541978823125647.2 0.22433168 0.37669784 -0.55248284 -0.13892525 -0.15881062 0.97715 0.025628783
1541978823156127.2 0.22639342 0.38279313 -0.5467785 -0.14247416 -0.14376059 0.97928834 -0.005330553
1541978823186626.2 0.22227296 0.38301277 -0.545096 -0.1478121 -0.13281788 0.97996134 -0.013666335
1541978823217106.2 0.21279316 0.37679052 -0.54819417 -0.14527588 -0.13626891 0.97991484 0.009624739
1541978823247545.2 0.23861258 0.3388424 -0.54365903 -0.15221238 -0.15106674 0.97610563 0.035042744
1541978823277961.2 0.2344869 0.33244896 -0.54737896 -0.1410788 -0.16247058 0.9742998 0.06663359
1541978823308378.2 0.23617221 0.32626924 -0.5459677 -0.13057244 -0.15514727 0.9766433 0.07104919
1541978823338822.2 0.27491248 0.32082278 -0.5369268 -0.13769822 -0.12716031 0.98157394 0.03717699
1541978823369281.2 0.30358326 0.34454155 -0.5269398 -0.13432479 -0.100444734 0.9858063 0.0073246653
1541978823399687.2 0.331854 0.35650185 -0.521102 -0.13402212 -0.078968294 0.98777175 -0.010447854
1541978823430028.2 0.3460455 0.35286388 -0.5260325 -0.12842171 -0.08053169 0.9883464 -0.013926791
1541978823460377.2 0.3571885 0.3475928 -0.53153706 -0.12530167 -0.09481742 0.98757356 -0.002748783
1541978823490799.2 0.36301088 0.33507103 -0.53786945 -0.12275325 -0.1153288 0.98566514 0.009755805
1541978823521332.2 0.3766623 0.32831404 -0.54348475 -0.12020894 -0.13616918 0.98315215 0.020486604
1541978823551987.2 0.39294347 0.32781708 -0.5507923 -0.11699169 -0.14330205 0.9824447 0.02408285
1541978823582762.2 0.41220188 0.33543795 -0.5529737 -0.11021197 -0.13584334 0.98444515 0.01636304
1541978823613663.2 0.44937307 0.3484468 -0.55436236 -0.10424159 -0.122511566 0.98697656 -0.001354565
1541978823644701.2 0.48454052 0.3620641 -0.56137544 -0.095799424 -0.10840334 0.9892872 -0.019547833
1541978823675827.2 0.51356095 0.37104797 -0.56872016 -0.079931475 -0.102877654 0.99077713 -0.03725311
1541978823706960.2 0.5377205 0.3765203 -0.5810877 -0.06618967 -0.0999777 0.99149936 -0.050522134
1541978823738034.2 0.55515885 0.3848458 -0.5913189 -0.060669452 -0.095584124 0.9919324 -0.057036057
1541978823769004.2 0.5618595 0.3998652 -0.6008645 -0.057835188 -0.098255664 0.99151546 -0.0624349
1541978823799870.2 0.56474555 0.41296914 -0.6121755 -0.058955826 -0.098070845 0.9912195 -0.06625892
1541978823830688.2 0.55124056 0.42469314 -0.6197623 -0.0612144 -0.09321238 0.9915859 -0.065739535
1541978823861488.2 0.5570117 0.44321924 -0.62159866 -0.0777261 -0.0972257 0.9904218 -0.05975404
1541978823892282.2 0.5260963 0.46433246 -0.6303872 -0.086510554 -0.099015005 0.98979557 -0.05492469
1541978823923072.2 0.49665835 0.4883104 -0.63403535 -0.097281754 -0.10100096 0.9887554 -0.05194164
1541978823953833.2 0.469135 0.511111 -0.63415396 -0.10471593 -0.09797084 0.9884444 -0.049133804
1541978823984542.2 0.4475778 0.51620513 -0.6382306 -0.10889931 -0.09274271 0.98862946 -0.0463859
1541978824015192.2 0.4482059 0.5021354 -0.6441886 -0.11361571 -0.08296183 0.9892231 -0.040576752
1541978824045836.2 0.44259563 0.48355022 -0.65306836 -0.10829059 -0.07888634 0.99036556 -0.035018686
1541978824076531.2 0.43790564 0.45536825 -0.6599243 -0.098948605 -0.07428093 0.99181396 -0.031570952
1541978824107284.2 0.43450364 0.4488987 -0.6562772 -0.095610425 -0.05827978 0.9935183 -0.019583967
1541978824138052.2 0.42560315 0.45212576 -0.6580163 -0.09487486 -0.047055367 0.9941984 -0.018818785
1541978824168802.2 0.40693673 0.45815453 -0.66555625 -0.097082034 -0.036012363 0.9943321 -0.024126286
1541978824199552.2 0.41392758 0.493309 -0.6499747 -0.11026516 -0.027132487 0.99334043 -0.01949926
1541978824230304.2 0.39734855 0.50723326 -0.6642784 -0.118281364 -0.022403827 0.99233437 -0.027932605
1541978824261006.2 0.36298347 0.5378854 -0.6614306 -0.11305045 -0.028498879 0.99265087 -0.032430157
1541978824291603.2 0.3490698 0.5590321 -0.6692709 -0.10796422 -0.038937736 0.9925103 -0.0418437
