# timestamp[secs] tx ty tz qx qy qz qw
1542151688.9869585 -0.0 -0.0 -0.0 -0.0 -0.0 -0.0 1.0
1542151689.0098264 5.293110734783113e-05 -0.06695710122585297 -0.0151220066472888 -0.08997216075658798 -0.018174542114138603 0.012650851160287857 0.995698094367981
1542151689.0324664 -0.0026599729899317026 -0.06653755903244019 -0.01765136420726776 -0.10105831176042557 -0.025686969980597496 0.010696032084524632 0.9944913983345032
1542151689.0550034 -0.0007048282423056662 -0.0666067972779274 -0.020751994103193283 -0.11371516436338425 -0.0436442494392395 0.0035783236380666494 0.992547869682312
1542151689.0775495 0.002970122266560793 -0.0680452212691307 -0.02710510790348053 -0.13223285973072052 -0.06344323605298996 -0.008332403376698494 0.989151120185852
1542151689.1001825 -0.0004635747172869742 -0.06338991969823837 -0.04492033272981644 -0.15434688329696655 -0.07666332274675369 -0.01742478832602501 0.9848838448524475
1542151689.1229625 0.002206564648076892 -0.07204226404428482 -0.04768165573477745 -0.18957117199897766 -0.08402188122272491 -0.02202620729804039 0.9780173897743225
1542151689.1459565 0.0045357393100857735 -0.07127083837985992 -0.06398212909698486 -0.2240145057439804 -0.0907423198223114 -0.017137819901108742 0.9702008366584778
1542151689.1692276 0.0076447948813438416 -0.06812088936567307 -0.07478220760822296 -0.2641240954399109 -0.09676103293895721 -0.01609916053712368 0.9594876766204834
1542151689.1928365 0.00770106865093112 -0.057948511093854904 -0.08464962244033813 -0.2948799133300781 -0.10398535430431366 -0.010109523311257362 0.9498056173324585
1542151689.2168574 -0.004464339464902878 -0.04599017649888992 -0.09037890285253525 -0.3063441514968872 -0.09597466140985489 -0.02179383672773838 0.9468194842338562
1542151689.2413604 -0.015258744359016418 -0.02800004929304123 -0.08874030411243439 -0.28907841444015503 -0.08034472167491913 -0.05999283492565155 0.9520395398139954
1542151689.2664316 -0.019009700044989586 -0.014874115586280823 -0.08364659547805786 -0.26372966170310974 -0.06445609778165817 -0.10586006939411163 0.9566011428833008
1542151689.2921374 -0.022497126832604408 -0.00017852988094091415 -0.07645602524280548 -0.22821035981178284 -0.03985783830285072 -0.15002024173736572 0.9611583352088928
1542151689.3183935 -0.027079999446868896 0.011991966515779495 -0.06816346198320389 -0.19650723040103912 -0.002462314208969474 -0.1959303915500641 0.9607238173484802
1542151689.3449626 -0.02769407071173191 0.017243804410099983 -0.06608878821134567 -0.1942702680826187 0.040478114038705826 -0.2167644202709198 0.9558418989181519
1542151689.3714855 -0.025398438796401024 0.019781015813350677 -0.06863148510456085 -0.2024136185646057 0.07415789365768433 -0.21601662039756775 0.9522952437400818
1542151689.3975205 -0.027063922956585884 0.021414577960968018 -0.06589578837156296 -0.20850273966789246 0.09093128889799118 -0.2289208024740219 0.9464953541755676
1542151689.4228804 -0.024694986641407013 0.02493313141167164 -0.06398367881774902 -0.20259810984134674 0.09682919085025787 -0.25329574942588806 0.940967321395874
1542151689.4477794 -0.022710172459483147 0.026638176292181015 -0.06156206130981445 -0.18938422203063965 0.09355886280536652 -0.2806268334388733 0.9362847208976746
1542151689.4724686 -0.02811266854405403 0.022148746997117996 -0.06464933604001999 -0.18218788504600525 0.06874494254589081 -0.3000928461551666 0.9338233470916748
1542151689.4970145 -0.028522919863462448 0.021127723157405853 -0.0639154464006424 -0.17689248919487 0.03538566455245018 -0.32100963592529297 0.9297363758087158
1542151689.5213416 -0.029572967439889908 0.020652104169130325 -0.06162676960229874 -0.1646362692117691 0.0024525155313313007 -0.3481255769729614 0.9228745698928833
1542151689.5454075 -0.03014213778078556 0.020014934241771698 -0.05923490971326828 -0.15053056180477142 -0.03718887269496918 -0.3721497058868408 0.9151296019554138
1542151689.5692935 -0.03147108107805252 0.019194670021533966 -0.05667778104543686 -0.13965988159179688 -0.07581058144569397 -0.3908504247665405 0.9066332578659058
1542151689.5931325 -0.03313504904508591 0.018367433920502663 -0.0540744885802269 -0.13205230236053467 -0.11106637865304947 -0.4077509343624115 0.8966413140296936
1542151689.6170554 -0.03420386463403702 0.016956474632024765 -0.05211007222533226 -0.12911352515220642 -0.14191719889640808 -0.42279064655303955 0.8856846690177917
1542151689.6412115 -0.036709513515233994 0.01616262085735798 -0.0489189587533474 -0.12392815202474594 -0.15728595852851868 -0.431843638420105 0.879439651966095
1542151689.6657255 -0.03887825459241867 0.015021751634776592 -0.04667805880308151 -0.1209837943315506 -0.17315997183322906 -0.4289211332798004 0.8782967925071716
1542151689.6906695 -0.041887812316417694 0.013616598211228848 -0.04429686814546585 -0.12468671798706055 -0.19188107550144196 -0.41964486241340637 0.8783696293830872
1542151689.7160594 -0.04455673322081566 0.012722838670015335 -0.04189460352063179 -0.12944768369197845 -0.21179074048995972 -0.41679996252059937 0.874451756477356
1542151689.7418845 -0.04675879329442978 0.011085862293839455 -0.04073357582092285 -0.12208855152130127 -0.23179364204406738 -0.4276250898838043 0.8651605844497681
1542151689.7681246 -0.04891391471028328 0.010599307715892792 -0.03874962776899338 -0.11123335361480713 -0.25113070011138916 -0.4366004765033722 0.8567033410072327
1542151689.7947836 -0.05114036053419113 0.008895520120859146 -0.03734786435961723 -0.11060725897550583 -0.27131974697113037 -0.43463703989982605 0.8516116142272949
1542151689.8218875 -0.05371904373168945 0.008205299265682697 -0.03559889271855354 -0.11828838288784027 -0.28815239667892456 -0.42279863357543945 0.851009726524353
1542151689.8494265 -0.05636215582489967 0.008234567940235138 -0.0333833321928978 -0.14519989490509033 -0.2985928952693939 -0.3799760937690735 0.8633524775505066
1542151689.8773694 -0.05850867182016373 0.008167803287506104 -0.03208287060260773 -0.1860392987728119 -0.29457664489746094 -0.29495319724082947 0.8897284269332886
1542151689.9057126 -0.05939897894859314 0.008363772183656693 -0.030749782919883728 -0.2180834859609604 -0.2643212676048279 -0.20480260252952576 0.9168586730957031
1542151689.9344635 -0.060431450605392456 0.009127765893936157 -0.028852306306362152 -0.24122893810272217 -0.22246204316616058 -0.13755182921886444 0.934558093547821
1542151689.9635744 -0.06115543842315674 0.009858692064881325 -0.02716226503252983 -0.2554614543914795 -0.18623264133930206 -0.07273414731025696 0.945921003818512
1542151689.9928834 -0.06029033660888672 0.010437078773975372 -0.025351492688059807 -0.2549760937690735 -0.14471949636936188 -0.007861385121941566 0.9560238718986511
1542151690.0221856 -0.0581849105656147 0.010437099263072014 -0.024017857387661934 -0.2502303421497345 -0.09749187529087067 0.018128417432308197 0.9630947113037109
1542151690.0513246 -0.053306944668293 0.010565238073468208 -0.02162824757397175 -0.25370827317237854 -0.05608036741614342 0.02163403294980526 0.9654114246368408
1542151690.0801535 -0.04814423620700836 0.011563175357878208 -0.019276225939393044 -0.2651185989379883 -0.015307515859603882 0.024597980082035065 0.9637804627418518
1542151690.1085634 -0.042907774448394775 0.013286071829497814 -0.017611661925911903 -0.27822810411453247 0.021040549501776695 0.031247349455952644 0.9597760438919067
1542151690.1364985 -0.037948090583086014 0.015930499881505966 -0.016242554411292076 -0.2923045754432678 0.05126849561929703 0.03392345830798149 0.9543473124504089
1542151690.1639855 -0.03309454396367073 0.01708459109067917 -0.015585125423967838 -0.30741390585899353 0.08485821634531021 0.028622839599847794 0.947352409362793
1542151690.1911705 -0.028986861929297447 0.017949428409337997 -0.015513158403337002 -0.3212558627128601 0.12184565514326096 0.025068776682019234 0.9387863874435425
1542151690.2182765 -0.025569943711161613 0.0171415526419878 -0.016383081674575806 -0.332854300737381 0.16605578362941742 0.02844509668648243 0.9278062582015991
1542151690.2455056 -0.022199194878339767 0.015948588028550148 -0.018515367060899734 -0.3192690312862396 0.20772618055343628 0.01658615842461586 0.9244685173034668
1542151690.2730105 -0.02051354944705963 0.017473524436354637 -0.020824957638978958 -0.2757861614227295 0.23692934215068817 -0.009048137813806534 0.9315173625946045
1542151690.3009014 -0.019880127161741257 0.01512666791677475 -0.024517595767974854 -0.2464139610528946 0.26164382696151733 -0.027535920962691307 0.9327724575996399
1542151690.3291276 -0.022664068266749382 0.01643355004489422 -0.02723217010498047 -0.24213635921478271 0.26665693521499634 -0.02117675356566906 0.9326391220092773
1542151690.3573115 -0.018491273745894432 0.01750396192073822 -0.03168193995952606 -0.26483651995658875 0.20557288825511932 -0.008671599440276623 0.9420861601829529
1542151690.3849576 -0.015231785364449024 0.023276403546333313 -0.03557710349559784 -0.2598473131656647 0.13754966855049133 -0.023477893322706223 0.955514669418335
1542151690.4118845 -0.014400129206478596 0.026237420737743378 -0.039824582636356354 -0.2386101633310318 0.09119054675102234 -0.04807001352310181 0.9656287431716919
1542151690.4384305 -0.012727045454084873 0.02687608078122139 -0.04303581640124321 -0.24519072473049164 0.050511330366134644 -0.05431529879570007 0.9666333794593811
1542151690.4649694 -0.011260989122092724 0.03059304878115654 -0.045613110065460205 -0.2729301154613495 -0.01290205493569374 -0.041187405586242676 0.9610652327537537
1542151690.4914985 -0.010533764958381653 0.03268992900848389 -0.048414196819067 -0.2967686951160431 -0.06406573951244354 -0.03481568768620491 0.9521616697311401
1542151690.5179546 -0.010070107877254486 0.034741707146167755 -0.05081144720315933 -0.30893728137016296 -0.09916504472494125 -0.0356425940990448 0.9452268481254578
1542151690.5444546 -0.009412997402250767 0.036615513265132904 -0.05234476551413536 -0.31365546584129333 -0.13921788334846497 -0.045968085527420044 0.9381501078605652
1542151690.5711734 -0.008858766406774521 0.038501955568790436 -0.05304674059152603 -0.3173644542694092 -0.18788941204547882 -0.056962814182043076 0.9277567863464355
1542151690.5982215 -0.008370030671358109 0.03915136680006981 -0.05324578285217285 -0.31651535630226135 -0.21841125190258026 -0.08286160230636597 0.9193740487098694
1542151690.6256115 -0.00669010728597641 0.039911217987537384 -0.052744027227163315 -0.30144041776657104 -0.23720413446426392 -0.1311606466770172 0.9141470789909363
1542151690.6533544 -0.004587189294397831 0.04030229151248932 -0.0518144816160202 -0.28550267219543457 -0.252378910779953 -0.18970902264118195 0.9048777222633362
1542151690.6815004 -0.002641799859702587 0.0412481352686882 -0.049637265503406525 -0.2731708288192749 -0.24579791724681854 -0.23494262993335724 0.899868369102478
1542151690.7100396 -0.0005421387031674385 0.04310125485062599 -0.04719473794102669 -0.25790342688560486 -0.22791962325572968 -0.2818533778190613 0.895598828792572
1542151690.7388775 0.0017286594957113266 0.04529833421111107 -0.044833872467279434 -0.23357465863227844 -0.2056792974472046 -0.35125821828842163 0.8830382823944092
1542151690.7678854 0.003389669582247734 0.04799984395503998 -0.04253040626645088 -0.19810274243354797 -0.17838893830776215 -0.42722830176353455 0.8639495372772217
1542151690.7968895 0.0055611953139305115 0.053024906665086746 -0.039477329701185226 -0.15105798840522766 -0.147902250289917 -0.5089728832244873 0.8344178199768066
1542151690.8256595 0.009972624480724335 0.05795862525701523 -0.036079321056604385 -0.09096904844045639 -0.12152895331382751 -0.5991584062576294 0.7861073017120361
1542151690.8538895 0.013286147266626358 0.06018051877617836 -0.03344344347715378 -0.03379463776946068 -0.1176736056804657 -0.6668149828910828 0.7350977659225464
1542151690.8812475 0.015282608568668365 0.06140263006091118 -0.032223038375377655 0.002688735956326127 -0.134983092546463 -0.7129577398300171 0.688086986541748
1542151690.9076946 0.016572967171669006 0.062281444668769836 -0.03234611079096794 0.0328032560646534 -0.15662923455238342 -0.749213695526123 0.6427053809165955
1542151690.9336495 0.017032384872436523 0.06402468681335449 -0.03384548798203468 0.03660115972161293 -0.1722010225057602 -0.7700577974319458 0.613203227519989
1542151690.9595566 0.017719410359859467 0.0669681504368782 -0.03574863448739052 0.013843349181115627 -0.18872445821762085 -0.7786954641342163 0.5981845855712891
1542151690.9856596 0.019505590200424194 0.06976891309022903 -0.03946947306394577 0.004365105181932449 -0.20323902368545532 -0.7775391340255737 0.5950695276260376
1542151691.0120766 0.02057161182165146 0.07151805609464645 -0.042889855802059174 -0.0061330716125667095 -0.21122664213180542 -0.7657526135444641 0.6074278950691223
1542151691.0388885 0.02085580676794052 0.07361643761396408 -0.04748358950018883 -0.01978568732738495 -0.21280784904956818 -0.7415187954902649 0.635980486869812
1542151691.0661385 0.021145500242710114 0.07570328563451767 -0.05257194861769676 -0.040775611996650696 -0.1923501044511795 -0.7007349729537964 0.685791015625
1542151691.0937984 0.02038593590259552 0.07810921967029572 -0.05741025507450104 -0.06756049394607544 -0.15954875946044922 -0.6619527339935303 0.729245126247406
1542151691.1218026 0.01775485649704933 0.0802445262670517 -0.06204041838645935 -0.09246993809938431 -0.1520117074251175 -0.6263687014579773 0.758949339389801
1542151691.1500125 0.01288159191608429 0.08157950639724731 -0.06678420305252075 -0.14091919362545013 -0.14919526875019073 -0.5687636137008667 0.7964864373207092
1542151691.1782315 0.008344452828168869 0.08316837251186371 -0.06920332461595535 -0.1777985692024231 -0.14577586948871613 -0.4910708963871002 0.8402299880981445
1542151691.2063165 0.00400349497795105 0.08401446044445038 -0.0699412003159523 -0.19609682261943817 -0.13139550387859344 -0.44938960671424866 0.8615859150886536
1542151691.2342706 -0.0005353502929210663 0.08324999362230301 -0.06911884248256683 -0.21280363202095032 -0.11153823882341385 -0.4081478714942932 0.8807322382926941
1542151691.2623224 -0.005364857614040375 0.08137819170951843 -0.0671311616897583 -0.2346617877483368 -0.10125909000635147 -0.33908864855766296 0.9053725004196167
1542151691.2906926 -0.009757681749761105 0.07926329225301743 -0.06378129869699478 -0.2478332817554474 -0.10122474282979965 -0.26053404808044434 0.9276067018508911
1542151691.3192685 -0.014251341111958027 0.0772959440946579 -0.05981098487973213 -0.25567343831062317 -0.10597188025712967 -0.1977163851261139 0.9403772354125977
1542151691.3478055 -0.017975691705942154 0.0750436782836914 -0.05556188523769379 -0.2614574432373047 -0.11734400689601898 -0.14082351326942444 0.947649359703064
1542151691.3762524 -0.021056130528450012 0.0723387822508812 -0.05135951191186905 -0.26444387435913086 -0.12094768136739731 -0.06515826284885406 0.9545656442642212
1542151691.4047096 -0.023415617644786835 0.07001268118619919 -0.04698842018842697 -0.27264684438705444 -0.13328951597213745 0.026858050376176834 0.9524580240249634
1542151691.4332654 -0.024867558851838112 0.06851173937320709 -0.04284362122416496 -0.2867918908596039 -0.15258564054965973 0.11687058210372925 0.9385144710540771
1542151691.4619455 -0.02694173902273178 0.06625793129205704 -0.03898196667432785 -0.2814787030220032 -0.14776679873466492 0.1755567342042923 0.9317266941070557
1542151691.4907036 -0.029081212356686592 0.0640227198600769 -0.035428158938884735 -0.2639775574207306 -0.1398899406194687 0.21526502072811127 0.9297353029251099
1542151691.5195756 -0.03104688785970211 0.06217571720480919 -0.03202877566218376 -0.24896857142448425 -0.13263443112373352 0.249666228890419 0.9263312816619873
1542151691.5486636 -0.032060399651527405 0.060506660491228104 -0.028759844601154327 -0.23608873784542084 -0.12058459967374802 0.26126304268836975 0.9281503558158875
1542151691.5779765 -0.03349405154585838 0.058848485350608826 -0.02617199532687664 -0.23319731652736664 -0.11515254527330399 0.26168522238731384 0.9294513463973999
1542151691.6074426 -0.03477167338132858 0.05790403112769127 -0.024216219782829285 -0.23938345909118652 -0.11642241477966309 0.2788427472114563 0.9227069616317749
1542151691.6369996 -0.0360252782702446 0.05705779790878296 -0.022716321051120758 -0.24735334515571594 -0.11396554857492447 0.2839694321155548 0.9193419814109802
1542151691.6666524 -0.034981224685907364 0.05561958625912666 -0.02143300138413906 -0.2560274600982666 -0.1050979271531105 0.27495628595352173 0.9207624793052673
1542151691.6964545 -0.033987123519182205 0.05514473468065262 -0.02131813019514084 -0.26906776428222656 -0.09715208411216736 0.24797071516513824 0.9255671501159668
1542151691.7264686 -0.031909286975860596 0.054070159792900085 -0.021787211298942566 -0.2928985357284546 -0.09560113400220871 0.18430796265602112 0.9333282113075256
1542151691.7567205 -0.030583281069993973 0.05238156393170357 -0.02263791859149933 -0.30928826332092285 -0.09597629308700562 0.08685566484928131 0.9421175122261047
1542151691.7871885 -0.0293281152844429 0.051449406892061234 -0.02455293759703636 -0.2984044849872589 -0.08587905019521713 -0.004562881775200367 0.9505570530891418
1542151691.8178134 -0.026089292019605637 0.047826942056417465 -0.026329241693019867 -0.2788534462451935 -0.08600950986146927 -0.1022707000374794 0.9509910345077515
1542151691.8486216 -0.023203229531645775 0.0448991134762764 -0.027604537084698677 -0.23736095428466797 -0.06643245369195938 -0.21618697047233582 0.94472736120224
1542151691.8795025 -0.01988803595304489 0.042809274047613144 -0.029102664440870285 -0.19628456234931946 -0.025747228413820267 -0.2863406538963318 0.9374532103538513
1542151691.9101975 -0.017166340723633766 0.04303882271051407 -0.025768045336008072 -0.14568068087100983 -0.010050567798316479 -0.3332354426383972 0.931466817855835
1542151691.9402955 -0.01532062329351902 0.04198805242776871 -0.022521574050188065 -0.10744861513376236 -0.018137536942958832 -0.3779226541519165 0.9194021224975586
1542151691.9689045 -0.014475895091891289 0.04073784872889519 -0.019856339320540428 -0.06588748842477798 -0.012845553457736969 -0.42540672421455383 0.9025092720985413
1542151691.9954236 -0.01300036907196045 0.03895958140492439 -0.018451103940606117 -0.009377953596413136 0.008672487922012806 -0.48402270674705505 0.8749622702598572
1542151692.0202446 -0.012725381180644035 0.035860732197761536 -0.017576389014720917 0.03574208915233612 0.023607177659869194 -0.5402068495750427 0.8404414653778076
1542151692.0441444 -0.01278715580701828 0.033966779708862305 -0.015566471964120865 0.06092733517289162 0.03106563165783882 -0.5861830711364746 0.8072869777679443
1542151692.0676086 -0.013510333374142647 0.03150200843811035 -0.014306960627436638 0.08736096322536469 0.03979003056883812 -0.6455594897270203 0.7576528787612915
1542151692.0908425 -0.013877304270863533 0.02892574854195118 -0.013553546741604805 0.11588515341281891 0.04906664788722992 -0.7078121304512024 0.6951008439064026
1542151692.1139975 -0.01369452103972435 0.027431026101112366 -0.012787643820047379 0.1402539312839508 0.05817821994423866 -0.7489563226699829 0.6449872851371765
1542151692.1372435 -0.01415306143462658 0.026400819420814514 -0.011919432319700718 0.1585330069065094 0.06257069110870361 -0.7710259556770325 0.6135725378990173
1542151692.1606896 -0.014522884041070938 0.02546628564596176 -0.01167971920222044 0.17558996379375458 0.05867255479097366 -0.7861641645431519 0.5896369218826294
1542151692.1843755 -0.013944383710622787 0.024499844759702682 -0.012275824323296547 0.18944771587848663 0.046189259737730026 -0.7945401668548584 0.5750496983528137
1542151692.2083144 -0.014118924736976624 0.02435915172100067 -0.012500833719968796 0.19674137234687805 0.029504844918847084 -0.7935736775398254 0.5750331878662109
1542151692.2325065 -0.016705628484487534 0.026076477020978928 -0.01087547279894352 0.1955796629190445 0.009592507034540176 -0.7732120156288147 0.6031582355499268
1542151692.2569685 -0.016778141260147095 0.027531450614333153 -0.010846704244613647 0.18794135749340057 -0.023817624896764755 -0.7346975803375244 0.6514064073562622
1542151692.2817276 -0.01744312047958374 0.03037787601351738 -0.010784347541630268 0.16663740575313568 -0.06881779432296753 -0.674298107624054 0.7161133289337158
1542151692.3068066 -0.018560077995061874 0.03284204751253128 -0.011479873210191727 0.13288553059101105 -0.1325790137052536 -0.5904762148857117 0.7849217653274536
1542151692.3322206 -0.020255140960216522 0.03486969321966171 -0.01356528326869011 0.09644442051649094 -0.19679690897464752 -0.4932217001914978 0.8418443202972412
1542151692.3579514 -0.02080843411386013 0.03837128356099129 -0.016311798244714737 0.06087811291217804 -0.2532954216003418 -0.4063793122768402 0.8757803440093994
1542151692.3839414 -0.021171415224671364 0.043605953454971313 -0.01865609735250473 0.033004824072122574 -0.2827669382095337 -0.3804127871990204 0.8799089193344116
1542151692.4100466 -0.02156900428235531 0.050523076206445694 -0.022435171529650688 0.012779513373970985 -0.2993558943271637 -0.41094309091567993 0.861016035079956
1542151692.4361014 -0.01952291652560234 0.057594966143369675 -0.02532719075679779 -0.01779942773282528 -0.3218889832496643 -0.45645931363105774 0.8292862176895142
1542151692.4621825 -0.016520608216524124 0.06499210000038147 -0.02764987014234066 -0.06727445125579834 -0.32943567633628845 -0.49259042739868164 0.8026836514472961
1542151692.4885826 -0.01215740293264389 0.074403777718544 -0.028194840997457504 -0.08983743190765381 -0.30254611372947693 -0.5417327880859375 0.7790511846542358
1542151692.5155475 -0.007080480456352234 0.08215845376253128 -0.027863778173923492 -0.07213292270898819 -0.2641928791999817 -0.608384907245636 0.7448938488960266
1542151692.5431595 -0.0024031102657318115 0.08681275695562363 -0.02656010538339615 -0.04152461141347885 -0.2330690175294876 -0.6644471287727356 0.7088473439216614
1542151692.5714405 0.002448834478855133 0.09017638862133026 -0.02399228885769844 -0.007018615026026964 -0.19300313293933868 -0.7082533240318298 0.6790271401405334
1542151692.6003876 0.006751760840415955 0.0922144204378128 -0.021225297823548317 0.030164150521159172 -0.1524963527917862 -0.7402726411819458 0.6540883183479309
1542151692.6298585 0.010065227746963501 0.09246498346328735 -0.019138671457767487 0.06886898726224899 -0.1367938220500946 -0.7687835693359375 0.6208997368812561
1542151692.6595316 0.012421168386936188 0.09217774122953415 -0.017222121357917786 0.11795979738235474 -0.1388169676065445 -0.796505868434906 0.5765359997749329
1542151692.6890776 0.013809718191623688 0.09210864454507828 -0.014997554942965508 0.1511123925447464 -0.1369333416223526 -0.8154839277267456 0.5416644215583801
1542151692.7182975 0.015057861804962158 0.09203453361988068 -0.013029215857386589 0.15792356431484222 -0.13472409546375275 -0.8203778266906738 0.5328131914138794
1542151692.7471235 0.015739716589450836 0.09057386964559555 -0.012264791876077652 0.1650904417037964 -0.1328166425228119 -0.8226931691169739 0.5275233387947083
1542151692.7756474 0.01556752622127533 0.0900794118642807 -0.011513769626617432 0.17544594407081604 -0.1309083104133606 -0.8273685574531555 0.5172456502914429
1542151692.8040504 0.015246942639350891 0.08986392617225647 -0.010505005717277527 0.17199471592903137 -0.13464874029159546 -0.8272801637649536 0.5175859332084656
1542151692.8324206 0.01564653217792511 0.0894838199019432 -0.009830169379711151 0.16792871057987213 -0.13484367728233337 -0.8226799964904785 0.5261319279670715
1542151692.8607645 0.015204466879367828 0.09055919945240021 -0.008348606526851654 0.1421010047197342 -0.1261765956878662 -0.8142893314361572 0.5484703779220581
1542151692.8890884 0.015716910362243652 0.091204933822155 -0.00727625098079443 0.12957817316055298 -0.12204787880182266 -0.8117956519126892 0.5561490058898926
1542151692.9173634 0.016119591891765594 0.09090590476989746 -0.007225828245282173 0.13470225036144257 -0.12133809179067612 -0.8081442713737488 0.5603885650634766
1542151692.9455595 0.015697643160820007 0.09139350056648254 -0.007437566295266151 0.1303599774837494 -0.11270248889923096 -0.797500729560852 0.5781843066215515
1542151692.9737284 0.014644406735897064 0.09350746870040894 -0.007580588571727276 0.09410041570663452 -0.10165378451347351 -0.7685459852218628 0.6246189475059509
1542151693.0019276 0.013135410845279694 0.09613962471485138 -0.008443509228527546 0.03820500522851944 -0.09484954178333282 -0.7153398394584656 0.6912546157836914
1542151693.0301745 0.01054345816373825 0.0982530489563942 -0.01033866312354803 -0.014097064733505249 -0.10394600033760071 -0.6410518288612366 0.7602954506874084
1542151693.0584674 0.007729567587375641 0.09738947451114655 -0.013577585108578205 -0.07807476818561554 -0.1308421939611435 -0.5245792269706726 0.8376163840293884
1542151693.0867565 0.004667509347200394 0.09457854926586151 -0.017183516174554825 -0.14427600800991058 -0.15810371935367584 -0.3701564073562622 0.9039756059646606
1542151693.1148934 0.0034800292924046516 0.09444466233253479 -0.019419988617300987 -0.18773891031742096 -0.17902269959449768 -0.21275416016578674 0.942040741443634
1542151693.1426494 0.002988256048411131 0.09434690326452255 -0.020766787230968475 -0.23682130873203278 -0.19296206533908844 -0.07878708094358444 0.9489330649375916
1542151693.1700385 0.001490187831223011 0.09554518759250641 -0.021794136613607407 -0.28623953461647034 -0.21059082448482513 0.017017051577568054 0.9345741868019104
1542151693.1973515 -0.00242583267390728 0.0970517173409462 -0.02303612232208252 -0.30872368812561035 -0.24370038509368896 0.07962705194950104 0.9159472584724426
1542151693.2248545 -0.007723514921963215 0.09704524278640747 -0.024728940799832344 -0.31708329916000366 -0.27705496549606323 0.13212762773036957 0.8973522186279297
1542151693.2526846 -0.013847851194441319 0.09610927850008011 -0.026197679340839386 -0.3190283477306366 -0.302914559841156 0.17557138204574585 0.880703330039978
1542151693.2809165 -0.019951898604631424 0.09328706562519073 -0.027298836037516594 -0.31214067339897156 -0.3116544187068939 0.2052949219942093 0.8736668825149536
1542151693.3096044 -0.025775184854865074 0.08907550573348999 -0.027955200523138046 -0.3025268316268921 -0.3055618107318878 0.2393653243780136 0.870525062084198
1542151693.3387966 -0.0313907116651535 0.08426802605390549 -0.02793145552277565 -0.29667848348617554 -0.2996084988117218 0.2892395555973053 0.8593934774398804
1542151693.3685124 -0.036194391548633575 0.07932399213314056 -0.02736993320286274 -0.2927035689353943 -0.28824934363365173 0.3390546143054962 0.8463326692581177
1542151693.3986826 -0.04025259241461754 0.07356486469507217 -0.02598535269498825 -0.2832004129886627 -0.25815561413764954 0.3740942180156708 0.8445156216621399
1542151693.4291575 -0.04415757209062576 0.0682046115398407 -0.024311911314725876 -0.27111971378326416 -0.23302099108695984 0.40863531827926636 0.8397693634033203
1542151693.4598274 -0.04748053848743439 0.0625399500131607 -0.02295476570725441 -0.2690942883491516 -0.22012726962566376 0.4493788778781891 0.8229161500930786
1542151693.4906635 -0.0491795651614666 0.05646686255931854 -0.02041553147137165 -0.27538272738456726 -0.20372270047664642 0.459741473197937 0.8193284869194031
1542151693.5216036 -0.050251152366399765 0.05616696923971176 -0.018560096621513367 -0.2634737491607666 -0.1808692216873169 0.4525489807128906 0.8325067162513733
1542151693.5525384 -0.049195557832717896 0.0547981932759285 -0.016732430085539818 -0.2668519914150238 -0.14676307141780853 0.4566906690597534 0.8358734250068665
1542151693.5833476 -0.045704059302806854 0.05427766963839531 -0.015475979074835777 -0.2788531184196472 -0.11108512431383133 0.4637240171432495 0.8335832953453064
1542151693.6140244 -0.04140697792172432 0.053895458579063416 -0.01486157812178135 -0.2939266860485077 -0.08141234517097473 0.4490959942340851 0.8398166298866272
1542151693.6446576 -0.037529975175857544 0.0526408925652504 -0.014716340228915215 -0.30493655800819397 -0.053400732576847076 0.4144209027290344 0.8558139204978943
1542151693.6752875 -0.03392619267106056 0.05218576267361641 -0.014992587268352509 -0.3135545253753662 -0.03848155215382576 0.36434105038642883 0.8760470151901245
1542151693.7059205 -0.03073667176067829 0.0524519681930542 -0.01593618281185627 -0.3253765106201172 -0.03191982954740524 0.31050804257392883 0.8925783038139343
1542151693.7365496 -0.02839106321334839 0.05365980044007301 -0.017053641378879547 -0.33233311772346497 -0.03350948542356491 0.23009398579597473 0.9140506386756897
1542151693.7671285 -0.028231535106897354 0.05446987599134445 -0.018511705100536346 -0.30982837080955505 -0.03127172589302063 0.12290539592504501 0.9422965049743652
1542151693.7975636 -0.024384960532188416 0.0576087087392807 -0.01930679753422737 -0.2724916636943817 -0.05068782716989517 0.042643189430236816 0.9598753452301025
1542151693.8276885 -0.019815269857645035 0.060757581144571304 -0.02034086175262928 -0.2565298080444336 -0.07244402170181274 0.01222468912601471 0.9637401103973389
1542151693.8574495 -0.014330369420349598 0.06314320117235184 -0.02209518663585186 -0.25146278738975525 -0.09093601256608963 0.003368053585290909 0.9635797142982483
1542151693.8869064 -0.008226103149354458 0.06650380045175552 -0.0234586913138628 -0.23499788343906403 -0.09817979484796524 -0.004780486226081848 0.9670129418373108
1542151693.9161024 -0.0009331430774182081 0.06952260434627533 -0.0245303176343441 -0.21202416718006134 -0.10442864894866943 0.016380904242396355 0.9715307950973511
