1542151681989520.2 -0.0 -0.0 -0.0 -0.0 -0.0 1.0 -0.0
1542151682019860.2 -0.031549186 -0.022572307 0.09354234 0.025057405 -0.032696895 0.99913126 0.006319217
1542151682049827.2 -0.04908673 -0.038175214 0.12334321 0.039369885 -0.05100141 0.997894 0.007520688
1542151682079394.2 -0.061691407 -0.05189215 0.13628414 0.060644627 -0.07576626 0.9952662 0.0051856586
1542151682108709.2 -0.077042155 -0.061644435 0.15682103 0.09532527 -0.124631144 0.9876132 0.00066199567
1542151682137768.2 -0.07982382 -0.06408594 0.16331938 0.11969095 -0.15884449 0.9800086 -0.005071472
1542151682166290.2 -0.081950895 -0.06677499 0.16607995 0.13343178 -0.15411478 0.9789432 -0.010718605
1542151682194002.2 -0.09582732 -0.07325911 0.18276891 0.14257298 -0.14101177 0.9795873 -0.014047838
1542151682220884.2 -0.118990056 -0.09252948 0.3242372 0.16799521 -0.13412823 0.9765858 -0.00821069
1542151682247223.2 -0.13077293 -0.09469078 0.38749647 0.19751643 -0.1263039 0.9721142 0.0053557926
1542151682273408.2 -0.13136181 -0.10193682 0.42434654 0.21348481 -0.1076443 0.97068244 0.024752095
1542151682299610.2 -0.13540098 -0.10673545 0.44666836 0.22178333 -0.07911645 0.97067183 0.048465826
1542151682325705.2 -0.13565654 -0.11241462 0.5148686 0.23237397 -0.047284413 0.96864814 0.07407667
1542151682351472.2 -0.12858361 -0.12471457 0.534697 0.24297957 -0.030247558 0.96450394 0.098885134
1542151682376776.2 -0.1424821 -0.13508424 0.57027584 0.25053272 -0.026223378 0.959417 0.12674701
1542151682401586.2 -0.13590774 -0.14330006 0.58235323 0.2556079 -0.026555404 0.9550338 0.14788496
1542151682425920.2 -0.13202804 -0.14939147 0.5942081 0.25920278 -0.025746018 0.950828 0.16756232
1542151682449819.2 -0.14592409 -0.14995956 0.6126927 0.25949883 -0.02458479 0.9469138 0.1881763
1542151682473350.2 -0.14247288 -0.15355237 0.61814916 0.25475433 -0.024988282 0.9442693 0.20695737
1542151682496585.2 -0.13987565 -0.15692979 0.6213987 0.24447682 -0.028064767 0.94312507 0.22351412
1542151682519592.2 -0.13824718 -0.1660879 0.6255057 0.22919962 -0.028545294 0.94395894 0.2357842
1542151682542434.2 -0.13387527 -0.17911024 0.6331613 0.21208325 -0.029520374 0.9465494 0.24123317
1542151682565168.2 -0.13237986 -0.18201034 0.63116854 0.1969258 -0.03238345 0.94921374 0.24323806
1542151682587841.2 -0.13352089 -0.1828746 0.62745863 0.18325515 -0.033982564 0.95219445 0.2420508
1542151682610488.2 -0.13292025 -0.18830813 0.6274869 0.1691196 -0.03243317 0.9562733 0.23640662
1542151682633147.2 -0.12927724 -0.17166412 0.6248244 0.15279447 -0.026046313 0.9613369 0.22761104
1542151682655861.2 -0.13239536 -0.18810564 0.61547244 0.13552812 -0.014573786 0.96769017 0.21212146
1542151682678654.2 -0.122854486 -0.1887133 0.5744538 0.11444401 0.00023242914 0.9749948 0.19049343
1542151682701556.2 -0.11744727 -0.19012235 0.5119807 0.09052128 0.0207491 0.98203063 0.16429031
1542151682724615.2 -0.11081045 -0.1828692 0.4184337 0.06364676 0.044360377 0.9880626 0.13309224
1542151682747893.2 -0.09520247 -0.1589806 0.29865387 0.03416224 0.06404107 0.99299634 0.09322037
1542151682771473.2 -0.0764943 -0.12691933 0.15930681 0.0018705053 0.07958278 0.9954806 0.05178283
1542151682795450.2 -0.023967935 -0.09845432 -0.032834385 -0.040484924 0.096538655 0.9943893 0.015208764
1542151682819950.2 -0.19673653 -0.05348528 -0.2782841 -0.058368433 0.12628105 0.99016315 -0.014940253
1542151682845126.2 -0.11772291 0.057635337 -0.52205265 -0.09654941 0.14313275 0.9840853 -0.04204094
1542151682871081.2 -0.09842271 0.17265001 -0.7292316 -0.13070084 0.14504543 0.97853726 -0.065909356
1542151682897885.2 -0.03244103 0.31444165 -0.9728322 -0.16013679 0.14303888 0.9730895 -0.083623245
1542151682925574.2 -0.078510694 0.39540076 -1.1387757 -0.1743575 0.1478906 0.9691651 -0.09190723
1542151682954151.2 0.015271343 0.4350643 -1.1398522 -0.19587886 0.1719456 0.9612658 -0.0896343
1542151682983544.2 0.08425741 0.538361 -1.2612475 -0.21035479 0.18942899 0.95562685 -0.081516884
1542151683013625.2 0.3379161 0.7552696 -1.298884 -0.22194053 0.20687737 0.94964975 -0.07816358
1542151683044235.2 0.43556643 0.84087265 -1.4286456 -0.22880957 0.22242913 0.94453084 -0.077672355
1542151683075188.2 0.008235946 0.36695567 -1.0266179 -0.22289303 0.24666893 0.9405792 -0.06916601
1542151683106319.2 0.010083854 0.37643662 -1.0688146 -0.23456818 0.24564308 0.93845373 -0.06278454
1542151683137482.2 0.07518379 0.4289204 -1.0688667 -0.24998663 0.23944189 0.93619454 -0.060943976
1542151683168537.2 0.028701745 0.33266717 -0.98137707 -0.27560472 0.24494042 0.9270863 -0.06750787
1542151683199368.2 0.055575825 0.3640354 -1.0653267 -0.29271713 0.24607511 0.9212565 -0.07106541
1542151683229919.2 0.045145646 0.36102667 -1.0791297 -0.29716986 0.246646 0.9196156 -0.07185433
1542151683260232.2 0.06585091 0.36705256 -1.0365784 -0.30998448 0.23510142 0.9190578 -0.06300588
1542151683290413.2 0.075071774 0.38614905 -1.0603824 -0.3195317 0.22409114 0.9193072 -0.050567243
1542151683320529.2 0.05333364 0.36528203 -1.0312694 -0.31526726 0.21798438 0.92280674 -0.038951103
1542151683350558.2 0.051755324 0.34029326 -0.9627327 -0.30031672 0.21400946 0.92893875 -0.032903705
1542151683380441.2 0.09833342 0.3364938 -0.8863708 -0.26693046 0.21932699 0.9378184 -0.033771306
1542151683410155.2 0.20768666 0.35407868 -0.8893944 -0.22654259 0.23090133 0.94546 -0.03832011
1542151683439720.2 0.33734742 0.3828668 -0.9101233 -0.17804216 0.24187538 0.95300245 -0.03979597
1542151683469209.2 0.48002294 0.38198826 -0.95808685 -0.1141804 0.23634781 0.9640931 -0.040337615
1542151683498722.2 0.61596024 0.35206586 -1.0210887 -0.054600373 0.22708239 0.97154903 -0.039305463
1542151683528266.2 0.74769115 0.29814848 -1.1155266 -0.010315282 0.2156249 0.97557634 -0.040625524
1542151683557772.2 0.75580794 0.30515957 -1.1208419 0.021309754 0.20409665 0.9779892 -0.037784778
1542151683587117.2 0.80869555 0.34224203 -1.1850607 0.020171065 0.19238293 0.98023933 -0.041387033
1542151683616186.2 0.9166695 0.39610067 -1.2880869 0.00710562 0.16734031 0.9848031 -0.04593151
1542151683644920.2 0.9455712 0.3913076 -1.2799706 0.0056771906 0.16081055 0.98555326 -0.05284404
1542151683673343.2 1.0165453 0.40831575 -1.3247203 0.009950685 0.15993778 0.9852279 -0.060389437
1542151683701612.2 1.0730119 0.49488348 -1.3250808 0.015203822 0.15923372 0.98514557 -0.06246382
1542151683729895.2 1.1621565 0.5373919 -1.3347613 0.014156452 0.1552716 0.9853512 -0.06909015
1542151683758288.2 1.220368 0.59875005 -1.3473921 0.016982414 0.152734 0.9851456 -0.07662919
1542151683786823.2 1.3335267 0.6468693 -1.3553544 0.021525884 0.15586448 0.98406583 -0.08280932
1542151683815502.2 1.4399279 0.7013563 -1.3761789 0.025552874 0.15375656 0.983762 -0.08898547
1542151683844315.2 1.5074054 0.7686632 -1.3752704 0.028414087 0.15571243 0.98274904 -0.09565883
1542151683873227.2 1.5550835 0.82973295 -1.3884631 0.03468067 0.16933414 0.97909224 -0.107245855
1542151683902194.2 1.6389114 0.88902754 -1.4070281 0.0405704 0.18783563 0.9734095 -0.124683246
1542151683931185.2 1.6897111 0.9624461 -1.428729 0.051751595 0.2019312 0.9679304 -0.14020106
1542151683960166.2 1.7552215 1.0198311 -1.4663476 0.06757838 0.21556981 0.9615026 -0.15644705
1542151683989127.2 1.7885135 1.0644404 -1.4926606 0.080522135 0.22525069 0.95615196 -0.16897279
1542151684018142.2 1.8035334 1.1079416 -1.527789 0.09021752 0.22400774 0.95370334 -0.17925231
1542151684047373.2 1.8260174 1.1240275 -1.5613624 0.11795406 0.22434491 0.94883406 -0.18833536
1542151684077013.2 1.8493497 1.1472801 -1.5891577 0.14807956 0.22878091 0.94207853 -0.19549923
1542151684107165.2 1.8650677 1.1707392 -1.6163319 0.17906915 0.238978 0.9324881 -0.20319895
1542151684137820.2 1.8925827 1.2070417 -1.6433839 0.19960405 0.25432703 0.92278546 -0.20962594
1542151684168935.2 1.9170651 1.2403904 -1.6623363 0.21851067 0.2698764 0.9123227 -0.21699585
1542151684200425.2 1.929285 1.25296 -1.6588587 0.2293114 0.28037557 0.9044531 -0.22532313
1542151684232172.2 1.9349312 1.2613739 -1.6422665 0.22946796 0.28622285 0.9015759 -0.22930731
1542151684264115.2 1.926856 1.273059 -1.614609 0.22245115 0.29212436 0.9022089 -0.22626992
1542151684296270.2 1.899298 1.2653987 -1.5792911 0.2044392 0.28732538 0.91013414 -0.21749648
1542151684328643.2 1.8439486 1.1997164 -1.53078 0.19630045 0.2763738 0.9165994 -0.21196507
1542151684361162.2 1.8011787 1.1384567 -1.4842432 0.18107755 0.27032247 0.923529 -0.20305371
1542151684393747.2 1.7314091 1.0858359 -1.4305769 0.15319903 0.26593488 0.9321605 -0.19205624
1542151684426390.2 1.6517148 1.012497 -1.3847396 0.1334554 0.26197097 0.9382368 -0.18240811
1542151684459072.2 1.5688258 0.9430361 -1.3370212 0.12143825 0.25761935 0.9428221 -0.17312303
1542151684491702.2 1.461067 0.8608716 -1.2874506 0.099633336 0.2564775 0.94672436 -0.1673485
1542151684524169.2 1.3500888 0.80883706 -1.2357806 0.07468351 0.26232994 0.9486531 -0.16019604
1542151684556342.2 1.2192111 0.7315413 -1.186209 0.05801296 0.263676 0.95047843 -0.15394905
1542151684588089.2 1.0835749 0.653672 -1.1337055 0.03936579 0.2610622 0.9536649 -0.14429212
1542151684619376.2 0.9522848 0.58071434 -1.0785067 0.019225536 0.25268736 0.9581534 -0.13312213
1542151684650281.2 0.8210593 0.5001798 -1.0246952 0.006290948 0.24068685 0.96268106 -0.123593874
1542151684680900.2 0.719804 0.44220218 -0.97024125 0.0008169714 0.23349735 0.9656936 -0.11364121
1542151684711324.2 0.63860124 0.36949793 -0.92548734 -0.0070896484 0.22902937 0.96741265 -0.1077407
1542151684741690.2 0.562515 0.33249018 -0.8821791 -0.017405055 0.22453551 0.96901685 -0.10142615
1542151684772132.2 0.5149945 0.29186141 -0.8338977 -0.009611975 0.22493002 0.9694752 -0.09711846
1542151684802730.2 0.5026236 0.24712186 -0.80057067 -0.0047768154 0.23011416 0.9684499 -0.09554887
1542151684833566.2 0.47420302 0.20599376 -0.79877734 -0.0065539307 0.23497464 0.96730804 -0.09517955
1542151684864683.2 0.45865107 0.19840166 -0.7796428 -0.008524777 0.2355869 0.9674215 -0.09231383
1542151684896044.2 0.46695274 0.19468385 -0.76462364 -0.0073589063 0.23613696 0.96755695 -0.08954757
1542151684927596.2 0.42472002 0.14303595 -0.77889204 0.0008692385 0.23671104 0.967391 -0.090120666
1542151684959289.2 0.41690266 0.1306284 -0.78084373 0.0009358293 0.2340538 0.96816516 -0.08873647
1542151684991078.2 0.43830106 0.14320172 -0.7884158 0.00044677933 0.23181061 0.9689546 -0.08596896
1542151685022918.2 0.46522343 0.1546626 -0.7955856 0.0020450593 0.22877032 0.9698715 -0.083721474
1542151685054774.2 0.4833029 0.1656468 -0.80478436 0.004534364 0.2276226 0.9702556 -0.0822893
1542151685086554.2 0.52012336 0.18746147 -0.8284747 0.007471976 0.22705723 0.97037023 -0.082285754
1542151685118129.2 0.5463522 0.20812584 -0.8546257 0.012133288 0.22797213 0.96997714 -0.08382029
1542151685149394.2 0.5694481 0.23061657 -0.87267214 0.01307552 0.22768897 0.96985435 -0.08584541
1542151685180286.2 0.5953225 0.25663212 -0.9065879 0.014202446 0.22729732 0.96958846 -0.08962392
1542151685210876.2 0.6349362 0.29222092 -0.9440918 0.019684868 0.2259758 0.9693522 -0.094359875
1542151685241301.2 0.68018174 0.33354804 -0.98288804 0.023997556 0.22530721 0.96881056 -0.100334026
1542151685271620.2 0.7683678 0.38859457 -1.0297908 0.021503437 0.22827832 0.96738154 -0.10770157
1542151685301810.2 0.81416297 0.45132127 -1.0692867 0.02452459 0.22792296 0.96661496 -0.1144785
1542151685331842.2 0.89441764 0.5335356 -1.1057674 0.025053868 0.22660716 0.96622986 -0.120089374
1542151685361719.2 0.95748544 0.5995686 -1.1468967 0.028356113 0.22504368 0.96548164 -0.12804912
1542151685391476.2 1.0287138 0.6772589 -1.1881343 0.029845843 0.22446002 0.9645072 -0.13584134
1542151685421151.2 1.0954267 0.7601458 -1.2244749 0.031986237 0.22301547 0.9639079 -0.14185435
1542151685450785.2 1.1443076 0.8438375 -1.2492487 0.034996852 0.22029497 0.9638312 -0.14585917
1542151685480437.2 1.195679 0.91789365 -1.2788486 0.035694476 0.21937555 0.9634009 -0.14986365
1542151685510171.2 1.2372351 0.97775954 -1.3102257 0.036705077 0.22018273 0.9622679 -0.15560468
1542151685540040.2 1.2903228 1.069152 -1.310633 0.034739625 0.22236323 0.9614949 -0.15771905
1542151685570060.2 1.3090359 1.1154704 -1.3395828 0.031577375 0.22498202 0.96034694 -0.16161641
1542151685600231.2 1.3141863 1.145241 -1.3616178 0.02115649 0.22635683 0.9595383 -0.16613653
1542151685630569.2 1.2869297 1.1136916 -1.4390222 0.0050296867 0.22243278 0.9596099 -0.17218366
1542151685661077.2 1.2434845 1.1266685 -1.4719133 -0.014176822 0.21448746 0.9614276 -0.17161326
1542151685691717.2 1.2911068 1.2228683 -1.4740483 -0.043264 0.20973732 0.96256787 -0.16613723
1542151685722382.2 1.2740175 1.2638689 -1.512114 -0.07178314 0.19359285 0.9655886 -0.15813825
1542151685752926.2 1.2383894 1.2361878 -1.5449548 -0.076333456 0.17148855 0.9693806 -0.15832312
1542151685783265.2 1.2899876 1.3092391 -1.5599977 -0.06740357 0.15458933 0.97267514 -0.15956832
1542151685813392.2 1.2683009 1.2970128 -1.5655578 -0.059838768 0.13564172 0.97394663 -0.17160615
1542151685843323.2 1.3932676 1.3916789 -1.612594 -0.060699355 0.10009964 0.9766561 -0.18010692
1542151685873084.2 1.4668144 1.418527 -1.6313726 -0.03162411 0.07014009 0.97652316 -0.20120354
1542151685902763.2 1.5358927 1.436041 -1.6632868 0.0075036557 0.031331625 0.97449976 -0.22206348
1542151685932468.2 1.6110035 1.4805741 -1.6800416 0.041080114 -0.0022195878 0.97002596 -0.23949367
1542151685962240.2 1.6567346 1.517005 -1.6917629 0.07618593 -0.032379463 0.96291554 -0.25678983
1542151685992089.2 1.6884344 1.544608 -1.7141297 0.111501694 -0.060075846 0.9538499 -0.2722659
1542151686022077.2 1.7606566 1.5704467 -1.7331458 0.14262095 -0.07303686 0.9452843 -0.2841874
1542151686052264.2 1.8349885 1.5835013 -1.7468929 0.16050652 -0.07404544 0.9397308 -0.29267907
1542151686082662.2 1.8723898 1.5848634 -1.761248 0.17817727 -0.071310714 0.9351675 -0.29770705
1542151686113216.2 1.9142518 1.5698673 -1.7621237 0.1966304 -0.05873801 0.9332133 -0.29495645
1542151686143886.2 1.9486356 1.5525597 -1.753814 0.21238439 -0.035969578 0.9328024 -0.2889271
1542151686174655.2 1.9341632 1.5465279 -1.7359217 0.21863247 -0.0114980955 0.9333587 -0.2844452
1542151686205450.2 1.892521 1.5459402 -1.6981232 0.21310417 0.0062384508 0.93736106 -0.27550316
1542151686236191.2 1.8291488 1.5255367 -1.6492434 0.20155941 0.021838928 0.94427556 -0.2593077
1542151686266897.2 1.7575443 1.4984432 -1.5933487 0.19081108 0.033607982 0.95026577 -0.2438374
1542151686297627.2 1.67747 1.4445432 -1.5327095 0.17832085 0.049232237 0.9559779 -0.22778095
1542151686328408.2 1.5868014 1.3865182 -1.4692551 0.16213867 0.068813205 0.9621452 -0.20797221
1542151686359277.2 1.4952934 1.3135593 -1.4020388 0.14506458 0.08648476 0.96761674 -0.18760195
1542151686390284.2 1.3816701 1.2270136 -1.3310958 0.12173443 0.10205969 0.9739921 -0.16156706
1542151686421437.2 1.273601 1.1573532 -1.2568446 0.09050677 0.116385736 0.9793672 -0.13821311
1542151686452647.2 1.1462468 1.0785272 -1.1774046 0.0670093 0.13029869 0.9821083 -0.11830191
1542151686483702.2 0.9945768 0.9898949 -1.0951802 0.041002255 0.15254797 0.982679 -0.09690145
1542151686514390.2 0.8832773 0.9165816 -1.0190616 0.0059614456 0.17786859 0.980718 -0.080743514
1542151686544626.2 0.7834915 0.849713 -0.95833206 -0.020768754 0.19742216 0.97745097 -0.07199202
1542151686574447.2 0.6876635 0.7879838 -0.9023237 -0.03890296 0.2160756 0.9732182 -0.06814899
1542151686604045.2 0.6180323 0.7542769 -0.8515055 -0.05376782 0.25150332 0.9641328 -0.06559803
1542151686633699.2 0.5459485 0.7279483 -0.8103814 -0.073479466 0.29609975 0.9495922 -0.07211456
1542151686663593.2 0.45971042 0.69266343 -0.7756615 -0.08875424 0.33850726 0.9335744 -0.07729531
1542151686693795.2 0.41130093 0.61125785 -0.74462223 -0.07741956 0.34986624 0.9305086 -0.075852625
1542151686724324.2 0.36114296 0.47609693 -0.73638844 -0.05945739 0.34718254 0.93352354 -0.066805065
1542151686755233.2 0.29691035 0.34305757 -0.72804326 -0.061197255 0.35098433 0.93276507 -0.054902203
1542151686786539.2 0.22463083 0.20233767 -0.7029644 -0.052788265 0.33881313 0.9386834 -0.035953823
1542151686818134.2 0.15004009 0.042635314 -0.6761959 -0.021047493 0.3157428 0.9485655 -0.009330771
1542151686849836.2 0.0958965 -0.056618884 -0.6446642 0.0003431501 0.29589528 0.9550196 0.019581418
1542151686881419.2 0.056363083 -0.14692584 -0.6360817 0.03250073 0.27840373 0.95873827 0.0474977
1542151686912590.2 -0.011949866 -0.21727139 -0.65289575 0.08063085 0.25871778 0.95974195 0.073886245
