# timestamp[secs] tx ty tz qx qy qz qw
1541975545.343234 -0.0 -0.0 -0.0 -0.0 -0.0 -0.0 1.0
1541975545.3738 -0.0 -0.0 -0.0 -0.0 -0.0 -0.0 1.0
1541975545.404365 -0.0 -0.0 -0.0 -0.0 -0.0 -0.0 1.0
1541975545.434937 -0.008945336565375328 -0.011318588629364967 -0.0015785754658281803 0.0002564046299085021 0.0009076948626898229 -0.004871318116784096 0.9999877214431763
1541975545.465526 0.0009826458990573883 -0.007093945052474737 0.0030290500726550817 0.0006452064262703061 -0.0023845452815294266 -0.004447035025805235 0.9999870657920837
1541975545.496134 0.0009826458990573883 -0.007093945052474737 0.0030290500726550817 0.0006452064262703061 -0.0023845452815294266 -0.004447035025805235 0.9999870657920837
1541975545.526753 0.0009826458990573883 -0.007093945052474737 0.0030290500726550817 0.0006452064262703061 -0.0023845452815294266 -0.004447035025805235 0.9999870657920837
1541975545.557375 0.0009826458990573883 -0.007093945052474737 0.0030290500726550817 0.0006452064262703061 -0.0023845452815294266 -0.004447035025805235 0.9999870657920837
1541975545.588 0.005711855832487345 -0.00528227211907506 0.012726170010864735 -0.0013079552445560694 0.003681104863062501 0.004339308012276888 0.999983012676239
1541975545.618624 0.005711855832487345 -0.00528227211907506 0.012726170010864735 -0.0013079552445560694 0.003681104863062501 0.004339308012276888 0.999983012676239
1541975545.649243 0.005711855832487345 -0.00528227211907506 0.012726170010864735 -0.0013079552445560694 0.003681104863062501 0.004339308012276888 0.999983012676239
1541975545.679856 0.02886255457997322 -0.012186064384877682 0.017408570274710655 -0.0052316091023385525 0.003294325200840831 0.02355145663022995 0.999703586101532
1541975545.710467 0.02886255457997322 -0.012186064384877682 0.017408570274710655 -0.0052316091023385525 0.003294325200840831 0.02355145663022995 0.999703586101532
1541975545.74109 0.052057549357414246 -0.018665596842765808 0.021277129650115967 -0.006781277246773243 0.006576621904969215 0.03270171210169792 0.9994205236434937
1541975545.771737 0.052057549357414246 -0.018665596842765808 0.021277129650115967 -0.006781277246773243 0.006576621904969215 0.03270171210169792 0.9994205236434937
1541975545.802401 0.07315107434988022 -0.025707796216011047 0.026263756677508354 -0.004006620962172747 0.018590878695249557 0.033993009477853775 0.9992411136627197
1541975545.833075 0.07315107434988022 -0.025707796216011047 0.026263756677508354 -0.004006620962172747 0.018590878695249557 0.033993009477853775 0.9992411136627197
1541975545.863732 0.09129631519317627 -0.030812449753284454 0.022618385031819344 2.063688043563161e-06 0.028776735067367554 0.02950984425842762 0.9991502165794373
1541975545.894334 0.09714599698781967 -0.03440318629145622 0.018207553774118423 -0.0017803729278966784 0.03333188220858574 0.028221750631928444 0.9990442991256714
1541975545.924856 0.10115835070610046 -0.03662179037928581 0.01391028892248869 -0.004763555712997913 0.037246137857437134 0.026063330471515656 0.9989548325538635
1541975545.955281 0.10673452168703079 -0.038189396262168884 0.010543250478804111 -0.0077231512404978275 0.04051782190799713 0.024250196292996407 0.9988546371459961
1541975545.985615 0.11169442534446716 -0.038957737386226654 0.0061133867129683495 -0.01148545928299427 0.04176975041627884 0.023547228425741196 0.9987837672233582
1541975546.01589 0.11127503216266632 -0.03548991680145264 -2.5331988581456244e-05 -0.0129538057371974 0.04702037200331688 0.022024109959602356 0.9985671043395996
1541975546.046141 0.11298368126153946 -0.03432658314704895 -0.0038501229137182236 -0.015126138925552368 0.04821673035621643 0.020243387669324875 0.9985172152519226
1541975546.076395 0.11470800638198853 -0.034084051847457886 -0.00598200922831893 -0.016104672104120255 0.04790424183011055 0.018537990748882294 0.9985501170158386
1541975546.106678 0.11613644659519196 -0.032274018973112106 -0.008583704009652138 -0.016496723517775536 0.0468907468020916 0.015060270205140114 0.9986502528190613
1541975546.137003 0.11559204757213593 -0.03436709940433502 -0.01258148904889822 -0.01751720905303955 0.04510677605867386 0.01180926151573658 0.9987587928771973
1541975546.167364 0.1101590022444725 -0.034951988607645035 -0.01647927053272724 -0.0180521197617054 0.04343010112643242 0.008537309244275093 0.9988569021224976
1541975546.197751 0.09048245847225189 -0.03734473139047623 -0.016028553247451782 -0.01814959943294525 0.04370215907692909 0.007048636209219694 0.9988548755645752
1541975546.22815 0.07896729558706284 -0.027532480657100677 -0.005361202638596296 -0.013705417513847351 0.041933730244636536 0.0046263509429991245 0.999015748500824
1541975546.258551 0.06418007612228394 -0.024924639612436295 -0.003916525281965733 -0.012042517773807049 0.038442447781562805 0.0017489844467490911 0.9991867542266846
1541975546.288949 0.04910707473754883 -0.02243584580719471 0.0005595400580205023 -0.010543407872319221 0.03503355011343956 -0.0016377709107473493 0.9993292093276978
1541975546.319337 0.036464009433984756 -0.031582195311784744 -0.012690301984548569 -0.012392015196383 0.026715531945228577 -0.0029984917491674423 0.9995617866516113
1541975546.349719 0.020551735535264015 -0.024882793426513672 -0.006014462094753981 -0.008002674207091331 0.020722687244415283 -0.005376279819756746 0.9997388124465942
1541975546.380106 0.0012807375751435757 -0.01948878914117813 0.0002482115523889661 -0.004370319191366434 0.01438962109386921 -0.00914532970637083 0.9998451471328735
1541975546.410504 -0.020892256870865822 -0.010125156491994858 0.009632529690861702 -0.0005174175603315234 0.0075219194404780865 -0.01415523886680603 0.9998713731765747
1541975546.440906 -0.045489516109228134 -0.010497713461518288 0.007528586313128471 0.00020497923833318055 -0.002117996569722891 -0.017897631973028183 0.9998375773429871
1541975546.471301 -0.0706913024187088 -0.00047082515084184706 0.014256490394473076 0.004342880565673113 -0.007375472690910101 -0.022883698344230652 0.9997014999389648
1541975546.501702 -0.09099432080984116 0.0014013653853908181 0.015552472323179245 0.006054646801203489 -0.011803346686065197 -0.02682313695549965 0.9995522499084473
1541975546.532136 -0.11197715997695923 0.0055798557586967945 0.018511293455958366 0.006607986520975828 -0.012899388559162617 -0.03134948015213013 0.9994034767150879
1541975546.562605 -0.12550365924835205 0.011585395783185959 0.019899418577551842 0.006611859891563654 -0.015670204535126686 -0.03564906120300293 0.9992196559906006
1541975546.593098 -0.14442245662212372 0.00833891797810793 0.007914634421467781 0.0031458307057619095 -0.018223438411951065 -0.038660842925310135 0.9990812540054321
1541975546.623602 -0.15739458799362183 0.016375603154301643 0.009724840521812439 0.0034578125923871994 -0.019008463248610497 -0.042556311935186386 0.9989073276519775
1541975546.654109 -0.16710007190704346 0.018556611612439156 0.010688111186027527 0.0034508658573031425 -0.01929321698844433 -0.045371562242507935 0.9987779259681702
1541975546.684617 -0.1755887120962143 0.02001618593931198 0.0052186716347932816 0.002311829710379243 -0.019603446125984192 -0.046847473829984665 0.9987070560455322
1541975546.715134 -0.17719700932502747 0.027566425502300262 0.003939546179026365 0.0022026612423360348 -0.020139385014772415 -0.04846758767962456 0.9986193180084229
1541975546.745654 -0.17987775802612305 0.02548743598163128 -0.0065894960425794125 -0.0005115959793329239 -0.019691871479153633 -0.04979032650589943 0.9985654354095459
1541975546.776172 -0.18739770352840424 0.031448423862457275 -0.007599785923957825 -0.001546987914480269 -0.017690498381853104 -0.05108227953314781 0.9985365867614746
1541975546.806691 -0.19373264908790588 0.03147294744849205 -0.00598885677754879 -0.003828330896794796 -0.015682704746723175 -0.05246563255786896 0.9984923005104065
1541975546.837217 -0.19374851882457733 0.04313976690173149 -0.011263825930655003 -0.004354709293693304 -0.01566998101770878 -0.05489654466509819 0.9983596205711365
1541975546.867753 -0.1910867989063263 0.04407672584056854 -0.0140740517526865 -0.005720983725041151 -0.015544581227004528 -0.054692450910806656 0.9983658790588379
1541975546.898309 -0.18999482691287994 0.04498393088579178 -0.013651775196194649 -0.00688900426030159 -0.015087980777025223 -0.05375075340270996 0.9984166026115417
1541975546.928884 -0.1847129613161087 0.04774419590830803 -0.017966918647289276 -0.008474595844745636 -0.015146953985095024 -0.05342932790517807 0.998420774936676
1541975546.959478 -0.18079668283462524 0.05458837375044823 -0.015195021405816078 -0.008338279090821743 -0.014350853860378265 -0.05329784005880356 0.9984407424926758
1541975546.990095 -0.1733824461698532 0.05540734529495239 -0.01900963857769966 -0.009546786546707153 -0.013507663272321224 -0.051827266812324524 0.9985191226005554
1541975547.020733 -0.16608969867229462 0.05626361072063446 -0.019368205219507217 -0.010794402100145817 -0.012477794662117958 -0.05027014762163162 0.9985994100570679
1541975547.051388 -0.16280844807624817 0.054215386509895325 -0.02156410552561283 -0.01230753492563963 -0.011484800837934017 -0.04782332479953766 0.9987139701843262
1541975547.082063 -0.15501104295253754 0.05829327926039696 -0.01957281120121479 -0.012842027470469475 -0.010485341772437096 -0.04775850474834442 0.9987213611602783
1541975547.112757 -0.14749999344348907 0.052486974745988846 -0.02193056046962738 -0.01393473893404007 -0.010558475740253925 -0.04568027704954147 0.9988031387329102
1541975547.143471 -0.14178268611431122 0.05245494842529297 -0.020021654665470123 -0.013373011723160744 -0.009785793721675873 -0.0446479506790638 0.9988653659820557
1541975547.174208 -0.1345561295747757 0.05486754700541496 -0.020252669230103493 -0.01277587004005909 -0.00934765674173832 -0.044785093516111374 0.9988712668418884
1541975547.20496 -0.12594161927700043 0.051617447286844254 -0.019490327686071396 -0.012315857224166393 -0.008740728721022606 -0.04349622502923012 0.9989394545555115
1541975547.235733 -0.11705100536346436 0.043274324387311935 -0.02354811690747738 -0.013001521117985249 -0.007059967145323753 -0.041566986590623856 0.9990261793136597
1541975547.266523 -0.10116958618164062 0.04307393729686737 -0.018815791234374046 -0.011534172110259533 -0.005380440969020128 -0.039416369050741196 0.9991418123245239
1541975547.297315 -0.09322153031826019 0.03710433840751648 -0.01794200763106346 -0.010583958588540554 -0.0048863766714930534 -0.03674573078751564 0.9992566704750061
1541975547.328087 -0.08634958416223526 0.030648386105895042 -0.011846327222883701 -0.008446527644991875 -0.005350599531084299 -0.03380272164940834 0.9993785619735718
1541975547.358829 -0.07272771745920181 0.02495802566409111 -0.007155551575124264 -0.006442312616854906 -0.005767355673015118 -0.03118949756026268 0.9994761347770691
1541975547.389547 -0.06146931275725365 0.01808382198214531 -0.003180558094754815 -0.0058104731142520905 -0.0029825828969478607 -0.026441499590873718 0.999629020690918
1541975547.420238 -0.040473442524671555 0.0075221131555736065 -0.007220088038593531 -0.008442406542599201 -0.0008864726987667382 -0.021282268688082695 0.9997375011444092
1541975547.450897 -0.02506008930504322 -0.002408873988315463 -0.0060182069428265095 -0.008102459833025932 0.001669020508415997 -0.016743624582886696 0.999825656414032
1541975547.481519 -0.00827799178659916 -0.014171442948281765 -0.010445278137922287 -0.005808195099234581 0.004036289174109697 -0.009877007454633713 0.9999262094497681
1541975547.512106 0.00979570858180523 -0.02412949874997139 -0.014111665077507496 -0.005916569381952286 0.010718735866248608 -0.0025605594273656607 0.9999218583106995
1541975547.54267 0.027554981410503387 -0.022057555615901947 -0.012376714497804642 -0.007709756959229708 0.022129947319626808 0.0025321892462670803 0.9997222423553467
1541975547.573204 0.039006609469652176 -0.02601005509495735 -0.016264472156763077 -0.011064955033361912 0.029194938018918037 0.008499936200678349 0.9994763731956482
1541975547.60368 0.047100722789764404 -0.030416034162044525 -0.019522802904248238 -0.01060607098042965 0.030810698866844177 0.013446902856230736 0.999378502368927
1541975547.634092 0.04807709529995918 -0.03184719383716583 -0.022854484617710114 -0.010821095667779446 0.03214540705084801 0.01633944921195507 0.9992910623550415
1541975547.664475 0.05395220220088959 -0.029552292078733444 -0.02027050592005253 -0.012687548995018005 0.03233029320836067 0.01856410503387451 0.9992243051528931
1541975547.694872 0.05559196323156357 -0.02072715573012829 -0.01891685649752617 -0.014712084084749222 0.03184819221496582 0.020740147680044174 0.9991691708564758
1541975547.725295 0.04948566108942032 -0.01426552515476942 -0.01859501749277115 -0.017613021656870842 0.0316610261797905 0.02127009630203247 0.9991171360015869
1541975547.755741 0.04823480173945427 -0.003987823147326708 -0.0118754543364048 -0.019251825287938118 0.029618844389915466 0.02171775884926319 0.9991399049758911
1541975547.786212 0.04779024049639702 0.007029421627521515 -0.007408216595649719 -0.02127739228308201 0.027810409665107727 0.02134147472679615 0.9991589188575745
1541975547.816715 0.04092622548341751 0.01522962935268879 -0.004344895016402006 -0.024445736780762672 0.02787032350897789 0.022443972527980804 0.9990605711936951
1541975547.847258 0.03467768803238869 0.024529146030545235 -0.00063861976377666 -0.027167467400431633 0.028386002406477928 0.022174563258886337 0.9989817142486572
1541975547.87784 0.0306185781955719 0.034122008830308914 0.0015131013933569193 -0.029547879472374916 0.02819948084652424 0.021014846861362457 0.9989445209503174
1541975547.908465 0.02298789471387863 0.03583729267120361 -0.0015266446862369776 -0.032478246837854385 0.029666971415281296 0.02080279402434826 0.9988154768943787
1541975547.939137 0.020834002643823624 0.03643947094678879 -0.0003156087186653167 -0.03551571071147919 0.03115888684988022 0.022091183811426163 0.998638927936554
1541975547.969864 0.015210908837616444 0.0388532392680645 -0.005681188777089119 -0.03846197575330734 0.03329195827245712 0.023000935092568398 0.9984404444694519
1541975548.000643 0.04969912767410278 0.050915900617837906 -0.0073334029875695705 -0.03794071823358536 0.028514431789517403 0.024343309924006462 0.9985764622688293
1541975548.031463 0.052505385130643845 0.05416817590594292 -0.013010764494538307 -0.03981098160147667 0.03253911808133125 0.02648724429309368 0.9983260035514832
1541975548.062303 0.05685504525899887 0.0555296465754509 -0.01897285133600235 -0.041518185287714005 0.037507545202970505 0.030324995517730713 0.9979729056358337
1541975548.093148 0.06018923968076706 0.05570916831493378 -0.02364940196275711 -0.04369441419839859 0.04416489228606224 0.03420807421207428 0.9974818825721741
1541975548.123985 0.06543336808681488 0.059220731258392334 -0.024784864857792854 -0.04434169828891754 0.04948708415031433 0.037656188011169434 0.9970791935920715
1541975548.154794 0.0710669457912445 0.06128351017832756 -0.02594676986336708 -0.04486347362399101 0.052498918026685715 0.04232484847307205 0.9967145323753357
1541975548.185573 0.07810782641172409 0.06185902655124664 -0.02624492347240448 -0.04633133113384247 0.0553477518260479 0.04666273668408394 0.9962995052337646
1541975548.216332 0.09317995607852936 0.061448149383068085 -0.024040408432483673 -0.04481550678610802 0.05661564692854881 0.05030512809753418 0.9961203336715698
1541975548.247072 0.10523012280464172 0.06648394465446472 -0.015134208835661411 -0.037196725606918335 0.05994532257318497 0.05554521083831787 0.9959607124328613
1541975548.277798 0.11791563034057617 0.06472717970609665 -0.01308364700525999 -0.031118493527173996 0.059302929788827896 0.061221178621053696 0.9958748817443848
1541975548.308509 0.12975744903087616 0.06539709120988846 -0.002060305094346404 -0.025237049907445908 0.0570128858089447 0.06575392186641693 0.9958860874176025
1541975548.339178 0.13097912073135376 0.056932494044303894 -0.0017452961765229702 -0.021718457341194153 0.05644996836781502 0.06900744885206223 0.9957810044288635
1541975548.369792 0.1398637890815735 0.051689513027668 0.005436519160866737 -0.014653589576482773 0.0545361302793026 0.07216659188270569 0.9957927465438843
1541975548.400366 0.1444392204284668 0.03927190229296684 0.010459751822054386 -0.009516122750937939 0.052831023931503296 0.0756114274263382 0.9956914186477661
1541975548.430902 0.1531469225883484 0.03715131804347038 0.018178949132561684 -0.006050863303244114 0.05169558897614479 0.07520563900470734 0.9958087801933289
1541975548.461381 0.16000761091709137 0.03056114725768566 0.020895332098007202 -0.006546069867908955 0.05215224623680115 0.07660727202892303 0.9956750273704529
1541975548.491801 0.16917583346366882 0.029324233531951904 0.01958954893052578 -0.004084013402462006 0.05270687863230705 0.07814273983240128 0.9955396056175232
1541975548.522182 0.17567628622055054 0.020944442600011826 0.01610862836241722 -0.0013055570889264345 0.05697222799062729 0.07951466739177704 0.99520343542099
1541975548.552542 0.18395262956619263 0.015657978132367134 0.012873472645878792 0.0004837141605094075 0.06236140429973602 0.07901246100664139 0.994921088218689
1541975548.582875 0.18929877877235413 0.010005240328609943 0.009879727847874165 0.0006503715412691236 0.06740051507949829 0.07949239760637283 0.9945540428161621
1541975548.61317 0.19030319154262543 0.007578217424452305 0.0076929437927901745 0.0026965744327753782 0.07085489481687546 0.07990248501300812 0.9942775964736938
1541975548.643421 0.19148430228233337 0.002783413277938962 0.0038094790652394295 0.00444096839055419 0.07207310199737549 0.08094789832830429 0.9940991997718811
1541975548.673623 0.17949697375297546 -0.0021623405627906322 0.002687899162992835 0.006039697211235762 0.07463157922029495 0.08234843611717224 0.9937869310379028
1541975548.703772 0.16669510304927826 -0.0042501590214669704 0.00919114425778389 0.00831380020827055 0.07255937159061432 0.08579021692276001 0.9936327934265137
1541975548.733877 0.14000003039836884 -0.008813039399683475 0.01584675908088684 0.010010495781898499 0.06836159527301788 0.08852586895227432 0.9936748743057251
1541975548.763944 0.11825468391180038 -0.007207655347883701 0.029094573110342026 0.013133120723068714 0.05943771079182625 0.08998841047286987 0.9940809011459351
1541975548.793963 0.09082833677530289 -0.01596594601869583 0.03731360659003258 0.013869045302271843 0.04993696138262749 0.09075840562582016 0.9945234656333923
1541975548.82393 0.06478328257799149 -0.02000938542187214 0.04925035312771797 0.017050817608833313 0.03752442076802254 0.0915837362408638 0.9949440360069275
1541975548.853864 0.04350301995873451 -0.026773471385240555 0.055804722011089325 0.019918814301490784 0.02099531702697277 0.09119974076747894 0.9954119920730591
1541975548.883794 0.012627076357603073 -0.026395194232463837 0.06845244020223618 0.02462846226990223 0.006108597386628389 0.08878921717405319 0.9957271814346313
1541975548.91375 -0.016881469637155533 -0.021496733650565147 0.08496969938278198 0.029841173440217972 -0.008527088910341263 0.08392277359962463 0.9959888458251953
1541975548.943758 -0.05513574555516243 -0.01473143883049488 0.10127560794353485 0.035261597484350204 -0.019227124750614166 0.07696044445037842 0.9962249398231506
1541975548.973837 -0.08863592892885208 -0.015260549262166023 0.10733185708522797 0.03882031887769699 -0.03141690045595169 0.06907332688570023 0.9963608384132385
1541975549.00399 -0.1276475191116333 -0.009713896550238132 0.11738678067922592 0.043088629841804504 -0.04139087721705437 0.060589950531721115 0.9963729381561279
1541975549.034181 -0.16812625527381897 -0.01265404187142849 0.11783584207296371 0.04289241135120392 -0.05037238821387291 0.05216516926884651 0.9964445233345032
1541975549.06436 -0.21054154634475708 -0.0010574579937383533 0.12838853895664215 0.04317117854952812 -0.056129325181245804 0.04095182940363884 0.9966487884521484
1541975549.094479 -0.25243231654167175 0.013074384070932865 0.13578520715236664 0.04243486747145653 -0.06069563329219818 0.029548930004239082 0.9968160390853882
1541975549.124492 -0.29332494735717773 0.02425403892993927 0.14525486528873444 0.04241756722331047 -0.0607842281460762 0.019510922953486443 0.9970583319664001
1541975549.154384 -0.3263002336025238 0.036167558282613754 0.16350890696048737 0.04182926565408707 -0.05510324612259865 0.012385526672005653 0.9975272417068481
1541975549.184162 -0.30827969312667847 0.0562271811068058 0.17002563178539276 0.04071968421339989 -0.05536583065986633 0.005199276376515627 0.9976219534873962
1541975549.213864 -0.3131802976131439 0.05401180684566498 0.15700575709342957 0.03357775881886482 -0.050156813114881516 0.00448083458468318 0.9981667399406433
1541975549.24354 -0.3047924339771271 0.052883636206388474 0.15031498670578003 0.027062993496656418 -0.04418307542800903 0.0033685436937958 0.9986511468887329
1541975549.273241 -0.27905020117759705 0.05967264249920845 0.13286809623241425 0.02121274545788765 -0.04152960702776909 0.0026690764352679253 0.998908519744873
1541975549.303008 -0.25777146220207214 0.05678420886397362 0.11558226495981216 0.01274791732430458 -0.03652825206518173 0.007252211216837168 0.9992250800132751
1541975549.332854 -0.23251423239707947 0.055659085512161255 0.09091085195541382 0.0030302878003567457 -0.03182045742869377 0.01124561857432127 0.9994257092475891
1541975549.362779 -0.2167518436908722 0.061440348625183105 0.07602981477975845 -0.004948939196765423 -0.024806587025523186 0.016784999519586563 0.9995391368865967
1541975549.392805 -0.19583892822265625 0.07136443257331848 0.061542775481939316 -0.012285178527235985 -0.020463744178414345 0.022910233587026596 0.9994525909423828
1541975549.42297 -0.18030503392219543 0.08379095792770386 0.04846198111772537 -0.020193062722682953 -0.015450307168066502 0.027675651013851166 0.9992935657501221
1541975549.4533 -0.1664465218782425 0.10020119696855545 0.039115700870752335 -0.026895442977547646 -0.01096159778535366 0.031731877475976944 0.999074399471283
1541975549.483809 -0.15596061944961548 0.11523017287254333 0.026856902986764908 -0.03361831605434418 -0.007782840635627508 0.03496687114238739 0.9987925887107849
1541975549.514497 -0.15802665054798126 0.12983430922031403 0.02339792810380459 -0.04058997705578804 -0.0031051416881382465 0.037753112614154816 0.9984576106071472
1541975549.54535 -0.16990111768245697 0.13130003213882446 0.010512150824069977 -0.05137766897678375 0.0008039907552301884 0.03780212253332138 0.9979633092880249
1541975549.576354 -0.16471005976200104 0.16049106419086456 0.009903665632009506 -0.0529458187520504 -0.0019490658305585384 0.03426256403326988 0.998007595539093
1541975549.607494 -0.18155395984649658 0.17716792225837708 0.005680698901414871 -0.05792103335261345 -0.002711685374379158 0.03142006695270538 0.9978229403495789
1541975549.638753 -0.19982945919036865 0.19042138755321503 0.005207256879657507 -0.06295713037252426 -0.004584448412060738 0.02730182744562626 0.9976322054862976
1541975549.670108 -0.2118479609489441 0.20261169970035553 0.0029510888271033764 -0.06693378835916519 -0.009370931424200535 0.021552005782723427 0.9974806904792786
1541975549.701534 -0.260006308555603 0.22195549309253693 -0.0035736672580242157 -0.06711917370557785 -0.006880937609821558 0.019955554977059364 0.997521698474884
1541975549.733019 -0.23059900104999542 0.24527610838413239 0.0028425322379916906 -0.06232878565788269 -0.01696031354367733 0.016620533540844917 0.9977731704711914
1541975549.76455 -0.2373228520154953 0.25438809394836426 0.00044357668957673013 -0.0632086917757988 -0.017693549394607544 0.014294072985649109 0.9977411031723022
1541975549.796116 -0.23865970969200134 0.26044324040412903 -0.002603541361168027 -0.0634516030550003 -0.01722870022058487 0.014164571650326252 0.9977356791496277
1541975549.82772 -0.23615595698356628 0.25176775455474854 0.0006982466438785195 -0.06588885933160782 -0.016921531409025192 0.017904551699757576 0.9975228905677795
1541975549.85937 -0.23561027646064758 0.24863018095493317 -0.0029108314774930477 -0.06485773622989655 -0.015150193125009537 0.019180480390787125 0.9975951910018921
1541975549.891064 -0.22206254303455353 0.24747590720653534 -0.0064216721802949905 -0.0623774491250515 -0.017520833760499954 0.018944669514894485 0.9977189898490906
1541975549.922788 -0.22167834639549255 0.2276364117860794 -0.004785435739904642 -0.06163690611720085 -0.01728585734963417 0.020887548103928566 0.9977303147315979
1541975549.954522 -0.21213474869728088 0.2209300398826599 -0.0009859598940238357 -0.05789864808320999 -0.019547419622540474 0.020331962034106255 0.9979240298271179
1541975549.986257 -0.20329628884792328 0.215010404586792 0.00041246978798881173 -0.052278779447078705 -0.021800991147756577 0.02074251137673855 0.9981790781021118
1541975550.017985 -0.19084516167640686 0.20201951265335083 0.005727779120206833 -0.048748526722192764 -0.023127850145101547 0.02041034586727619 0.9983347058296204
1541975550.049683 -0.17594587802886963 0.18798115849494934 0.00014118364197202027 -0.04446635767817497 -0.027472158893942833 0.023100046440958977 0.9983658790588379
1541975550.081336 -0.18375220894813538 0.17433401942253113 0.01893606409430504 -0.04004453122615814 -0.02316134050488472 0.026288555935025215 0.9985834360122681
1541975550.112935 -0.1683121621608734 0.15228687226772308 0.0240255706012249 -0.03732789680361748 -0.02490885742008686 0.02948368526995182 0.998557448387146
1541975550.14449 -0.1591264307498932 0.13214550912380219 0.024595899507403374 -0.03475113958120346 -0.02487402968108654 0.0319577194750309 0.9985751509666443
1541975550.176019 -0.1460244059562683 0.11980246752500534 0.036250025033950806 -0.029583852738142014 -0.024327263236045837 0.03238832578063011 0.9987412095069885
1541975550.207519 -0.133860781788826 0.11208921670913696 0.04298693686723709 -0.023577049374580383 -0.02376461774110794 0.03269892930984497 0.9989044666290283
1541975550.238983 -0.11772885918617249 0.09624915570020676 0.050438378006219864 -0.019353017210960388 -0.023092014715075493 0.03334696590900421 0.9989895820617676
1541975550.270401 -0.09758511185646057 0.07839889824390411 0.053745336830616 -0.015827076509594917 -0.02299785241484642 0.03303421288728714 0.9990642666816711
1541975550.301772 -0.08466440439224243 0.05829958990216255 0.059066932648420334 -0.012682005763053894 -0.01969490572810173 0.033918119966983795 0.9991500973701477
1541975550.333094 -0.06384619325399399 0.05222657695412636 0.06641296297311783 -0.006617532577365637 -0.019095484167337418 0.03305485099554062 0.9992492198944092
1541975550.364358 -0.06173310428857803 0.05261069908738136 0.08689158409833908 -0.0018371030455455184 -0.014440169557929039 0.031881608068943024 0.9993856549263
1541975550.395552 -0.0437312051653862 0.04710729792714119 0.09681189060211182 -0.001845826394855976 -0.013865646906197071 0.030343974009156227 0.9994416832923889
1541975550.426688 -0.03027219884097576 0.038971707224845886 0.10211046785116196 -0.0018220243509858847 -0.011523975059390068 0.03011915646493435 0.999478280544281
1541975550.457786 -0.013271926902234554 0.033591531217098236 0.11157780885696411 -0.0024136402644217014 -0.00947621650993824 0.03124895505607128 0.9994638562202454
1541975550.488853 -0.007933848537504673 0.030130045488476753 0.11190402507781982 -0.005230375099927187 -0.007280990481376648 0.03356267511844635 0.9993964433670044
1541975550.51989 0.009835069999098778 0.03501875326037407 0.1248115748167038 -0.005648033693432808 -0.005449367221444845 0.035541832447052 0.9993374347686768
1541975550.550906 0.032005202025175095 0.032234277576208115 0.13109299540519714 -0.008551031351089478 0.0007481342763639987 0.040343496948480606 0.9991490244865417
1541975550.581923 0.052411384880542755 0.028659353032708168 0.1336226463317871 -0.011110189370810986 0.005238495767116547 0.0451359748840332 0.9989053606987
1541975550.612945 0.07144911587238312 0.0306012574583292 0.1354101300239563 -0.012450873851776123 0.008149753324687481 0.051096078008413315 0.9985828995704651
1541975550.64396 0.08996575325727463 0.02878371626138687 0.13840702176094055 -0.014446181245148182 0.012915804982185364 0.05708388611674309 0.9981813430786133
1541975550.674969 0.10159602016210556 0.025512387976050377 0.14725720882415771 -0.011705324985086918 0.018789442256093025 0.06196213513612747 0.9978329539299011
1541975550.705962 0.11577433347702026 0.02262091264128685 0.15685200691223145 -0.007200641557574272 0.019412074238061905 0.06432884931564331 0.9977139830589294
1541975550.736926 0.12315813452005386 0.018640976399183273 0.1623094528913498 -0.003539065830409527 0.017154227942228317 0.06893211603164673 0.9974676370620728
1541975550.767856 0.13520677387714386 0.015386111102998257 0.16782397031784058 -0.00102990644518286 0.011256083846092224 0.07124099880456924 0.9973950982093811
1541975550.79876 0.14003314077854156 0.011021755635738373 0.1755802482366562 0.0004988975124433637 0.006668094079941511 0.07252581417560577 0.9973441362380981
1541975550.829653 0.14805181324481964 0.012309697456657887 0.18841350078582764 0.005169692449271679 0.0017424599500373006 0.07210098952054977 0.9973824620246887
1541975550.860557 0.15074817836284637 0.00865553505718708 0.1972392499446869 0.009647447615861893 -0.003161052707582712 0.07161402702331543 0.997380793094635
1541975550.8915 0.15737617015838623 0.004833111073821783 0.20877234637737274 0.01351593341678381 -0.00716483173891902 0.07055911421775818 0.9973903298377991
1541975550.922475 0.16071879863739014 -0.0012144239153712988 0.21470893919467926 0.014048480428755283 -0.009681948460638523 0.06867489218711853 0.9974932670593262
1541975550.953465 0.1709340661764145 -0.002594339894130826 0.22167006134986877 0.015900520607829094 -0.01479003019630909 0.06671719998121262 0.9975356459617615
1541975550.984474 0.16122017800807953 -0.007275502197444439 0.2344936579465866 0.01821569725871086 -0.013570710085332394 0.06806675344705582 0.9974221587181091
1541975551.015504 0.16312341392040253 -0.007858079858124256 0.24515418708324432 0.01992669515311718 -0.012550040148198605 0.06590840220451355 0.9975478053092957
1541975551.046546 0.1627037674188614 -0.0077776312828063965 0.2499493658542633 0.0215093195438385 -0.013832935132086277 0.06717652827501297 0.9974133372306824
1541975551.077594 0.15997453033924103 -0.0070547377690672874 0.2515407204627991 0.022432629019021988 -0.015504197217524052 0.0693315789103508 0.9972209334373474
1541975551.108657 0.16231657564640045 -0.00768977589905262 0.2542257308959961 0.021525926887989044 -0.018041621893644333 0.07004739344120026 0.9971482753753662
1541975551.13973 0.16792282462120056 -0.008285409770905972 0.25698864459991455 0.020266059786081314 -0.01891968958079815 0.07189390063285828 0.9970269203186035
1541975551.170796 0.17127639055252075 -0.009108156897127628 0.25629758834838867 0.018946755677461624 -0.0189826600253582 0.07435917854309082 0.9968708157539368
1541975551.201852 0.1792125105857849 -0.007884016260504723 0.2523248791694641 0.017801636829972267 -0.018548617139458656 0.07721095532178879 0.9966832995414734
1541975551.2329 0.17925593256950378 -0.00490991398692131 0.25592750310897827 0.016407335177063942 -0.013597067445516586 0.0776321291923523 0.9967543482780457
1541975551.263935 0.18907728791236877 -0.0003854779351968318 0.2508564293384552 0.014705227687954903 -0.010971968062222004 0.07908143103122711 0.996699333190918
1541975551.294951 0.19277653098106384 -0.0023216409608721733 0.24331754446029663 0.01218858826905489 -0.00525270588696003 0.0828554779291153 0.9964732527732849
1541975551.325964 0.19536669552326202 -0.003348518628627062 0.2354825735092163 0.010090467520058155 0.0001832660345826298 0.0875968411564827 0.9961049556732178
1541975551.35698 0.19799663126468658 -0.0010078113991767168 0.23021411895751953 0.006369166076183319 0.00455557182431221 0.08980613946914673 0.9959285259246826
1541975551.388005 0.19441846013069153 0.0033097276464104652 0.22524493932724 0.003272699424996972 0.00871361419558525 0.09079932421445847 0.9958257675170898
1541975551.419046 0.18978442251682281 0.012397306971251965 0.2167092263698578 0.0017829720163717866 0.011270391754806042 0.09204752743244171 0.9956892728805542
1541975551.450114 0.18891119956970215 0.01716623455286026 0.20749039947986603 -0.0016083609079942107 0.013413435779511929 0.09301000088453293 0.9955735802650452
1541975551.481222 0.17748303711414337 0.02101905457675457 0.19331488013267517 -0.005543573293834925 0.016073821112513542 0.09365219622850418 0.995459794998169
1541975551.512359 0.17163138091564178 0.023341476917266846 0.1789441853761673 -0.01103214081376791 0.015762967988848686 0.09344135969877243 0.9954388737678528
1541975551.543513 0.15084150433540344 0.028080113232135773 0.17083512246608734 -0.016446687281131744 0.02003483474254608 0.092386394739151 0.9953858256340027
1541975551.57467 0.1388177126646042 0.03379661217331886 0.1588398814201355 -0.021151021122932434 0.02252090722322464 0.09030483663082123 0.9954348206520081
1541975551.605812 0.131599560379982 0.03950561583042145 0.14686071872711182 -0.024542754516005516 0.024529442191123962 0.08627411723136902 0.9956669807434082
1541975551.636929 0.12217020243406296 0.04003702849149704 0.13319584727287292 -0.027016570791602135 0.026932615786790848 0.08503081649541855 0.9956477880477905
1541975551.668029 0.10977465659379959 0.04152653366327286 0.11719106882810593 -0.028971673920750618 0.030000140890479088 0.08166658878326416 0.995786726474762
1541975551.699119 0.1002584844827652 0.043996307998895645 0.10409630835056305 -0.03240454941987991 0.031658872961997986 0.07598115503787994 0.9960795640945435
1541975551.730198 0.08631585538387299 0.04633896425366402 0.08737447112798691 -0.03811974078416824 0.03390083089470863 0.07010578364133835 0.9962342977523804
1541975551.761261 0.07161564379930496 0.04641026630997658 0.07400669157505035 -0.04370107874274254 0.0363016240298748 0.06399060040712357 0.9963321089744568
1541975551.79231 0.04958018288016319 0.04015977308154106 0.06522207707166672 -0.04856210947036743 0.0384882315993309 0.05672933906316757 0.9964648485183716
1541975551.823339 0.0386955626308918 0.0463748462498188 0.05073265731334686 -0.047332923859357834 0.033198483288288116 0.05025290325284004 0.9970617294311523
1541975551.854352 0.02247760444879532 0.046221211552619934 0.0374210923910141 -0.050037283450365067 0.031437404453754425 0.045804545283317566 0.9972010254859924
1541975551.885361 0.006914013531059027 0.04464667662978172 0.026240274310112 -0.05368315055966377 0.030493171885609627 0.04040154069662094 0.9972742795944214
1541975551.91638 -0.009950632229447365 0.046052221208810806 0.01590966433286667 -0.05354710668325424 0.02546864002943039 0.03470848128199577 0.9976369738578796
1541975551.947417 -0.027140717953443527 0.04536885395646095 0.0064261965453624725 -0.05150339752435684 0.019456861540675163 0.031627170741558075 0.9979822635650635
1541975551.978477 -0.04725221171975136 0.04766213148832321 0.005512677598744631 -0.052237145602703094 0.018982620909810066 0.026633581146597862 0.9980990290641785
1541975552.009559 -0.05621248483657837 0.058791693300008774 0.01283702440559864 -0.05294562503695488 0.01899130456149578 0.019538111984729767 0.9982256293296814
1541975552.040666 -0.07303885370492935 0.05964291840791702 0.00871934462338686 -0.0555742047727108 0.020164048299193382 0.01612839102745056 0.9981206655502319
1541975552.071816 -0.06281164288520813 0.06351087242364883 0.0003159155312459916 -0.05433954298496246 0.014514638110995293 0.016185244545340538 0.9982858300209045
1541975552.103013 -0.08928763121366501 0.059120696038007736 -0.008707869797945023 -0.0556042343378067 0.02138795703649521 0.018895715475082397 0.9980449676513672
1541975552.134253 -0.07335458695888519 0.05694837123155594 -0.015339463017880917 -0.05723970755934715 0.022406641393899918 0.02121267095208168 0.9978835582733154
1541975552.165533 -0.06053939089179039 0.05527117848396301 -0.02525898441672325 -0.05921677500009537 0.02460235171020031 0.02589639648795128 0.9976059198379517
1541975552.196847 -0.06052999570965767 0.05848558247089386 -0.03445348143577576 -0.06021665409207344 0.030008791014552116 0.029527409002184868 0.9972971677780151
1541975552.228165 -0.05536721646785736 0.056948449462652206 -0.04240526258945465 -0.06168718263506889 0.03467097878456116 0.035513732582330704 0.9968608021736145
1541975552.259466 -0.05570375546813011 0.050497278571128845 -0.0511150099337101 -0.06367945671081543 0.03946949914097786 0.041398778557777405 0.9963299036026001
1541975552.290737 -0.051599595695734024 0.05145192891359329 -0.05885452404618263 -0.061761632561683655 0.04169322922825813 0.04708070680499077 0.9961077570915222
1541975552.321969 -0.05014846846461296 0.04389246553182602 -0.06933475285768509 -0.059269070625305176 0.04279075935482979 0.0538194365799427 0.9958713054656982
1541975552.353157 -0.051090337336063385 0.055226754397153854 -0.06417244672775269 -0.05280863121151924 0.04493412747979164 0.056648414582014084 0.9959834814071655
1541975552.384317 -0.044546958059072495 0.054079700261354446 -0.06332119554281235 -0.049707770347595215 0.04457467049360275 0.0598943866789341 0.9959693551063538
1541975552.415459 -0.04132714122533798 0.05558335408568382 -0.06590741872787476 -0.0472387932240963 0.04311502352356911 0.06272182613611221 0.9959797263145447
1541975552.446583 -0.0391429178416729 0.05233005806803703 -0.06615445017814636 -0.04914005845785141 0.039618317037820816 0.06430300325155258 0.9959321618080139
1541975552.477683 -0.03873744234442711 0.05185679346323013 -0.05908079817891121 -0.05026040971279144 0.03620761260390282 0.06406499445438385 0.9960214495658875
1541975552.508762 -0.03161662817001343 0.055339377373456955 -0.05220567435026169 -0.04623294249176979 0.0330146886408329 0.06357352435588837 0.9963588714599609
1541975552.539816 -0.025593796744942665 0.06273939460515976 -0.03766188025474548 -0.04323301464319229 0.02942526713013649 0.06349143385887146 0.9966112375259399
1541975552.570851 -0.025460045784711838 0.06082994118332863 -0.030288631096482277 -0.04213263466954231 0.026111967861652374 0.06348733603954315 0.9967508912086487
1541975552.601884 -0.012746086344122887 0.06504829227924347 -0.013591929338872433 -0.03500095382332802 0.024469777941703796 0.06257958710193634 0.9971258640289307
1541975552.632918 -0.004039835650473833 0.05912752449512482 -0.008775894530117512 -0.028117068111896515 0.023675458505749702 0.06322593986988068 0.997322142124176
1541975552.663947 0.010059742256999016 0.05753668397665024 0.0007411527330987155 -0.023591043427586555 0.021207641810178757 0.06333892792463303 0.9974878430366516
1541975552.694947 0.019317202270030975 0.05886336416006088 0.01669410988688469 -0.018770864233374596 0.018497945740818977 0.0637005865573883 0.9976210594177246
1541975552.725899 0.019554130733013153 0.05778847262263298 0.023420510813593864 -0.014564364217221737 0.017503567039966583 0.06310909986495972 0.9977468848228455
1541975552.75681 0.028462590649724007 0.052738361060619354 0.033504121005535126 -0.010495364665985107 0.01571870595216751 0.06086978316307068 0.9979668259620667
1541975552.78769 0.038943130522966385 0.049909546971321106 0.04450172930955887 -0.004140336997807026 0.01150071807205677 0.061917468905448914 0.9980064034461975
1541975552.818544 0.042829904705286026 0.048455674201250076 0.05148698017001152 -0.0019795859698206186 0.007516836281865835 0.060874611139297485 0.9981151819229126
1541975552.849372 0.04910833016037941 0.046873539686203 0.06265713274478912 -0.00010073363955598325 0.005124535411596298 0.05705729499459267 0.9983578324317932
1541975552.880164 0.051323384046554565 0.04019596800208092 0.06896543502807617 0.0039618066512048244 0.005304231308400631 0.054496362805366516 0.9984920620918274
1541975552.910932 0.06071319803595543 0.04083080589771271 0.07848764955997467 0.01167074590921402 0.0015480476431548595 0.053785793483257294 0.9984831213951111
1541975552.941695 0.06571025401353836 0.04039957746863365 0.08480378985404968 0.014737243764102459 -0.0025316523388028145 0.0517108328640461 0.9985502362251282
1541975552.972452 0.07006888091564178 0.03894996643066406 0.09194023162126541 0.01518173422664404 -0.006081330124288797 0.049127597361803055 0.9986586570739746
