# timestamp[secs] tx ty tz qx qy qz qw
1541976487.248635 1.792518 -1.299363 0.826356 0.131083 -0.365283 0.891529 0.233585
1541976487.253628 1.792562 -1.299554 0.826536 0.133093 -0.360898 0.892464 0.235682
1541976487.258622 1.792749 -1.299533 0.826811 0.132701 -0.359721 0.893049 0.235486
1541976487.263622 1.792922 -1.299462 0.827215 0.131677 -0.358323 0.893396 0.236876
1541976487.268619 1.793257 -1.299275 0.827459 0.129491 -0.359448 0.893166 0.237242
1541976487.27362 1.793791 -1.298978 0.827701 0.130809 -0.364624 0.891436 0.235118
1541976487.278618 1.794025 -1.298933 0.827979 0.131809 -0.363967 0.89111 0.236805
1541976487.283616 1.794093 -1.299022 0.828347 0.132754 -0.359869 0.892112 0.238761
1541976487.288612 1.794423 -1.298834 0.8286 0.134319 -0.358893 0.892233 0.238904
1541976487.29362 1.794615 -1.298855 0.82899 0.135034 -0.356358 0.892803 0.240164
1541976487.298624 1.795036 -1.298562 0.82925 0.134859 -0.360201 0.891368 0.239857
1541976487.303631 1.795567 -1.298328 0.829692 0.13126 -0.362831 0.890575 0.240834
1541976487.308634 1.795901 -1.298084 0.830136 0.131186 -0.363787 0.890385 0.240135
1541976487.313634 1.795893 -1.298252 0.830491 0.133044 -0.359453 0.89126 0.24238
1541976487.318631 1.796192 -1.298075 0.830861 0.136254 -0.359513 0.890636 0.242802
1541976487.323626 1.796465 -1.297952 0.831213 0.135618 -0.356539 0.891567 0.244122
1541976487.328621 1.79676 -1.297794 0.831453 0.134405 -0.355561 0.891902 0.244995
1541976487.333617 1.797202 -1.297649 0.831824 0.132186 -0.357326 0.891364 0.24559
1541976487.338611 1.79761 -1.297411 0.832147 0.13413 -0.358601 0.890959 0.244144
1541976487.343609 1.797811 -1.297326 0.832484 0.135214 -0.356161 0.891059 0.246738
1541976487.348609 1.798177 -1.297184 0.832846 0.136108 -0.355103 0.89136 0.246686
1541976487.353614 1.798565 -1.297067 0.833198 0.13722 -0.355002 0.891028 0.247411
1541976487.358626 1.798927 -1.296962 0.833415 0.135982 -0.353128 0.891794 0.248019
1541976487.363637 1.799274 -1.296786 0.833711 0.135464 -0.353603 0.891543 0.248524
1541976487.368645 1.799658 -1.296619 0.833945 0.136821 -0.353519 0.891344 0.248617
1541976487.373655 1.80006 -1.29653 0.83418 0.137222 -0.352535 0.891758 0.248308
1541976487.378659 1.800501 -1.296454 0.83437 0.137745 -0.350092 0.892197 0.249894
1541976487.383658 1.800967 -1.29609 0.834644 0.137473 -0.353467 0.890965 0.249686
1541976487.388654 1.801364 -1.296006 0.834785 0.139552 -0.350199 0.891639 0.250729
1541976487.393657 1.801577 -1.296053 0.834835 0.141997 -0.346043 0.892343 0.252618
1541976487.398654 1.802159 -1.295742 0.834955 0.139572 -0.348942 0.892076 0.250917
1541976487.403646 1.802545 -1.295542 0.835108 0.140135 -0.347785 0.892142 0.251973
1541976487.408635 1.802958 -1.295209 0.835194 0.140863 -0.348282 0.891538 0.253017
1541976487.413627 1.803348 -1.294972 0.83522 0.139766 -0.348652 0.89142 0.253532
1541976487.418615 1.803698 -1.29482 0.835219 0.13915 -0.347138 0.891801 0.254605
1541976487.423602 1.804165 -1.29459 0.835219 0.139993 -0.346545 0.891972 0.254353
1541976487.428591 1.804732 -1.294282 0.835137 0.140658 -0.349159 0.891049 0.253645
1541976487.433583 1.805203 -1.293945 0.835229 0.141475 -0.350382 0.890312 0.254089
1541976487.438577 1.805435 -1.293895 0.835158 0.14097 -0.34491 0.891691 0.257005
1541976487.443575 1.80606 -1.293439 0.835259 0.139829 -0.347704 0.891152 0.25573
1541976487.448583 1.806588 -1.292985 0.835239 0.141085 -0.35012 0.889986 0.255805
1541976487.453593 1.807016 -1.292629 0.835398 0.141115 -0.351824 0.889056 0.256681
1541976487.458605 1.807674 -1.29228 0.835417 0.141216 -0.350921 0.890691 0.252155
1541976487.463617 1.808225 -1.291916 0.8354 0.143956 -0.350821 0.890656 0.250865
1541976487.468628 1.80849 -1.291706 0.8354 0.144881 -0.350523 0.889067 0.256328
1541976487.473639 1.808757 -1.291613 0.835602 0.145832 -0.345983 0.889489 0.260459
1541976487.478639 1.809386 -1.291148 0.835607 0.14751 -0.34805 0.888864 0.258887
1541976487.483639 1.809938 -1.290755 0.835518 0.1477 -0.347678 0.889175 0.258211
1541976487.488633 1.810225 -1.290479 0.835663 0.14978 -0.344601 0.888604 0.263057
1541976487.493633 1.810776 -1.290073 0.835739 0.151389 -0.344332 0.888158 0.263993
1541976487.498629 1.811249 -1.289926 0.835863 0.1525 -0.341562 0.888525 0.265711
1541976487.503635 1.811744 -1.289506 0.835977 0.152616 -0.341631 0.888583 0.265363
1541976487.50864 1.81221 -1.289167 0.836023 0.152193 -0.338785 0.888756 0.268653
1541976487.51364 1.812657 -1.288739 0.835959 0.152225 -0.335605 0.889635 0.269714
1541976487.518636 1.813061 -1.288357 0.836113 0.15229 -0.33498 0.889272 0.271645
1541976487.523631 1.813841 -1.287709 0.836109 0.150938 -0.339249 0.887889 0.271627
1541976487.528623 1.814319 -1.287237 0.836055 0.150667 -0.338318 0.887944 0.272755
1541976487.533621 1.814575 -1.287107 0.836045 0.153435 -0.332677 0.888912 0.274988
1541976487.538615 1.815248 -1.286376 0.835962 0.152328 -0.336439 0.887632 0.275163
1541976487.54361 1.815497 -1.28596 0.835911 0.154777 -0.329385 0.888302 0.280123
1541976487.548608 1.815942 -1.285535 0.835959 0.154855 -0.32957 0.88812 0.280441
1541976487.5536 1.816609 -1.284756 0.835943 0.153447 -0.336104 0.885613 0.281386
1541976487.558601 1.816989 -1.284463 0.835942 0.153725 -0.330544 0.886788 0.284107
1541976487.563602 1.817575 -1.283593 0.835994 0.156687 -0.335114 0.884647 0.283809
1541976487.568601 1.818208 -1.282855 0.835973 0.156245 -0.339452 0.882802 0.28464
1541976487.573612 1.818566 -1.282408 0.835984 0.158289 -0.336474 0.882502 0.287959
1541976487.578624 1.819149 -1.28158 0.835966 0.158518 -0.341467 0.88031 0.288664
1541976487.583634 1.819634 -1.280994 0.835937 0.1581 -0.339735 0.881227 0.288138
1541976487.588639 1.819995 -1.280183 0.835919 0.156434 -0.339218 0.880102 0.293053
1541976487.593638 1.82046 -1.279528 0.836081 0.15708 -0.339025 0.878876 0.296589
1541976487.598636 1.820689 -1.279038 0.835881 0.158908 -0.333625 0.879743 0.299156
1541976487.603632 1.821503 -1.27827 0.835886 0.158326 -0.3387 0.878934 0.296125
1541976487.608626 1.822005 -1.277647 0.835853 0.15681 -0.338218 0.878833 0.297778
1541976487.613622 1.822267 -1.277221 0.835866 0.158592 -0.332194 0.879267 0.302299
1541976487.618615 1.823007 -1.276201 0.835852 0.155652 -0.339747 0.876829 0.302516
1541976487.623609 1.823521 -1.275661 0.835927 0.155686 -0.338594 0.876879 0.303644
1541976487.62861 1.823994 -1.275133 0.835775 0.155438 -0.335991 0.876903 0.306577
1541976487.633612 1.824412 -1.274444 0.835799 0.153444 -0.337341 0.875962 0.308782
1541976487.638614 1.825129 -1.273785 0.835798 0.153732 -0.33839 0.875489 0.308834
1541976487.643617 1.825671 -1.273127 0.835663 0.15169 -0.336526 0.876041 0.310311
1541976487.64862 1.826065 -1.272812 0.835773 0.151705 -0.334983 0.875059 0.314711
1541976487.653621 1.826666 -1.272246 0.835725 0.152431 -0.333833 0.875119 0.315416
1541976487.658623 1.827296 -1.271794 0.835531 0.151025 -0.334756 0.874407 0.317085
1541976487.663627 1.827741 -1.271304 0.835529 0.148262 -0.335601 0.873803 0.319152
1541976487.668623 1.828271 -1.270765 0.835439 0.148757 -0.333207 0.873939 0.321053
1541976487.673626 1.828868 -1.270301 0.835429 0.1471 -0.334392 0.87311 0.322835
1541976487.67863 1.829401 -1.269953 0.835519 0.144405 -0.335808 0.872612 0.323928
1541976487.683631 1.829702 -1.269607 0.835313 0.144847 -0.332116 0.872666 0.327372
1541976487.688631 1.83018 -1.269135 0.83522 0.146357 -0.33111 0.872418 0.328378
1541976487.693639 1.83072 -1.268758 0.835323 0.145177 -0.332929 0.871559 0.329342
1541976487.698645 1.831252 -1.26831 0.835213 0.142952 -0.333739 0.871135 0.330616
1541976487.703646 1.831626 -1.267893 0.835143 0.142182 -0.332976 0.870515 0.333338
1541976487.708641 1.832078 -1.267398 0.834986 0.14191 -0.337207 0.868224 0.335172
1541976487.713634 1.832213 -1.267247 0.834923 0.145026 -0.33415 0.868132 0.337132
1541976487.718626 1.832611 -1.266946 0.834694 0.144186 -0.333888 0.867709 0.338838
1541976487.723617 1.8334 -1.266487 0.834296 0.143145 -0.338616 0.866638 0.337323
1541976487.7286 1.833681 -1.266118 0.834294 0.142734 -0.340229 0.865278 0.339361
1541976487.733576 1.833913 -1.26587 0.834264 0.143257 -0.338975 0.865199 0.340593
1541976487.738558 1.834278 -1.265704 0.834091 0.14202 -0.336497 0.864916 0.344267
1541976487.743547 1.834625 -1.265373 0.833988 0.140014 -0.335405 0.864838 0.346345
1541976487.748543 1.834759 -1.264996 0.834125 0.138308 -0.336513 0.864014 0.348009
1541976487.753544 1.835031 -1.26478 0.834027 0.136314 -0.335531 0.863688 0.350543
1541976487.758551 1.835292 -1.264649 0.833877 0.134373 -0.332708 0.864175 0.352775
1541976487.763564 1.835524 -1.264457 0.833855 0.134604 -0.331701 0.864351 0.353204
1541976487.76858 1.835876 -1.26436 0.833706 0.13377 -0.331178 0.864403 0.353886
1541976487.773598 1.836328 -1.264092 0.833592 0.132427 -0.333143 0.863488 0.354777
1541976487.778617 1.836778 -1.264045 0.833508 0.130983 -0.332071 0.863147 0.357142
1541976487.783633 1.837076 -1.263991 0.83351 0.1292 -0.330975 0.862823 0.359583
1541976487.788646 1.837414 -1.264128 0.833515 0.128337 -0.328331 0.862941 0.362023
1541976487.79366 1.837752 -1.264086 0.833569 0.127814 -0.328085 0.862899 0.362532
1541976487.798665 1.837941 -1.264035 0.833781 0.128437 -0.326857 0.862181 0.36512
1541976487.803664 1.838297 -1.263959 0.833891 0.128691 -0.326916 0.861108 0.367502
1541976487.808655 1.838664 -1.263894 0.834099 0.127975 -0.32595 0.860618 0.36975
1541976487.813639 1.839086 -1.26401 0.834263 0.126511 -0.325941 0.860104 0.371454
1541976487.818628 1.839556 -1.264067 0.834367 0.127675 -0.325212 0.860862 0.369936
1541976487.823622 1.83984 -1.264314 0.83453 0.127092 -0.322298 0.861043 0.372258
1541976487.828613 1.840224 -1.264367 0.834724 0.1265 -0.320583 0.860922 0.374216
1541976487.833603 1.840814 -1.264374 0.834811 0.124708 -0.322537 0.860774 0.373478
1541976487.838596 1.841365 -1.26438 0.834956 0.125237 -0.323028 0.859701 0.375344
1541976487.84359 1.841812 -1.264418 0.835126 0.127379 -0.321735 0.859463 0.376278
1541976487.848587 1.842485 -1.264461 0.835226 0.124866 -0.324226 0.859784 0.374244
1541976487.853597 1.843057 -1.264547 0.835479 0.122694 -0.323643 0.859719 0.375611
1541976487.858603 1.843445 -1.264635 0.835646 0.123445 -0.320408 0.859275 0.37914
1541976487.863607 1.844089 -1.264721 0.835625 0.121828 -0.319689 0.859233 0.380363
1541976487.868612 1.844817 -1.264644 0.835788 0.119968 -0.320874 0.860467 0.377153
1541976487.873616 1.845142 -1.265039 0.836006 0.121687 -0.316253 0.859701 0.382218
1541976487.87862 1.845817 -1.265103 0.836313 0.119149 -0.316543 0.85921 0.383878
1541976487.883622 1.84647 -1.265107 0.836522 0.119923 -0.316313 0.859132 0.384
1541976487.888626 1.847186 -1.265171 0.836675 0.119699 -0.314964 0.85978 0.38373
1541976487.893638 1.848117 -1.265212 0.836831 0.117777 -0.316942 0.859616 0.383061
1541976487.898647 1.848941 -1.265287 0.836952 0.115885 -0.317126 0.859927 0.382788
1541976487.903651 1.849544 -1.265437 0.837201 0.117744 -0.313684 0.861283 0.382009
1541976487.908649 1.850115 -1.265631 0.837481 0.119043 -0.311227 0.861473 0.383186
1541976487.91365 1.851155 -1.265623 0.837777 0.116301 -0.315648 0.860666 0.382223
1541976487.918656 1.851908 -1.26588 0.837883 0.116862 -0.311513 0.861431 0.383717
1541976487.923657 1.852793 -1.265775 0.838099 0.11625 -0.314052 0.860778 0.3833
1541976487.928654 1.853415 -1.265989 0.838439 0.116573 -0.311052 0.860447 0.386378
1541976487.933652 1.854355 -1.265987 0.838517 0.116749 -0.312961 0.860945 0.383666
1541976487.938644 1.855251 -1.266031 0.838737 0.117058 -0.311151 0.862008 0.382655
1541976487.94363 1.856226 -1.266004 0.838833 0.112999 -0.315172 0.861316 0.382141
1541976487.948614 1.857094 -1.266196 0.838942 0.115435 -0.313161 0.861915 0.381717
1541976487.953602 1.858054 -1.266014 0.839071 0.115151 -0.314333 0.862412 0.37971
1541976487.95859 1.858885 -1.26616 0.839236 0.112542 -0.311672 0.863002 0.381343
1541976487.963581 1.859779 -1.266003 0.839419 0.113283 -0.313699 0.862207 0.38126
1541976487.968577 1.860806 -1.265811 0.83961 0.113813 -0.314877 0.862946 0.378448
1541976487.973575 1.861598 -1.265897 0.839715 0.112715 -0.312331 0.863526 0.379563
1541976487.978579 1.862487 -1.265661 0.839792 0.112686 -0.311157 0.864554 0.378192
1541976487.983586 1.863101 -1.265819 0.839929 0.114468 -0.307222 0.864808 0.380289
1541976487.988591 1.864055 -1.265665 0.840216 0.112095 -0.308306 0.86436 0.381135
1541976487.993604 1.865221 -1.265344 0.840239 0.10994 -0.310537 0.865449 0.377463
1541976487.998618 1.865874 -1.265206 0.840343 0.108343 -0.308158 0.864929 0.381049
1541976488.00364 1.866831 -1.26524 0.840399 0.108073 -0.307436 0.865872 0.379565
1541976488.008655 1.867667 -1.265097 0.840568 0.111057 -0.306653 0.866149 0.378703
1541976488.013665 1.868565 -1.264988 0.840611 0.109047 -0.305934 0.867022 0.377871
1541976488.018668 1.869469 -1.264884 0.840769 0.106714 -0.303195 0.867291 0.38012
1541976488.023674 1.870379 -1.264669 0.840923 0.106723 -0.305006 0.867324 0.37859
1541976488.028671 1.871323 -1.264737 0.840968 0.107193 -0.302132 0.868388 0.378322
1541976488.033665 1.872088 -1.264504 0.841109 0.107024 -0.30002 0.869292 0.377975
1541976488.03866 1.872938 -1.264233 0.841358 0.104393 -0.301625 0.869602 0.376719
1541976488.043651 1.873863 -1.264122 0.841499 0.106292 -0.301414 0.869125 0.377456
1541976488.048639 1.874854 -1.263972 0.841597 0.106483 -0.300906 0.87042 0.374816
1541976488.053623 1.875545 -1.263811 0.841765 0.105522 -0.299879 0.870105 0.376637
1541976488.058607 1.876587 -1.263575 0.841835 0.105128 -0.300679 0.870548 0.375082
1541976488.063592 1.87753 -1.26347 0.841953 0.105623 -0.300479 0.871476 0.372941
1541976488.068578 1.878284 -1.263369 0.842081 0.105441 -0.297575 0.871855 0.374434
1541976488.073572 1.879094 -1.26312 0.842073 0.106395 -0.297426 0.872021 0.373895
1541976488.078582 1.880016 -1.262936 0.842171 0.106024 -0.298711 0.872635 0.371535
1541976488.083598 1.880817 -1.262792 0.842233 0.105609 -0.298015 0.872618 0.372252
1541976488.088617 1.881891 -1.262408 0.842283 0.105077 -0.302017 0.873279 0.367598
1541976488.093634 1.882693 -1.262303 0.842189 0.105126 -0.301034 0.873458 0.367965
1541976488.098644 1.883431 -1.262305 0.842161 0.103595 -0.298181 0.874246 0.368851
1541976488.103656 1.88415 -1.261973 0.842267 0.104646 -0.298354 0.87425 0.368404
1541976488.108662 1.884889 -1.261787 0.842234 0.105684 -0.297057 0.874663 0.368175
1541976488.113659 1.885864 -1.26148 0.842239 0.103208 -0.297858 0.875113 0.367159
1541976488.118652 1.886576 -1.261215 0.84217 0.104023 -0.298781 0.875427 0.365427
1541976488.123651 1.887299 -1.260824 0.842232 0.102796 -0.298519 0.874484 0.368236
1541976488.128646 1.888032 -1.260767 0.842114 0.102206 -0.295179 0.875826 0.367902
1541976488.133639 1.888772 -1.260336 0.842137 0.101283 -0.298107 0.875881 0.365659
1541976488.138627 1.889696 -1.259848 0.842154 0.100563 -0.300977 0.875429 0.364587
1541976488.143615 1.890351 -1.259619 0.842099 0.100043 -0.299438 0.876309 0.363883
1541976488.148604 1.890959 -1.259446 0.84207 0.097513 -0.297568 0.876509 0.365618
1541976488.153595 1.891867 -1.259201 0.841868 0.097189 -0.298762 0.8769 0.363789
1541976488.158585 1.892484 -1.258782 0.841747 0.096795 -0.299079 0.877002 0.363387
1541976488.163584 1.892962 -1.258457 0.841835 0.095866 -0.297699 0.876848 0.365132
1541976488.168587 1.893668 -1.258229 0.841807 0.094883 -0.297592 0.876854 0.365463
1541976488.173592 1.894444 -1.257799 0.841838 0.094472 -0.299287 0.87692 0.364025
1541976488.178609 1.895077 -1.257714 0.841666 0.094802 -0.297488 0.877232 0.364662
1541976488.183629 1.895781 -1.257561 0.841564 0.093022 -0.295845 0.877646 0.365458
1541976488.188652 1.896292 -1.257293 0.841663 0.093008 -0.295256 0.877699 0.365812
1541976488.193665 1.897075 -1.256841 0.841727 0.090831 -0.298089 0.877556 0.364401
1541976488.198669 1.897719 -1.256563 0.841756 0.090186 -0.297695 0.877027 0.366153
1541976488.203668 1.898456 -1.256237 0.841762 0.090169 -0.297158 0.877761 0.364833
1541976488.208659 1.898971 -1.256204 0.841749 0.089785 -0.296023 0.878113 0.365003
1541976488.213646 1.899506 -1.255941 0.841904 0.091269 -0.295257 0.877717 0.366204
1541976488.218631 1.900292 -1.255585 0.841864 0.090679 -0.295592 0.877796 0.365892
1541976488.223619 1.900861 -1.255507 0.841897 0.088559 -0.294184 0.878222 0.366523
1541976488.228609 1.901619 -1.254906 0.842271 0.085628 -0.299061 0.877028 0.366132
1541976488.233603 1.902243 -1.254842 0.842139 0.088044 -0.29584 0.877793 0.366341
1541976488.238604 1.902572 -1.254821 0.842271 0.088064 -0.291061 0.878092 0.369437
1541976488.243607 1.903137 -1.254459 0.842437 0.084309 -0.290416 0.878034 0.370955
1541976488.248611 1.903995 -1.254028 0.842557 0.083744 -0.292961 0.877571 0.370176
1541976488.253625 1.904494 -1.253837 0.842629 0.084311 -0.292243 0.877659 0.370407
1541976488.258629 1.905195 -1.253552 0.842713 0.083904 -0.291285 0.877306 0.372085
1541976488.263631 1.905708 -1.253269 0.842882 0.083312 -0.290135 0.87764 0.372328
1541976488.268646 1.906365 -1.252828 0.843147 0.079386 -0.291852 0.876812 0.373792
1541976488.273654 1.90676 -1.252646 0.843373 0.08125 -0.287535 0.876282 0.377959
1541976488.278659 1.907485 -1.252318 0.843463 0.08041 -0.287958 0.876979 0.376196
1541976488.283658 1.908049 -1.252106 0.843686 0.078548 -0.286735 0.876086 0.379588
1541976488.288649 1.908652 -1.251968 0.843863 0.074045 -0.285432 0.875474 0.382872
1541976488.293636 1.909154 -1.251821 0.843983 0.073075 -0.280628 0.875757 0.38595
1541976488.298619 1.909878 -1.251731 0.84413 0.071779 -0.278599 0.875839 0.387475
1541976488.303603 1.910516 -1.251292 0.844381 0.071569 -0.281478 0.875116 0.387066
1541976488.308593 1.911124 -1.251042 0.844607 0.069851 -0.279802 0.874591 0.389773
1541976488.313586 1.911625 -1.251051 0.844853 0.063594 -0.279586 0.872323 0.39603
1541976488.318582 1.912123 -1.250969 0.845135 0.063214 -0.27661 0.872613 0.397538
1541976488.323583 1.912817 -1.25092 0.845417 0.061501 -0.273837 0.871897 0.401281
1541976488.328589 1.913608 -1.250746 0.845635 0.059891 -0.2757 0.870834 0.402556
1541976488.333597 1.914178 -1.25061 0.846072 0.059684 -0.276164 0.870619 0.402734
1541976488.338603 1.914967 -1.250501 0.84641 0.057838 -0.276858 0.869384 0.405185
1541976488.343611 1.915766 -1.25046 0.84672 0.058462 -0.276991 0.869064 0.405692
1541976488.348625 1.916726 -1.250369 0.847022 0.057014 -0.278857 0.868435 0.405965
1541976488.353636 1.917357 -1.250392 0.847536 0.055616 -0.277583 0.867239 0.409575
1541976488.358646 1.917837 -1.250443 0.848098 0.056792 -0.277022 0.866028 0.412346
1541976488.363652 1.918807 -1.250585 0.848353 0.055649 -0.274888 0.866053 0.413874
1541976488.368654 1.919645 -1.250654 0.848827 0.053963 -0.275656 0.864791 0.416218
1541976488.37365 1.920109 -1.250826 0.849406 0.056545 -0.272413 0.864306 0.419009
1541976488.378644 1.920922 -1.250819 0.849758 0.053235 -0.27323 0.863612 0.42034
1541976488.383633 1.921995 -1.250832 0.850171 0.052798 -0.275973 0.862326 0.421242
1541976488.388619 1.922817 -1.250827 0.850549 0.052152 -0.275629 0.862127 0.421956
1541976488.393607 1.923339 -1.250895 0.851145 0.052439 -0.272624 0.86097 0.426213
1541976488.398599 1.924151 -1.251009 0.851515 0.048679 -0.272549 0.859824 0.42901
1541976488.403597 1.924723 -1.250943 0.85208 0.048215 -0.269916 0.859049 0.432268
1541976488.408597 1.92583 -1.250992 0.852538 0.044793 -0.272101 0.857722 0.433899
1541976488.413601 1.926453 -1.250934 0.852951 0.043536 -0.271522 0.856642 0.436514
1541976488.418607 1.92716 -1.250958 0.853506 0.043115 -0.270141 0.856103 0.438467
1541976488.423614 1.928168 -1.251057 0.853804 0.04034 -0.26928 0.85489 0.441615
1541976488.428617 1.928777 -1.251016 0.854365 0.037494 -0.26781 0.8544 0.443704
1541976488.433615 1.929717 -1.251231 0.854832 0.03419 -0.265664 0.853057 0.447825
1541976488.438609 1.930586 -1.251234 0.855258 0.033493 -0.26727 0.851993 0.448947
1541976488.443606 1.93124 -1.251452 0.855774 0.031055 -0.264208 0.851225 0.452379
1541976488.448601 1.932113 -1.251602 0.85613 0.030781 -0.264122 0.849296 0.456057
1541976488.453605 1.932854 -1.251715 0.85668 0.028234 -0.262269 0.848242 0.459242
1541976488.458608 1.933943 -1.252075 0.85715 0.026492 -0.262932 0.847497 0.460341
1541976488.463605 1.934629 -1.252371 0.857499 0.025649 -0.259007 0.846926 0.463653
1541976488.468611 1.93553 -1.252692 0.858147 0.023324 -0.259113 0.846539 0.464422
1541976488.473615 1.936474 -1.25329 0.858634 0.022564 -0.257204 0.846223 0.466094
1541976488.47862 1.937401 -1.253878 0.85919 0.017011 -0.253836 0.846215 0.468187
1541976488.483623 1.938304 -1.254316 0.859817 0.016701 -0.256733 0.846119 0.466789
1541976488.488626 1.939041 -1.255084 0.860421 0.014682 -0.252014 0.846119 0.469421
1541976488.493627 1.940077 -1.255735 0.860934 0.011419 -0.252008 0.845231 0.471111
1541976488.498625 1.941087 -1.256422 0.861448 0.010534 -0.253216 0.844796 0.471265
1541976488.503621 1.941619 -1.257188 0.861957 0.010733 -0.249605 0.843918 0.474747
1541976488.508615 1.942624 -1.257815 0.86239 0.01112 -0.253921 0.843001 0.474078
1541976488.513608 1.943303 -1.258677 0.862895 0.011506 -0.252234 0.84259 0.475698
1541976488.518601 1.944023 -1.259312 0.863313 0.012008 -0.252515 0.842208 0.476211
1541976488.523601 1.94486 -1.260287 0.86386 0.011258 -0.254034 0.841791 0.476159
1541976488.528601 1.945623 -1.261034 0.864239 0.011557 -0.254122 0.841108 0.477312
1541976488.533602 1.946267 -1.2619 0.864614 0.010388 -0.252668 0.840324 0.479485
1541976488.538602 1.947143 -1.262943 0.864959 0.008244 -0.251259 0.839132 0.482347
1541976488.543606 1.947741 -1.263776 0.865229 0.009859 -0.250622 0.839552 0.481917
1541976488.548612 1.94833 -1.264609 0.865429 0.009107 -0.248536 0.838832 0.48426
1541976488.55362 1.94899 -1.265482 0.865806 0.007229 -0.250811 0.837897 0.484737
1541976488.558628 1.949538 -1.266512 0.866167 0.004823 -0.249022 0.836577 0.48796
1541976488.563634 1.950042 -1.267376 0.866312 0.007484 -0.248272 0.837326 0.487022
1541976488.568642 1.950707 -1.268414 0.866324 0.007252 -0.246223 0.837708 0.487409
1541976488.573649 1.951171 -1.269436 0.866541 0.003511 -0.245137 0.836577 0.489933
1541976488.578641 1.95169 -1.270388 0.866688 0.002049 -0.247797 0.835919 0.489727
1541976488.583621 1.952124 -1.271364 0.866785 0.000132 -0.24758 0.835437 0.490662
1541976488.588603 1.952614 -1.272417 0.866776 0.002052 -0.245679 0.836508 0.489788
1541976488.593587 1.953077 -1.273531 0.866757 -0.000957 -0.245891 0.836255 0.490117
1541976488.598572 1.953288 -1.274645 0.866932 -0.004208 -0.24633 0.835325 0.491464
1541976488.603564 1.953504 -1.275781 0.866926 -0.001477 -0.243192 0.836653 0.490783
1541976488.608568 1.953874 -1.276931 0.866841 -0.004714 -0.244308 0.836064 0.49121
1541976488.613579 1.954233 -1.278046 0.866816 -0.004347 -0.246558 0.835268 0.491445
1541976488.61859 1.954539 -1.2792 0.866807 -0.005578 -0.247344 0.835551 0.490554
1541976488.623603 1.954536 -1.280419 0.866834 -0.007044 -0.245379 0.835289 0.491966
1541976488.628614 1.954683 -1.281543 0.866739 -0.005593 -0.24512 0.835726 0.491372
1541976488.633624 1.954809 -1.282652 0.866654 -0.004952 -0.247056 0.835247 0.491223
1541976488.638631 1.954854 -1.283912 0.866598 -0.004963 -0.247497 0.835828 0.490012
1541976488.643634 1.954785 -1.285228 0.866554 -0.006442 -0.245081 0.836023 0.490876
1541976488.648635 1.954663 -1.286438 0.866606 -0.006341 -0.247229 0.835664 0.490412
1541976488.653643 1.954615 -1.287714 0.866489 -0.007554 -0.245825 0.836214 0.490162
1541976488.658646 1.954384 -1.288989 0.866597 -0.006999 -0.248093 0.835718 0.489873
1541976488.663654 1.954128 -1.290236 0.866465 -0.005167 -0.247253 0.836157 0.489572
1541976488.66866 1.95362 -1.291412 0.866574 -0.004359 -0.248292 0.836314 0.488785
1541976488.673658 1.953416 -1.292794 0.86643 -0.006846 -0.247155 0.836339 0.489289
1541976488.678651 1.952987 -1.294167 0.866468 -0.004904 -0.246226 0.837207 0.488297
1541976488.683641 1.952501 -1.295476 0.866452 -0.006148 -0.246394 0.836635 0.489177
1541976488.688628 1.951943 -1.296845 0.866374 -0.005004 -0.245157 0.838132 0.487244
1541976488.693612 1.951213 -1.298124 0.866429 -0.004661 -0.245415 0.837291 0.488562
1541976488.698602 1.950575 -1.299523 0.866351 -0.00543 -0.243744 0.837981 0.488209
1541976488.703597 1.949805 -1.300866 0.866218 -0.001644 -0.242258 0.839227 0.486833
1541976488.708592 1.948917 -1.302169 0.866291 -0.00121 -0.244782 0.838194 0.487351
1541976488.713586 1.948348 -1.303634 0.866157 -0.00241 -0.245327 0.838888 0.485876
1541976488.718583 1.947284 -1.304905 0.866016 0.000902 -0.244603 0.839522 0.485151
1541976488.723583 1.946276 -1.306366 0.866066 -0.000542 -0.243033 0.839201 0.486493
1541976488.728584 1.945351 -1.307745 0.865991 9.1e-05 -0.246006 0.839287 0.484848
1541976488.733591 1.944297 -1.309085 0.865844 0.001745 -0.246321 0.839624 0.484101
1541976488.738605 1.943193 -1.310521 0.865697 0.002015 -0.245448 0.840214 0.483521
1541976488.743619 1.942099 -1.311881 0.865628 0.002091 -0.248392 0.840046 0.482308
1541976488.748632 1.940811 -1.313193 0.865572 0.002336 -0.247877 0.840285 0.482155
1541976488.753646 1.939617 -1.314574 0.865341 0.005075 -0.248519 0.840298 0.481779
1541976488.758655 1.938332 -1.315744 0.865161 0.006706 -0.248792 0.840742 0.480844
1541976488.763659 1.93698 -1.317071 0.8651 0.007464 -0.247567 0.840487 0.481909
1541976488.768664 1.93559 -1.31828 0.865079 0.007441 -0.248456 0.840569 0.481309
1541976488.773663 1.934191 -1.319446 0.865002 0.008139 -0.250627 0.839758 0.481588
1541976488.778658 1.932768 -1.320535 0.864849 0.009622 -0.251762 0.839856 0.480796
1541976488.783669 1.931372 -1.321618 0.86463 0.011367 -0.250233 0.839311 0.482505
1541976488.788671 1.930015 -1.322819 0.86457 0.010658 -0.249166 0.839896 0.482054
1541976488.793664 1.928431 -1.323702 0.864587 0.010529 -0.251397 0.838983 0.482489
1541976488.798651 1.927016 -1.324709 0.864525 0.011598 -0.25304 0.838727 0.482051
1541976488.803636 1.925475 -1.325752 0.864494 0.011029 -0.251635 0.838305 0.483532
1541976488.808627 1.923926 -1.326758 0.864539 0.009663 -0.252503 0.838158 0.483363
1541976488.813626 1.922417 -1.327804 0.864634 0.010157 -0.252185 0.838067 0.483677
1541976488.818624 1.920801 -1.328574 0.864446 0.011689 -0.25209 0.837999 0.48381
1541976488.823618 1.919314 -1.329618 0.864509 0.011826 -0.250402 0.838231 0.484281
1541976488.828615 1.91757 -1.330417 0.864785 0.012738 -0.252158 0.837341 0.484886
1541976488.833616 1.915951 -1.331403 0.864982 0.011218 -0.251897 0.837271 0.485179
1541976488.838616 1.914559 -1.33224 0.865098 0.010692 -0.25313 0.836442 0.48598
1541976488.843613 1.912775 -1.333062 0.86538 0.01132 -0.253177 0.836253 0.486266
1541976488.848611 1.911196 -1.334046 0.865725 0.010821 -0.252372 0.836278 0.486653
1541976488.853607 1.909485 -1.334846 0.865995 0.014176 -0.251484 0.835737 0.487953
1541976488.858604 1.907804 -1.335765 0.86631 0.012137 -0.24999 0.835649 0.488925
1541976488.863599 1.906082 -1.336743 0.866769 0.012883 -0.2498 0.83593 0.488523
1541976488.868596 1.90445 -1.337552 0.867036 0.013029 -0.250384 0.835526 0.488911
1541976488.873593 1.902895 -1.338471 0.867367 0.013012 -0.249462 0.834951 0.490363
1541976488.878592 1.901095 -1.339372 0.867798 0.012521 -0.248749 0.834692 0.491179
1541976488.883592 1.899635 -1.340282 0.868163 0.012874 -0.251135 0.834358 0.490523
1541976488.888596 1.898063 -1.341126 0.86841 0.015282 -0.25124 0.833709 0.491503
1541976488.893602 1.896362 -1.342055 0.868767 0.015765 -0.247868 0.834246 0.492287
1541976488.89861 1.894656 -1.342912 0.869111 0.017683 -0.252131 0.833198 0.491832
1541976488.903612 1.892865 -1.34385 0.86953 0.018541 -0.252705 0.83292 0.491977
1541976488.908614 1.891344 -1.344765 0.869712 0.016746 -0.251666 0.832343 0.493547
1541976488.913616 1.889437 -1.345611 0.87004 0.019459 -0.249887 0.83297 0.493294
1541976488.918614 1.887965 -1.346581 0.870342 0.018857 -0.25205 0.831668 0.494412
1541976488.92361 1.886289 -1.347396 0.870661 0.016769 -0.253706 0.83116 0.494495
1541976488.928613 1.88458 -1.348283 0.870788 0.017664 -0.252612 0.831088 0.495145
1541976488.933613 1.883014 -1.34917 0.87102 0.019888 -0.253069 0.831086 0.49483
1541976488.938609 1.881215 -1.349947 0.871269 0.020748 -0.254943 0.830413 0.494962
1541976488.943602 1.879511 -1.350908 0.871417 0.020635 -0.254685 0.830423 0.495082
1541976488.948591 1.877862 -1.351636 0.871582 0.020867 -0.256469 0.829619 0.4955
1541976488.953582 1.87589 -1.352409 0.871744 0.022617 -0.252985 0.829057 0.498148
1541976488.958573 1.874405 -1.353269 0.871792 0.019585 -0.256917 0.827928 0.498143
1541976488.963569 1.872686 -1.354055 0.871783 0.018208 -0.257009 0.827018 0.499655
1541976488.968566 1.870962 -1.35485 0.871896 0.019113 -0.256825 0.826778 0.500113
1541976488.973567 1.869238 -1.355517 0.871833 0.021434 -0.258951 0.826192 0.499891
1541976488.978573 1.867568 -1.356255 0.871688 0.020986 -0.259653 0.825525 0.500648
1541976488.983583 1.865818 -1.357021 0.871689 0.019735 -0.2586 0.825056 0.502014
1541976488.988596 1.864128 -1.357725 0.871638 0.019327 -0.258208 0.824616 0.502955
1541976488.993609 1.862366 -1.358379 0.871483 0.020596 -0.260796 0.823416 0.503534
1541976488.998618 1.860405 -1.359028 0.871463 0.020909 -0.26081 0.822849 0.50444
1541976489.003628 1.858823 -1.3598 0.871316 0.018616 -0.259659 0.822263 0.506077
1541976489.008633 1.857001 -1.360405 0.871049 0.017525 -0.261062 0.821191 0.507134
1541976489.013644 1.855232 -1.361037 0.870856 0.018471 -0.262528 0.82046 0.507526
1541976489.018648 1.853839 -1.361708 0.870463 0.015098 -0.261578 0.819807 0.509181
1541976489.023639 1.851914 -1.36226 0.870162 0.014872 -0.262899 0.819266 0.509378
1541976489.028625 1.850263 -1.362894 0.86987 0.015909 -0.26603 0.818675 0.508671
1541976489.03361 1.848588 -1.363355 0.869427 0.015473 -0.26351 0.81791 0.511221
1541976489.038593 1.846793 -1.36381 0.869169 0.013588 -0.26673 0.816265 0.512232
1541976489.043579 1.845212 -1.364399 0.86874 0.010874 -0.267455 0.815155 0.513685
1541976489.048571 1.843371 -1.364836 0.868413 0.010375 -0.267927 0.81479 0.514028
1541976489.053565 1.841764 -1.365334 0.86816 0.009354 -0.270761 0.813068 0.515288
1541976489.058558 1.839947 -1.365728 0.867759 0.010051 -0.26979 0.812153 0.517223
1541976489.063557 1.838594 -1.366116 0.867232 0.008734 -0.271813 0.811336 0.51747
1541976489.068567 1.836906 -1.366511 0.866808 0.007794 -0.272411 0.811039 0.517636
1541976489.073577 1.835156 -1.366911 0.866489 0.006015 -0.273242 0.808409 0.521323
1541976489.078587 1.833633 -1.367394 0.866127 0.003968 -0.271045 0.808462 0.522406
1541976489.083596 1.831928 -1.367706 0.865816 0.003397 -0.273402 0.807532 0.52262
1541976489.088615 1.830553 -1.368147 0.86533 0.00344 -0.273845 0.807113 0.523035
1541976489.093629 1.828869 -1.368481 0.86515 0.003067 -0.273156 0.806439 0.524435
1541976489.098638 1.827279 -1.368869 0.864814 0.002059 -0.274217 0.805486 0.52535
1541976489.103648 1.825673 -1.369331 0.864563 0.000509 -0.272924 0.805092 0.526629
1541976489.10866 1.824095 -1.369662 0.864221 -0.002288 -0.273407 0.803448 0.528881
1541976489.113674 1.822591 -1.370014 0.863997 -0.003628 -0.274962 0.802644 0.529288
1541976489.118681 1.821054 -1.370446 0.863665 -0.004576 -0.273899 0.802847 0.529523
1541976489.12368 1.819524 -1.37074 0.863472 -0.00441 -0.273326 0.80179 0.531419
1541976489.128674 1.817689 -1.371236 0.863302 -0.00539 -0.272743 0.800881 0.533077
1541976489.133671 1.816237 -1.371698 0.862944 -0.004474 -0.271429 0.80049 0.534342
1541976489.138664 1.814772 -1.372069 0.862591 -0.00541 -0.27268 0.800659 0.533443
1541976489.143654 1.813242 -1.372557 0.862383 -0.005549 -0.274141 0.799158 0.534941
1541976489.148642 1.811588 -1.373035 0.862082 -0.005538 -0.272469 0.798955 0.536098
1541976489.153633 1.810348 -1.373466 0.861659 -0.006798 -0.274133 0.798519 0.535884
1541976489.158626 1.808606 -1.373871 0.861453 -0.006133 -0.274526 0.79847 0.535765
1541976489.163615 1.806941 -1.374358 0.861196 -0.007944 -0.274843 0.79684 0.538
1541976489.168603 1.805519 -1.37486 0.860709 -0.007597 -0.27344 0.79736 0.53795
1541976489.173591 1.804003 -1.375294 0.860381 -0.007835 -0.275684 0.796478 0.538108
1541976489.178584 1.802411 -1.375865 0.859876 -0.007494 -0.276877 0.797019 0.536698
1541976489.183581 1.800784 -1.376332 0.859606 -0.008805 -0.275431 0.796453 0.53826
1541976489.188584 1.799195 -1.376789 0.859221 -0.009271 -0.276723 0.794783 0.540054
1541976489.193592 1.797659 -1.377282 0.858617 -0.010221 -0.275508 0.796492 0.538138
1541976489.1986 1.795972 -1.377703 0.858255 -0.010069 -0.277047 0.795731 0.538475
1541976489.203606 1.794382 -1.378171 0.857784 -0.010863 -0.277401 0.794357 0.540303
1541976489.208612 1.792986 -1.378735 0.857308 -0.013537 -0.278678 0.793888 0.540275
1541976489.213624 1.791055 -1.379108 0.856867 -0.011362 -0.277607 0.794083 0.54059
1541976489.218635 1.789538 -1.379544 0.85643 -0.013683 -0.27868 0.793466 0.540889
1541976489.223642 1.788073 -1.379988 0.855899 -0.014363 -0.279418 0.792988 0.541193
1541976489.228652 1.786451 -1.380379 0.855356 -0.015945 -0.279821 0.792026 0.542348
1541976489.233643 1.784602 -1.380757 0.855057 -0.016795 -0.278081 0.792235 0.542911
1541976489.23863 1.78318 -1.381191 0.854512 -0.016692 -0.281543 0.791707 0.5419
1541976489.243615 1.781499 -1.381541 0.85403 -0.017743 -0.28033 0.791403 0.542937
1541976489.248598 1.779743 -1.381898 0.85367 -0.01662 -0.280631 0.790868 0.543598
1541976489.253582 1.777922 -1.382361 0.853283 -0.017722 -0.279447 0.790401 0.544849
1541976489.258572 1.776239 -1.382589 0.852845 -0.017544 -0.279735 0.789863 0.545487
1541976489.263562 1.774807 -1.383003 0.852267 -0.020537 -0.28285 0.789083 0.544906
1541976489.268556 1.772957 -1.383434 0.851819 -0.018075 -0.278604 0.790673 0.544875
1541976489.273557 1.771177 -1.383695 0.851327 -0.020292 -0.282843 0.788871 0.545224
1541976489.27857 1.769382 -1.384088 0.850965 -0.022032 -0.280406 0.789714 0.545196
1541976489.283585 1.767732 -1.384383 0.85047 -0.020745 -0.283231 0.788671 0.545297
1541976489.288603 1.765946 -1.384707 0.849925 -0.020506 -0.281454 0.789802 0.544588
1541976489.293621 1.764138 -1.384896 0.849599 -0.020221 -0.283128 0.788259 0.545965
1541976489.298636 1.76227 -1.385301 0.849084 -0.022121 -0.281914 0.787973 0.546931
1541976489.303652 1.760437 -1.385484 0.848747 -0.021004 -0.282206 0.788281 0.54638
1541976489.308664 1.758667 -1.385716 0.848236 -0.022506 -0.284956 0.787383 0.546188
1541976489.313666 1.75674 -1.386003 0.84781 -0.020581 -0.281397 0.788584 0.546377
1541976489.318663 1.754886 -1.386209 0.84737 -0.022439 -0.283919 0.786784 0.547593
1541976489.323654 1.753008 -1.38644 0.846879 -0.022623 -0.282738 0.787898 0.546593
1541976489.328642 1.751328 -1.386587 0.846412 -0.023842 -0.285856 0.78654 0.546876
1541976489.333626 1.749378 -1.386719 0.845929 -0.023025 -0.284852 0.787427 0.546157
1541976489.338613 1.747408 -1.386866 0.845573 -0.024339 -0.285632 0.785463 0.548517
1541976489.3436 1.745403 -1.387047 0.845077 -0.02449 -0.283386 0.786513 0.54817
1541976489.348585 1.743687 -1.387073 0.84468 -0.025428 -0.287638 0.784281 0.549109
1541976489.353569 1.741453 -1.387227 0.844289 -0.024881 -0.284346 0.785386 0.54927
1541976489.358552 1.739669 -1.387213 0.843859 -0.02386 -0.286275 0.784467 0.549625
1541976489.363539 1.737594 -1.387392 0.84343 -0.024594 -0.285547 0.784724 0.549605
1541976489.368531 1.735558 -1.387337 0.843161 -0.023219 -0.284429 0.783504 0.551981
1541976489.373525 1.733415 -1.387396 0.84281 -0.023859 -0.286435 0.783676 0.550671
1541976489.378522 1.73151 -1.387416 0.842337 -0.022897 -0.285613 0.783816 0.550938
1541976489.383525 1.729322 -1.387526 0.841904 -0.021603 -0.284785 0.78426 0.550788
1541976489.388538 1.727481 -1.387565 0.841413 -0.022312 -0.284387 0.783565 0.551953
1541976489.393552 1.725263 -1.387602 0.841033 -0.024047 -0.284976 0.78262 0.552916
1541976489.398566 1.723147 -1.387537 0.84068 -0.023955 -0.284273 0.781869 0.554343
1541976489.403581 1.720947 -1.387634 0.840108 -0.02381 -0.283789 0.782131 0.554227
1541976489.408593 1.718898 -1.387534 0.839681 -0.022656 -0.28543 0.782807 0.552476
1541976489.413606 1.716661 -1.387568 0.839091 -0.02237 -0.284345 0.782883 0.552939
1541976489.418615 1.714676 -1.387438 0.838677 -0.022915 -0.28764 0.781575 0.553064
1541976489.42362 1.712402 -1.387595 0.838023 -0.022824 -0.284764 0.781614 0.554498
1541976489.428623 1.710215 -1.387493 0.83761 -0.022446 -0.287816 0.78114 0.553605
1541976489.433623 1.707769 -1.387449 0.83709 -0.022031 -0.286249 0.780849 0.554843
1541976489.438618 1.705551 -1.387271 0.836636 -0.022355 -0.288024 0.779759 0.555444
1541976489.443603 1.703398 -1.387181 0.835981 -0.021463 -0.288833 0.780453 0.554083
1541976489.448589 1.701105 -1.387213 0.835368 -0.021652 -0.288689 0.78032 0.554338
1541976489.453576 1.698997 -1.387057 0.83483 -0.022353 -0.28964 0.779576 0.554861
1541976489.458564 1.696641 -1.386882 0.834131 -0.021911 -0.28961 0.779227 0.555383
1541976489.463552 1.694344 -1.386556 0.833793 -0.02192 -0.291406 0.778953 0.554829
1541976489.468545 1.69185 -1.386396 0.833229 -0.02208 -0.290997 0.77776 0.556707
1541976489.473542 1.689553 -1.386149 0.832675 -0.021178 -0.290544 0.778259 0.556281
1541976489.47854 1.687264 -1.385939 0.832098 -0.021616 -0.291733 0.778945 0.55468
1541976489.483542 1.684826 -1.385552 0.831646 -0.02213 -0.289788 0.778071 0.556901
1541976489.488554 1.682852 -1.385357 0.830945 -0.023812 -0.291609 0.777054 0.557301
1541976489.493567 1.680473 -1.384835 0.830518 -0.02437 -0.29304 0.776979 0.556631
1541976489.49858 1.677953 -1.384543 0.830095 -0.024409 -0.291365 0.776588 0.558051
1541976489.503592 1.675828 -1.384074 0.82959 -0.024697 -0.293079 0.776072 0.557859
1541976489.508608 1.67349 -1.383637 0.829074 -0.025573 -0.291008 0.775633 0.559511
1541976489.513622 1.671256 -1.383291 0.828578 -0.02658 -0.292154 0.774882 0.559909
1541976489.51863 1.66902 -1.38264 0.82809 -0.024598 -0.292121 0.776036 0.558416
1541976489.523632 1.66665 -1.382231 0.827657 -0.025458 -0.293066 0.775206 0.559034
1541976489.528629 1.664196 -1.38172 0.827299 -0.026027 -0.292793 0.775013 0.559419
1541976489.53362 1.662147 -1.381122 0.82666 -0.025632 -0.292446 0.774622 0.560161
1541976489.538608 1.659894 -1.380587 0.82634 -0.025599 -0.293462 0.77409 0.560365
1541976489.543592 1.657643 -1.380038 0.825928 -0.026516 -0.293126 0.774018 0.560598
1541976489.548579 1.655189 -1.379442 0.825595 -0.025272 -0.292287 0.77425 0.560774
1541976489.553565 1.653322 -1.378637 0.825169 -0.028193 -0.293662 0.772722 0.562021
1541976489.558547 1.651001 -1.377993 0.824957 -0.02793 -0.293254 0.772553 0.562481
1541976489.563533 1.648871 -1.377309 0.824586 -0.029444 -0.292659 0.772434 0.562876
1541976489.568518 1.646771 -1.376534 0.82425 -0.030088 -0.291797 0.77203 0.563844
1541976489.573512 1.644756 -1.375855 0.824026 -0.029125 -0.293149 0.772201 0.562958
1541976489.578514 1.642428 -1.374976 0.823923 -0.030041 -0.291721 0.770753 0.565629
1541976489.583531 1.640464 -1.374204 0.823823 -0.030516 -0.290122 0.769004 0.568798
1541976489.588558 1.638468 -1.373362 0.823443 -0.033412 -0.293832 0.770327 0.564928
1541976489.593585 1.636683 -1.372595 0.82332 -0.031816 -0.295572 0.769293 0.565521
1541976489.59861 1.634434 -1.37176 0.823279 -0.031792 -0.29462 0.769238 0.566093
1541976489.603628 1.632608 -1.371008 0.823143 -0.034085 -0.296482 0.767136 0.567837
1541976489.60864 1.630584 -1.37014 0.823098 -0.032722 -0.296616 0.767127 0.567859
1541976489.613646 1.628504 -1.369431 0.822992 -0.033312 -0.296262 0.766893 0.568326
1541976489.618642 1.626657 -1.368613 0.823007 -0.033362 -0.297716 0.765622 0.569276
1541976489.623634 1.624569 -1.367831 0.823006 -0.03106 -0.297729 0.765907 0.569017
1541976489.628623 1.622922 -1.367024 0.822879 -0.031987 -0.299109 0.7661 0.567979
1541976489.633609 1.620676 -1.366271 0.822976 -0.02956 -0.296038 0.766366 0.56936
1541976489.638594 1.618789 -1.365584 0.822896 -0.033331 -0.296921 0.765523 0.569826
1541976489.64358 1.616973 -1.364779 0.822845 -0.033179 -0.297326 0.764679 0.570756
1541976489.648575 1.614966 -1.36406 0.822785 -0.033354 -0.29705 0.764646 0.570934
1541976489.65357 1.612872 -1.363224 0.822846 -0.035748 -0.293867 0.76357 0.573868
1541976489.658561 1.611025 -1.362485 0.822776 -0.034266 -0.294673 0.764762 0.571956
1541976489.663556 1.608928 -1.361667 0.822614 -0.038574 -0.292435 0.763238 0.574858
1541976489.668554 1.607195 -1.360915 0.822645 -0.036588 -0.293631 0.76354 0.573975
1541976489.673555 1.60521 -1.360097 0.822558 -0.038577 -0.293303 0.762199 0.575793
1541976489.678558 1.603402 -1.359314 0.822537 -0.037755 -0.293011 0.763139 0.57475
1541976489.683566 1.601383 -1.358451 0.822528 -0.038417 -0.29226 0.762234 0.576287
1541976489.688575 1.599465 -1.357785 0.822461 -0.040776 -0.2928 0.761644 0.576632
1541976489.693589 1.597574 -1.356946 0.822447 -0.040282 -0.292783 0.762162 0.57599
1541976489.698604 1.59562 -1.356444 0.822592 -0.045127 -0.293389 0.758933 0.579575
1541976489.703617 1.593754 -1.355694 0.822512 -0.045302 -0.291909 0.759953 0.578971
1541976489.708629 1.59198 -1.355071 0.822495 -0.04523 -0.2941 0.759233 0.578813
1541976489.71364 1.590063 -1.354532 0.822443 -0.046854 -0.292806 0.758999 0.579646
1541976489.718645 1.588187 -1.35406 0.822458 -0.045472 -0.290973 0.760569 0.578621
1541976489.723646 1.586551 -1.353312 0.822463 -0.048261 -0.293566 0.759494 0.578497
1541976489.728646 1.584533 -1.353059 0.822254 -0.046469 -0.290274 0.759361 0.580476
1541976489.733643 1.582788 -1.352639 0.822424 -0.048237 -0.290377 0.75899 0.580765
1541976489.738633 1.581019 -1.352072 0.822287 -0.047882 -0.290575 0.758777 0.580974
1541976489.743617 1.579133 -1.351693 0.822301 -0.046118 -0.289939 0.759324 0.580719
1541976489.748601 1.577284 -1.351277 0.822422 -0.048881 -0.286919 0.759622 0.581604
1541976489.753585 1.575589 -1.351104 0.822378 -0.049027 -0.287138 0.758226 0.583302
1541976489.758577 1.573778 -1.350444 0.822542 -0.047244 -0.286911 0.760513 0.580578
1541976489.763573 1.572221 -1.350071 0.822592 -0.048651 -0.289273 0.760462 0.579354
1541976489.768577 1.570316 -1.349894 0.82264 -0.047907 -0.285131 0.761077 0.580661
1541976489.773585 1.568516 -1.349489 0.82276 -0.046156 -0.284795 0.761762 0.580069
1541976489.778591 1.56694 -1.349234 0.822788 -0.044643 -0.286016 0.76156 0.579853
1541976489.783606 1.565248 -1.348944 0.823034 -0.044794 -0.286209 0.761913 0.579281
1541976489.788617 1.563709 -1.34876 0.823108 -0.046559 -0.285437 0.761458 0.58012
1541976489.793623 1.561757 -1.348677 0.823218 -0.042222 -0.282421 0.762733 0.580254
1541976489.798624 1.56046 -1.348248 0.823161 -0.041836 -0.286951 0.762889 0.577849
1541976489.80362 1.558782 -1.348107 0.823268 -0.043565 -0.285048 0.763906 0.577319
1541976489.80862 1.557229 -1.347977 0.823476 -0.045042 -0.286903 0.763303 0.577084
1541976489.813616 1.555696 -1.347782 0.823596 -0.04195 -0.28682 0.764284 0.576059
1541976489.818615 1.55408 -1.347618 0.823828 -0.041506 -0.285923 0.764495 0.576258
1541976489.823613 1.552492 -1.347546 0.824133 -0.042537 -0.282996 0.764574 0.577521
1541976489.828608 1.550879 -1.34736 0.824303 -0.039353 -0.282657 0.765549 0.576621
1541976489.833603 1.549477 -1.34727 0.824508 -0.038106 -0.284535 0.766959 0.573901
1541976489.838601 1.548235 -1.347125 0.824776 -0.039476 -0.288187 0.766452 0.572662
1541976489.843601 1.546606 -1.347179 0.824982 -0.03628 -0.284812 0.768219 0.572194
1541976489.848601 1.545211 -1.347112 0.825393 -0.034761 -0.28672 0.767462 0.572351
1541976489.853607 1.543754 -1.347006 0.825624 -0.035266 -0.283864 0.768282 0.572643
1541976489.858616 1.542391 -1.347034 0.825872 -0.035107 -0.282869 0.768109 0.573377
1541976489.86362 1.541129 -1.346975 0.826219 -0.033709 -0.283917 0.768696 0.572155
1541976489.86862 1.539598 -1.346964 0.82663 -0.032077 -0.282455 0.770003 0.571214
1541976489.873616 1.538421 -1.346929 0.82676 -0.031788 -0.28172 0.771035 0.5702
1541976489.87861 1.536968 -1.346926 0.82723 -0.030258 -0.279883 0.772217 0.569589
1541976489.883613 1.535905 -1.346846 0.827444 -0.030529 -0.281767 0.772765 0.567899
1541976489.888617 1.534622 -1.346836 0.827691 -0.031011 -0.281061 0.772784 0.568197
1541976489.893617 1.533466 -1.346687 0.827916 -0.030189 -0.282014 0.773732 0.566477
1541976489.898618 1.532193 -1.346774 0.828263 -0.029281 -0.281341 0.774374 0.565982
1541976489.903616 1.531144 -1.346692 0.828439 -0.029473 -0.281603 0.774332 0.565899
1541976489.908622 1.529865 -1.346874 0.828783 -0.028631 -0.280054 0.775457 0.56517
1541976489.913628 1.528735 -1.346734 0.829002 -0.02732 -0.280815 0.775988 0.564127
1541976489.918628 1.527644 -1.346754 0.829246 -0.02785 -0.281183 0.776007 0.563891
1541976489.923623 1.526665 -1.346782 0.829515 -0.02788 -0.282745 0.775656 0.563592
1541976489.928619 1.525418 -1.346888 0.8299 -0.025397 -0.280934 0.776542 0.563395
1541976489.933623 1.524493 -1.346892 0.830009 -0.026451 -0.282534 0.776671 0.562368
1541976489.938624 1.523483 -1.346884 0.83025 -0.026106 -0.282737 0.776866 0.562012
1541976489.943627 1.522405 -1.346857 0.830622 -0.024406 -0.282867 0.777232 0.561517
1541976489.948622 1.521435 -1.346937 0.830788 -0.023863 -0.281843 0.77768 0.561435
1541976489.953617 1.520535 -1.346761 0.831053 -0.023857 -0.284812 0.777409 0.560311
1541976489.958614 1.519643 -1.346814 0.831295 -0.02434 -0.284349 0.777219 0.560788
1541976489.963614 1.518586 -1.346897 0.8316 -0.022636 -0.28291 0.778008 0.560494
1541976489.968612 1.517787 -1.346915 0.831788 -0.023753 -0.28383 0.777717 0.560386
1541976489.973607 1.516842 -1.346896 0.832087 -0.023368 -0.282726 0.778044 0.560507
1541976489.978607 1.51601 -1.346876 0.832346 -0.023986 -0.283389 0.777972 0.560245
1541976489.983612 1.515155 -1.346917 0.832565 -0.023343 -0.283158 0.778216 0.56005
1541976489.988618 1.514362 -1.346872 0.832843 -0.023073 -0.283809 0.778184 0.559776
1541976489.993619 1.513584 -1.346908 0.833062 -0.022633 -0.283952 0.77834 0.559505
1541976489.99862 1.51271 -1.347046 0.833354 -0.021716 -0.282563 0.778594 0.559892
1541976490.00362 1.511818 -1.347147 0.833646 -0.020296 -0.281535 0.77893 0.559995
1541976490.008625 1.51118 -1.347123 0.833817 -0.022138 -0.282194 0.778474 0.560227
1541976490.013633 1.510476 -1.347126 0.834038 -0.021478 -0.281968 0.778632 0.560148
1541976490.018638 1.509766 -1.347205 0.834261 -0.021294 -0.282455 0.778859 0.559593
1541976490.023643 1.50898 -1.347362 0.8346 -0.020919 -0.28201 0.779751 0.558588
1541976490.028646 1.508343 -1.347401 0.83479 -0.019821 -0.282681 0.779574 0.558536
1541976490.033655 1.507697 -1.347452 0.834996 -0.020318 -0.282481 0.779817 0.558281
1541976490.03866 1.507126 -1.34753 0.835176 -0.02068 -0.282901 0.780136 0.557608
1541976490.043659 1.50647 -1.347534 0.83541 -0.020021 -0.282779 0.780153 0.55767
1541976490.04865 1.505866 -1.347573 0.835588 -0.019274 -0.283045 0.780467 0.557122
1541976490.053643 1.505324 -1.347621 0.835842 -0.019455 -0.284463 0.780487 0.556365
1541976490.058628 1.504771 -1.347673 0.836087 -0.018952 -0.284135 0.78061 0.556378
1541976490.063623 1.504332 -1.347658 0.836258 -0.019523 -0.285836 0.780382 0.555807
1541976490.068614 1.503818 -1.34772 0.836418 -0.018941 -0.286167 0.780462 0.555544
1541976490.073603 1.503194 -1.347755 0.836603 -0.017685 -0.284626 0.780857 0.555822
1541976490.078595 1.502687 -1.347832 0.836842 -0.017271 -0.283133 0.781049 0.556327
1541976490.083588 1.502196 -1.347929 0.837115 -0.016643 -0.282116 0.780978 0.556962
1541976490.088586 1.50189 -1.347924 0.837341 -0.018014 -0.28252 0.780422 0.557494
1541976490.093593 1.501493 -1.347913 0.837564 -0.018373 -0.282666 0.780716 0.556996
1541976490.098599 1.501143 -1.347948 0.837816 -0.018491 -0.283045 0.780571 0.557003
1541976490.10361 1.500792 -1.347945 0.838019 -0.018345 -0.282836 0.780727 0.556896
1541976490.108631 1.500439 -1.347977 0.838312 -0.018 -0.282406 0.781043 0.556682
1541976490.113652 1.500108 -1.348012 0.838618 -0.017775 -0.282264 0.781071 0.556722
1541976490.118673 1.499795 -1.34804 0.838932 -0.01743 -0.281845 0.781178 0.556795
1541976490.123693 1.499516 -1.348176 0.839193 -0.017605 -0.280603 0.781168 0.557431
1541976490.128704 1.499352 -1.348171 0.839425 -0.018606 -0.281233 0.78109 0.55719
1541976490.133701 1.499131 -1.348236 0.839714 -0.01827 -0.280772 0.781439 0.556944
1541976490.138685 1.49898 -1.348221 0.840043 -0.018589 -0.281342 0.781503 0.556556
1541976490.143664 1.498839 -1.348212 0.840353 -0.019106 -0.281078 0.781784 0.556278
1541976490.14864 1.49871 -1.348238 0.840634 -0.019018 -0.2814 0.781674 0.556272
1541976490.153615 1.498574 -1.348333 0.840983 -0.018568 -0.281246 0.781523 0.556577
1541976490.158595 1.498509 -1.348371 0.841294 -0.01845 -0.280398 0.781634 0.556852
1541976490.16358 1.498459 -1.348459 0.841658 -0.017954 -0.279731 0.781801 0.55697
1541976490.168577 1.498488 -1.348535 0.842017 -0.01782 -0.279935 0.781796 0.556878
1541976490.17358 1.498585 -1.348584 0.842386 -0.018185 -0.280622 0.781706 0.556647
1541976490.178584 1.498663 -1.348639 0.842742 -0.017771 -0.280784 0.781737 0.556535
1541976490.183586 1.498835 -1.34864 0.84303 -0.018148 -0.28126 0.781465 0.556664
1541976490.188588 1.498964 -1.348712 0.843446 -0.017862 -0.280255 0.781687 0.556869
1541976490.19359 1.499126 -1.348818 0.843896 -0.017557 -0.279956 0.782076 0.556483
1541976490.198591 1.499394 -1.348926 0.844307 -0.017573 -0.280924 0.781988 0.556118
1541976490.203593 1.499665 -1.348944 0.844669 -0.017376 -0.280627 0.782154 0.556041
1541976490.208606 1.49996 -1.349026 0.845108 -0.017369 -0.280292 0.782057 0.556346
1541976490.213618 1.500312 -1.349144 0.845551 -0.017375 -0.280829 0.782109 0.556002
1541976490.218628 1.5007 -1.349268 0.845981 -0.017027 -0.281473 0.782108 0.555689
1541976490.223637 1.501026 -1.349362 0.846376 -0.016288 -0.280477 0.782799 0.555241
1541976490.228639 1.501482 -1.349449 0.846821 -0.016534 -0.281107 0.782795 0.554921
1541976490.233639 1.501881 -1.349581 0.847255 -0.015743 -0.280317 0.78337 0.554532
1541976490.238632 1.502361 -1.349675 0.847599 -0.015761 -0.279335 0.783688 0.554577
1541976490.243622 1.502921 -1.349683 0.848079 -0.01594 -0.280926 0.783293 0.554327
1541976490.248609 1.503463 -1.349823 0.848501 -0.01566 -0.280701 0.783487 0.554175
1541976490.253596 1.503937 -1.349999 0.848946 -0.014851 -0.279961 0.784058 0.553764
1541976490.258589 1.504574 -1.350105 0.849354 -0.015312 -0.280886 0.78395 0.553435
1541976490.263586 1.505186 -1.35012 0.84974 -0.015217 -0.282424 0.783697 0.553013
1541976490.268595 1.505869 -1.350162 0.850032 -0.015703 -0.282033 0.783671 0.553236
1541976490.273602 1.506511 -1.350304 0.850437 -0.015049 -0.282353 0.783816 0.552886
1541976490.278606 1.50715 -1.350422 0.850756 -0.015139 -0.282444 0.783961 0.552631
1541976490.283609 1.507895 -1.35044 0.851029 -0.015974 -0.282725 0.784039 0.552353
1541976490.288612 1.508657 -1.350534 0.851366 -0.016177 -0.283144 0.78382 0.552443
1541976490.293616 1.509273 -1.350684 0.851696 -0.014656 -0.282538 0.784395 0.55198
1541976490.298626 1.510101 -1.350836 0.851958 -0.016669 -0.283605 0.78413 0.551752
1541976490.30363 1.510951 -1.350831 0.852258 -0.016495 -0.286268 0.78339 0.551433
1541976490.308643 1.511748 -1.351014 0.852448 -0.017655 -0.285756 0.783681 0.551249
1541976490.313653 1.512507 -1.351173 0.85272 -0.017434 -0.285083 0.784315 0.550704
1541976490.31866 1.513276 -1.351334 0.852893 -0.017666 -0.284826 0.784632 0.550377
1541976490.32366 1.514183 -1.351403 0.853135 -0.017733 -0.286821 0.78422 0.549926
1541976490.328657 1.515039 -1.351496 0.853326 -0.018136 -0.286955 0.784598 0.549303
1541976490.333651 1.515837 -1.351699 0.853571 -0.017998 -0.286863 0.784887 0.548942
1541976490.338639 1.516727 -1.351874 0.853753 -0.018521 -0.28804 0.784854 0.548355
1541976490.343631 1.517701 -1.352082 0.853937 -0.019777 -0.288079 0.78497 0.548126
1541976490.34862 1.518509 -1.352208 0.854099 -0.019389 -0.287222 0.785672 0.547583
1541976490.353604 1.519373 -1.352373 0.854333 -0.018605 -0.287372 0.7859 0.547204
1541976490.358589 1.520281 -1.352521 0.85455 -0.018686 -0.287978 0.786033 0.546691
1541976490.363577 1.521284 -1.352665 0.854609 -0.020392 -0.288498 0.785821 0.546661
1541976490.368567 1.522162 -1.352976 0.854773 -0.018432 -0.288388 0.786077 0.546421
1541976490.373562 1.523225 -1.353105 0.854839 -0.020233 -0.290162 0.785847 0.545748
1541976490.37856 1.524029 -1.353183 0.854946 -0.018898 -0.289819 0.786587 0.544912
1541976490.383564 1.524976 -1.353312 0.854958 -0.020145 -0.290514 0.786493 0.544632
1541976490.388574 1.52586 -1.353483 0.855074 -0.019279 -0.289925 0.786773 0.544574
1541976490.393587 1.526805 -1.353601 0.855227 -0.018964 -0.291623 0.786323 0.544327
1541976490.398602 1.527748 -1.35385 0.855322 -0.020202 -0.291646 0.786481 0.544042
1541976490.403617 1.528714 -1.354019 0.855382 -0.020558 -0.29247 0.786189 0.544009
1541976490.408628 1.52961 -1.354128 0.855381 -0.019837 -0.293079 0.786336 0.543495
1541976490.413637 1.530488 -1.354247 0.855497 -0.019327 -0.29372 0.786401 0.543072
1541976490.41864 1.531495 -1.354346 0.855465 -0.020033 -0.294709 0.786383 0.542537
1541976490.423642 1.532433 -1.354514 0.855496 -0.020825 -0.294265 0.786252 0.542939
1541976490.428641 1.533242 -1.354701 0.855613 -0.019347 -0.29446 0.786606 0.542374
1541976490.43364 1.534153 -1.354941 0.855635 -0.020046 -0.293764 0.786812 0.542428
1541976490.438637 1.535161 -1.354966 0.855596 -0.020135 -0.295227 0.786395 0.542235
1541976490.443632 1.536044 -1.355121 0.85565 -0.020423 -0.294524 0.786437 0.542546
1541976490.448628 1.53698 -1.355295 0.855649 -0.021411 -0.295128 0.786416 0.542209
1541976490.453624 1.537864 -1.35547 0.855643 -0.021386 -0.294399 0.786676 0.54223
1541976490.458621 1.538659 -1.355623 0.855639 -0.020941 -0.293964 0.787227 0.541683
1541976490.463617 1.53962 -1.355767 0.8556 -0.021123 -0.294802 0.787204 0.541254
1541976490.468619 1.540502 -1.355994 0.855599 -0.021638 -0.294323 0.787061 0.541702
1541976490.473619 1.541359 -1.35615 0.8556 -0.021977 -0.295056 0.786855 0.541588
1541976490.478618 1.542229 -1.356367 0.855574 -0.022075 -0.294399 0.787351 0.541221
1541976490.483606 1.543162 -1.356577 0.855479 -0.02398 -0.293204 0.78757 0.54147
1541976490.488593 1.544089 -1.356682 0.855387 -0.024075 -0.294665 0.78722 0.541182
1541976490.493577 1.544856 -1.356984 0.855381 -0.024304 -0.293253 0.78765 0.541313
1541976490.498561 1.545758 -1.357095 0.855369 -0.023884 -0.29525 0.787779 0.540057
1541976490.503552 1.546458 -1.357426 0.855301 -0.023451 -0.293189 0.788529 0.540103
1541976490.50856 1.547291 -1.357608 0.855269 -0.022912 -0.294134 0.788555 0.539575
1541976490.513562 1.54821 -1.357662 0.855219 -0.023801 -0.296345 0.788035 0.539086
1541976490.518569 1.549017 -1.35791 0.855245 -0.023161 -0.295778 0.788304 0.539033
1541976490.523579 1.549842 -1.358147 0.85523 -0.023215 -0.296778 0.788066 0.538828
1541976490.52859 1.55061 -1.358365 0.855232 -0.022955 -0.297579 0.788262 0.53811
1541976490.533602 1.551276 -1.358666 0.855211 -0.02241 -0.295967 0.788523 0.538639
1541976490.53862 1.552087 -1.358794 0.855101 -0.022638 -0.296231 0.788841 0.53802
1541976490.543636 1.552949 -1.358926 0.855084 -0.022498 -0.297944 0.788283 0.537897
1541976490.548638 1.553634 -1.359112 0.855049 -0.022607 -0.298056 0.788348 0.537736
1541976490.55363 1.554353 -1.359327 0.855044 -0.021674 -0.297741 0.788763 0.537339
1541976490.558611 1.555098 -1.359441 0.855065 -0.021624 -0.299421 0.788506 0.536784
1541976490.563589 1.555808 -1.359711 0.855031 -0.02145 -0.299086 0.788364 0.537187
1541976490.568572 1.556565 -1.359805 0.854976 -0.021796 -0.300401 0.78828 0.536562
1541976490.573565 1.557126 -1.359989 0.854883 -0.020929 -0.298201 0.789129 0.536576
1541976490.578567 1.557915 -1.360155 0.854864 -0.022337 -0.298868 0.789021 0.536306
1541976490.583569 1.558533 -1.360297 0.854853 -0.020975 -0.299089 0.789145 0.536056
1541976490.588577 1.559212 -1.360474 0.854888 -0.021161 -0.30005 0.789054 0.535646
1541976490.593597 1.559856 -1.360613 0.85493 -0.021363 -0.300007 0.78914 0.535534
1541976490.598615 1.560499 -1.360805 0.85489 -0.021689 -0.299698 0.789157 0.535669
1541976490.60363 1.561253 -1.360982 0.854866 -0.02264 -0.300434 0.789061 0.53536
1541976490.608647 1.56187 -1.361073 0.854825 -0.022243 -0.300249 0.789264 0.535181
1541976490.613657 1.562463 -1.361209 0.854943 -0.021186 -0.301672 0.789458 0.534137
1541976490.61866 1.5631 -1.361376 0.854895 -0.020575 -0.302094 0.789668 0.533611
1541976490.623659 1.563778 -1.361456 0.854851 -0.017992 -0.303771 0.790182 0.531989
1541976490.628654 1.564385 -1.361501 0.85486 -0.017219 -0.305856 0.789602 0.531681
1541976490.633642 1.564948 -1.361634 0.854845 -0.017527 -0.304969 0.790076 0.531475
1541976490.638635 1.565593 -1.361731 0.85489 -0.017986 -0.30593 0.789759 0.53138
1541976490.643626 1.566117 -1.361823 0.854932 -0.017448 -0.30607 0.78973 0.53136
1541976490.648614 1.566693 -1.361853 0.854985 -0.01782 -0.306149 0.790027 0.530859
1541976490.653603 1.567272 -1.361853 0.855001 -0.017058 -0.307359 0.789887 0.530394
1541976490.658583 1.567813 -1.361888 0.855071 -0.016054 -0.308184 0.789905 0.52992
1541976490.663567 1.568239 -1.361931 0.8552 -0.015443 -0.306923 0.790163 0.530285
1541976490.668559 1.568852 -1.361918 0.855283 -0.01602 -0.307972 0.789851 0.530125
1541976490.673553 1.569444 -1.361836 0.855307 -0.016502 -0.309162 0.789528 0.529898
1541976490.678554 1.569908 -1.361899 0.855381 -0.017164 -0.307695 0.789761 0.530383
1541976490.683555 1.570353 -1.361866 0.855487 -0.014794 -0.307352 0.790063 0.530204
1541976490.688563 1.570926 -1.361771 0.855524 -0.015797 -0.308453 0.789853 0.529848
1541976490.693576 1.571401 -1.361766 0.855631 -0.015621 -0.308024 0.789875 0.53007
1541976490.698583 1.571862 -1.361712 0.855713 -0.016018 -0.307498 0.790278 0.529763
1541976490.703581 1.572434 -1.361612 0.85578 -0.015853 -0.30838 0.790185 0.529395
1541976490.708573 1.572865 -1.361564 0.855932 -0.014934 -0.308839 0.790158 0.529194
1541976490.713569 1.573359 -1.361538 0.856106 -0.015517 -0.309571 0.789872 0.529177
1541976490.718575 1.573786 -1.361469 0.856188 -0.015456 -0.30879 0.789972 0.529486
1541976490.723587 1.574242 -1.361375 0.856373 -0.015099 -0.308524 0.79003 0.529563
1541976490.728599 1.574712 -1.361275 0.856512 -0.014506 -0.309436 0.789923 0.529208
1541976490.733616 1.575137 -1.361246 0.856722 -0.01418 -0.309719 0.790059 0.528848
1541976490.738626 1.575565 -1.361171 0.856887 -0.014356 -0.309775 0.789778 0.52923
1541976490.743631 1.575988 -1.361078 0.857053 -0.013036 -0.30976 0.790031 0.528895
1541976490.748626 1.576377 -1.360988 0.857227 -0.01299 -0.309534 0.79006 0.528986
1541976490.75361 1.576821 -1.360834 0.857368 -0.012726 -0.310108 0.790522 0.527963
1541976490.758586 1.577317 -1.360762 0.857556 -0.012394 -0.312045 0.789926 0.527722
1541976490.763567 1.577596 -1.360747 0.857813 -0.011964 -0.310151 0.790019 0.528709
1541976490.768551 1.577884 -1.360703 0.858079 -0.010735 -0.31024 0.790022 0.528678
1541976490.773535 1.57825 -1.360615 0.85827 -0.01001 -0.31058 0.790195 0.528235
1541976490.778526 1.57861 -1.360508 0.858513 -0.009532 -0.310885 0.790555 0.527524
1541976490.783528 1.579026 -1.360346 0.858719 -0.009068 -0.312508 0.790083 0.527282
1541976490.788539 1.579429 -1.360272 0.858919 -0.009764 -0.312778 0.789414 0.52811
1541976490.793547 1.579732 -1.360147 0.859012 -0.009394 -0.311986 0.790176 0.527446
1541976490.798551 1.579985 -1.360033 0.859245 -0.009244 -0.310659 0.790781 0.527324
1541976490.803552 1.580297 -1.359883 0.859539 -0.008429 -0.31232 0.790145 0.527311
1541976490.808554 1.580612 -1.359815 0.85983 -0.008215 -0.312932 0.789767 0.527517
1541976490.813562 1.580867 -1.359658 0.860077 -0.008276 -0.312349 0.78995 0.527588
1541976490.818571 1.58117 -1.359449 0.860246 -0.008924 -0.311856 0.790386 0.527216
1541976490.823581 1.581496 -1.359306 0.860426 -0.008653 -0.312269 0.790454 0.526874
1541976490.828595 1.581681 -1.359219 0.860686 -0.008202 -0.311874 0.79048 0.527076
1541976490.833597 1.581876 -1.359135 0.86092 -0.008133 -0.312371 0.789711 0.527935
1541976490.838599 1.58201 -1.359071 0.861157 -0.006911 -0.311773 0.789957 0.527937
1541976490.8436 1.582128 -1.359006 0.861471 -0.005837 -0.311221 0.790002 0.528209
1541976490.848591 1.582336 -1.358843 0.861772 -0.005502 -0.311921 0.789875 0.52799
1541976490.853574 1.582479 -1.358741 0.862043 -0.004884 -0.311316 0.790074 0.528054
1541976490.858552 1.582814 -1.358582 0.862239 -0.005965 -0.313484 0.789671 0.527363
1541976490.863533 1.582973 -1.358485 0.862452 -0.006131 -0.31354 0.789477 0.527619
1541976490.868519 1.583116 -1.358357 0.862664 -0.006017 -0.314083 0.789267 0.527611
1541976490.873515 1.583197 -1.358254 0.862949 -0.006229 -0.313271 0.789346 0.527974
1541976490.87852 1.583282 -1.358146 0.863212 -0.005815 -0.312974 0.789454 0.527993
1541976490.883534 1.5834 -1.358053 0.863498 -0.005284 -0.313008 0.78959 0.527774
1541976490.888553 1.583542 -1.357929 0.863733 -0.005184 -0.313385 0.789476 0.527723
1541976490.893582 1.583635 -1.357809 0.864085 -0.00454 -0.314159 0.789364 0.527435
1541976490.898601 1.583623 -1.357739 0.864403 -0.004289 -0.313279 0.789288 0.528074
1541976490.903611 1.583651 -1.357695 0.864678 -0.004507 -0.312973 0.78904 0.528624
1541976490.908611 1.583604 -1.357578 0.864927 -0.003896 -0.311644 0.789535 0.528676
1541976490.913607 1.583634 -1.357462 0.865195 -0.003282 -0.3112 0.789921 0.528365
1541976490.918601 1.583706 -1.357303 0.865529 -0.003396 -0.312005 0.789868 0.527968
1541976490.923595 1.583703 -1.357275 0.865886 -0.002953 -0.311293 0.789857 0.528407
1541976490.928594 1.583746 -1.357114 0.866195 -0.002586 -0.312772 0.789335 0.528315
1541976490.933583 1.58367 -1.35712 0.866494 -0.002478 -0.310379 0.790105 0.528576
1541976490.938578 1.583637 -1.356952 0.866848 -0.001678 -0.310238 0.790051 0.528743
1541976490.943566 1.583701 -1.356784 0.867188 -0.002338 -0.311226 0.789519 0.528954
1541976490.94855 1.583677 -1.356686 0.867442 -0.003171 -0.30993 0.789724 0.529405
1541976490.953531 1.583587 -1.356564 0.867734 -0.003064 -0.308641 0.790065 0.529649
1541976490.958521 1.583498 -1.356469 0.868123 -0.002903 -0.307246 0.790249 0.530187
1541976490.963521 1.583442 -1.356335 0.86856 -0.001869 -0.30777 0.789607 0.530843
1541976490.968529 1.583389 -1.356165 0.868949 -0.002071 -0.30776 0.789528 0.530966
1541976490.973546 1.583394 -1.356041 0.86929 -0.002829 -0.308126 0.789393 0.530951
1541976490.978568 1.583306 -1.35586 0.8697 -0.001627 -0.308442 0.789186 0.53108
1541976490.983591 1.583307 -1.355685 0.870068 -0.002676 -0.309395 0.788669 0.531289
1541976490.988616 1.583244 -1.355544 0.87038 -0.002988 -0.30867 0.788898 0.53137
1541976490.993639 1.583194 -1.355413 0.870705 -0.003265 -0.30787 0.788952 0.531751
1541976490.998658 1.583134 -1.355275 0.871205 -0.002841 -0.307915 0.788673 0.532142
1541976491.003668 1.583107 -1.355051 0.871588 -0.002248 -0.308893 0.788388 0.532001
1541976491.008678 1.582996 -1.35493 0.871951 -0.00163 -0.308266 0.78873 0.53186
1541976491.013687 1.582934 -1.354822 0.872367 -0.001697 -0.308123 0.788675 0.532024
1541976491.018689 1.582848 -1.354656 0.872783 -0.000849 -0.308062 0.788645 0.532105
1541976491.02368 1.582777 -1.35453 0.873126 -0.001031 -0.307817 0.788787 0.532037
1541976491.028664 1.582678 -1.354396 0.873492 -0.000437 -0.307083 0.78877 0.532486
1541976491.03365 1.582568 -1.354319 0.873924 0.00024 -0.306451 0.789027 0.53247
1541976491.038635 1.582464 -1.35419 0.874333 0.000233 -0.306379 0.789027 0.532512
1541976491.043616 1.582441 -1.354048 0.874698 -0.000395 -0.307305 0.788562 0.532666
1541976491.048601 1.58227 -1.3539 0.875062 0.000912 -0.306553 0.788913 0.53258
1541976491.053589 1.582177 -1.35385 0.87547 0.001133 -0.305242 0.789243 0.532843
1541976491.058577 1.582208 -1.353672 0.875795 0.000136 -0.307108 0.788363 0.533074
1541976491.063567 1.58208 -1.353556 0.876126 0.000511 -0.305968 0.788869 0.532981
1541976491.068564 1.582002 -1.353441 0.876489 0.000587 -0.306119 0.788679 0.533176
1541976491.073569 1.581903 -1.353404 0.876867 0.000864 -0.305529 0.78867 0.533526
1541976491.078582 1.581808 -1.353242 0.877203 0.001211 -0.305751 0.7888 0.533206
1541976491.083593 1.581837 -1.353109 0.877502 -0.000161 -0.307432 0.788423 0.532799
1541976491.088608 1.581832 -1.3529 0.877815 -0.000669 -0.30933 0.788124 0.532142
1541976491.093622 1.581718 -1.352772 0.878161 0.000258 -0.310214 0.787685 0.532278
1541976491.098635 1.581584 -1.35273 0.878518 0.000313 -0.309524 0.787975 0.53225
1541976491.103644 1.581503 -1.352619 0.878748 -0.000434 -0.309444 0.788004 0.532253
1541976491.108645 1.581318 -1.35255 0.879037 0.000878 -0.308688 0.787959 0.532758
1541976491.113644 1.581169 -1.352397 0.87926 0.001263 -0.308187 0.787995 0.532994
1541976491.118636 1.581069 -1.352266 0.879543 0.00119 -0.308158 0.788197 0.532713
1541976491.123626 1.580957 -1.35218 0.879815 0.001348 -0.307742 0.788127 0.533056
1541976491.128613 1.580854 -1.352153 0.880035 0.000613 -0.306735 0.788151 0.533602
1541976491.1336 1.580677 -1.352036 0.880325 0.001851 -0.306554 0.787929 0.534031
1541976491.138595 1.580613 -1.35196 0.88054 0.001459 -0.306784 0.787727 0.534198
1541976491.143594 1.580502 -1.351882 0.880745 0.001346 -0.306724 0.787737 0.534218
1541976491.148596 1.580446 -1.351815 0.880968 0.00098 -0.307354 0.78745 0.534281
1541976491.153598 1.580301 -1.351789 0.881268 0.001537 -0.306873 0.787524 0.534446
1541976491.1586 1.580284 -1.351752 0.881545 0.00055 -0.307161 0.787823 0.533842
1541976491.163607 1.580082 -1.351745 0.881835 0.001791 -0.305578 0.78819 0.534205
1541976491.168607 1.579988 -1.351677 0.882083 0.002227 -0.305871 0.788305 0.533866
1541976491.173606 1.57995 -1.351583 0.882361 0.001606 -0.306998 0.788048 0.5336
1541976491.178612 1.57982 -1.351589 0.882586 0.001858 -0.305657 0.788263 0.534052
1541976491.183618 1.579723 -1.351586 0.882863 0.001796 -0.305414 0.788467 0.53389
1541976491.188617 1.579614 -1.351566 0.883109 0.002528 -0.30528 0.78837 0.534108
1541976491.193613 1.579504 -1.351489 0.883336 0.003063 -0.304845 0.788387 0.534327
1541976491.19861 1.579463 -1.35149 0.883584 0.002291 -0.304583 0.78826 0.534667
1541976491.203603 1.579355 -1.351423 0.883787 0.002349 -0.304533 0.788315 0.534615
1541976491.208594 1.579217 -1.351369 0.883969 0.003357 -0.304033 0.78844 0.53471
1541976491.213588 1.579147 -1.351316 0.884139 0.003062 -0.303543 0.788436 0.534996
1541976491.218585 1.579044 -1.351276 0.884301 0.003426 -0.302526 0.788536 0.535423
1541976491.223585 1.578965 -1.351234 0.884498 0.003384 -0.301994 0.788692 0.535493
1541976491.228594 1.578861 -1.351162 0.884672 0.004082 -0.301679 0.788764 0.535559
1541976491.2336 1.578817 -1.351017 0.884836 0.004025 -0.301932 0.788702 0.53551
1541976491.238604 1.578784 -1.350905 0.885023 0.003731 -0.302355 0.788409 0.535705
1541976491.243605 1.57881 -1.350821 0.885182 0.00295 -0.30285 0.787871 0.53622
