1541976487281394.0 -0.0 -0.0 -0.0 -0.0 -0.0 1.0 -0.0
1541976487319053.0 -0.22496814 -0.17827995 -0.038580988 0.012593707 0.009701857 0.9998728 0.001326465
1541976487357078.0 -0.23003569 -0.1860896 -0.0426636 0.017280016 0.010914169 0.999757 0.008265469
1541976487395299.0 -0.23833479 -0.17950107 -0.067259654 0.021137156 0.0122656105 0.99961185 0.013377747
1541976487433468.0 -0.23833479 -0.17950107 -0.067259654 0.021137156 0.0122656105 0.99961185 0.013377747
1541976487471305.0 -0.26840153 -0.17249945 -0.15037152 0.030481486 0.01358508 0.99935466 0.013290098
1541976487508613.0 -0.27375886 -0.17130323 -0.15337105 0.03841132 0.016587462 0.99899715 0.015946316
1541976487545374.0 -0.27375886 -0.17130323 -0.15337105 0.03841132 0.016587462 0.99899715 0.015946316
1541976487581677.0 -0.2967246 -0.09456357 -0.3460126 0.057939366 0.017968746 0.99811614 0.009185896
1541976487617607.0 -0.2967246 -0.09456357 -0.3460126 0.057939366 0.017968746 0.99811614 0.009185896
1541976487653273.0 -0.32839563 -0.0837287 -0.3752151 0.07892401 0.03562379 0.9962385 0.0032900628
1541976487688864.0 -0.36169678 -0.061861757 -0.42014617 0.0906096 0.045178685 0.99486125 -0.0002693548
1541976487724557.0 -0.4301713 0.04689175 -0.54126835 0.09819666 0.057647962 0.99349433 -0.0018070773
1541976487760434.0 -0.43361184 0.051771924 -0.5468977 0.10680268 0.071075045 0.99172956 -0.0037526784
1541976487796502.0 -0.4326041 0.049539413 -0.54633313 0.11252121 0.08098401 0.99034107 -0.0022848735
1541976487832734.0 -0.43411845 0.04869797 -0.5462813 0.11871763 0.08732392 0.9890807 -0.00025780682
1541976487869067.0 -0.44142342 0.050836064 -0.55631477 0.12087423 0.0943469 0.98816484 0.004287683
1541976487905376.0 -0.4678199 0.058847725 -0.591815 0.121509 0.09828383 0.9876436 0.011664244
1541976487941500.0 -0.48595187 0.06537678 -0.6156067 0.11717424 0.09685253 0.988201 0.01867335
1541976487977321.0 -0.51706845 0.058895864 -0.63515854 0.115165174 0.101615734 0.9879208 0.020585971
1541976488012768.0 -0.5661777 0.065906726 -0.68232876 0.10973581 0.10603999 0.98796076 0.025439773
1541976488047852.0 -0.56419855 0.077589214 -0.6904688 0.10218441 0.10731933 0.9884066 0.033064313
1541976488082661.0 -0.56185055 0.07967883 -0.6881049 0.09650633 0.1074409 0.9888125 0.03732025
1541976488117302.0 -0.622013 0.09137617 -0.74827176 0.088889465 0.10717167 0.9894492 0.040039543
1541976488151827.0 -1.0030668 0.106883004 -1.0387661 0.090840116 0.11280336 0.9888408 0.034890935
1541976488186252.0 -1.0653247 0.13865028 -1.0752667 0.087934084 0.11635993 0.98866487 0.035635587
1541976488220620.0 -1.1219854 0.13863969 -1.0920628 0.08828499 0.121065475 0.9880445 0.036290877
1541976488255012.0 -1.106616 0.11475747 -1.080517 0.088991284 0.13125941 0.9866424 0.03726021
1541976488289561.0 -1.1136413 0.10489568 -1.0785944 0.09483332 0.14585857 0.9839714 0.03914402
1541976488324368.0 -1.2136276 0.088244036 -1.1051543 0.1021212 0.161654 0.9808277 0.037634782
1541976488359371.0 -1.2652489 0.17637694 -1.3004166 0.103865966 0.1697944 0.979326 0.036087282
1541976488394403.0 -1.2958329 0.16538078 -1.3165047 0.113973305 0.18167232 0.97606575 0.03606888
1541976488429320.0 -1.3328145 0.15437382 -1.3402681 0.124385566 0.20455234 0.97010833 0.03970497
1541976488464017.0 -1.3785026 0.12478769 -1.5400573 0.128841 0.22907096 0.9639668 0.041165
1541976488498392.0 -1.4101204 0.11327201 -1.55502 0.13427253 0.24150136 0.95997953 0.04568774
1541976488532340.0 -1.4371377 0.09791498 -1.559742 0.13947745 0.24534862 0.9581414 0.048117816
1541976488565806.0 -1.460082 0.078945085 -1.5565282 0.1432058 0.25258964 0.9556251 0.049711827
1541976488598800.0 -1.4983386 0.059285715 -1.5681098 0.14063045 0.25978714 0.95402056 0.050779283
1541976488631347.0 -1.5200429 0.04204841 -1.5613015 0.1358878 0.2639334 0.9535572 0.051013164
1541976488663508.0 -1.4958436 0.04283069 -1.5377179 0.13266668 0.26316807 0.95415527 0.052249677
1541976488695378.0 -1.588905 -0.39278102 -1.4643517 0.13763611 0.26667073 0.95277506 0.04650607
1541976488727067.0 -1.5816578 -0.4036289 -1.4477222 0.13537697 0.26153225 0.95437527 0.049414467
1541976488758647.0 -1.5701872 -0.4178885 -1.4278941 0.13533123 0.25224456 0.95700306 0.046939407
1541976488790108.0 -1.5544821 -0.42816722 -1.4119453 0.13872777 0.2487137 0.95754135 0.044841513
1541976488821388.0 -1.5325779 -0.43626094 -1.3930221 0.1402579 0.25007623 0.9570122 0.043786738
1541976488852453.0 -1.473485 -0.46118262 -1.3402954 0.14249708 0.25441498 0.95540166 0.04663999
1541976488883306.0 -1.0648022 -0.85497504 -0.97833985 0.14764754 0.25360772 0.9550013 0.04308058
1541976488913956.0 -0.96801364 -0.9136806 -0.9312077 0.15238212 0.2504605 0.9552641 0.038984988
1541976488944391.0 -0.8286177 -0.98522854 -0.86247045 0.15531205 0.2508824 0.9548037 0.03586348
1541976488974585.0 -0.69803977 -1.046137 -0.73274535 0.16036075 0.25228393 0.9537425 0.03182028
1541976489004494.0 -0.61250585 -1.057169 -0.6696035 0.1642513 0.25491324 0.95251614 0.02745786
1541976489034117.0 -0.44155332 -1.1150154 -0.51110125 0.16805722 0.26036853 0.9505618 0.019933948
1541976489063483.0 -0.35303965 -1.121759 -0.4248583 0.17125587 0.26592168 0.948606 0.010185392
1541976489092630.0 -0.249167 -1.1334691 -0.33225945 0.17490803 0.27279732 0.9460306 0.0038577262
1541976489121623.0 -0.14376079 -1.1452422 -0.23931336 0.1786654 0.28024554 0.9431549 0.00025991327
1541976489150557.0 -0.07871854 -1.1515625 -0.17138661 0.18187052 0.28582525 0.940864 -0.0014104062
1541976489179511.0 0.025412388 -1.1608517 -0.08492248 0.1846006 0.28836694 0.93954086 -0.005487592
1541976489208519.0 0.111502215 -1.1743652 0.008048229 0.18512549 0.29168248 0.93838066 -0.009574798
1541976489237567.0 0.2063658 -1.1797612 0.09959766 0.18540768 0.29506838 0.9372158 -0.013610104
1541976489266606.0 0.29139757 -1.1785723 0.17799795 0.18695422 0.297623 0.9360475 -0.016848292
1541976489295598.0 0.39383733 -1.1817728 0.27502376 0.18782735 0.29927397 0.9352894 -0.019745985
1541976489324536.0 0.4972275 -1.1705539 0.36718082 0.18841076 0.30047235 0.9347308 -0.022275412
1541976489353420.0 0.62665284 -1.1588402 0.4721362 0.1911076 0.3009095 0.9339646 -0.025326205
1541976489382254.0 0.75561184 -1.1462135 0.5609225 0.19397189 0.30185157 0.9330538 -0.025907507
1541976489411041.0 0.89673316 -1.1167376 0.6510793 0.19524097 0.3023045 0.93263197 -0.02627893
1541976489439776.0 1.0337169 -1.0915748 0.74282706 0.19705799 0.30117095 0.932519 -0.029538533
1541976489468451.0 1.1776091 -1.0571756 0.83455455 0.19862767 0.29964083 0.9325399 -0.03364423
1541976489497079.0 1.3260472 -1.015653 0.93161905 0.20031293 0.3013479 0.93157965 -0.03498053
1541976489525679.0 1.4759681 -0.96558315 1.0097921 0.20212074 0.3032308 0.93051964 -0.03648964
1541976489554256.0 1.618797 -0.91460216 1.071508 0.2033193 0.3059869 0.9292597 -0.03885533
1541976489582802.0 1.7654792 -0.860856 1.1338109 0.20517068 0.30983645 0.9274909 -0.040830094
1541976489611344.0 1.9229519 -0.8013529 1.177388 0.20738803 0.3107034 0.92653394 -0.04459151
1541976489639952.0 2.076119 -0.750331 1.2192718 0.20918377 0.3121044 0.9255879 -0.046044525
1541976489668701.0 2.2127209 -0.7038207 1.2424898 0.20919931 0.31728962 0.92387146 -0.044994265
1541976489697617.0 2.3469856 -0.65404826 1.2843858 0.20966345 0.32109255 0.9224634 -0.044744395
1541976489726660.0 2.4852748 -0.6164124 1.3305286 0.20897903 0.32427847 0.9215764 -0.0432227
1541976489755778.0 2.6110058 -0.59344006 1.3412215 0.20887849 0.32385248 0.92182773 -0.041508943
1541976489784952.0 2.75296 -0.59176856 1.380355 0.20804383 0.32139212 0.9229187 -0.040571272
1541976489814193.0 2.855399 -0.59985924 1.4043748 0.20656185 0.31832963 0.92435116 -0.03966675
1541976489843509.0 2.970589 -0.62205505 1.4337821 0.20497586 0.31334674 0.9264716 -0.038068082
1541976489872892.0 3.0991795 -0.6462362 1.4644275 0.20383486 0.30820066 0.92854404 -0.03563204
1541976489902328.0 3.2086508 -0.67140526 1.4711024 0.20146833 0.30358478 0.9306304 -0.034263376
1541976489931785.0 3.2958424 -0.69306844 1.5048882 0.20065267 0.2995228 0.9321282 -0.034084093
1541976489961235.0 3.38371 -0.7134678 1.5223811 0.200162 0.2962926 0.93325114 -0.03447016
1541976489990664.0 3.4612343 -0.75210196 1.561825 0.20097472 0.2948682 0.93356454 -0.033454087
1541976490020058.0 3.533481 -0.77990323 1.5651383 0.20003623 0.29364493 0.9341808 -0.032627307
1541976490049421.0 3.5783615 -0.79774415 1.5791786 0.19985233 0.29181817 0.93480426 -0.032284465
1541976490078748.0 3.619238 -0.8121859 1.5933671 0.19995092 0.29096654 0.93504274 -0.03245291
1541976490108038.0 3.660911 -0.8132767 1.6028183 0.19960229 0.29087463 0.93521076 -0.030523477
1541976490137299.0 3.6892052 -0.8326371 1.5925033 0.19915994 0.29179463 0.93504864 -0.029586378
1541976490166534.0 3.71182 -0.84807897 1.5726101 0.19820786 0.29157838 0.9353358 -0.029029619
1541976490195749.0 3.712397 -0.8621017 1.5515854 0.19732524 0.2913525 0.9356195 -0.028154898
1541976490224950.0 3.7012315 -0.8846264 1.5124457 0.19642997 0.28990826 0.93625396 -0.028233705
1541976490254138.0 3.6753569 -0.9085296 1.4890797 0.19577453 0.28817028 0.93693435 -0.028005505
1541976490283317.0 3.6371174 -0.9481182 1.4408233 0.19535097 0.286365 0.937421 -0.032786228
1541976490312478.0 3.5839474 -0.952854 1.4288626 0.19375724 0.28727394 0.93749195 -0.03226076
1541976490341608.0 3.510322 -0.9667332 1.4110687 0.19254807 0.2864774 0.93793774 -0.03359843
1541976490370703.0 3.4352036 -0.9769299 1.3910671 0.19023222 0.2860361 0.93853855 -0.033771407
1541976490399781.0 3.3648982 -1.0243168 1.3637615 0.18937108 0.2857736 0.9386222 -0.038217295
1541976490428859.0 3.29288 -1.0463068 1.3427105 0.18884729 0.28493467 0.93885565 -0.04121953
1541976490457952.0 3.2193115 -1.062238 1.3309114 0.18760295 0.28650835 0.938667 -0.040280655
1541976490487068.0 3.1480448 -1.0644335 1.3069813 0.18597512 0.28701815 0.93884575 -0.04003255
1541976490516202.0 3.075983 -1.0660564 1.2991992 0.18563072 0.2853874 0.93938696 -0.040588547
1541976490545352.0 3.0132346 -1.0871692 1.2959765 0.18512522 0.28422076 0.9397624 -0.042354483
1541976490574515.0 2.9475935 -1.0872465 1.2882786 0.18440793 0.28350312 0.94011164 -0.042542078
1541976490603686.0 2.878752 -1.0972489 1.2612174 0.18364893 0.28202564 0.94063145 -0.044127636
1541976490632860.0 2.8468575 -1.1038332 1.285646 0.18354902 0.2799687 0.9412561 -0.044319134
1541976490662047.0 2.7943585 -1.1114441 1.2763225 0.1832791 0.2785865 0.9416547 -0.04566012
1541976490691263.0 2.7600803 -1.118263 1.2624345 0.18412215 0.27658212 0.9420258 -0.04678528
1541976490720511.0 2.7282689 -1.1412737 1.2439675 0.1845598 0.27690336 0.9417322 -0.049016487
1541976490749780.0 2.7111049 -1.1155944 1.2118042 0.18317734 0.27447793 0.9427752 -0.047780246
1541976490779062.0 2.6992533 -1.1197491 1.1832956 0.18335703 0.27163446 0.9434467 -0.050033834
1541976490808356.0 2.6856592 -1.1339201 1.1330397 0.18337029 0.2719485 0.94332916 -0.050492425
1541976490837662.0 2.7094488 -1.1059263 1.1347599 0.18273671 0.27135175 0.94378036 -0.047477834
1541976490866977.0 2.7173536 -1.1355946 1.1357126 0.18360366 0.27112445 0.9436061 -0.048876252
1541976490896295.0 2.7471437 -1.1470132 1.1726002 0.18514153 0.2712016 0.9433768 -0.04703882
1541976490925614.0 2.7802403 -1.1686841 1.1868033 0.18654816 0.27076945 0.9432351 -0.046812102
1541976490954927.0 2.7815576 -1.168912 1.0448029 0.1841507 0.26796848 0.9443956 -0.0489747
1541976490984232.0 2.831831 -1.1668439 1.0325165 0.1839138 0.26733077 0.9446788 -0.047874674
1541976491013521.0 2.8616035 -1.1636695 0.9683745 0.18370695 0.26518372 0.9452946 -0.048451256
1541976491042792.0 2.8551116 -1.213357 0.9703951 0.18759114 0.26512724 0.94451714 -0.04903603
1541976491072049.0 2.8842258 -1.2275164 0.9449655 0.18804199 0.26507255 0.9445233 -0.047461744
1541976491101295.0 2.900717 -1.2250683 0.92069435 0.18838644 0.26431578 0.9446984 -0.046825968
1541976491130520.0 2.9295962 -1.2325628 0.91216713 0.18890011 0.26443425 0.9445644 -0.046791837
1541976491159718.0 2.9393258 -1.2462769 0.89469707 0.18990979 0.26415494 0.9444547 -0.04649515
1541976491188884.0 2.9427192 -1.2605828 0.8604266 0.1905817 0.26428783 0.94432503 -0.045616116
1541976491218022.0 2.9450717 -1.2722468 0.82490945 0.19125296 0.26459506 0.9440922 -0.045843758
